WI: WI, Lifetables (period 1x10), Males Last modified: February 4 2025, MPv5 (May07) 

Year     	Age	mx	qx	ax	lx	dx	Lx	Tx	ex
1941-1949	0	0.03655	0.03544	0.14	100000	3544	96963	6645159	66.45
1941-1949	1	0.00268	0.00268	0.5	96456	258	96327	6548196	67.89
1941-1949	2	0.00160	0.00160	0.5	96198	154	96121	6451869	67.07
1941-1949	3	0.00146	0.00146	0.5	96044	140	95973	6355748	66.18
1941-1949	4	0.00105	0.00105	0.5	95903	100	95853	6259775	65.27
1941-1949	5	0.00093	0.00093	0.5	95803	89	95758	6163922	64.34
1941-1949	6	0.00093	0.00093	0.5	95714	89	95670	6068163	63.40
1941-1949	7	0.00092	0.00092	0.5	95625	88	95581	5972494	62.46
1941-1949	8	0.00090	0.00090	0.5	95537	86	95494	5876913	61.51
1941-1949	9	0.00085	0.00085	0.5	95451	81	95410	5781419	60.57
1941-1949	10	0.00080	0.00080	0.5	95369	76	95331	5686009	59.62
1941-1949	11	0.00079	0.00079	0.5	95293	75	95256	5590677	58.67
1941-1949	12	0.00083	0.00083	0.5	95218	79	95179	5495422	57.71
1941-1949	13	0.00092	0.00092	0.5	95139	87	95096	5400243	56.76
1941-1949	14	0.00106	0.00106	0.5	95052	100	95002	5305147	55.81
1941-1949	15	0.00123	0.00123	0.5	94952	117	94893	5210145	54.87
1941-1949	16	0.00139	0.00139	0.5	94835	132	94769	5115252	53.94
1941-1949	17	0.00151	0.00151	0.5	94703	143	94632	5020483	53.01
1941-1949	18	0.00159	0.00159	0.5	94560	150	94485	4925851	52.09
1941-1949	19	0.00164	0.00163	0.5	94410	154	94333	4831366	51.17
1941-1949	20	0.00165	0.00165	0.5	94256	156	94178	4737033	50.26
1941-1949	21	0.00167	0.00167	0.5	94100	157	94022	4642855	49.34
1941-1949	22	0.00168	0.00167	0.5	93943	157	93864	4548833	48.42
1941-1949	23	0.00167	0.00167	0.5	93786	157	93707	4454969	47.50
1941-1949	24	0.00166	0.00166	0.5	93629	155	93551	4361262	46.58
1941-1949	25	0.00164	0.00164	0.5	93474	153	93397	4267710	45.66
1941-1949	26	0.00164	0.00164	0.5	93320	153	93244	4174313	44.73
1941-1949	27	0.00166	0.00166	0.5	93168	154	93090	4081069	43.80
1941-1949	28	0.00170	0.00170	0.5	93013	158	92934	3987979	42.88
1941-1949	29	0.00177	0.00177	0.5	92855	164	92773	3895045	41.95
1941-1949	30	0.00186	0.00186	0.5	92691	172	92604	3802272	41.02
1941-1949	31	0.00196	0.00196	0.5	92518	182	92427	3709667	40.10
1941-1949	32	0.00208	0.00208	0.5	92337	192	92241	3617240	39.17
1941-1949	33	0.00221	0.00221	0.5	92145	204	92043	3524999	38.26
1941-1949	34	0.00236	0.00236	0.5	91941	217	91832	3432957	37.34
1941-1949	35	0.00254	0.00253	0.5	91724	232	91608	3341124	36.43
1941-1949	36	0.00273	0.00272	0.5	91491	249	91367	3249517	35.52
1941-1949	37	0.00295	0.00294	0.5	91242	269	91108	3158150	34.61
1941-1949	38	0.00320	0.00320	0.5	90973	291	90828	3067043	33.71
1941-1949	39	0.00348	0.00347	0.5	90683	315	90525	2976215	32.82
1941-1949	40	0.00377	0.00377	0.5	90368	340	90197	2885689	31.93
1941-1949	41	0.00408	0.00408	0.5	90027	367	89844	2795492	31.05
1941-1949	42	0.00448	0.00447	0.5	89660	401	89460	2705648	30.18
1941-1949	43	0.00492	0.00491	0.5	89260	438	89041	2616188	29.31
1941-1949	44	0.00537	0.00536	0.5	88821	476	88583	2527148	28.45
1941-1949	45	0.00588	0.00587	0.5	88345	518	88086	2438564	27.60
1941-1949	46	0.00643	0.00641	0.5	87827	563	87546	2350478	26.76
1941-1949	47	0.00700	0.00698	0.5	87264	609	86960	2262932	25.93
1941-1949	48	0.00762	0.00760	0.5	86656	658	86327	2175972	25.11
1941-1949	49	0.00833	0.00830	0.5	85997	714	85641	2089646	24.30
1941-1949	50	0.00912	0.00908	0.5	85284	774	84897	2004005	23.50
1941-1949	51	0.00988	0.00984	0.5	84510	831	84094	1919108	22.71
1941-1949	52	0.01076	0.01070	0.5	83679	895	83231	1835014	21.93
1941-1949	53	0.01176	0.01169	0.5	82783	968	82299	1751783	21.16
1941-1949	54	0.01285	0.01277	0.5	81815	1045	81293	1669483	20.41
1941-1949	55	0.01406	0.01396	0.5	80770	1128	80206	1588191	19.66
1941-1949	56	0.01533	0.01521	0.5	79642	1212	79037	1507984	18.93
1941-1949	57	0.01674	0.01661	0.5	78431	1302	77780	1428948	18.22
1941-1949	58	0.01825	0.01809	0.5	77128	1395	76431	1351168	17.52
1941-1949	59	0.01984	0.01964	0.5	75733	1488	74989	1274737	16.83
1941-1949	60	0.02156	0.02133	0.5	74246	1583	73454	1199748	16.16
1941-1949	61	0.02332	0.02305	0.5	72662	1675	71825	1126294	15.50
1941-1949	62	0.02532	0.02500	0.5	70987	1775	70100	1054469	14.85
1941-1949	63	0.02747	0.02709	0.5	69213	1875	68275	984369	14.22
1941-1949	64	0.02967	0.02924	0.5	67337	1969	66353	916094	13.60
1941-1949	65	0.03214	0.03163	0.5	65369	2068	64335	849741	13.00
1941-1949	66	0.03468	0.03409	0.5	63301	2158	62222	785407	12.41
1941-1949	67	0.03748	0.03679	0.5	61143	2250	60018	723185	11.83
1941-1949	68	0.04066	0.03985	0.5	58893	2347	57720	663166	11.26
1941-1949	69	0.04407	0.04312	0.5	56547	2438	55328	605446	10.71
1941-1949	70	0.04792	0.04680	0.5	54108	2532	52842	550119	10.17
1941-1949	71	0.05185	0.05054	0.5	51576	2607	50273	497276	9.64
1941-1949	72	0.05661	0.05505	0.5	48969	2696	47622	447004	9.13
1941-1949	73	0.06231	0.06042	0.5	46274	2796	44876	399382	8.63
1941-1949	74	0.06839	0.06613	0.5	43478	2875	42040	354506	8.15
1941-1949	75	0.07540	0.07266	0.5	40602	2950	39127	312466	7.70
1941-1949	76	0.08261	0.07934	0.5	37652	2987	36159	273339	7.26
1941-1949	77	0.08999	0.08612	0.5	34665	2985	33173	237180	6.84
1941-1949	78	0.09855	0.09392	0.5	31680	2975	30192	204008	6.44
1941-1949	79	0.10818	0.10263	0.5	28705	2946	27232	173816	6.06
1941-1949	80	0.11955	0.11281	0.5	25759	2906	24306	146584	5.69
1941-1949	81	0.13183	0.12368	0.5	22853	2826	21440	122278	5.35
1941-1949	82	0.14486	0.13507	0.5	20026	2705	18674	100839	5.04
1941-1949	83	0.15849	0.14685	0.5	17321	2544	16050	82165	4.74
1941-1949	84	0.17189	0.15829	0.5	14778	2339	13608	66115	4.47
1941-1949	85	0.18442	0.16885	0.5	12439	2100	11388	52507	4.22
1941-1949	86	0.19799	0.18016	0.5	10338	1863	9407	41119	3.98
1941-1949	87	0.21365	0.19303	0.5	8476	1636	7658	31712	3.74
1941-1949	88	0.23120	0.20724	0.5	6840	1417	6131	24054	3.52
1941-1949	89	0.24999	0.22222	0.5	5422	1205	4820	17923	3.31
1941-1949	90	0.27340	0.24052	0.5	4217	1014	3710	13103	3.11
1941-1949	91	0.29395	0.25628	0.5	3203	821	2793	9393	2.93
1941-1949	92	0.31537	0.27242	0.5	2382	649	2058	6601	2.77
1941-1949	93	0.33761	0.28885	0.5	1733	501	1483	4543	2.62
1941-1949	94	0.36059	0.30551	0.5	1233	377	1044	3060	2.48
1941-1949	95	0.38423	0.32231	0.5	856	276	718	2016	2.35
1941-1949	96	0.40843	0.33917	0.5	580	197	482	1298	2.24
1941-1949	97	0.43308	0.35599	0.5	383	136	315	816	2.13
1941-1949	98	0.45807	0.37270	0.5	247	92	201	501	2.03
1941-1949	99	0.48326	0.38922	0.5	155	60	125	300	1.94
1941-1949	100	0.50855	0.40545	0.5	95	38	75	175	1.85
1941-1949	101	0.53379	0.42134	0.5	56	24	44	100	1.78
1941-1949	102	0.55886	0.43680	0.5	33	14	25	56	1.71
1941-1949	103	0.58363	0.45179	0.5	18	8	14	30	1.64
1941-1949	104	0.60799	0.46625	0.5	10	5	8	16	1.58
1941-1949	105	0.63182	0.48014	0.5	5	3	4	8	1.53
1941-1949	106	0.65502	0.49342	0.5	3	1	2	4	1.48
1941-1949	107	0.67751	0.50608	0.5	1	1	1	2	1.44
1941-1949	108	0.69921	0.51808	0.5	1	0	1	1	1.40
1941-1949	109	0.72005	0.52944	0.5	0	0	0	0	1.37
1941-1949	110+	0.73998	1.00000	1.35	0	0	0	0	1.35
1950-1959	0	0.02740	0.02675	0.12	100000	2675	97642	6793092	67.93
1950-1959	1	0.00177	0.00177	0.5	97325	172	97239	6695450	68.79
1950-1959	2	0.00118	0.00118	0.5	97153	115	97095	6598211	67.92
1950-1959	3	0.00092	0.00092	0.5	97038	89	96993	6501115	67.00
1950-1959	4	0.00070	0.00070	0.5	96949	67	96915	6404122	66.06
1950-1959	5	0.00063	0.00063	0.5	96881	61	96851	6307207	65.10
1950-1959	6	0.00062	0.00062	0.5	96820	60	96790	6210356	64.14
1950-1959	7	0.00060	0.00060	0.5	96760	59	96731	6113566	63.18
1950-1959	8	0.00058	0.00058	0.5	96701	56	96674	6016835	62.22
1950-1959	9	0.00054	0.00054	0.5	96646	52	96620	5920162	61.26
1950-1959	10	0.00049	0.00049	0.5	96594	48	96570	5823542	60.29
1950-1959	11	0.00052	0.00052	0.5	96546	50	96521	5726972	59.32
1950-1959	12	0.00057	0.00057	0.5	96496	55	96469	5630450	58.35
1950-1959	13	0.00066	0.00066	0.5	96442	64	96410	5533981	57.38
1950-1959	14	0.00081	0.00081	0.5	96378	78	96339	5437572	56.42
1950-1959	15	0.00102	0.00102	0.5	96300	99	96251	5341233	55.46
1950-1959	16	0.00132	0.00132	0.5	96202	127	96138	5244982	54.52
1950-1959	17	0.00155	0.00155	0.5	96074	149	96000	5148844	53.59
1950-1959	18	0.00177	0.00177	0.5	95925	170	95840	5052844	52.67
1950-1959	19	0.00186	0.00185	0.5	95755	178	95666	4957004	51.77
1950-1959	20	0.00185	0.00185	0.5	95578	177	95489	4861338	50.86
1950-1959	21	0.00191	0.00191	0.5	95401	182	95310	4765848	49.96
1950-1959	22	0.00184	0.00184	0.5	95219	175	95131	4670539	49.05
1950-1959	23	0.00181	0.00181	0.5	95043	172	94957	4575408	48.14
1950-1959	24	0.00171	0.00171	0.5	94872	162	94791	4480450	47.23
1950-1959	25	0.00163	0.00163	0.5	94710	154	94632	4385660	46.31
1950-1959	26	0.00149	0.00149	0.5	94555	140	94485	4291027	45.38
1950-1959	27	0.00148	0.00148	0.5	94415	140	94345	4196542	44.45
1950-1959	28	0.00145	0.00145	0.5	94275	137	94207	4102197	43.51
1950-1959	29	0.00149	0.00149	0.5	94138	140	94068	4007990	42.58
1950-1959	30	0.00148	0.00148	0.5	93998	139	93929	3913922	41.64
1950-1959	31	0.00158	0.00158	0.5	93859	149	93785	3819993	40.70
1950-1959	32	0.00162	0.00161	0.5	93711	151	93635	3726208	39.76
1950-1959	33	0.00175	0.00175	0.5	93559	164	93477	3632573	38.83
1950-1959	34	0.00195	0.00195	0.5	93395	182	93304	3539096	37.89
1950-1959	35	0.00201	0.00201	0.5	93213	187	93120	3445792	36.97
1950-1959	36	0.00216	0.00216	0.5	93026	201	92926	3352672	36.04
1950-1959	37	0.00233	0.00233	0.5	92826	216	92718	3259746	35.12
1950-1959	38	0.00255	0.00255	0.5	92610	236	92491	3167028	34.20
1950-1959	39	0.00284	0.00284	0.5	92373	262	92242	3074537	33.28
1950-1959	40	0.00316	0.00315	0.5	92111	290	91966	2982295	32.38
1950-1959	41	0.00346	0.00346	0.5	91821	317	91662	2890329	31.48
1950-1959	42	0.00392	0.00391	0.5	91503	358	91324	2798667	30.59
1950-1959	43	0.00435	0.00434	0.5	91145	396	90948	2707343	29.70
1950-1959	44	0.00482	0.00481	0.5	90750	436	90531	2616395	28.83
1950-1959	45	0.00527	0.00525	0.5	90313	474	90076	2525864	27.97
1950-1959	46	0.00584	0.00582	0.5	89839	523	89578	2435787	27.11
1950-1959	47	0.00645	0.00643	0.5	89316	574	89029	2346210	26.27
1950-1959	48	0.00711	0.00708	0.5	88742	629	88428	2257180	25.44
1950-1959	49	0.00788	0.00785	0.5	88113	691	87768	2168753	24.61
1950-1959	50	0.00854	0.00850	0.5	87422	743	87050	2080985	23.80
1950-1959	51	0.00927	0.00923	0.5	86679	800	86279	1993935	23.00
1950-1959	52	0.01043	0.01038	0.5	85879	891	85433	1907656	22.21
1950-1959	53	0.01121	0.01115	0.5	84988	948	84514	1822223	21.44
1950-1959	54	0.01225	0.01217	0.5	84040	1023	83528	1737709	20.68
1950-1959	55	0.01333	0.01324	0.5	83017	1099	82467	1654180	19.93
1950-1959	56	0.01448	0.01437	0.5	81917	1177	81329	1571713	19.19
1950-1959	57	0.01572	0.01560	0.5	80740	1260	80110	1490384	18.46
1950-1959	58	0.01721	0.01706	0.5	79480	1356	78802	1410274	17.74
1950-1959	59	0.01903	0.01885	0.5	78124	1473	77388	1331472	17.04
1950-1959	60	0.02065	0.02044	0.5	76652	1566	75869	1254084	16.36
1950-1959	61	0.02262	0.02237	0.5	75085	1680	74246	1178215	15.69
1950-1959	62	0.02474	0.02443	0.5	73406	1794	72509	1103969	15.04
1950-1959	63	0.02695	0.02660	0.5	71612	1905	70660	1031460	14.40
1950-1959	64	0.02931	0.02889	0.5	69708	2014	68701	960800	13.78
1950-1959	65	0.03162	0.03113	0.5	67694	2107	66640	892099	13.18
1950-1959	66	0.03416	0.03358	0.5	65587	2203	64485	825459	12.59
1950-1959	67	0.03738	0.03670	0.5	63384	2326	62221	760973	12.01
1950-1959	68	0.04044	0.03964	0.5	61058	2420	59848	698752	11.44
1950-1959	69	0.04385	0.04291	0.5	58638	2516	57380	638904	10.90
1950-1959	70	0.04722	0.04613	0.5	56122	2589	54828	581524	10.36
1950-1959	71	0.05115	0.04987	0.5	53533	2670	52198	526696	9.84
1950-1959	72	0.05638	0.05484	0.5	50864	2789	49469	474498	9.33
1950-1959	73	0.06107	0.05926	0.5	48074	2849	46650	425029	8.84
1950-1959	74	0.06740	0.06520	0.5	45225	2949	43751	378379	8.37
1950-1959	75	0.07340	0.07080	0.5	42276	2993	40780	334628	7.92
1950-1959	76	0.08005	0.07697	0.5	39283	3023	37772	293848	7.48
1950-1959	77	0.08628	0.08272	0.5	36260	2999	34760	256077	7.06
1950-1959	78	0.09508	0.09076	0.5	33261	3019	31751	221316	6.65
1950-1959	79	0.10274	0.09772	0.5	30242	2955	28764	189565	6.27
1950-1959	80	0.11312	0.10707	0.5	27287	2921	25826	160801	5.89
1950-1959	81	0.12262	0.11554	0.5	24365	2815	22958	134975	5.54
1950-1959	82	0.13504	0.12650	0.5	21550	2726	20187	112017	5.20
1950-1959	83	0.14578	0.13587	0.5	18824	2558	17545	91830	4.88
1950-1959	84	0.16087	0.14889	0.5	16266	2422	15055	74285	4.57
1950-1959	85	0.17623	0.16196	0.5	13844	2242	12723	59230	4.28
1950-1959	86	0.19321	0.17619	0.5	11602	2044	10580	46506	4.01
1950-1959	87	0.21251	0.19210	0.5	9558	1836	8640	35926	3.76
1950-1959	88	0.23011	0.20637	0.5	7722	1594	6925	27286	3.53
1950-1959	89	0.25072	0.22279	0.5	6128	1365	5446	20361	3.32
1950-1959	90	0.26833	0.23659	0.5	4763	1127	4200	14915	3.13
1950-1959	91	0.28984	0.25315	0.5	3636	920	3176	10716	2.95
1950-1959	92	0.31233	0.27014	0.5	2716	734	2349	7540	2.78
1950-1959	93	0.33574	0.28748	0.5	1982	570	1697	5191	2.62
1950-1959	94	0.35999	0.30508	0.5	1412	431	1197	3494	2.47
1950-1959	95	0.38498	0.32284	0.5	981	317	823	2297	2.34
1950-1959	96	0.41058	0.34065	0.5	665	226	551	1474	2.22
1950-1959	97	0.43669	0.35843	0.5	438	157	360	923	2.11
1950-1959	98	0.46314	0.37606	0.5	281	106	228	563	2.00
1950-1959	99	0.48981	0.39345	0.5	175	69	141	335	1.91
1950-1959	100	0.51653	0.41051	0.5	106	44	85	194	1.82
1950-1959	101	0.54316	0.42715	0.5	63	27	49	109	1.75
1950-1959	102	0.56955	0.44330	0.5	36	16	28	60	1.67
1950-1959	103	0.59554	0.45890	0.5	20	9	15	32	1.61
1950-1959	104	0.62101	0.47387	0.5	11	5	8	17	1.55
1950-1959	105	0.64583	0.48819	0.5	6	3	4	9	1.50
1950-1959	106	0.66989	0.50181	0.5	3	1	2	4	1.45
1950-1959	107	0.69309	0.51472	0.5	1	1	1	2	1.41
1950-1959	108	0.71536	0.52690	0.5	1	0	1	1	1.37
1950-1959	109	0.73662	0.53834	0.5	0	0	0	0	1.34
1950-1959	110+	0.75683	1.00000	1.32	0	0	0	0	1.32
1960-1969	0	0.02353	0.02304	0.11	100000	2304	97945	6861384	68.61
1960-1969	1	0.00129	0.00129	0.5	97696	126	97633	6763439	69.23
1960-1969	2	0.00089	0.00089	0.5	97570	86	97527	6665806	68.32
1960-1969	3	0.00073	0.00073	0.5	97484	71	97448	6568280	67.38
1960-1969	4	0.00065	0.00065	0.5	97413	63	97381	6470832	66.43
1960-1969	5	0.00057	0.00057	0.5	97349	56	97322	6373451	65.47
1960-1969	6	0.00050	0.00050	0.5	97294	49	97269	6276129	64.51
1960-1969	7	0.00049	0.00049	0.5	97245	48	97221	6178860	63.54
1960-1969	8	0.00042	0.00042	0.5	97197	40	97177	6081638	62.57
1960-1969	9	0.00039	0.00039	0.5	97157	38	97138	5984461	61.60
1960-1969	10	0.00037	0.00037	0.5	97119	36	97101	5887323	60.62
1960-1969	11	0.00038	0.00038	0.5	97083	37	97064	5790222	59.64
1960-1969	12	0.00046	0.00046	0.5	97046	45	97023	5693158	58.66
1960-1969	13	0.00048	0.00048	0.5	97001	46	96978	5596135	57.69
1960-1969	14	0.00055	0.00055	0.5	96955	53	96928	5499157	56.72
1960-1969	15	0.00077	0.00077	0.5	96901	74	96864	5402228	55.75
1960-1969	16	0.00105	0.00104	0.5	96827	101	96777	5305364	54.79
1960-1969	17	0.00149	0.00149	0.5	96726	144	96654	5208588	53.85
1960-1969	18	0.00219	0.00219	0.5	96582	212	96476	5111934	52.93
1960-1969	19	0.00194	0.00194	0.5	96370	187	96277	5015458	52.04
1960-1969	20	0.00192	0.00192	0.5	96184	184	96092	4919181	51.14
1960-1969	21	0.00193	0.00193	0.5	95999	185	95907	4823089	50.24
1960-1969	22	0.00179	0.00179	0.5	95814	171	95729	4727182	49.34
1960-1969	23	0.00179	0.00179	0.5	95643	171	95558	4631454	48.42
1960-1969	24	0.00159	0.00159	0.5	95472	152	95396	4535896	47.51
1960-1969	25	0.00168	0.00168	0.5	95320	160	95240	4440500	46.59
1960-1969	26	0.00144	0.00144	0.5	95160	137	95092	4345260	45.66
1960-1969	27	0.00137	0.00137	0.5	95023	130	94958	4250168	44.73
1960-1969	28	0.00139	0.00139	0.5	94893	131	94827	4155210	43.79
1960-1969	29	0.00132	0.00132	0.5	94761	125	94699	4060383	42.85
1960-1969	30	0.00148	0.00148	0.5	94636	140	94566	3965684	41.90
1960-1969	31	0.00142	0.00142	0.5	94496	134	94429	3871118	40.97
1960-1969	32	0.00162	0.00162	0.5	94362	153	94286	3776689	40.02
1960-1969	33	0.00156	0.00156	0.5	94209	147	94136	3682403	39.09
1960-1969	34	0.00172	0.00172	0.5	94062	162	93981	3588267	38.15
1960-1969	35	0.00187	0.00186	0.5	93900	175	93813	3494286	37.21
1960-1969	36	0.00206	0.00206	0.5	93725	193	93629	3400473	36.28
1960-1969	37	0.00202	0.00202	0.5	93532	189	93438	3306845	35.36
1960-1969	38	0.00241	0.00241	0.5	93343	225	93231	3213407	34.43
1960-1969	39	0.00260	0.00260	0.5	93118	242	92997	3120176	33.51
1960-1969	40	0.00286	0.00285	0.5	92876	265	92744	3027179	32.59
1960-1969	41	0.00320	0.00320	0.5	92611	296	92463	2934435	31.69
1960-1969	42	0.00352	0.00351	0.5	92315	324	92153	2841972	30.79
1960-1969	43	0.00378	0.00377	0.5	91991	347	91817	2749819	29.89
1960-1969	44	0.00439	0.00438	0.5	91644	401	91443	2658001	29.00
1960-1969	45	0.00494	0.00493	0.5	91243	450	91018	2566558	28.13
1960-1969	46	0.00531	0.00529	0.5	90793	481	90553	2475540	27.27
1960-1969	47	0.00584	0.00583	0.5	90312	526	90049	2384987	26.41
1960-1969	48	0.00638	0.00636	0.5	89786	571	89501	2294938	25.56
1960-1969	49	0.00755	0.00752	0.5	89215	671	88879	2205437	24.72
1960-1969	50	0.00782	0.00779	0.5	88544	690	88199	2116558	23.90
1960-1969	51	0.00914	0.00910	0.5	87854	799	87455	2028359	23.09
1960-1969	52	0.01010	0.01005	0.5	87055	875	86617	1940904	22.30
1960-1969	53	0.01116	0.01110	0.5	86180	957	85701	1854287	21.52
1960-1969	54	0.01198	0.01191	0.5	85223	1015	84715	1768586	20.75
1960-1969	55	0.01335	0.01326	0.5	84208	1117	83650	1683870	20.00
1960-1969	56	0.01456	0.01445	0.5	83091	1201	82491	1600220	19.26
1960-1969	57	0.01603	0.01590	0.5	81891	1302	81239	1517730	18.53
1960-1969	58	0.01729	0.01714	0.5	80588	1382	79898	1436490	17.83
1960-1969	59	0.01917	0.01899	0.5	79207	1504	78455	1356592	17.13
1960-1969	60	0.02015	0.01995	0.5	77703	1550	76928	1278137	16.45
1960-1969	61	0.02246	0.02221	0.5	76153	1691	75307	1201210	15.77
1960-1969	62	0.02501	0.02470	0.5	74462	1839	73542	1125903	15.12
1960-1969	63	0.02667	0.02632	0.5	72622	1912	71666	1052361	14.49
1960-1969	64	0.02924	0.02882	0.5	70711	2038	69692	980694	13.87
1960-1969	65	0.03180	0.03130	0.5	68673	2150	67598	911002	13.27
1960-1969	66	0.03368	0.03312	0.5	66523	2203	65422	843404	12.68
1960-1969	67	0.03798	0.03728	0.5	64320	2398	63121	777982	12.10
1960-1969	68	0.04027	0.03947	0.5	61922	2444	60700	714861	11.54
1960-1969	69	0.04415	0.04319	0.5	59478	2569	58194	654161	11.00
1960-1969	70	0.04827	0.04713	0.5	56909	2682	55568	595967	10.47
1960-1969	71	0.05232	0.05098	0.5	54227	2765	52844	540399	9.97
1960-1969	72	0.05755	0.05594	0.5	51462	2879	50023	487555	9.47
1960-1969	73	0.06020	0.05844	0.5	48583	2839	47164	437532	9.01
1960-1969	74	0.06670	0.06454	0.5	45744	2952	44268	390369	8.53
1960-1969	75	0.07050	0.06810	0.5	42792	2914	41334	346101	8.09
1960-1969	76	0.07832	0.07537	0.5	39877	3006	38375	304767	7.64
1960-1969	77	0.08385	0.08047	0.5	36872	2967	35388	266392	7.22
1960-1969	78	0.09249	0.08840	0.5	33905	2997	32406	231004	6.81
1960-1969	79	0.10088	0.09603	0.5	30907	2968	29423	198598	6.43
1960-1969	80	0.10913	0.10349	0.5	27939	2891	26494	169175	6.06
1960-1969	81	0.11788	0.11132	0.5	25048	2788	23654	142681	5.70
1960-1969	82	0.13041	0.12243	0.5	22260	2725	20897	119027	5.35
1960-1969	83	0.14444	0.13471	0.5	19534	2632	18219	98130	5.02
1960-1969	84	0.15100	0.14040	0.5	16903	2373	15716	79912	4.73
1960-1969	85	0.17207	0.15844	0.5	14530	2302	13379	64195	4.42
1960-1969	86	0.18637	0.17048	0.5	12228	2085	11185	50817	4.16
1960-1969	87	0.20406	0.18517	0.5	10143	1878	9204	39631	3.91
1960-1969	88	0.21648	0.19534	0.5	8265	1614	7458	30427	3.68
1960-1969	89	0.23836	0.21298	0.5	6650	1416	5942	22970	3.45
1960-1969	90	0.25811	0.22861	0.5	5234	1197	4636	17027	3.25
1960-1969	91	0.27649	0.24291	0.5	4038	981	3547	12392	3.07
1960-1969	92	0.29778	0.25919	0.5	3057	792	2661	8844	2.89
1960-1969	93	0.31998	0.27584	0.5	2264	625	1952	6184	2.73
1960-1969	94	0.34302	0.29280	0.5	1640	480	1400	4232	2.58
1960-1969	95	0.36684	0.30998	0.5	1160	359	980	2832	2.44
1960-1969	96	0.39132	0.32728	0.5	800	262	669	1852	2.31
1960-1969	97	0.41636	0.34462	0.5	538	186	446	1183	2.20
1960-1969	98	0.44184	0.36189	0.5	353	128	289	737	2.09
1960-1969	99	0.46763	0.37901	0.5	225	85	182	448	1.99
1960-1969	100	0.49359	0.39589	0.5	140	55	112	266	1.90
1960-1969	101	0.51959	0.41244	0.5	84	35	67	153	1.82
1960-1969	102	0.54548	0.42859	0.5	50	21	39	86	1.74
1960-1969	103	0.57113	0.44426	0.5	28	13	22	47	1.67
1960-1969	104	0.59640	0.45941	0.5	16	7	12	25	1.61
1960-1969	105	0.62117	0.47396	0.5	9	4	7	13	1.55
1960-1969	106	0.64533	0.48790	0.5	4	2	3	7	1.50
1960-1969	107	0.66876	0.50118	0.5	2	1	2	3	1.46
1960-1969	108	0.69139	0.51378	0.5	1	1	1	2	1.42
1960-1969	109	0.71313	0.52569	0.5	1	0	0	1	1.38
1960-1969	110+	0.73394	1.00000	1.36	0	0	0	0	1.36
1970-1979	0	0.01504	0.01483	0.09	100000	1483	98643	7032392	70.32
1970-1979	1	0.00094	0.00094	0.5	98517	93	98470	6933748	70.38
1970-1979	2	0.00069	0.00069	0.5	98424	68	98390	6835278	69.45
1970-1979	3	0.00064	0.00064	0.5	98357	63	98325	6736887	68.49
1970-1979	4	0.00049	0.00049	0.5	98294	48	98269	6638562	67.54
1970-1979	5	0.00045	0.00045	0.5	98245	44	98223	6540293	66.57
1970-1979	6	0.00042	0.00042	0.5	98201	41	98181	6442070	65.60
1970-1979	7	0.00042	0.00042	0.5	98160	41	98140	6343889	64.63
1970-1979	8	0.00035	0.00035	0.5	98119	34	98102	6245749	63.65
1970-1979	9	0.00029	0.00029	0.5	98085	29	98070	6147647	62.68
1970-1979	10	0.00032	0.00032	0.5	98056	32	98040	6049577	61.69
1970-1979	11	0.00038	0.00038	0.5	98024	37	98006	5951537	60.71
1970-1979	12	0.00040	0.00040	0.5	97987	39	97967	5853531	59.74
1970-1979	13	0.00051	0.00051	0.5	97948	50	97923	5755563	58.76
1970-1979	14	0.00062	0.00062	0.5	97898	60	97868	5657640	57.79
1970-1979	15	0.00077	0.00077	0.5	97838	75	97800	5559772	56.83
1970-1979	16	0.00111	0.00111	0.5	97762	108	97708	5461972	55.87
1970-1979	17	0.00138	0.00138	0.5	97654	135	97587	5364264	54.93
1970-1979	18	0.00194	0.00194	0.5	97519	189	97425	5266678	54.01
1970-1979	19	0.00199	0.00199	0.5	97330	193	97234	5169253	53.11
1970-1979	20	0.00171	0.00171	0.5	97137	166	97054	5072019	52.22
1970-1979	21	0.00175	0.00175	0.5	96971	170	96886	4974965	51.30
1970-1979	22	0.00187	0.00187	0.5	96801	181	96711	4878078	50.39
1970-1979	23	0.00168	0.00168	0.5	96621	162	96539	4781367	49.49
1970-1979	24	0.00164	0.00164	0.5	96458	158	96379	4684828	48.57
1970-1979	25	0.00154	0.00154	0.5	96300	148	96226	4588449	47.65
1970-1979	26	0.00148	0.00148	0.5	96152	142	96081	4492223	46.72
1970-1979	27	0.00139	0.00139	0.5	96010	134	95943	4396142	45.79
1970-1979	28	0.00135	0.00135	0.5	95876	129	95811	4300199	44.85
1970-1979	29	0.00135	0.00135	0.5	95747	130	95682	4204387	43.91
1970-1979	30	0.00142	0.00142	0.5	95617	136	95549	4108706	42.97
1970-1979	31	0.00146	0.00146	0.5	95482	139	95412	4013156	42.03
1970-1979	32	0.00135	0.00135	0.5	95342	129	95278	3917744	41.09
1970-1979	33	0.00150	0.00150	0.5	95213	143	95142	3822467	40.15
1970-1979	34	0.00156	0.00156	0.5	95070	148	94996	3727325	39.21
1970-1979	35	0.00172	0.00172	0.5	94922	163	94840	3632329	38.27
1970-1979	36	0.00177	0.00177	0.5	94759	168	94675	3537489	37.33
1970-1979	37	0.00197	0.00197	0.5	94591	186	94498	3442814	36.40
1970-1979	38	0.00208	0.00208	0.5	94405	196	94307	3348316	35.47
1970-1979	39	0.00227	0.00227	0.5	94209	214	94102	3254009	34.54
1970-1979	40	0.00250	0.00250	0.5	93995	235	93878	3159908	33.62
1970-1979	41	0.00274	0.00274	0.5	93760	257	93632	3066030	32.70
1970-1979	42	0.00301	0.00300	0.5	93504	281	93363	2972398	31.79
1970-1979	43	0.00339	0.00339	0.5	93223	316	93065	2879035	30.88
1970-1979	44	0.00379	0.00378	0.5	92907	351	92731	2785970	29.99
1970-1979	45	0.00469	0.00468	0.5	92556	434	92339	2693239	29.10
1970-1979	46	0.00484	0.00483	0.5	92122	445	91900	2600900	28.23
1970-1979	47	0.00524	0.00523	0.5	91677	480	91437	2509000	27.37
1970-1979	48	0.00574	0.00573	0.5	91198	522	90936	2417563	26.51
1970-1979	49	0.00628	0.00627	0.5	90675	568	90391	2326626	25.66
1970-1979	50	0.00681	0.00679	0.5	90107	612	89801	2236235	24.82
1970-1979	51	0.00778	0.00775	0.5	89495	693	89149	2146434	23.98
1970-1979	52	0.00871	0.00867	0.5	88802	770	88417	2057285	23.17
1970-1979	53	0.00955	0.00950	0.5	88032	836	87614	1968868	22.37
1970-1979	54	0.01041	0.01035	0.5	87196	903	86744	1881254	21.58
1970-1979	55	0.01171	0.01164	0.5	86293	1004	85791	1794510	20.80
1970-1979	56	0.01283	0.01275	0.5	85289	1087	84745	1708719	20.03
1970-1979	57	0.01445	0.01435	0.5	84202	1208	83598	1623974	19.29
1970-1979	58	0.01560	0.01548	0.5	82993	1285	82351	1540377	18.56
1970-1979	59	0.01665	0.01651	0.5	81709	1349	81034	1458026	17.84
1970-1979	60	0.01854	0.01837	0.5	80359	1476	79621	1376992	17.14
1970-1979	61	0.02022	0.02002	0.5	78883	1579	78094	1297371	16.45
1970-1979	62	0.02285	0.02260	0.5	77304	1747	76431	1219277	15.77
1970-1979	63	0.02517	0.02486	0.5	75558	1878	74619	1142846	15.13
1970-1979	64	0.02729	0.02693	0.5	73680	1984	72688	1068227	14.50
1970-1979	65	0.02972	0.02929	0.5	71696	2100	70646	995540	13.89
1970-1979	66	0.03181	0.03131	0.5	69596	2179	68506	924894	13.29
1970-1979	67	0.03613	0.03549	0.5	67417	2393	66221	856388	12.70
1970-1979	68	0.03708	0.03641	0.5	65024	2367	63841	790167	12.15
1970-1979	69	0.04055	0.03975	0.5	62657	2490	61412	726326	11.59
1970-1979	70	0.04383	0.04289	0.5	60167	2580	58877	664914	11.05
1970-1979	71	0.04828	0.04714	0.5	57586	2715	56229	606037	10.52
1970-1979	72	0.05180	0.05049	0.5	54872	2771	53486	549809	10.02
1970-1979	73	0.05640	0.05485	0.5	52101	2858	50672	496322	9.53
1970-1979	74	0.06178	0.05993	0.5	49243	2951	47767	445650	9.05
1970-1979	75	0.06654	0.06440	0.5	46292	2981	44801	397883	8.60
1970-1979	76	0.07220	0.06968	0.5	43311	3018	41802	353082	8.15
1970-1979	77	0.08048	0.07737	0.5	40293	3117	38734	311280	7.73
1970-1979	78	0.08618	0.08262	0.5	37176	3071	35640	272546	7.33
1970-1979	79	0.09137	0.08738	0.5	34104	2980	32614	236906	6.95
1970-1979	80	0.09806	0.09347	0.5	31124	2909	29670	204292	6.56
1970-1979	81	0.10714	0.10170	0.5	28215	2869	26780	174622	6.19
1970-1979	82	0.11594	0.10959	0.5	25346	2778	23957	147842	5.83
1970-1979	83	0.12948	0.12161	0.5	22568	2744	21196	123885	5.49
1970-1979	84	0.14264	0.13315	0.5	19824	2639	18504	102689	5.18
1970-1979	85	0.14840	0.13815	0.5	17184	2374	15997	84185	4.90
1970-1979	86	0.16506	0.15247	0.5	14810	2258	13681	68188	4.60
1970-1979	87	0.17654	0.16222	0.5	12552	2036	11534	54507	4.34
1970-1979	88	0.19060	0.17402	0.5	10516	1830	9601	42973	4.09
1970-1979	89	0.20701	0.18759	0.5	8686	1629	7871	33372	3.84
1970-1979	90	0.22617	0.20319	0.5	7056	1434	6340	25501	3.61
1970-1979	91	0.24395	0.21743	0.5	5623	1223	5011	19162	3.41
1970-1979	92	0.26266	0.23217	0.5	4400	1022	3889	14150	3.22
1970-1979	93	0.28226	0.24735	0.5	3379	836	2961	10261	3.04
1970-1979	94	0.30273	0.26293	0.5	2543	669	2209	7300	2.87
1970-1979	95	0.32401	0.27884	0.5	1874	523	1613	5092	2.72
1970-1979	96	0.34605	0.29500	0.5	1352	399	1152	3479	2.57
1970-1979	97	0.36876	0.31135	0.5	953	297	805	2327	2.44
1970-1979	98	0.39207	0.32781	0.5	656	215	549	1522	2.32
1970-1979	99	0.41589	0.34430	0.5	441	152	365	973	2.21
1970-1979	100	0.44011	0.36073	0.5	289	104	237	608	2.10
1970-1979	101	0.46461	0.37702	0.5	185	70	150	371	2.01
1970-1979	102	0.48928	0.39311	0.5	115	45	93	221	1.92
1970-1979	103	0.51401	0.40892	0.5	70	29	56	129	1.84
1970-1979	104	0.53867	0.42437	0.5	41	18	33	73	1.77
1970-1979	105	0.56314	0.43942	0.5	24	10	19	40	1.70
1970-1979	106	0.58731	0.45399	0.5	13	6	10	22	1.64
1970-1979	107	0.61107	0.46806	0.5	7	3	6	12	1.58
1970-1979	108	0.63430	0.48157	0.5	4	2	3	6	1.54
1970-1979	109	0.65693	0.49450	0.5	2	1	2	3	1.50
1970-1979	110+	0.67887	1.00000	1.47	1	1	1	1	1.47
1980-1989	0	0.01064	0.01054	0.07	100000	1054	99024	7274101	72.74
1980-1989	1	0.00080	0.00080	0.5	98946	79	98907	7175077	72.51
1980-1989	2	0.00057	0.00057	0.5	98868	56	98840	7076169	71.57
1980-1989	3	0.00044	0.00044	0.5	98812	43	98790	6977330	70.61
1980-1989	4	0.00035	0.00035	0.5	98768	34	98751	6878540	69.64
1980-1989	5	0.00030	0.00030	0.5	98734	30	98719	6779789	68.67
1980-1989	6	0.00029	0.00029	0.5	98704	28	98690	6681070	67.69
1980-1989	7	0.00029	0.00029	0.5	98676	29	98662	6582379	66.71
1980-1989	8	0.00029	0.00029	0.5	98647	29	98633	6483718	65.73
1980-1989	9	0.00019	0.00019	0.5	98618	19	98609	6385085	64.75
1980-1989	10	0.00022	0.00022	0.5	98600	22	98589	6286476	63.76
1980-1989	11	0.00026	0.00026	0.5	98578	25	98565	6187887	62.77
1980-1989	12	0.00026	0.00026	0.5	98553	25	98540	6089322	61.79
1980-1989	13	0.00035	0.00035	0.5	98527	34	98510	5990782	60.80
1980-1989	14	0.00044	0.00044	0.5	98493	43	98471	5892272	59.82
1980-1989	15	0.00055	0.00055	0.5	98450	54	98423	5793800	58.85
1980-1989	16	0.00079	0.00079	0.5	98396	78	98357	5695377	57.88
1980-1989	17	0.00112	0.00112	0.5	98318	110	98263	5597021	56.93
1980-1989	18	0.00154	0.00154	0.5	98207	151	98132	5498758	55.99
1980-1989	19	0.00153	0.00152	0.5	98057	150	97982	5400626	55.08
1980-1989	20	0.00148	0.00148	0.5	97907	145	97835	5302644	54.16
1980-1989	21	0.00154	0.00154	0.5	97762	150	97687	5204810	53.24
1980-1989	22	0.00149	0.00149	0.5	97612	145	97539	5107123	52.32
1980-1989	23	0.00138	0.00138	0.5	97466	135	97399	5009584	51.40
1980-1989	24	0.00124	0.00123	0.5	97332	120	97272	4912185	50.47
1980-1989	25	0.00135	0.00134	0.5	97212	131	97146	4814914	49.53
1980-1989	26	0.00122	0.00122	0.5	97081	119	97022	4717768	48.60
1980-1989	27	0.00120	0.00120	0.5	96962	117	96904	4620746	47.66
1980-1989	28	0.00135	0.00135	0.5	96846	131	96780	4523842	46.71
1980-1989	29	0.00121	0.00121	0.5	96715	117	96656	4427062	45.77
1980-1989	30	0.00119	0.00119	0.5	96598	115	96540	4330406	44.83
1980-1989	31	0.00125	0.00125	0.5	96483	121	96422	4233865	43.88
1980-1989	32	0.00132	0.00132	0.5	96362	127	96298	4137443	42.94
1980-1989	33	0.00141	0.00140	0.5	96234	135	96167	4041145	41.99
1980-1989	34	0.00133	0.00133	0.5	96099	128	96035	3944979	41.05
1980-1989	35	0.00144	0.00144	0.5	95971	139	95902	3848943	40.11
1980-1989	36	0.00152	0.00152	0.5	95833	146	95760	3753041	39.16
1980-1989	37	0.00164	0.00164	0.5	95687	157	95609	3657281	38.22
1980-1989	38	0.00174	0.00173	0.5	95530	166	95447	3561673	37.28
1980-1989	39	0.00187	0.00187	0.5	95364	178	95275	3466226	36.35
1980-1989	40	0.00195	0.00195	0.5	95186	185	95094	3370950	35.41
1980-1989	41	0.00224	0.00223	0.5	95001	212	94895	3275857	34.48
1980-1989	42	0.00246	0.00246	0.5	94789	233	94672	3180962	33.56
1980-1989	43	0.00277	0.00276	0.5	94556	261	94425	3086290	32.64
1980-1989	44	0.00281	0.00280	0.5	94294	264	94162	2991865	31.73
1980-1989	45	0.00322	0.00322	0.5	94030	302	93879	2897702	30.82
1980-1989	46	0.00351	0.00351	0.5	93728	329	93563	2803823	29.91
1980-1989	47	0.00409	0.00408	0.5	93399	381	93208	2710260	29.02
1980-1989	48	0.00460	0.00459	0.5	93018	427	92804	2617052	28.14
1980-1989	49	0.00481	0.00480	0.5	92591	444	92368	2524248	27.26
1980-1989	50	0.00532	0.00531	0.5	92146	489	91902	2431879	26.39
1980-1989	51	0.00623	0.00621	0.5	91657	569	91372	2339978	25.53
1980-1989	52	0.00707	0.00705	0.5	91088	642	90767	2248605	24.69
1980-1989	53	0.00769	0.00766	0.5	90446	693	90099	2157838	23.86
1980-1989	54	0.00823	0.00819	0.5	89753	735	89385	2067739	23.04
1980-1989	55	0.00929	0.00925	0.5	89017	823	88606	1978354	22.22
1980-1989	56	0.01061	0.01056	0.5	88194	931	87728	1889748	21.43
1980-1989	57	0.01136	0.01130	0.5	87263	986	86770	1802020	20.65
1980-1989	58	0.01283	0.01275	0.5	86277	1100	85727	1715250	19.88
1980-1989	59	0.01348	0.01339	0.5	85177	1140	84607	1629523	19.13
1980-1989	60	0.01497	0.01486	0.5	84037	1249	83413	1544916	18.38
1980-1989	61	0.01646	0.01632	0.5	82788	1351	82113	1461504	17.65
1980-1989	62	0.01878	0.01860	0.5	81437	1515	80679	1379391	16.94
1980-1989	63	0.02027	0.02007	0.5	79922	1604	79120	1298712	16.25
1980-1989	64	0.02071	0.02050	0.5	78318	1605	77515	1219592	15.57
1980-1989	65	0.02377	0.02349	0.5	76713	1802	75812	1142077	14.89
1980-1989	66	0.02667	0.02632	0.5	74911	1972	73925	1066265	14.23
1980-1989	67	0.02837	0.02797	0.5	72939	2040	71919	992340	13.61
1980-1989	68	0.03169	0.03120	0.5	70899	2212	69793	920421	12.98
1980-1989	69	0.03412	0.03354	0.5	68687	2304	67535	850628	12.38
1980-1989	70	0.03771	0.03701	0.5	66383	2457	65155	783093	11.80
1980-1989	71	0.04200	0.04114	0.5	63926	2630	62611	717938	11.23
1980-1989	72	0.04578	0.04475	0.5	61297	2743	59925	655327	10.69
1980-1989	73	0.04974	0.04854	0.5	58553	2842	57132	595402	10.17
1980-1989	74	0.05370	0.05230	0.5	55711	2913	54255	538270	9.66
1980-1989	75	0.05796	0.05632	0.5	52798	2974	51311	484015	9.17
1980-1989	76	0.06361	0.06165	0.5	49824	3072	48288	432704	8.68
1980-1989	77	0.06969	0.06734	0.5	46752	3148	45178	384416	8.22
1980-1989	78	0.07447	0.07180	0.5	43604	3131	42039	339238	7.78
1980-1989	79	0.08193	0.07871	0.5	40473	3185	38880	297199	7.34
1980-1989	80	0.09129	0.08730	0.5	37288	3255	35660	258319	6.93
1980-1989	81	0.10011	0.09534	0.5	34032	3245	32410	222659	6.54
1980-1989	82	0.10579	0.10048	0.5	30788	3093	29241	190248	6.18
1980-1989	83	0.11693	0.11047	0.5	27694	3060	26165	161007	5.81
1980-1989	84	0.12684	0.11928	0.5	24635	2938	23166	134843	5.47
1980-1989	85	0.13918	0.13012	0.5	21696	2823	20285	111677	5.15
1980-1989	86	0.15330	0.14239	0.5	18873	2687	17530	91392	4.84
1980-1989	87	0.16287	0.15060	0.5	16186	2438	14967	73863	4.56
1980-1989	88	0.17791	0.16338	0.5	13748	2246	12625	58896	4.28
1980-1989	89	0.19808	0.18023	0.5	11502	2073	10466	46270	4.02
1980-1989	90	0.20732	0.18785	0.5	9429	1771	8543	35805	3.80
1980-1989	91	0.22978	0.20610	0.5	7658	1578	6869	27261	3.56
1980-1989	92	0.24812	0.22074	0.5	6080	1342	5409	20392	3.35
1980-1989	93	0.26742	0.23588	0.5	4738	1118	4179	14984	3.16
1980-1989	94	0.28765	0.25148	0.5	3620	910	3165	10805	2.98
1980-1989	95	0.30877	0.26747	0.5	2710	725	2347	7640	2.82
1980-1989	96	0.33071	0.28379	0.5	1985	563	1703	5293	2.67
1980-1989	97	0.35342	0.30034	0.5	1422	427	1208	3590	2.52
1980-1989	98	0.37680	0.31707	0.5	995	315	837	2381	2.39
1980-1989	99	0.40078	0.33388	0.5	679	227	566	1544	2.27
1980-1989	100	0.42524	0.35068	0.5	452	159	373	979	2.16
1980-1989	101	0.45007	0.36740	0.5	294	108	240	605	2.06
1980-1989	102	0.47516	0.38394	0.5	186	71	150	366	1.97
1980-1989	103	0.50037	0.40024	0.5	115	46	92	215	1.88
1980-1989	104	0.52558	0.41620	0.5	69	29	54	124	1.80
1980-1989	105	0.55065	0.43177	0.5	40	17	31	69	1.73
1980-1989	106	0.57548	0.44689	0.5	23	10	18	38	1.67
1980-1989	107	0.59993	0.46149	0.5	13	6	10	20	1.61
1980-1989	108	0.62389	0.47554	0.5	7	3	5	11	1.56
1980-1989	109	0.64725	0.48900	0.5	4	2	3	5	1.52
1980-1989	110+	0.66994	1.00000	1.49	2	2	3	3	1.49
1990-1999	0	0.00885	0.00878	0.07	100000	878	99182	7440428	74.40
1990-1999	1	0.00068	0.00068	0.5	99122	68	99088	7341246	74.06
1990-1999	2	0.00043	0.00043	0.5	99054	43	99033	7242157	73.11
1990-1999	3	0.00032	0.00032	0.5	99012	32	98996	7143124	72.14
1990-1999	4	0.00027	0.00027	0.5	98980	27	98966	7044129	71.17
1990-1999	5	0.00024	0.00024	0.5	98953	24	98941	6945163	70.19
1990-1999	6	0.00018	0.00018	0.5	98929	18	98920	6846222	69.20
1990-1999	7	0.00022	0.00022	0.5	98911	21	98900	6747302	68.22
1990-1999	8	0.00017	0.00017	0.5	98889	17	98881	6648402	67.23
1990-1999	9	0.00017	0.00017	0.5	98872	16	98864	6549521	66.24
1990-1999	10	0.00017	0.00017	0.5	98856	17	98848	6450657	65.25
1990-1999	11	0.00017	0.00017	0.5	98839	17	98831	6351809	64.26
1990-1999	12	0.00020	0.00020	0.5	98822	20	98812	6252979	63.27
1990-1999	13	0.00032	0.00032	0.5	98802	32	98787	6154166	62.29
1990-1999	14	0.00043	0.00043	0.5	98771	43	98749	6055380	61.31
1990-1999	15	0.00060	0.00060	0.5	98728	59	98699	5956630	60.33
1990-1999	16	0.00078	0.00078	0.5	98669	77	98631	5857932	59.37
1990-1999	17	0.00095	0.00095	0.5	98592	94	98546	5759301	58.42
1990-1999	18	0.00120	0.00120	0.5	98499	119	98439	5660755	57.47
1990-1999	19	0.00127	0.00127	0.5	98380	125	98318	5562316	56.54
1990-1999	20	0.00127	0.00127	0.5	98255	125	98193	5463998	55.61
1990-1999	21	0.00144	0.00144	0.5	98130	141	98060	5365806	54.68
1990-1999	22	0.00124	0.00124	0.5	97989	122	97928	5267746	53.76
1990-1999	23	0.00120	0.00120	0.5	97868	117	97809	5169818	52.82
1990-1999	24	0.00117	0.00117	0.5	97750	114	97693	5072009	51.89
1990-1999	25	0.00116	0.00116	0.5	97636	113	97579	4974316	50.95
1990-1999	26	0.00112	0.00112	0.5	97523	109	97468	4876736	50.01
1990-1999	27	0.00123	0.00123	0.5	97414	120	97354	4779268	49.06
1990-1999	28	0.00128	0.00127	0.5	97294	124	97232	4681914	48.12
1990-1999	29	0.00114	0.00114	0.5	97170	111	97115	4584681	47.18
1990-1999	30	0.00134	0.00134	0.5	97060	130	96994	4487566	46.24
1990-1999	31	0.00135	0.00134	0.5	96929	130	96864	4390572	45.30
1990-1999	32	0.00138	0.00138	0.5	96799	134	96732	4293707	44.36
1990-1999	33	0.00142	0.00142	0.5	96665	137	96597	4196975	43.42
1990-1999	34	0.00139	0.00139	0.5	96528	134	96461	4100379	42.48
1990-1999	35	0.00156	0.00156	0.5	96394	150	96319	4003918	41.54
1990-1999	36	0.00154	0.00154	0.5	96244	148	96170	3907599	40.60
1990-1999	37	0.00164	0.00164	0.5	96096	158	96017	3811429	39.66
1990-1999	38	0.00169	0.00169	0.5	95938	162	95857	3715412	38.73
1990-1999	39	0.00174	0.00174	0.5	95776	167	95692	3619555	37.79
1990-1999	40	0.00202	0.00202	0.5	95609	193	95512	3523863	36.86
1990-1999	41	0.00211	0.00211	0.5	95416	202	95315	3428351	35.93
1990-1999	42	0.00231	0.00230	0.5	95214	219	95105	3333036	35.01
1990-1999	43	0.00239	0.00239	0.5	94995	227	94882	3237931	34.09
1990-1999	44	0.00270	0.00270	0.5	94768	256	94640	3143049	33.17
1990-1999	45	0.00290	0.00289	0.5	94512	273	94375	3048409	32.25
1990-1999	46	0.00313	0.00312	0.5	94239	294	94092	2954034	31.35
1990-1999	47	0.00338	0.00338	0.5	93945	317	93786	2859942	30.44
1990-1999	48	0.00397	0.00396	0.5	93627	371	93442	2766156	29.54
1990-1999	49	0.00398	0.00398	0.5	93257	371	93071	2672714	28.66
1990-1999	50	0.00433	0.00432	0.5	92886	401	92685	2579643	27.77
1990-1999	51	0.00494	0.00493	0.5	92485	456	92257	2486958	26.89
1990-1999	52	0.00562	0.00561	0.5	92029	516	91771	2394702	26.02
1990-1999	53	0.00603	0.00602	0.5	91512	551	91237	2302931	25.17
1990-1999	54	0.00664	0.00662	0.5	90962	602	90661	2211694	24.31
1990-1999	55	0.00779	0.00776	0.5	90360	701	90009	2121033	23.47
1990-1999	56	0.00807	0.00803	0.5	89659	720	89298	2031024	22.65
1990-1999	57	0.00929	0.00925	0.5	88938	822	88527	1941726	21.83
1990-1999	58	0.01057	0.01051	0.5	88116	926	87653	1853198	21.03
1990-1999	59	0.01098	0.01092	0.5	87190	952	86714	1765545	20.25
1990-1999	60	0.01255	0.01248	0.5	86238	1076	85700	1678831	19.47
1990-1999	61	0.01382	0.01373	0.5	85162	1169	84578	1593131	18.71
1990-1999	62	0.01471	0.01460	0.5	83993	1226	83380	1508554	17.96
1990-1999	63	0.01599	0.01587	0.5	82767	1313	82110	1425174	17.22
1990-1999	64	0.01831	0.01815	0.5	81454	1478	80715	1343063	16.49
1990-1999	65	0.02060	0.02039	0.5	79975	1631	79160	1262349	15.78
1990-1999	66	0.02257	0.02232	0.5	78345	1748	77471	1183189	15.10
1990-1999	67	0.02371	0.02343	0.5	76596	1794	75699	1105718	14.44
1990-1999	68	0.02759	0.02721	0.5	74802	2035	73784	1030019	13.77
1990-1999	69	0.02987	0.02943	0.5	72767	2142	71696	956234	13.14
1990-1999	70	0.03142	0.03094	0.5	70625	2185	69532	884539	12.52
1990-1999	71	0.03501	0.03441	0.5	68440	2355	67263	815006	11.91
1990-1999	72	0.03791	0.03720	0.5	66085	2459	64856	747744	11.31
1990-1999	73	0.04186	0.04100	0.5	63626	2609	62322	682888	10.73
1990-1999	74	0.04609	0.04505	0.5	61018	2749	59643	620566	10.17
1990-1999	75	0.04958	0.04838	0.5	58269	2819	56859	560922	9.63
1990-1999	76	0.05491	0.05344	0.5	55450	2963	53968	504063	9.09
1990-1999	77	0.06110	0.05929	0.5	52487	3112	50931	450095	8.58
1990-1999	78	0.06670	0.06454	0.5	49375	3187	47781	399164	8.08
1990-1999	79	0.07367	0.07106	0.5	46188	3282	44547	351383	7.61
1990-1999	80	0.08245	0.07919	0.5	42906	3398	41207	306836	7.15
1990-1999	81	0.09220	0.08814	0.5	39508	3482	37767	265629	6.72
1990-1999	82	0.09936	0.09465	0.5	36026	3410	34321	227861	6.32
1990-1999	83	0.11156	0.10566	0.5	32616	3446	30893	193540	5.93
1990-1999	84	0.12105	0.11415	0.5	29170	3330	27505	162647	5.58
1990-1999	85	0.13242	0.12420	0.5	25840	3209	24236	135142	5.23
1990-1999	86	0.14413	0.13444	0.5	22631	3043	21110	110906	4.90
1990-1999	87	0.16053	0.14860	0.5	19588	2911	18133	89797	4.58
1990-1999	88	0.17472	0.16068	0.5	16678	2680	15338	71663	4.30
1990-1999	89	0.18364	0.16820	0.5	13998	2354	12821	56326	4.02
1990-1999	90	0.20579	0.18659	0.5	11643	2173	10557	43505	3.74
1990-1999	91	0.23220	0.20805	0.5	9471	1970	8486	32948	3.48
1990-1999	92	0.25271	0.22436	0.5	7500	1683	6659	24462	3.26
1990-1999	93	0.27439	0.24129	0.5	5818	1404	5116	17803	3.06
1990-1999	94	0.29719	0.25874	0.5	4414	1142	3843	12688	2.87
1990-1999	95	0.32104	0.27664	0.5	3272	905	2819	8845	2.70
1990-1999	96	0.34587	0.29487	0.5	2367	698	2018	6025	2.55
1990-1999	97	0.37156	0.31335	0.5	1669	523	1407	4008	2.40
1990-1999	98	0.39800	0.33194	0.5	1146	380	956	2600	2.27
1990-1999	99	0.42505	0.35055	0.5	766	268	631	1644	2.15
1990-1999	100	0.45256	0.36905	0.5	497	183	405	1013	2.04
1990-1999	101	0.48036	0.38733	0.5	314	122	253	608	1.94
1990-1999	102	0.50828	0.40528	0.5	192	78	153	355	1.85
1990-1999	103	0.53615	0.42281	0.5	114	48	90	201	1.76
1990-1999	104	0.56380	0.43981	0.5	66	29	51	111	1.69
1990-1999	105	0.59105	0.45623	0.5	37	17	29	60	1.62
1990-1999	106	0.61776	0.47198	0.5	20	9	15	31	1.56
1990-1999	107	0.64377	0.48701	0.5	11	5	8	16	1.50
1990-1999	108	0.66897	0.50129	0.5	5	3	4	8	1.46
1990-1999	109	0.69323	0.51479	0.5	3	1	2	4	1.42
1990-1999	110+	0.71646	1.00000	1.4	1	1	2	2	1.40
2000-2009	0	0.00717	0.00713	0.06	100000	713	99333	7623547	76.24
2000-2009	1	0.00050	0.00050	0.5	99287	50	99262	7524214	75.78
2000-2009	2	0.00031	0.00031	0.5	99238	30	99222	7424952	74.82
2000-2009	3	0.00020	0.00020	0.5	99207	20	99197	7325729	73.84
2000-2009	4	0.00015	0.00015	0.5	99187	15	99180	7226532	72.86
2000-2009	5	0.00015	0.00015	0.5	99173	15	99165	7127352	71.87
2000-2009	6	0.00017	0.00017	0.5	99158	17	99149	7028187	70.88
2000-2009	7	0.00017	0.00017	0.5	99141	17	99132	6929038	69.89
2000-2009	8	0.00016	0.00016	0.5	99124	16	99116	6829905	68.90
2000-2009	9	0.00015	0.00015	0.5	99108	15	99100	6730790	67.91
2000-2009	10	0.00012	0.00012	0.5	99092	12	99086	6631690	66.92
2000-2009	11	0.00016	0.00016	0.5	99080	16	99072	6532604	65.93
2000-2009	12	0.00016	0.00016	0.5	99064	16	99056	6433532	64.94
2000-2009	13	0.00024	0.00024	0.5	99048	24	99036	6334475	63.95
2000-2009	14	0.00027	0.00027	0.5	99025	27	99011	6235439	62.97
2000-2009	15	0.00042	0.00042	0.5	98998	42	98977	6136428	61.99
2000-2009	16	0.00062	0.00062	0.5	98956	61	98925	6037451	61.01
2000-2009	17	0.00087	0.00087	0.5	98895	86	98852	5938526	60.05
2000-2009	18	0.00108	0.00108	0.5	98809	107	98755	5839674	59.10
2000-2009	19	0.00110	0.00110	0.5	98702	108	98648	5740919	58.16
2000-2009	20	0.00114	0.00114	0.5	98594	112	98538	5642271	57.23
2000-2009	21	0.00141	0.00141	0.5	98482	139	98412	5543734	56.29
2000-2009	22	0.00125	0.00125	0.5	98342	123	98281	5445322	55.37
2000-2009	23	0.00129	0.00129	0.5	98219	127	98156	5347041	54.44
2000-2009	24	0.00129	0.00129	0.5	98092	127	98029	5248885	53.51
2000-2009	25	0.00134	0.00134	0.5	97966	131	97900	5150856	52.58
2000-2009	26	0.00116	0.00116	0.5	97835	113	97778	5052955	51.65
2000-2009	27	0.00117	0.00117	0.5	97722	114	97665	4955177	50.71
2000-2009	28	0.00107	0.00107	0.5	97608	105	97556	4857512	49.77
2000-2009	29	0.00115	0.00115	0.5	97503	113	97447	4759957	48.82
2000-2009	30	0.00104	0.00104	0.5	97391	102	97340	4662509	47.87
2000-2009	31	0.00131	0.00131	0.5	97289	128	97225	4565169	46.92
2000-2009	32	0.00119	0.00119	0.5	97162	116	97104	4467944	45.98
2000-2009	33	0.00123	0.00123	0.5	97046	119	96986	4370840	45.04
2000-2009	34	0.00117	0.00117	0.5	96927	113	96870	4273854	44.09
2000-2009	35	0.00139	0.00139	0.5	96814	134	96747	4176984	43.14
2000-2009	36	0.00143	0.00143	0.5	96680	138	96610	4080237	42.20
2000-2009	37	0.00157	0.00157	0.5	96541	152	96465	3983627	41.26
2000-2009	38	0.00168	0.00168	0.5	96389	162	96308	3887162	40.33
2000-2009	39	0.00181	0.00180	0.5	96227	174	96140	3790854	39.39
2000-2009	40	0.00195	0.00195	0.5	96053	187	95960	3694713	38.47
2000-2009	41	0.00212	0.00212	0.5	95866	203	95765	3598754	37.54
2000-2009	42	0.00232	0.00231	0.5	95663	221	95552	3502989	36.62
2000-2009	43	0.00246	0.00246	0.5	95442	235	95324	3407437	35.70
2000-2009	44	0.00266	0.00265	0.5	95207	253	95081	3312112	34.79
2000-2009	45	0.00298	0.00298	0.5	94954	283	94813	3217032	33.88
2000-2009	46	0.00314	0.00314	0.5	94672	297	94523	3122219	32.98
2000-2009	47	0.00357	0.00356	0.5	94375	336	94206	3027696	32.08
2000-2009	48	0.00379	0.00378	0.5	94038	356	93860	2933489	31.19
2000-2009	49	0.00400	0.00399	0.5	93682	374	93495	2839629	30.31
2000-2009	50	0.00452	0.00451	0.5	93308	421	93098	2746134	29.43
2000-2009	51	0.00474	0.00473	0.5	92888	439	92668	2653036	28.56
2000-2009	52	0.00505	0.00504	0.5	92448	466	92215	2560368	27.70
2000-2009	53	0.00555	0.00554	0.5	91982	509	91728	2468153	26.83
2000-2009	54	0.00580	0.00578	0.5	91473	529	91208	2376425	25.98
2000-2009	55	0.00671	0.00668	0.5	90944	608	90640	2285217	25.13
2000-2009	56	0.00708	0.00706	0.5	90336	638	90017	2194577	24.29
2000-2009	57	0.00796	0.00793	0.5	89699	711	89343	2104559	23.46
2000-2009	58	0.00844	0.00841	0.5	88987	748	88613	2015216	22.65
2000-2009	59	0.00900	0.00896	0.5	88239	790	87844	1926603	21.83
2000-2009	60	0.01021	0.01016	0.5	87449	888	87005	1838759	21.03
2000-2009	61	0.01064	0.01059	0.5	86561	916	86103	1751754	20.24
2000-2009	62	0.01236	0.01229	0.5	85644	1052	85118	1665651	19.45
2000-2009	63	0.01344	0.01335	0.5	84592	1130	84027	1580533	18.68
2000-2009	64	0.01487	0.01476	0.5	83462	1232	82846	1496506	17.93
2000-2009	65	0.01611	0.01598	0.5	82231	1314	81573	1413659	17.19
2000-2009	66	0.01750	0.01735	0.5	80916	1404	80214	1332086	16.46
2000-2009	67	0.01876	0.01859	0.5	79512	1478	78774	1251872	15.74
2000-2009	68	0.02131	0.02108	0.5	78035	1645	77212	1173098	15.03
2000-2009	69	0.02246	0.02221	0.5	76389	1696	75541	1095886	14.35
2000-2009	70	0.02548	0.02516	0.5	74693	1879	73753	1020345	13.66
2000-2009	71	0.02747	0.02710	0.5	72814	1973	71827	946591	13.00
2000-2009	72	0.03110	0.03063	0.5	70841	2170	69756	874764	12.35
2000-2009	73	0.03359	0.03303	0.5	68671	2268	67537	805008	11.72
2000-2009	74	0.03623	0.03559	0.5	66403	2363	65221	737471	11.11
2000-2009	75	0.04115	0.04032	0.5	64040	2582	62749	672250	10.50
2000-2009	76	0.04486	0.04388	0.5	61458	2697	60109	609502	9.92
2000-2009	77	0.05042	0.04918	0.5	58761	2890	57316	549392	9.35
2000-2009	78	0.05466	0.05320	0.5	55871	2973	54385	492076	8.81
2000-2009	79	0.06011	0.05835	0.5	52899	3087	51355	437691	8.27
2000-2009	80	0.06754	0.06533	0.5	49812	3254	48185	386336	7.76
2000-2009	81	0.07410	0.07145	0.5	46557	3327	44894	338151	7.26
2000-2009	82	0.08473	0.08129	0.5	43231	3514	41474	293257	6.78
2000-2009	83	0.09176	0.08773	0.5	39717	3485	37974	251783	6.34
2000-2009	84	0.10256	0.09755	0.5	36232	3535	34465	213809	5.90
2000-2009	85	0.11563	0.10931	0.5	32698	3574	30911	179344	5.48
2000-2009	86	0.13134	0.12325	0.5	29123	3589	27329	148433	5.10
2000-2009	87	0.14432	0.13461	0.5	25534	3437	23816	121104	4.74
2000-2009	88	0.16016	0.14829	0.5	22097	3277	20459	97289	4.40
2000-2009	89	0.17865	0.16400	0.5	18820	3087	17277	76830	4.08
2000-2009	90	0.19796	0.18013	0.5	15734	2834	14317	59553	3.79
2000-2009	91	0.22304	0.20066	0.5	12900	2588	11605	45236	3.51
2000-2009	92	0.24607	0.21911	0.5	10311	2259	9182	33631	3.26
2000-2009	93	0.27064	0.23838	0.5	8052	1919	7092	24449	3.04
2000-2009	94	0.29670	0.25837	0.5	6132	1584	5340	17357	2.83
2000-2009	95	0.32416	0.27895	0.5	4548	1269	3914	12017	2.64
2000-2009	96	0.35288	0.29996	0.5	3279	984	2788	8103	2.47
2000-2009	97	0.38271	0.32124	0.5	2296	737	1927	5316	2.32
2000-2009	98	0.41345	0.34262	0.5	1558	534	1291	3389	2.17
2000-2009	99	0.44488	0.36393	0.5	1024	373	838	2097	2.05
2000-2009	100	0.47675	0.38498	0.5	652	251	526	1259	1.93
2000-2009	101	0.50882	0.40562	0.5	401	163	319	733	1.83
2000-2009	102	0.54081	0.42570	0.5	238	101	187	414	1.74
2000-2009	103	0.57247	0.44507	0.5	137	61	106	226	1.65
2000-2009	104	0.60354	0.46363	0.5	76	35	58	120	1.58
2000-2009	105	0.63381	0.48129	0.5	41	20	31	62	1.51
2000-2009	106	0.66305	0.49796	0.5	21	11	16	31	1.46
2000-2009	107	0.69109	0.51362	0.5	11	5	8	15	1.41
2000-2009	108	0.71780	0.52822	0.5	5	3	4	7	1.36
2000-2009	109	0.74305	0.54177	0.5	2	1	2	3	1.33
2000-2009	110+	0.76678	1.00000	1.3	1	1	1	1	1.30
2010-2019	0	0.00646	0.00642	0.06	100000	642	99398	7715612	77.16
2010-2019	1	0.00033	0.00033	0.5	99358	33	99341	7616214	76.65
2010-2019	2	0.00025	0.00025	0.5	99325	25	99312	7516873	75.68
2010-2019	3	0.00019	0.00019	0.5	99299	19	99290	7417561	74.70
2010-2019	4	0.00018	0.00018	0.5	99280	17	99271	7318271	73.71
2010-2019	5	0.00012	0.00012	0.5	99263	12	99257	7219000	72.73
2010-2019	6	0.00014	0.00014	0.5	99251	14	99244	7119743	71.73
2010-2019	7	0.00012	0.00012	0.5	99237	12	99231	7020499	70.74
2010-2019	8	0.00012	0.00012	0.5	99225	11	99220	6921268	69.75
2010-2019	9	0.00012	0.00012	0.5	99214	12	99208	6822048	68.76
2010-2019	10	0.00017	0.00017	0.5	99202	17	99194	6722840	67.77
2010-2019	11	0.00012	0.00012	0.5	99186	12	99180	6623646	66.78
2010-2019	12	0.00014	0.00014	0.5	99174	14	99167	6524466	65.79
2010-2019	13	0.00015	0.00015	0.5	99159	15	99152	6425300	64.80
2010-2019	14	0.00027	0.00027	0.5	99144	27	99131	6326148	63.81
2010-2019	15	0.00034	0.00034	0.5	99117	34	99100	6227017	62.82
2010-2019	16	0.00043	0.00043	0.5	99084	43	99062	6127917	61.85
2010-2019	17	0.00054	0.00054	0.5	99041	54	99014	6028855	60.87
2010-2019	18	0.00079	0.00079	0.5	98987	78	98948	5929841	59.91
2010-2019	19	0.00091	0.00091	0.5	98909	90	98864	5830893	58.95
2010-2019	20	0.00091	0.00091	0.5	98819	90	98774	5732029	58.01
2010-2019	21	0.00118	0.00118	0.5	98728	117	98670	5633256	57.06
2010-2019	22	0.00117	0.00117	0.5	98612	116	98554	5534586	56.13
2010-2019	23	0.00125	0.00125	0.5	98496	123	98435	5436032	55.19
2010-2019	24	0.00133	0.00133	0.5	98373	131	98308	5337598	54.26
2010-2019	25	0.00135	0.00135	0.5	98242	132	98176	5239290	53.33
2010-2019	26	0.00145	0.00144	0.5	98110	142	98039	5141114	52.40
2010-2019	27	0.00148	0.00148	0.5	97968	145	97895	5043076	51.48
2010-2019	28	0.00148	0.00148	0.5	97823	145	97750	4945180	50.55
2010-2019	29	0.00152	0.00152	0.5	97678	149	97604	4847430	49.63
2010-2019	30	0.00156	0.00156	0.5	97529	152	97453	4749827	48.70
2010-2019	31	0.00150	0.00150	0.5	97377	146	97304	4652373	47.78
2010-2019	32	0.00144	0.00144	0.5	97231	140	97161	4555069	46.85
2010-2019	33	0.00163	0.00163	0.5	97091	158	97012	4457907	45.91
2010-2019	34	0.00163	0.00163	0.5	96933	158	96854	4360895	44.99
2010-2019	35	0.00170	0.00170	0.5	96775	164	96693	4264041	44.06
2010-2019	36	0.00168	0.00168	0.5	96611	162	96530	4167347	43.14
2010-2019	37	0.00175	0.00174	0.5	96449	168	96364	4070818	42.21
2010-2019	38	0.00193	0.00193	0.5	96280	186	96188	3974453	41.28
2010-2019	39	0.00193	0.00193	0.5	96095	186	96002	3878266	40.36
2010-2019	40	0.00193	0.00193	0.5	95909	185	95817	3782264	39.44
2010-2019	41	0.00200	0.00200	0.5	95724	191	95629	3686447	38.51
2010-2019	42	0.00215	0.00215	0.5	95533	205	95430	3590818	37.59
2010-2019	43	0.00236	0.00235	0.5	95328	224	95216	3495388	36.67
2010-2019	44	0.00256	0.00256	0.5	95103	243	94982	3400173	35.75
2010-2019	45	0.00269	0.00269	0.5	94860	255	94733	3305191	34.84
2010-2019	46	0.00307	0.00307	0.5	94605	290	94460	3210458	33.94
2010-2019	47	0.00330	0.00330	0.5	94315	311	94159	3115998	33.04
2010-2019	48	0.00342	0.00342	0.5	94004	321	93843	3021838	32.15
2010-2019	49	0.00385	0.00384	0.5	93683	360	93503	2927995	31.25
2010-2019	50	0.00425	0.00424	0.5	93323	396	93125	2834493	30.37
2010-2019	51	0.00462	0.00461	0.5	92927	428	92713	2741368	29.50
2010-2019	52	0.00532	0.00530	0.5	92498	491	92253	2648656	28.63
2010-2019	53	0.00558	0.00557	0.5	92008	512	91752	2556402	27.78
2010-2019	54	0.00589	0.00587	0.5	91496	537	91227	2464651	26.94
2010-2019	55	0.00672	0.00669	0.5	90959	609	90654	2373424	26.09
2010-2019	56	0.00697	0.00694	0.5	90350	627	90036	2282770	25.27
2010-2019	57	0.00760	0.00757	0.5	89722	679	89383	2192734	24.44
2010-2019	58	0.00825	0.00822	0.5	89043	732	88678	2103351	23.62
2010-2019	59	0.00901	0.00897	0.5	88312	792	87916	2014673	22.81
2010-2019	60	0.00960	0.00956	0.5	87520	836	87102	1926757	22.02
2010-2019	61	0.01006	0.01001	0.5	86684	868	86250	1839656	21.22
2010-2019	62	0.01126	0.01120	0.5	85816	961	85335	1753406	20.43
2010-2019	63	0.01258	0.01251	0.5	84855	1061	84324	1668071	19.66
2010-2019	64	0.01276	0.01268	0.5	83794	1062	83263	1583746	18.90
2010-2019	65	0.01387	0.01377	0.5	82731	1139	82162	1500484	18.14
2010-2019	66	0.01530	0.01519	0.5	81592	1239	80973	1418322	17.38
2010-2019	67	0.01607	0.01594	0.5	80353	1281	79713	1337349	16.64
2010-2019	68	0.01808	0.01792	0.5	79072	1417	78364	1257637	15.90
2010-2019	69	0.01978	0.01959	0.5	77656	1521	76895	1179273	15.19
2010-2019	70	0.02141	0.02119	0.5	76134	1613	75328	1102378	14.48
2010-2019	71	0.02389	0.02361	0.5	74521	1759	73642	1027050	13.78
2010-2019	72	0.02605	0.02571	0.5	72762	1871	71827	953408	13.10
2010-2019	73	0.02882	0.02841	0.5	70891	2014	69884	881582	12.44
2010-2019	74	0.03112	0.03064	0.5	68877	2111	67822	811698	11.78
2010-2019	75	0.03542	0.03480	0.5	66766	2324	65605	743876	11.14
2010-2019	76	0.03833	0.03761	0.5	64443	2424	63231	678271	10.53
2010-2019	77	0.04259	0.04171	0.5	62019	2587	60726	615040	9.92
2010-2019	78	0.04655	0.04549	0.5	59433	2704	58081	554314	9.33
2010-2019	79	0.05153	0.05023	0.5	56729	2850	55304	496233	8.75
2010-2019	80	0.06004	0.05829	0.5	53879	3141	52309	440929	8.18
2010-2019	81	0.06711	0.06493	0.5	50739	3295	49091	388620	7.66
2010-2019	82	0.07464	0.07196	0.5	47444	3414	45737	339529	7.16
2010-2019	83	0.08466	0.08122	0.5	44030	3576	42242	293792	6.67
2010-2019	84	0.09355	0.08937	0.5	40454	3616	38646	251550	6.22
2010-2019	85	0.10455	0.09935	0.5	36838	3660	35008	212904	5.78
2010-2019	86	0.11878	0.11212	0.5	33178	3720	31318	177896	5.36
2010-2019	87	0.13215	0.12396	0.5	29458	3652	27633	146578	4.98
2010-2019	88	0.14500	0.13520	0.5	25807	3489	24062	118945	4.61
2010-2019	89	0.16674	0.15391	0.5	22318	3435	20600	94883	4.25
2010-2019	90	0.18538	0.16965	0.5	18883	3204	17281	74283	3.93
2010-2019	91	0.21019	0.19020	0.5	15679	2982	14188	57001	3.64
2010-2019	92	0.23322	0.20886	0.5	12697	2652	11371	42813	3.37
2010-2019	93	0.25795	0.22848	0.5	10045	2295	8898	31442	3.13
2010-2019	94	0.28433	0.24894	0.5	7750	1929	6785	22544	2.91
2010-2019	95	0.31228	0.27010	0.5	5821	1572	5035	15759	2.71
2010-2019	96	0.34165	0.29181	0.5	4249	1240	3629	10725	2.52
2010-2019	97	0.37230	0.31387	0.5	3009	944	2537	7096	2.36
2010-2019	98	0.40401	0.33611	0.5	2064	694	1717	4559	2.21
2010-2019	99	0.43654	0.35833	0.5	1371	491	1125	2842	2.07
2010-2019	100	0.46963	0.38032	0.5	879	334	712	1717	1.95
2010-2019	101	0.50298	0.40191	0.5	545	219	435	1005	1.84
2010-2019	102	0.53631	0.42291	0.5	326	138	257	569	1.75
2010-2019	103	0.56932	0.44317	0.5	188	83	146	312	1.66
2010-2019	104	0.60172	0.46256	0.5	105	48	81	166	1.58
2010-2019	105	0.63326	0.48097	0.5	56	27	43	85	1.51
2010-2019	106	0.66369	0.49832	0.5	29	15	22	42	1.45
2010-2019	107	0.69282	0.51457	0.5	15	8	11	21	1.40
2010-2019	108	0.72050	0.52968	0.5	7	4	5	10	1.36
2010-2019	109	0.74659	0.54365	0.5	3	2	2	4	1.32
2010-2019	110+	0.77102	1.00000	1.3	2	2	2	2	1.30
2020-2022	0	0.00603	0.00600	0.06	100000	600	99437	7539401	75.39
2020-2022	1	0.00029	0.00029	0.5	99400	29	99386	7439964	74.85
2020-2022	2	0.00025	0.00025	0.5	99371	25	99359	7340579	73.87
2020-2022	3	0.00027	0.00027	0.5	99346	27	99333	7241220	72.89
2020-2022	4	0.00018	0.00018	0.5	99319	17	99311	7141888	71.91
2020-2022	5	0.00017	0.00017	0.5	99302	17	99293	7042577	70.92
2020-2022	6	0.00014	0.00014	0.5	99285	14	99278	6943284	69.93
2020-2022	7	0.00014	0.00014	0.5	99271	14	99264	6844006	68.94
2020-2022	8	0.00017	0.00017	0.5	99257	17	99248	6744742	67.95
2020-2022	9	0.00008	0.00008	0.5	99240	8	99236	6645493	66.96
2020-2022	10	0.00015	0.00015	0.5	99232	14	99225	6546258	65.97
2020-2022	11	0.00012	0.00012	0.5	99217	11	99212	6447033	64.98
2020-2022	12	0.00016	0.00016	0.5	99206	15	99198	6347821	63.99
2020-2022	13	0.00022	0.00022	0.5	99190	22	99180	6248623	63.00
2020-2022	14	0.00030	0.00030	0.5	99169	30	99154	6149444	62.01
2020-2022	15	0.00036	0.00036	0.5	99139	36	99121	6050290	61.03
2020-2022	16	0.00064	0.00064	0.5	99103	63	99072	5951168	60.05
2020-2022	17	0.00075	0.00075	0.5	99040	74	99003	5852097	59.09
2020-2022	18	0.00092	0.00092	0.5	98966	91	98920	5753094	58.13
2020-2022	19	0.00101	0.00101	0.5	98875	100	98825	5654174	57.19
2020-2022	20	0.00101	0.00101	0.5	98775	99	98725	5555349	56.24
2020-2022	21	0.00121	0.00121	0.5	98675	119	98616	5456624	55.30
2020-2022	22	0.00126	0.00126	0.5	98556	124	98494	5358008	54.37
2020-2022	23	0.00143	0.00143	0.5	98432	141	98361	5259514	53.43
2020-2022	24	0.00156	0.00156	0.5	98291	153	98214	5161153	52.51
2020-2022	25	0.00160	0.00160	0.5	98137	157	98059	5062939	51.59
2020-2022	26	0.00182	0.00181	0.5	97980	178	97891	4964881	50.67
2020-2022	27	0.00186	0.00186	0.5	97802	182	97711	4866989	49.76
2020-2022	28	0.00204	0.00203	0.5	97620	199	97521	4769278	48.86
2020-2022	29	0.00206	0.00206	0.5	97422	201	97321	4671757	47.95
2020-2022	30	0.00208	0.00208	0.5	97221	202	97120	4574435	47.05
2020-2022	31	0.00250	0.00250	0.5	97019	242	96898	4477315	46.15
2020-2022	32	0.00254	0.00254	0.5	96776	246	96654	4380418	45.26
2020-2022	33	0.00262	0.00261	0.5	96531	252	96405	4283764	44.38
2020-2022	34	0.00281	0.00280	0.5	96278	270	96144	4187359	43.49
2020-2022	35	0.00277	0.00277	0.5	96009	266	95876	4091216	42.61
2020-2022	36	0.00295	0.00295	0.5	95743	282	95602	3995340	41.73
2020-2022	37	0.00282	0.00282	0.5	95461	269	95326	3899738	40.85
2020-2022	38	0.00271	0.00270	0.5	95192	257	95063	3804412	39.97
2020-2022	39	0.00268	0.00267	0.5	94935	254	94808	3709348	39.07
2020-2022	40	0.00277	0.00276	0.5	94681	262	94550	3614540	38.18
2020-2022	41	0.00320	0.00319	0.5	94419	301	94269	3519990	37.28
2020-2022	42	0.00311	0.00310	0.5	94118	292	93972	3425721	36.40
2020-2022	43	0.00331	0.00331	0.5	93826	310	93671	3331749	35.51
2020-2022	44	0.00331	0.00330	0.5	93516	309	93361	3238078	34.63
2020-2022	45	0.00367	0.00366	0.5	93207	341	93036	3144717	33.74
2020-2022	46	0.00415	0.00414	0.5	92865	385	92673	3051681	32.86
2020-2022	47	0.00400	0.00399	0.5	92481	369	92296	2959008	32.00
2020-2022	48	0.00446	0.00445	0.5	92112	410	91907	2866712	31.12
2020-2022	49	0.00463	0.00462	0.5	91702	424	91490	2774804	30.26
2020-2022	50	0.00540	0.00539	0.5	91279	492	91033	2683314	29.40
2020-2022	51	0.00588	0.00586	0.5	90787	532	90521	2592281	28.55
2020-2022	52	0.00610	0.00608	0.5	90255	549	89980	2501761	27.72
2020-2022	53	0.00679	0.00676	0.5	89706	607	89403	2411780	26.89
2020-2022	54	0.00650	0.00648	0.5	89099	577	88811	2322378	26.07
2020-2022	55	0.00739	0.00737	0.5	88522	652	88196	2233567	25.23
2020-2022	56	0.00821	0.00818	0.5	87870	718	87511	2145370	24.42
2020-2022	57	0.00823	0.00820	0.5	87152	715	86795	2057859	23.61
2020-2022	58	0.00963	0.00958	0.5	86437	828	86023	1971065	22.80
2020-2022	59	0.01016	0.01010	0.5	85609	865	85177	1885042	22.02
2020-2022	60	0.01149	0.01143	0.5	84744	968	84260	1799865	21.24
2020-2022	61	0.01203	0.01196	0.5	83776	1002	83275	1715605	20.48
2020-2022	62	0.01283	0.01275	0.5	82774	1055	82247	1632330	19.72
2020-2022	63	0.01386	0.01376	0.5	81719	1124	81157	1550084	18.97
2020-2022	64	0.01485	0.01474	0.5	80595	1188	80000	1468927	18.23
2020-2022	65	0.01575	0.01563	0.5	79406	1241	78786	1388926	17.49
2020-2022	66	0.01718	0.01703	0.5	78165	1331	77500	1310141	16.76
2020-2022	67	0.01913	0.01894	0.5	76834	1456	76106	1232641	16.04
2020-2022	68	0.01953	0.01935	0.5	75378	1458	74649	1156535	15.34
2020-2022	69	0.02110	0.02088	0.5	73920	1543	73148	1081886	14.64
2020-2022	70	0.02306	0.02280	0.5	72377	1650	71552	1008738	13.94
2020-2022	71	0.02502	0.02471	0.5	70727	1747	69853	937186	13.25
2020-2022	72	0.02708	0.02672	0.5	68979	1843	68058	867333	12.57
2020-2022	73	0.03131	0.03083	0.5	67136	2069	66101	799275	11.91
2020-2022	74	0.03428	0.03370	0.5	65067	2193	63970	733174	11.27
2020-2022	75	0.03597	0.03533	0.5	62874	2222	61763	669204	10.64
2020-2022	76	0.04036	0.03957	0.5	60652	2400	59452	607441	10.02
2020-2022	77	0.04582	0.04480	0.5	58253	2609	56948	547988	9.41
2020-2022	78	0.05228	0.05095	0.5	55643	2835	54226	491040	8.82
2020-2022	79	0.05809	0.05645	0.5	52808	2981	51317	436815	8.27
2020-2022	80	0.06584	0.06374	0.5	49827	3176	48239	385498	7.74
2020-2022	81	0.07024	0.06786	0.5	46651	3166	45068	337259	7.23
2020-2022	82	0.07821	0.07527	0.5	43485	3273	41849	292191	6.72
2020-2022	83	0.09133	0.08734	0.5	40212	3512	38456	250342	6.23
2020-2022	84	0.10354	0.09844	0.5	36700	3613	34894	211886	5.77
2020-2022	85	0.12331	0.11615	0.5	33087	3843	31166	176992	5.35
2020-2022	86	0.12962	0.12173	0.5	29244	3560	27464	145827	4.99
2020-2022	87	0.14716	0.13708	0.5	25684	3521	23924	118362	4.61
2020-2022	88	0.15938	0.14761	0.5	22164	3272	20528	94438	4.26
2020-2022	89	0.18666	0.17073	0.5	18892	3225	17279	73911	3.91
2020-2022	90	0.20797	0.18838	0.5	15667	2951	14191	56631	3.61
2020-2022	91	0.23439	0.20980	0.5	12715	2668	11381	42440	3.34
2020-2022	92	0.26025	0.23028	0.5	10048	2314	8891	31059	3.09
2020-2022	93	0.28788	0.25166	0.5	7734	1946	6761	22168	2.87
2020-2022	94	0.31719	0.27377	0.5	5788	1584	4995	15408	2.66
2020-2022	95	0.34803	0.29644	0.5	4203	1246	3580	10412	2.48
2020-2022	96	0.38020	0.31947	0.5	2957	945	2485	6832	2.31
2020-2022	97	0.41345	0.34262	0.5	2012	689	1668	4347	2.16
2020-2022	98	0.44751	0.36569	0.5	1323	484	1081	2680	2.03
2020-2022	99	0.48207	0.38844	0.5	839	326	676	1599	1.91
2020-2022	100	0.51681	0.41068	0.5	513	211	408	923	1.80
2020-2022	101	0.55138	0.43222	0.5	302	131	237	515	1.70
2020-2022	102	0.58546	0.45289	0.5	172	78	133	278	1.62
2020-2022	103	0.61875	0.47255	0.5	94	44	72	145	1.54
2020-2022	104	0.65095	0.49111	0.5	50	24	37	73	1.48
2020-2022	105	0.68183	0.50848	0.5	25	13	19	36	1.42
2020-2022	106	0.71120	0.52464	0.5	12	7	9	17	1.37
2020-2022	107	0.73889	0.53955	0.5	6	3	4	8	1.32
2020-2022	108	0.76480	0.55324	0.5	3	2	2	3	1.28
2020-2022	109	0.78888	0.56573	0.5	1	1	1	2	1.25
2020-2022	110+	0.81110	1.00000	1.23	1	1	1	1	1.23
