WA: WA, Lifetables (period 1x10), Females Last modified: February 4 2025, MPv5 (May07) 

Year     	Age	mx	qx	ax	lx	dx	Lx	Tx	ex
1941-1949	0	0.02761	0.02696	0.13	100000	2696	97655	7046750	70.47
1941-1949	1	0.00233	0.00233	0.5	97304	227	97190	6949094	71.42
1941-1949	2	0.00161	0.00161	0.5	97077	156	96999	6851904	70.58
1941-1949	3	0.00128	0.00128	0.5	96921	124	96859	6754905	69.70
1941-1949	4	0.00119	0.00119	0.5	96797	115	96739	6658046	68.78
1941-1949	5	0.00100	0.00100	0.5	96681	96	96633	6561307	67.87
1941-1949	6	0.00080	0.00080	0.5	96585	77	96547	6464674	66.93
1941-1949	7	0.00065	0.00065	0.5	96508	63	96477	6368127	65.99
1941-1949	8	0.00055	0.00055	0.5	96445	53	96419	6271650	65.03
1941-1949	9	0.00052	0.00052	0.5	96392	50	96367	6175232	64.06
1941-1949	10	0.00054	0.00054	0.5	96342	52	96316	6078864	63.10
1941-1949	11	0.00058	0.00058	0.5	96290	56	96262	5982548	62.13
1941-1949	12	0.00063	0.00063	0.5	96234	61	96203	5886286	61.17
1941-1949	13	0.00069	0.00069	0.5	96173	66	96140	5790083	60.20
1941-1949	14	0.00074	0.00074	0.5	96107	71	96071	5693943	59.25
1941-1949	15	0.00080	0.00080	0.5	96036	77	95997	5597871	58.29
1941-1949	16	0.00087	0.00086	0.5	95959	83	95917	5501874	57.34
1941-1949	17	0.00093	0.00093	0.5	95876	90	95831	5405957	56.38
1941-1949	18	0.00101	0.00101	0.5	95786	97	95738	5310126	55.44
1941-1949	19	0.00109	0.00109	0.5	95690	104	95638	5214388	54.49
1941-1949	20	0.00117	0.00117	0.5	95586	112	95530	5118750	53.55
1941-1949	21	0.00124	0.00124	0.5	95474	118	95414	5023220	52.61
1941-1949	22	0.00129	0.00129	0.5	95355	123	95293	4927806	51.68
1941-1949	23	0.00133	0.00133	0.5	95232	127	95168	4832513	50.74
1941-1949	24	0.00136	0.00136	0.5	95105	129	95040	4737345	49.81
1941-1949	25	0.00139	0.00138	0.5	94975	131	94910	4642305	48.88
1941-1949	26	0.00142	0.00142	0.5	94844	134	94777	4547395	47.95
1941-1949	27	0.00147	0.00147	0.5	94709	139	94640	4452618	47.01
1941-1949	28	0.00154	0.00154	0.5	94570	145	94498	4357979	46.08
1941-1949	29	0.00163	0.00162	0.5	94425	153	94349	4263481	45.15
1941-1949	30	0.00172	0.00172	0.5	94272	162	94191	4169132	44.22
1941-1949	31	0.00182	0.00182	0.5	94109	171	94024	4074941	43.30
1941-1949	32	0.00192	0.00192	0.5	93938	180	93848	3980917	42.38
1941-1949	33	0.00202	0.00202	0.5	93758	189	93664	3887069	41.46
1941-1949	34	0.00212	0.00212	0.5	93569	198	93470	3793405	40.54
1941-1949	35	0.00224	0.00224	0.5	93371	209	93267	3699935	39.63
1941-1949	36	0.00237	0.00237	0.5	93163	221	93052	3606668	38.71
1941-1949	37	0.00252	0.00252	0.5	92942	234	92825	3513615	37.80
1941-1949	38	0.00269	0.00269	0.5	92708	249	92583	3420790	36.90
1941-1949	39	0.00290	0.00289	0.5	92459	267	92325	3328207	36.00
1941-1949	40	0.00311	0.00310	0.5	92191	286	92048	3235882	35.10
1941-1949	41	0.00332	0.00331	0.5	91905	304	91753	3143834	34.21
1941-1949	42	0.00358	0.00358	0.5	91601	328	91437	3052081	33.32
1941-1949	43	0.00389	0.00388	0.5	91273	354	91096	2960644	32.44
1941-1949	44	0.00419	0.00418	0.5	90918	380	90728	2869549	31.56
1941-1949	45	0.00454	0.00453	0.5	90538	410	90333	2778820	30.69
1941-1949	46	0.00489	0.00488	0.5	90128	440	89909	2688487	29.83
1941-1949	47	0.00524	0.00523	0.5	89689	469	89454	2598579	28.97
1941-1949	48	0.00563	0.00561	0.5	89220	500	88969	2509125	28.12
1941-1949	49	0.00605	0.00603	0.5	88719	535	88451	2420155	27.28
1941-1949	50	0.00655	0.00653	0.5	88184	575	87896	2331704	26.44
1941-1949	51	0.00700	0.00698	0.5	87608	611	87303	2243808	25.61
1941-1949	52	0.00750	0.00747	0.5	86997	650	86672	2156505	24.79
1941-1949	53	0.00809	0.00805	0.5	86347	695	86000	2069833	23.97
1941-1949	54	0.00872	0.00868	0.5	85652	743	85280	1983833	23.16
1941-1949	55	0.00941	0.00937	0.5	84909	795	84511	1898553	22.36
1941-1949	56	0.01011	0.01006	0.5	84113	846	83690	1814042	21.57
1941-1949	57	0.01087	0.01081	0.5	83267	900	82817	1730351	20.78
1941-1949	58	0.01174	0.01167	0.5	82367	961	81886	1647534	20.00
1941-1949	59	0.01265	0.01257	0.5	81406	1023	80894	1565648	19.23
1941-1949	60	0.01366	0.01357	0.5	80382	1090	79837	1484754	18.47
1941-1949	61	0.01473	0.01462	0.5	79292	1160	78712	1404917	17.72
1941-1949	62	0.01601	0.01588	0.5	78132	1241	77512	1326205	16.97
1941-1949	63	0.01758	0.01743	0.5	76892	1340	76221	1248693	16.24
1941-1949	64	0.01937	0.01918	0.5	75551	1449	74827	1172471	15.52
1941-1949	65	0.02163	0.02140	0.5	74102	1585	73310	1097644	14.81
1941-1949	66	0.02414	0.02385	0.5	72517	1729	71652	1024335	14.13
1941-1949	67	0.02679	0.02644	0.5	70787	1872	69852	952682	13.46
1941-1949	68	0.02982	0.02938	0.5	68916	2025	67903	882831	12.81
1941-1949	69	0.03306	0.03252	0.5	66891	2175	65803	814927	12.18
1941-1949	70	0.03676	0.03610	0.5	64716	2336	63547	749124	11.58
1941-1949	71	0.04049	0.03969	0.5	62379	2476	61141	685577	10.99
1941-1949	72	0.04472	0.04374	0.5	59904	2620	58594	624435	10.42
1941-1949	73	0.04994	0.04872	0.5	57283	2791	55888	565842	9.88
1941-1949	74	0.05526	0.05377	0.5	54492	2930	53027	509954	9.36
1941-1949	75	0.06114	0.05933	0.5	51562	3059	50033	456926	8.86
1941-1949	76	0.06750	0.06530	0.5	48503	3167	46920	406894	8.39
1941-1949	77	0.07399	0.07135	0.5	45336	3235	43719	359974	7.94
1941-1949	78	0.08124	0.07807	0.5	42101	3287	40458	316255	7.51
1941-1949	79	0.08881	0.08503	0.5	38814	3301	37164	275798	7.11
1941-1949	80	0.09163	0.08761	0.5	35514	3112	33958	238634	6.72
1941-1949	81	0.10098	0.09612	0.5	32402	3115	30845	204675	6.32
1941-1949	82	0.11122	0.10536	0.5	29288	3086	27745	173830	5.94
1941-1949	83	0.12244	0.11537	0.5	26202	3023	24690	146086	5.58
1941-1949	84	0.13449	0.12602	0.5	23179	2921	21718	121395	5.24
1941-1949	85	0.14735	0.13724	0.5	20258	2780	18868	99677	4.92
1941-1949	86	0.16027	0.14838	0.5	17478	2593	16181	80809	4.62
1941-1949	87	0.17485	0.16079	0.5	14884	2393	13688	64628	4.34
1941-1949	88	0.19046	0.17390	0.5	12491	2172	11405	50940	4.08
1941-1949	89	0.20711	0.18767	0.5	10319	1937	9351	39535	3.83
1941-1949	90	0.22481	0.20209	0.5	8382	1694	7535	30184	3.60
1941-1949	91	0.24356	0.21712	0.5	6688	1452	5962	22649	3.39
1941-1949	92	0.26334	0.23270	0.5	5236	1218	4627	16687	3.19
1941-1949	93	0.28413	0.24879	0.5	4018	1000	3518	12060	3.00
1941-1949	94	0.30588	0.26530	0.5	3018	801	2618	8542	2.83
1941-1949	95	0.32852	0.28217	0.5	2217	626	1905	5924	2.67
1941-1949	96	0.35200	0.29932	0.5	1592	476	1354	4019	2.53
1941-1949	97	0.37621	0.31665	0.5	1115	353	939	2666	2.39
1941-1949	98	0.40105	0.33406	0.5	762	255	635	1727	2.27
1941-1949	99	0.42642	0.35148	0.5	508	178	418	1092	2.15
1941-1949	100	0.45218	0.36880	0.5	329	121	268	674	2.05
1941-1949	101	0.47819	0.38592	0.5	208	80	168	406	1.95
1941-1949	102	0.50433	0.40276	0.5	128	51	102	238	1.86
1941-1949	103	0.53044	0.41925	0.5	76	32	60	136	1.78
1941-1949	104	0.55638	0.43529	0.5	44	19	35	76	1.71
1941-1949	105	0.58203	0.45083	0.5	25	11	19	41	1.65
1941-1949	106	0.60723	0.46581	0.5	14	6	11	22	1.59
1941-1949	107	0.63188	0.48017	0.5	7	4	6	11	1.53
1941-1949	108	0.65586	0.49389	0.5	4	2	3	6	1.49
1941-1949	109	0.67907	0.50694	0.5	2	1	1	3	1.45
1941-1949	110+	0.70142	1.00000	1.43	1	1	1	1	1.43
1950-1959	0	0.02139	0.02099	0.11	100000	2099	98138	7391671	73.92
1950-1959	1	0.00158	0.00158	0.5	97901	155	97823	7293534	74.50
1950-1959	2	0.00097	0.00097	0.5	97746	95	97698	7195711	73.62
1950-1959	3	0.00086	0.00086	0.5	97651	84	97609	7098013	72.69
1950-1959	4	0.00061	0.00061	0.5	97567	60	97537	7000404	71.75
1950-1959	5	0.00049	0.00049	0.5	97507	48	97483	6902867	70.79
1950-1959	6	0.00047	0.00047	0.5	97459	46	97436	6805385	69.83
1950-1959	7	0.00040	0.00040	0.5	97413	38	97394	6707948	68.86
1950-1959	8	0.00038	0.00038	0.5	97375	37	97357	6610554	67.89
1950-1959	9	0.00036	0.00036	0.5	97338	35	97321	6513197	66.91
1950-1959	10	0.00034	0.00034	0.5	97303	33	97287	6415877	65.94
1950-1959	11	0.00031	0.00031	0.5	97270	30	97255	6318590	64.96
1950-1959	12	0.00033	0.00033	0.5	97240	32	97224	6221335	63.98
1950-1959	13	0.00035	0.00035	0.5	97208	34	97191	6124110	63.00
1950-1959	14	0.00037	0.00037	0.5	97174	36	97156	6026919	62.02
1950-1959	15	0.00046	0.00046	0.5	97138	45	97115	5929764	61.05
1950-1959	16	0.00053	0.00053	0.5	97093	51	97067	5832649	60.07
1950-1959	17	0.00056	0.00056	0.5	97041	54	97014	5735582	59.10
1950-1959	18	0.00060	0.00060	0.5	96987	58	96958	5638568	58.14
1950-1959	19	0.00065	0.00065	0.5	96929	63	96898	5541610	57.17
1950-1959	20	0.00071	0.00071	0.5	96866	69	96832	5444712	56.21
1950-1959	21	0.00072	0.00072	0.5	96797	70	96762	5347880	55.25
1950-1959	22	0.00074	0.00074	0.5	96728	71	96692	5251118	54.29
1950-1959	23	0.00074	0.00074	0.5	96656	72	96621	5154426	53.33
1950-1959	24	0.00080	0.00080	0.5	96585	77	96546	5057805	52.37
1950-1959	25	0.00084	0.00083	0.5	96508	81	96467	4961259	51.41
1950-1959	26	0.00085	0.00085	0.5	96427	82	96386	4864792	50.45
1950-1959	27	0.00088	0.00088	0.5	96345	84	96303	4768405	49.49
1950-1959	28	0.00090	0.00090	0.5	96261	87	96218	4672102	48.54
1950-1959	29	0.00093	0.00093	0.5	96174	89	96130	4575885	47.58
1950-1959	30	0.00095	0.00095	0.5	96085	91	96039	4479755	46.62
1950-1959	31	0.00099	0.00099	0.5	95994	95	95946	4383716	45.67
1950-1959	32	0.00106	0.00106	0.5	95899	101	95848	4287769	44.71
1950-1959	33	0.00113	0.00113	0.5	95798	108	95743	4191921	43.76
1950-1959	34	0.00123	0.00123	0.5	95689	118	95630	4096178	42.81
1950-1959	35	0.00140	0.00140	0.5	95571	134	95505	4000548	41.86
1950-1959	36	0.00150	0.00150	0.5	95438	143	95366	3905043	40.92
1950-1959	37	0.00165	0.00165	0.5	95294	157	95216	3809677	39.98
1950-1959	38	0.00178	0.00178	0.5	95137	169	95053	3714461	39.04
1950-1959	39	0.00195	0.00195	0.5	94968	185	94876	3619408	38.11
1950-1959	40	0.00217	0.00216	0.5	94783	205	94680	3524533	37.19
1950-1959	41	0.00233	0.00233	0.5	94578	220	94468	3429852	36.26
1950-1959	42	0.00253	0.00253	0.5	94358	238	94239	3335384	35.35
1950-1959	43	0.00276	0.00275	0.5	94119	259	93990	3241146	34.44
1950-1959	44	0.00308	0.00307	0.5	93860	289	93716	3147156	33.53
1950-1959	45	0.00342	0.00342	0.5	93572	320	93412	3053440	32.63
1950-1959	46	0.00369	0.00368	0.5	93252	343	93080	2960028	31.74
1950-1959	47	0.00404	0.00404	0.5	92909	375	92721	2866948	30.86
1950-1959	48	0.00445	0.00444	0.5	92534	411	92328	2774227	29.98
1950-1959	49	0.00474	0.00473	0.5	92123	435	91905	2681898	29.11
1950-1959	50	0.00499	0.00498	0.5	91687	456	91459	2589993	28.25
1950-1959	51	0.00550	0.00548	0.5	91231	500	90981	2498534	27.39
1950-1959	52	0.00596	0.00594	0.5	90731	539	90461	2407554	26.54
1950-1959	53	0.00621	0.00619	0.5	90192	558	89912	2317092	25.69
1950-1959	54	0.00676	0.00673	0.5	89633	604	89332	2227180	24.85
1950-1959	55	0.00731	0.00728	0.5	89030	648	88706	2137848	24.01
1950-1959	56	0.00779	0.00776	0.5	88381	686	88038	2049143	23.19
1950-1959	57	0.00847	0.00844	0.5	87695	740	87325	1961104	22.36
1950-1959	58	0.00918	0.00914	0.5	86955	795	86558	1873779	21.55
1950-1959	59	0.00994	0.00989	0.5	86161	852	85735	1787221	20.74
1950-1959	60	0.01090	0.01084	0.5	85309	925	84846	1701486	19.94
1950-1959	61	0.01193	0.01186	0.5	84384	1001	83884	1616639	19.16
1950-1959	62	0.01317	0.01309	0.5	83383	1091	82838	1532756	18.38
1950-1959	63	0.01461	0.01450	0.5	82292	1193	81695	1449918	17.62
1950-1959	64	0.01619	0.01606	0.5	81099	1303	80447	1368222	16.87
1950-1959	65	0.01746	0.01731	0.5	79796	1382	79105	1287775	16.14
1950-1959	66	0.01909	0.01891	0.5	78414	1483	77673	1208670	15.41
1950-1959	67	0.02162	0.02139	0.5	76932	1645	76109	1130997	14.70
1950-1959	68	0.02383	0.02355	0.5	75286	1773	74400	1054887	14.01
1950-1959	69	0.02653	0.02618	0.5	73514	1925	72551	980487	13.34
1950-1959	70	0.02932	0.02889	0.5	71589	2068	70555	907936	12.68
1950-1959	71	0.03263	0.03210	0.5	69521	2232	68405	837381	12.05
1950-1959	72	0.03627	0.03563	0.5	67289	2397	66090	768976	11.43
1950-1959	73	0.04014	0.03935	0.5	64892	2554	63615	702886	10.83
1950-1959	74	0.04440	0.04343	0.5	62338	2707	60984	639271	10.25
1950-1959	75	0.04893	0.04776	0.5	59630	2848	58207	578287	9.70
1950-1959	76	0.05384	0.05243	0.5	56783	2977	55294	520080	9.16
1950-1959	77	0.05944	0.05772	0.5	53805	3106	52253	464786	8.64
1950-1959	78	0.06637	0.06424	0.5	50700	3257	49071	412534	8.14
1950-1959	79	0.07360	0.07099	0.5	47443	3368	45759	363463	7.66
1950-1959	80	0.07936	0.07633	0.5	44075	3364	42393	317704	7.21
1950-1959	81	0.08810	0.08439	0.5	40711	3435	38993	275311	6.76
1950-1959	82	0.09790	0.09333	0.5	37275	3479	35536	236318	6.34
1950-1959	83	0.11088	0.10506	0.5	33796	3551	32021	200783	5.94
1950-1959	84	0.12073	0.11386	0.5	30246	3444	28524	168762	5.58
1950-1959	85	0.13533	0.12675	0.5	26802	3397	25103	140238	5.23
1950-1959	86	0.14575	0.13585	0.5	23405	3179	21815	115135	4.92
1950-1959	87	0.15886	0.14717	0.5	20225	2977	18737	93320	4.61
1950-1959	88	0.17397	0.16005	0.5	17249	2761	15868	74583	4.32
1950-1959	89	0.19020	0.17368	0.5	14488	2516	13230	58714	4.05
1950-1959	90	0.20756	0.18804	0.5	11972	2251	10846	45485	3.80
1950-1959	91	0.22606	0.20310	0.5	9720	1974	8733	34639	3.56
1950-1959	92	0.24570	0.21882	0.5	7746	1695	6899	25905	3.34
1950-1959	93	0.26646	0.23513	0.5	6051	1423	5340	19007	3.14
1950-1959	94	0.28830	0.25197	0.5	4628	1166	4045	13667	2.95
1950-1959	95	0.31117	0.26927	0.5	3462	932	2996	9621	2.78
1950-1959	96	0.33500	0.28694	0.5	2530	726	2167	6625	2.62
1950-1959	97	0.35970	0.30487	0.5	1804	550	1529	4458	2.47
1950-1959	98	0.38517	0.32297	0.5	1254	405	1051	2930	2.34
1950-1959	99	0.41129	0.34114	0.5	849	290	704	1878	2.21
1950-1959	100	0.43791	0.35925	0.5	559	201	459	1174	2.10
1950-1959	101	0.46490	0.37722	0.5	358	135	291	715	1.99
1950-1959	102	0.49209	0.39492	0.5	223	88	179	424	1.90
1950-1959	103	0.51934	0.41228	0.5	135	56	107	245	1.81
1950-1959	104	0.54646	0.42919	0.5	79	34	62	138	1.74
1950-1959	105	0.57332	0.44559	0.5	45	20	35	75	1.67
1950-1959	106	0.59975	0.46139	0.5	25	12	19	40	1.60
1950-1959	107	0.62561	0.47654	0.5	14	6	10	21	1.54
1950-1959	108	0.65077	0.49100	0.5	7	3	5	11	1.50
1950-1959	109	0.67512	0.50474	0.5	4	2	3	5	1.46
1950-1959	110+	0.69856	1.00000	1.43	2	2	3	3	1.43
1960-1969	0	0.01833	0.01803	0.1	100000	1803	98385	7527212	75.27
1960-1969	1	0.00116	0.00116	0.5	98197	114	98140	7428827	75.65
1960-1969	2	0.00076	0.00076	0.5	98083	75	98045	7330688	74.74
1960-1969	3	0.00059	0.00059	0.5	98008	58	97979	7232642	73.80
1960-1969	4	0.00055	0.00055	0.5	97951	54	97924	7134663	72.84
1960-1969	5	0.00045	0.00045	0.5	97897	44	97875	7036739	71.88
1960-1969	6	0.00037	0.00037	0.5	97853	36	97835	6938864	70.91
1960-1969	7	0.00032	0.00032	0.5	97817	31	97801	6841029	69.94
1960-1969	8	0.00032	0.00032	0.5	97786	31	97770	6743228	68.96
1960-1969	9	0.00023	0.00023	0.5	97755	23	97743	6645458	67.98
1960-1969	10	0.00025	0.00025	0.5	97732	25	97719	6547715	67.00
1960-1969	11	0.00030	0.00030	0.5	97707	29	97693	6449995	66.01
1960-1969	12	0.00025	0.00025	0.5	97678	24	97666	6352303	65.03
1960-1969	13	0.00036	0.00036	0.5	97654	35	97636	6254637	64.05
1960-1969	14	0.00034	0.00034	0.5	97619	33	97602	6157000	63.07
1960-1969	15	0.00036	0.00036	0.5	97586	35	97568	6059398	62.09
1960-1969	16	0.00037	0.00037	0.5	97551	36	97533	5961830	61.12
1960-1969	17	0.00056	0.00056	0.5	97514	55	97487	5864297	60.14
1960-1969	18	0.00053	0.00053	0.5	97459	52	97433	5766810	59.17
1960-1969	19	0.00067	0.00067	0.5	97407	65	97375	5669377	58.20
1960-1969	20	0.00058	0.00058	0.5	97342	56	97314	5572002	57.24
1960-1969	21	0.00068	0.00068	0.5	97286	66	97253	5474688	56.27
1960-1969	22	0.00062	0.00062	0.5	97220	60	97190	5377435	55.31
1960-1969	23	0.00072	0.00072	0.5	97160	70	97124	5280245	54.35
1960-1969	24	0.00064	0.00064	0.5	97089	62	97058	5183121	53.39
1960-1969	25	0.00069	0.00069	0.5	97027	67	96994	5086063	52.42
1960-1969	26	0.00077	0.00077	0.5	96960	75	96922	4989069	51.45
1960-1969	27	0.00080	0.00080	0.5	96885	78	96846	4892146	50.49
1960-1969	28	0.00071	0.00071	0.5	96807	69	96773	4795300	49.53
1960-1969	29	0.00085	0.00085	0.5	96739	82	96698	4698527	48.57
1960-1969	30	0.00083	0.00083	0.5	96656	81	96616	4601830	47.61
1960-1969	31	0.00095	0.00095	0.5	96576	92	96530	4505213	46.65
1960-1969	32	0.00105	0.00105	0.5	96484	101	96434	4408683	45.69
1960-1969	33	0.00112	0.00112	0.5	96383	108	96329	4312250	44.74
1960-1969	34	0.00132	0.00132	0.5	96275	127	96211	4215921	43.79
1960-1969	35	0.00134	0.00133	0.5	96147	128	96083	4119710	42.85
1960-1969	36	0.00141	0.00141	0.5	96019	135	95951	4023626	41.90
1960-1969	37	0.00152	0.00152	0.5	95884	146	95811	3927675	40.96
1960-1969	38	0.00161	0.00161	0.5	95738	154	95661	3831864	40.02
1960-1969	39	0.00202	0.00202	0.5	95584	193	95487	3736203	39.09
1960-1969	40	0.00208	0.00207	0.5	95391	198	95292	3640716	38.17
1960-1969	41	0.00215	0.00215	0.5	95193	204	95091	3545424	37.24
1960-1969	42	0.00220	0.00219	0.5	94989	208	94885	3450333	36.32
1960-1969	43	0.00270	0.00270	0.5	94780	256	94653	3355448	35.40
1960-1969	44	0.00256	0.00256	0.5	94525	242	94404	3260796	34.50
1960-1969	45	0.00318	0.00318	0.5	94283	300	94133	3166392	33.58
1960-1969	46	0.00322	0.00321	0.5	93983	302	93832	3072258	32.69
1960-1969	47	0.00342	0.00342	0.5	93682	320	93522	2978426	31.79
1960-1969	48	0.00397	0.00396	0.5	93361	370	93176	2884904	30.90
1960-1969	49	0.00438	0.00437	0.5	92991	406	92788	2791728	30.02
1960-1969	50	0.00497	0.00496	0.5	92585	459	92356	2698940	29.15
1960-1969	51	0.00492	0.00491	0.5	92126	452	91900	2606584	28.29
1960-1969	52	0.00562	0.00561	0.5	91673	514	91416	2514684	27.43
1960-1969	53	0.00612	0.00610	0.5	91159	556	90881	2423268	26.58
1960-1969	54	0.00634	0.00632	0.5	90603	573	90317	2332387	25.74
1960-1969	55	0.00660	0.00658	0.5	90031	593	89734	2242070	24.90
1960-1969	56	0.00762	0.00759	0.5	89438	679	89099	2152335	24.07
1960-1969	57	0.00801	0.00798	0.5	88759	708	88405	2063237	23.25
1960-1969	58	0.00873	0.00869	0.5	88051	765	87668	1974832	22.43
1960-1969	59	0.00914	0.00910	0.5	87286	794	86889	1887164	21.62
1960-1969	60	0.01015	0.01010	0.5	86491	873	86055	1800275	20.81
1960-1969	61	0.01101	0.01095	0.5	85618	938	85149	1714220	20.02
1960-1969	62	0.01211	0.01204	0.5	84681	1019	84171	1629071	19.24
1960-1969	63	0.01308	0.01300	0.5	83661	1087	83117	1544900	18.47
1960-1969	64	0.01456	0.01445	0.5	82574	1193	81977	1461782	17.70
1960-1969	65	0.01554	0.01542	0.5	81380	1255	80753	1379805	16.96
1960-1969	66	0.01701	0.01687	0.5	80126	1352	79450	1299052	16.21
1960-1969	67	0.01897	0.01879	0.5	78774	1480	78034	1219603	15.48
1960-1969	68	0.02112	0.02090	0.5	77294	1615	76486	1141569	14.77
1960-1969	69	0.02258	0.02233	0.5	75679	1690	74834	1065083	14.07
1960-1969	70	0.02530	0.02499	0.5	73989	1849	73065	990249	13.38
1960-1969	71	0.02714	0.02677	0.5	72140	1931	71174	917184	12.71
1960-1969	72	0.03055	0.03009	0.5	70209	2113	69152	846010	12.05
1960-1969	73	0.03501	0.03441	0.5	68096	2343	66925	776857	11.41
1960-1969	74	0.03703	0.03636	0.5	65753	2391	64558	709933	10.80
1960-1969	75	0.04436	0.04340	0.5	63363	2750	61988	645375	10.19
1960-1969	76	0.04708	0.04599	0.5	60613	2788	59219	583387	9.62
1960-1969	77	0.05239	0.05105	0.5	57825	2952	56349	524168	9.06
1960-1969	78	0.06026	0.05850	0.5	54873	3210	53268	467819	8.53
1960-1969	79	0.06587	0.06377	0.5	51663	3295	50016	414551	8.02
1960-1969	80	0.07150	0.06903	0.5	48368	3339	46699	364535	7.54
1960-1969	81	0.07913	0.07611	0.5	45030	3427	43316	317836	7.06
1960-1969	82	0.08857	0.08481	0.5	41602	3528	39838	274520	6.60
1960-1969	83	0.10051	0.09570	0.5	38074	3644	36252	234682	6.16
1960-1969	84	0.11281	0.10679	0.5	34430	3677	32592	198430	5.76
1960-1969	85	0.12120	0.11427	0.5	30753	3514	28996	165838	5.39
1960-1969	86	0.13860	0.12962	0.5	27239	3531	25474	136842	5.02
1960-1969	87	0.15428	0.14323	0.5	23708	3396	22011	111368	4.70
1960-1969	88	0.16616	0.15341	0.5	20313	3116	18755	89357	4.40
1960-1969	89	0.18314	0.16778	0.5	17196	2885	15754	70603	4.11
1960-1969	90	0.20144	0.18301	0.5	14311	2619	13002	54849	3.83
1960-1969	91	0.22108	0.19907	0.5	11692	2328	10528	41847	3.58
1960-1969	92	0.24205	0.21592	0.5	9365	2022	8354	31319	3.34
1960-1969	93	0.26433	0.23347	0.5	7343	1714	6485	22965	3.13
1960-1969	94	0.28788	0.25166	0.5	5628	1416	4920	16480	2.93
1960-1969	95	0.31264	0.27038	0.5	4212	1139	3642	11560	2.74
1960-1969	96	0.33852	0.28952	0.5	3073	890	2628	7918	2.58
1960-1969	97	0.36540	0.30896	0.5	2183	675	1846	5289	2.42
1960-1969	98	0.39315	0.32856	0.5	1509	496	1261	3443	2.28
1960-1969	99	0.42161	0.34820	0.5	1013	353	837	2182	2.15
1960-1969	100	0.45059	0.36774	0.5	660	243	539	1346	2.04
1960-1969	101	0.47992	0.38704	0.5	417	162	337	807	1.93
1960-1969	102	0.50938	0.40598	0.5	256	104	204	470	1.84
1960-1969	103	0.53878	0.42444	0.5	152	65	120	266	1.75
1960-1969	104	0.56791	0.44231	0.5	87	39	68	146	1.67
1960-1969	105	0.59658	0.45951	0.5	49	22	38	78	1.60
1960-1969	106	0.62460	0.47596	0.5	26	13	20	41	1.54
1960-1969	107	0.65182	0.49160	0.5	14	7	10	21	1.49
1960-1969	108	0.67807	0.50639	0.5	7	4	5	10	1.44
1960-1969	109	0.70325	0.52030	0.5	3	2	3	5	1.40
1960-1969	110+	0.72725	1.00000	1.38	2	2	2	2	1.38
1970-1979	0	0.01321	0.01306	0.09	100000	1306	98812	7725006	77.25
1970-1979	1	0.00090	0.00090	0.5	98694	89	98650	7626194	77.27
1970-1979	2	0.00064	0.00064	0.5	98606	63	98574	7527544	76.34
1970-1979	3	0.00051	0.00051	0.5	98542	51	98517	7428970	75.39
1970-1979	4	0.00043	0.00043	0.5	98492	42	98471	7330453	74.43
1970-1979	5	0.00031	0.00031	0.5	98449	30	98434	7231982	73.46
1970-1979	6	0.00035	0.00035	0.5	98419	34	98402	7133548	72.48
1970-1979	7	0.00029	0.00029	0.5	98385	29	98370	7035145	71.51
1970-1979	8	0.00024	0.00024	0.5	98356	23	98344	6936775	70.53
1970-1979	9	0.00027	0.00027	0.5	98333	26	98319	6838431	69.54
1970-1979	10	0.00025	0.00025	0.5	98306	25	98294	6740111	68.56
1970-1979	11	0.00025	0.00025	0.5	98281	24	98269	6641818	67.58
1970-1979	12	0.00023	0.00023	0.5	98257	22	98246	6543548	66.60
1970-1979	13	0.00029	0.00029	0.5	98235	29	98220	6445302	65.61
1970-1979	14	0.00033	0.00033	0.5	98206	32	98190	6347082	64.63
1970-1979	15	0.00040	0.00040	0.5	98174	39	98154	6248892	63.65
1970-1979	16	0.00052	0.00052	0.5	98135	51	98109	6150737	62.68
1970-1979	17	0.00052	0.00052	0.5	98084	51	98058	6052628	61.71
1970-1979	18	0.00071	0.00071	0.5	98033	69	97998	5954570	60.74
1970-1979	19	0.00063	0.00063	0.5	97964	62	97933	5856572	59.78
1970-1979	20	0.00067	0.00067	0.5	97902	65	97869	5758639	58.82
1970-1979	21	0.00069	0.00069	0.5	97837	67	97803	5660770	57.86
1970-1979	22	0.00065	0.00065	0.5	97769	63	97738	5562967	56.90
1970-1979	23	0.00066	0.00066	0.5	97706	64	97674	5465229	55.94
1970-1979	24	0.00067	0.00067	0.5	97642	65	97609	5367555	54.97
1970-1979	25	0.00064	0.00064	0.5	97577	62	97546	5269945	54.01
1970-1979	26	0.00068	0.00068	0.5	97515	67	97481	5172400	53.04
1970-1979	27	0.00063	0.00063	0.5	97448	62	97417	5074918	52.08
1970-1979	28	0.00070	0.00070	0.5	97386	68	97352	4977501	51.11
1970-1979	29	0.00074	0.00074	0.5	97318	72	97282	4880149	50.15
1970-1979	30	0.00076	0.00076	0.5	97246	74	97209	4782867	49.18
1970-1979	31	0.00087	0.00087	0.5	97173	85	97130	4685658	48.22
1970-1979	32	0.00083	0.00083	0.5	97088	81	97047	4588527	47.26
1970-1979	33	0.00094	0.00094	0.5	97007	91	96961	4491480	46.30
1970-1979	34	0.00090	0.00090	0.5	96916	87	96872	4394519	45.34
1970-1979	35	0.00108	0.00108	0.5	96828	104	96776	4297646	44.38
1970-1979	36	0.00122	0.00122	0.5	96724	118	96665	4200870	43.43
1970-1979	37	0.00131	0.00131	0.5	96606	127	96543	4104205	42.48
1970-1979	38	0.00131	0.00131	0.5	96480	126	96416	4007662	41.54
1970-1979	39	0.00144	0.00144	0.5	96353	138	96284	3911246	40.59
1970-1979	40	0.00160	0.00160	0.5	96215	154	96138	3814962	39.65
1970-1979	41	0.00179	0.00179	0.5	96061	172	95975	3718823	38.71
1970-1979	42	0.00211	0.00210	0.5	95889	202	95788	3622848	37.78
1970-1979	43	0.00239	0.00239	0.5	95687	228	95573	3527060	36.86
1970-1979	44	0.00233	0.00233	0.5	95459	222	95348	3431487	35.95
1970-1979	45	0.00271	0.00270	0.5	95237	258	95108	3336139	35.03
1970-1979	46	0.00315	0.00315	0.5	94980	299	94830	3241030	34.12
1970-1979	47	0.00366	0.00365	0.5	94681	346	94508	3146200	33.23
1970-1979	48	0.00356	0.00356	0.5	94335	336	94167	3051692	32.35
1970-1979	49	0.00403	0.00402	0.5	93999	378	93810	2957525	31.46
1970-1979	50	0.00462	0.00461	0.5	93621	431	93406	2863715	30.59
1970-1979	51	0.00467	0.00466	0.5	93190	434	92973	2770309	29.73
1970-1979	52	0.00526	0.00524	0.5	92756	486	92513	2677336	28.86
1970-1979	53	0.00563	0.00562	0.5	92270	518	92011	2584823	28.01
1970-1979	54	0.00610	0.00609	0.5	91752	558	91473	2492812	27.17
1970-1979	55	0.00635	0.00633	0.5	91194	577	90905	2401339	26.33
1970-1979	56	0.00690	0.00687	0.5	90616	623	90305	2310434	25.50
1970-1979	57	0.00774	0.00771	0.5	89993	694	89647	2220129	24.67
1970-1979	58	0.00842	0.00838	0.5	89300	749	88925	2130482	23.86
1970-1979	59	0.00895	0.00891	0.5	88551	789	88157	2041557	23.06
1970-1979	60	0.00936	0.00931	0.5	87762	817	87354	1953400	22.26
1970-1979	61	0.01086	0.01080	0.5	86945	939	86476	1866046	21.46
1970-1979	62	0.01113	0.01107	0.5	86006	952	85530	1779571	20.69
1970-1979	63	0.01205	0.01198	0.5	85054	1019	84545	1694040	19.92
1970-1979	64	0.01382	0.01373	0.5	84036	1154	83459	1609495	19.15
1970-1979	65	0.01377	0.01367	0.5	82882	1133	82316	1526036	18.41
1970-1979	66	0.01472	0.01462	0.5	81749	1195	81152	1443721	17.66
1970-1979	67	0.01656	0.01642	0.5	80554	1323	79893	1362569	16.91
1970-1979	68	0.01831	0.01815	0.5	79231	1438	78512	1282676	16.19
1970-1979	69	0.02045	0.02024	0.5	77793	1575	77006	1204164	15.48
1970-1979	70	0.02150	0.02127	0.5	76219	1621	75408	1127158	14.79
1970-1979	71	0.02430	0.02401	0.5	74598	1791	73702	1051750	14.10
1970-1979	72	0.02714	0.02678	0.5	72806	1950	71831	978048	13.43
1970-1979	73	0.02929	0.02887	0.5	70857	2046	69834	906217	12.79
1970-1979	74	0.03154	0.03105	0.5	68811	2137	67743	836383	12.15
1970-1979	75	0.03618	0.03553	0.5	66675	2369	65490	768640	11.53
1970-1979	76	0.03834	0.03762	0.5	64305	2419	63096	703150	10.93
1970-1979	77	0.04189	0.04103	0.5	61886	2539	60617	640054	10.34
1970-1979	78	0.04955	0.04835	0.5	59347	2869	57912	579437	9.76
1970-1979	79	0.05296	0.05159	0.5	56478	2914	55021	521525	9.23
1970-1979	80	0.05628	0.05474	0.5	53564	2932	52098	466504	8.71
1970-1979	81	0.06251	0.06062	0.5	50632	3069	49097	414406	8.18
1970-1979	82	0.06895	0.06666	0.5	47563	3170	45978	365309	7.68
1970-1979	83	0.07912	0.07611	0.5	44392	3379	42703	319331	7.19
1970-1979	84	0.08738	0.08373	0.5	41014	3434	39297	276628	6.74
1970-1979	85	0.09538	0.09104	0.5	37580	3421	35869	237331	6.32
1970-1979	86	0.10965	0.10395	0.5	34159	3551	32383	201462	5.90
1970-1979	87	0.11813	0.11154	0.5	30608	3414	28901	169079	5.52
1970-1979	88	0.13121	0.12313	0.5	27194	3348	25520	140178	5.15
1970-1979	89	0.14637	0.13639	0.5	23845	3252	22219	114658	4.81
1970-1979	90	0.16165	0.14956	0.5	20593	3080	19053	92439	4.49
1970-1979	91	0.17820	0.16362	0.5	17513	2865	16080	73386	4.19
1970-1979	92	0.19604	0.17854	0.5	14648	2615	13340	57306	3.91
1970-1979	93	0.21520	0.19430	0.5	12032	2338	10864	43965	3.65
1970-1979	94	0.23569	0.21084	0.5	9695	2044	8673	33102	3.41
1970-1979	95	0.25748	0.22812	0.5	7651	1745	6778	24429	3.19
1970-1979	96	0.28056	0.24604	0.5	5905	1453	5179	17651	2.99
1970-1979	97	0.30485	0.26453	0.5	4452	1178	3863	12473	2.80
1970-1979	98	0.33028	0.28346	0.5	3275	928	2810	8609	2.63
1970-1979	99	0.35674	0.30274	0.5	2346	710	1991	5799	2.47
1970-1979	100	0.38410	0.32222	0.5	1636	527	1372	3807	2.33
1970-1979	101	0.41222	0.34178	0.5	1109	379	919	2435	2.20
1970-1979	102	0.44092	0.36128	0.5	730	264	598	1516	2.08
1970-1979	103	0.47003	0.38058	0.5	466	177	377	917	1.97
1970-1979	104	0.49934	0.39958	0.5	289	115	231	540	1.87
1970-1979	105	0.52865	0.41813	0.5	173	72	137	309	1.78
1970-1979	106	0.55777	0.43614	0.5	101	44	79	172	1.70
1970-1979	107	0.58649	0.45350	0.5	57	26	44	93	1.63
1970-1979	108	0.61464	0.47015	0.5	31	15	24	49	1.57
1970-1979	109	0.64204	0.48602	0.5	16	8	12	25	1.53
1970-1979	110+	0.66855	1.00000	1.5	8	8	13	13	1.50
1980-1989	0	0.00862	0.00855	0.08	100000	855	99211	7917689	79.18
1980-1989	1	0.00077	0.00077	0.5	99145	76	99107	7818479	78.86
1980-1989	2	0.00038	0.00038	0.5	99069	38	99050	7719372	77.92
1980-1989	3	0.00030	0.00030	0.5	99030	29	99016	7620323	76.95
1980-1989	4	0.00023	0.00023	0.5	99001	23	98990	7521307	75.97
1980-1989	5	0.00025	0.00025	0.5	98978	25	98966	7422317	74.99
1980-1989	6	0.00021	0.00021	0.5	98954	21	98943	7323351	74.01
1980-1989	7	0.00019	0.00019	0.5	98933	18	98924	7224408	73.02
1980-1989	8	0.00020	0.00020	0.5	98915	20	98905	7125484	72.04
1980-1989	9	0.00016	0.00016	0.5	98895	16	98887	7026579	71.05
1980-1989	10	0.00014	0.00014	0.5	98879	14	98872	6927693	70.06
1980-1989	11	0.00016	0.00016	0.5	98865	16	98857	6828821	69.07
1980-1989	12	0.00019	0.00019	0.5	98849	18	98840	6729963	68.08
1980-1989	13	0.00021	0.00021	0.5	98831	21	98821	6631123	67.10
1980-1989	14	0.00026	0.00026	0.5	98810	26	98797	6532303	66.11
1980-1989	15	0.00035	0.00035	0.5	98784	35	98767	6433505	65.13
1980-1989	16	0.00053	0.00053	0.5	98750	52	98724	6334738	64.15
1980-1989	17	0.00053	0.00053	0.5	98698	53	98671	6236014	63.18
1980-1989	18	0.00066	0.00065	0.5	98645	65	98613	6137343	62.22
1980-1989	19	0.00060	0.00060	0.5	98580	59	98551	6038731	61.26
1980-1989	20	0.00052	0.00052	0.5	98521	51	98495	5940180	60.29
1980-1989	21	0.00053	0.00053	0.5	98470	52	98444	5841685	59.32
1980-1989	22	0.00047	0.00047	0.5	98417	46	98394	5743241	58.36
1980-1989	23	0.00048	0.00048	0.5	98371	47	98347	5644847	57.38
1980-1989	24	0.00056	0.00056	0.5	98324	55	98296	5546500	56.41
1980-1989	25	0.00056	0.00056	0.5	98268	55	98241	5448204	55.44
1980-1989	26	0.00064	0.00064	0.5	98213	63	98182	5349963	54.47
1980-1989	27	0.00058	0.00058	0.5	98150	57	98122	5251781	53.51
1980-1989	28	0.00059	0.00059	0.5	98093	58	98064	5153660	52.54
1980-1989	29	0.00058	0.00058	0.5	98035	57	98007	5055595	51.57
1980-1989	30	0.00059	0.00059	0.5	97978	58	97949	4957588	50.60
1980-1989	31	0.00065	0.00065	0.5	97920	64	97888	4859639	49.63
1980-1989	32	0.00065	0.00065	0.5	97857	64	97825	4761751	48.66
1980-1989	33	0.00068	0.00068	0.5	97793	66	97760	4663926	47.69
1980-1989	34	0.00074	0.00074	0.5	97726	73	97690	4566166	46.72
1980-1989	35	0.00087	0.00087	0.5	97654	85	97612	4468476	45.76
1980-1989	36	0.00089	0.00089	0.5	97569	87	97526	4370865	44.80
1980-1989	37	0.00091	0.00091	0.5	97483	89	97438	4273339	43.84
1980-1989	38	0.00106	0.00106	0.5	97394	104	97342	4175901	42.88
1980-1989	39	0.00107	0.00107	0.5	97290	104	97238	4078559	41.92
1980-1989	40	0.00115	0.00115	0.5	97186	111	97130	3981321	40.97
1980-1989	41	0.00140	0.00140	0.5	97074	136	97006	3884191	40.01
1980-1989	42	0.00143	0.00142	0.5	96938	138	96869	3787185	39.07
1980-1989	43	0.00162	0.00162	0.5	96800	157	96722	3690316	38.12
1980-1989	44	0.00176	0.00176	0.5	96643	170	96558	3593594	37.18
1980-1989	45	0.00186	0.00186	0.5	96473	179	96383	3497036	36.25
1980-1989	46	0.00209	0.00209	0.5	96293	201	96193	3400653	35.32
1980-1989	47	0.00251	0.00250	0.5	96092	241	95972	3304461	34.39
1980-1989	48	0.00286	0.00286	0.5	95851	274	95714	3208489	33.47
1980-1989	49	0.00284	0.00283	0.5	95577	271	95442	3112775	32.57
1980-1989	50	0.00316	0.00316	0.5	95306	301	95156	3017333	31.66
1980-1989	51	0.00374	0.00374	0.5	95005	355	94828	2922177	30.76
1980-1989	52	0.00433	0.00432	0.5	94650	409	94446	2827349	29.87
1980-1989	53	0.00456	0.00454	0.5	94241	428	94027	2732903	29.00
1980-1989	54	0.00485	0.00484	0.5	93813	454	93586	2638876	28.13
1980-1989	55	0.00523	0.00522	0.5	93359	487	93116	2545290	27.26
1980-1989	56	0.00607	0.00605	0.5	92872	562	92591	2452174	26.40
1980-1989	57	0.00637	0.00635	0.5	92310	586	92017	2359583	25.56
1980-1989	58	0.00757	0.00755	0.5	91724	692	91378	2267566	24.72
1980-1989	59	0.00744	0.00742	0.5	91032	675	90694	2176188	23.91
1980-1989	60	0.00898	0.00894	0.5	90357	808	89953	2085493	23.08
1980-1989	61	0.00960	0.00955	0.5	89549	855	89121	1995540	22.28
1980-1989	62	0.01075	0.01069	0.5	88694	948	88220	1906419	21.49
1980-1989	63	0.01178	0.01171	0.5	87746	1027	87232	1818199	20.72
1980-1989	64	0.01218	0.01210	0.5	86718	1049	86194	1730967	19.96
1980-1989	65	0.01293	0.01285	0.5	85669	1101	85118	1644773	19.20
1980-1989	66	0.01421	0.01411	0.5	84568	1193	83971	1559655	18.44
1980-1989	67	0.01561	0.01549	0.5	83375	1291	82729	1475683	17.70
1980-1989	68	0.01714	0.01699	0.5	82084	1395	81387	1392954	16.97
1980-1989	69	0.01876	0.01859	0.5	80689	1500	79939	1311567	16.25
1980-1989	70	0.02094	0.02072	0.5	79189	1641	78369	1231628	15.55
1980-1989	71	0.02154	0.02131	0.5	77548	1652	76722	1153259	14.87
1980-1989	72	0.02481	0.02451	0.5	75896	1860	74966	1076537	14.18
1980-1989	73	0.02711	0.02675	0.5	74036	1981	73046	1001571	13.53
1980-1989	74	0.02913	0.02871	0.5	72055	2069	71021	928525	12.89
1980-1989	75	0.03158	0.03109	0.5	69987	2176	68899	857504	12.25
1980-1989	76	0.03503	0.03442	0.5	67811	2334	66644	788605	11.63
1980-1989	77	0.03724	0.03656	0.5	65477	2394	64280	721961	11.03
1980-1989	78	0.04009	0.03930	0.5	63083	2479	61843	657682	10.43
1980-1989	79	0.04798	0.04686	0.5	60603	2840	59183	595839	9.83
1980-1989	80	0.05001	0.04879	0.5	57764	2818	56354	536655	9.29
1980-1989	81	0.05453	0.05309	0.5	54945	2917	53487	480301	8.74
1980-1989	82	0.06267	0.06077	0.5	52028	3162	50448	426814	8.20
1980-1989	83	0.07033	0.06794	0.5	48867	3320	47207	376367	7.70
1980-1989	84	0.07646	0.07364	0.5	45547	3354	43870	329160	7.23
1980-1989	85	0.08460	0.08117	0.5	42193	3425	40480	285290	6.76
1980-1989	86	0.09577	0.09140	0.5	38768	3543	36996	244810	6.31
1980-1989	87	0.10690	0.10147	0.5	35224	3574	33437	207814	5.90
1980-1989	88	0.11882	0.11216	0.5	31650	3550	29875	174377	5.51
1980-1989	89	0.13187	0.12372	0.5	28100	3476	26362	144502	5.14
1980-1989	90	0.14612	0.13617	0.5	24624	3353	22947	118140	4.80
1980-1989	91	0.16163	0.14954	0.5	21271	3181	19680	95192	4.48
1980-1989	92	0.17843	0.16382	0.5	18090	2963	16608	75512	4.17
1980-1989	93	0.19657	0.17898	0.5	15127	2707	13773	58904	3.89
1980-1989	94	0.21608	0.19501	0.5	12419	2422	11208	45131	3.63
1980-1989	95	0.23694	0.21184	0.5	9997	2118	8938	33923	3.39
1980-1989	96	0.25916	0.22943	0.5	7879	1808	6976	24984	3.17
1980-1989	97	0.28268	0.24768	0.5	6072	1504	5320	18009	2.97
1980-1989	98	0.30746	0.26649	0.5	4568	1217	3959	12689	2.78
1980-1989	99	0.33340	0.28576	0.5	3351	957	2872	8730	2.61
1980-1989	100	0.36038	0.30536	0.5	2393	731	2028	5858	2.45
1980-1989	101	0.38828	0.32516	0.5	1662	541	1392	3830	2.30
1980-1989	102	0.41693	0.34501	0.5	1122	387	928	2438	2.17
1980-1989	103	0.44616	0.36478	0.5	735	268	601	1510	2.05
1980-1989	104	0.47576	0.38433	0.5	467	179	377	909	1.95
1980-1989	105	0.50553	0.40353	0.5	287	116	229	532	1.85
1980-1989	106	0.53526	0.42225	0.5	171	72	135	302	1.76
1980-1989	107	0.56474	0.44039	0.5	99	44	77	167	1.69
1980-1989	108	0.59378	0.45785	0.5	55	25	43	90	1.62
1980-1989	109	0.62217	0.47455	0.5	30	14	23	47	1.57
1980-1989	110+	0.64975	1.00000	1.54	16	16	24	24	1.54
1990-1999	0	0.00587	0.00584	0.07	100000	584	99456	8016661	80.17
1990-1999	1	0.00051	0.00051	0.5	99416	51	99390	7917205	79.64
1990-1999	2	0.00032	0.00032	0.5	99365	32	99349	7817814	78.68
1990-1999	3	0.00026	0.00026	0.5	99333	26	99320	7718465	77.70
1990-1999	4	0.00018	0.00018	0.5	99307	18	99298	7619145	76.72
1990-1999	5	0.00017	0.00017	0.5	99290	17	99281	7519847	75.74
1990-1999	6	0.00019	0.00019	0.5	99273	19	99264	7420565	74.75
1990-1999	7	0.00017	0.00017	0.5	99254	16	99246	7321302	73.76
1990-1999	8	0.00012	0.00012	0.5	99238	12	99232	7222056	72.78
1990-1999	9	0.00013	0.00013	0.5	99226	13	99219	7122824	71.78
1990-1999	10	0.00012	0.00012	0.5	99213	12	99207	7023605	70.79
1990-1999	11	0.00012	0.00012	0.5	99201	12	99195	6924398	69.80
1990-1999	12	0.00015	0.00015	0.5	99189	15	99181	6825203	68.81
1990-1999	13	0.00016	0.00016	0.5	99173	16	99165	6726022	67.82
1990-1999	14	0.00024	0.00024	0.5	99157	23	99146	6626857	66.83
1990-1999	15	0.00028	0.00028	0.5	99134	28	99120	6527711	65.85
1990-1999	16	0.00037	0.00037	0.5	99106	37	99087	6428591	64.87
1990-1999	17	0.00043	0.00043	0.5	99069	42	99048	6329504	63.89
1990-1999	18	0.00045	0.00045	0.5	99027	45	99004	6230456	62.92
1990-1999	19	0.00041	0.00041	0.5	98982	41	98962	6131452	61.95
1990-1999	20	0.00041	0.00041	0.5	98941	41	98921	6032490	60.97
1990-1999	21	0.00042	0.00042	0.5	98901	41	98880	5933569	60.00
1990-1999	22	0.00049	0.00049	0.5	98859	48	98835	5834689	59.02
1990-1999	23	0.00041	0.00041	0.5	98811	41	98790	5735855	58.05
1990-1999	24	0.00046	0.00046	0.5	98770	46	98747	5637064	57.07
1990-1999	25	0.00043	0.00043	0.5	98724	43	98703	5538317	56.10
1990-1999	26	0.00045	0.00045	0.5	98681	45	98659	5439615	55.12
1990-1999	27	0.00052	0.00052	0.5	98636	51	98611	5340956	54.15
1990-1999	28	0.00050	0.00050	0.5	98585	49	98560	5242345	53.18
1990-1999	29	0.00051	0.00051	0.5	98536	50	98511	5143785	52.20
1990-1999	30	0.00052	0.00052	0.5	98486	51	98460	5045274	51.23
1990-1999	31	0.00063	0.00063	0.5	98435	62	98403	4946814	50.25
1990-1999	32	0.00061	0.00061	0.5	98372	60	98342	4848411	49.29
1990-1999	33	0.00069	0.00069	0.5	98312	68	98278	4750069	48.32
1990-1999	34	0.00077	0.00077	0.5	98244	76	98206	4651791	47.35
1990-1999	35	0.00073	0.00073	0.5	98168	71	98133	4553585	46.39
1990-1999	36	0.00075	0.00075	0.5	98097	73	98060	4455452	45.42
1990-1999	37	0.00085	0.00085	0.5	98024	84	97982	4357391	44.45
1990-1999	38	0.00100	0.00100	0.5	97940	98	97891	4259410	43.49
1990-1999	39	0.00105	0.00105	0.5	97843	103	97791	4161518	42.53
1990-1999	40	0.00117	0.00117	0.5	97740	115	97682	4063727	41.58
1990-1999	41	0.00122	0.00122	0.5	97625	119	97565	3966045	40.63
1990-1999	42	0.00135	0.00135	0.5	97506	132	97440	3868479	39.67
1990-1999	43	0.00149	0.00149	0.5	97374	145	97301	3771040	38.73
1990-1999	44	0.00151	0.00151	0.5	97229	146	97156	3673739	37.78
1990-1999	45	0.00171	0.00171	0.5	97082	166	97000	3576583	36.84
1990-1999	46	0.00192	0.00192	0.5	96917	186	96824	3479583	35.90
1990-1999	47	0.00212	0.00212	0.5	96731	205	96628	3382760	34.97
1990-1999	48	0.00228	0.00228	0.5	96526	220	96416	3286131	34.04
1990-1999	49	0.00246	0.00246	0.5	96306	237	96187	3189716	33.12
1990-1999	50	0.00259	0.00259	0.5	96069	249	95945	3093528	32.20
1990-1999	51	0.00302	0.00302	0.5	95820	289	95676	2997583	31.28
1990-1999	52	0.00357	0.00356	0.5	95531	340	95361	2901907	30.38
1990-1999	53	0.00405	0.00405	0.5	95191	385	94998	2806546	29.48
1990-1999	54	0.00421	0.00420	0.5	94806	398	94607	2711548	28.60
1990-1999	55	0.00459	0.00458	0.5	94408	432	94192	2616941	27.72
1990-1999	56	0.00527	0.00525	0.5	93975	494	93729	2522749	26.84
1990-1999	57	0.00562	0.00560	0.5	93482	524	93220	2429021	25.98
1990-1999	58	0.00641	0.00639	0.5	92958	594	92661	2335801	25.13
1990-1999	59	0.00724	0.00722	0.5	92364	667	92031	2243140	24.29
1990-1999	60	0.00755	0.00752	0.5	91698	689	91353	2151109	23.46
1990-1999	61	0.00882	0.00878	0.5	91008	799	90609	2059756	22.63
1990-1999	62	0.00992	0.00987	0.5	90209	890	89764	1969147	21.83
1990-1999	63	0.01014	0.01009	0.5	89319	901	88868	1879383	21.04
1990-1999	64	0.01104	0.01098	0.5	88418	971	87933	1790514	20.25
1990-1999	65	0.01222	0.01214	0.5	87447	1062	86916	1702582	19.47
1990-1999	66	0.01325	0.01316	0.5	86385	1137	85817	1615665	18.70
1990-1999	67	0.01463	0.01452	0.5	85249	1238	84630	1529848	17.95
1990-1999	68	0.01648	0.01634	0.5	84011	1373	83324	1445219	17.20
1990-1999	69	0.01688	0.01673	0.5	82638	1383	81946	1361894	16.48
1990-1999	70	0.01975	0.01956	0.5	81255	1589	80460	1279948	15.75
1990-1999	71	0.02095	0.02073	0.5	79665	1651	78840	1199488	15.06
1990-1999	72	0.02393	0.02365	0.5	78014	1845	77092	1120648	14.36
1990-1999	73	0.02497	0.02467	0.5	76169	1879	75230	1043556	13.70
1990-1999	74	0.02716	0.02680	0.5	74291	1991	73295	968326	13.03
1990-1999	75	0.03060	0.03014	0.5	72300	2179	71210	895031	12.38
1990-1999	76	0.03279	0.03226	0.5	70121	2262	68990	823821	11.75
1990-1999	77	0.03645	0.03580	0.5	67859	2429	66644	754831	11.12
1990-1999	78	0.03897	0.03823	0.5	65430	2501	64179	688187	10.52
1990-1999	79	0.04345	0.04253	0.5	62928	2676	61590	624008	9.92
1990-1999	80	0.04724	0.04615	0.5	60252	2781	58862	562418	9.33
1990-1999	81	0.05399	0.05257	0.5	57471	3021	55961	503556	8.76
1990-1999	82	0.05975	0.05802	0.5	54450	3159	52871	447596	8.22
1990-1999	83	0.06576	0.06367	0.5	51291	3266	49658	394725	7.70
1990-1999	84	0.07421	0.07156	0.5	48025	3437	46307	345067	7.19
1990-1999	85	0.08495	0.08149	0.5	44589	3633	42772	298760	6.70
1990-1999	86	0.09471	0.09042	0.5	40956	3703	39104	255987	6.25
1990-1999	87	0.10560	0.10030	0.5	37252	3736	35384	216884	5.82
1990-1999	88	0.11900	0.11232	0.5	33516	3765	31633	181500	5.42
1990-1999	89	0.13296	0.12467	0.5	29751	3709	27897	149866	5.04
1990-1999	90	0.14827	0.13804	0.5	26042	3595	24245	121970	4.68
1990-1999	91	0.16502	0.15244	0.5	22447	3422	20736	97725	4.35
1990-1999	92	0.18325	0.16787	0.5	19025	3194	17428	76989	4.05
1990-1999	93	0.20300	0.18429	0.5	15832	2918	14373	59560	3.76
1990-1999	94	0.22430	0.20168	0.5	12914	2604	11612	45188	3.50
1990-1999	95	0.24714	0.21996	0.5	10309	2268	9176	33576	3.26
1990-1999	96	0.27149	0.23904	0.5	8042	1922	7081	24400	3.03
1990-1999	97	0.29729	0.25882	0.5	6120	1584	5328	17320	2.83
1990-1999	98	0.32445	0.27916	0.5	4536	1266	3903	11992	2.64
1990-1999	99	0.35285	0.29993	0.5	3269	981	2779	8089	2.47
1990-1999	100	0.38232	0.32097	0.5	2289	735	1922	5310	2.32
1990-1999	101	0.41269	0.34210	0.5	1554	532	1288	3389	2.18
1990-1999	102	0.44374	0.36316	0.5	1023	371	837	2100	2.05
1990-1999	103	0.47523	0.38399	0.5	651	250	526	1263	1.94
1990-1999	104	0.50692	0.40442	0.5	401	162	320	737	1.84
1990-1999	105	0.53856	0.42430	0.5	239	101	188	417	1.75
1990-1999	106	0.56989	0.44351	0.5	138	61	107	229	1.67
1990-1999	107	0.60067	0.46193	0.5	77	35	59	122	1.59
1990-1999	108	0.63067	0.47948	0.5	41	20	31	63	1.53
1990-1999	109	0.65970	0.49607	0.5	21	11	16	32	1.48
1990-1999	110+	0.68757	1.00000	1.45	11	11	16	16	1.45
2000-2009	0	0.00473	0.00471	0.07	100000	471	99560	8104496	81.04
2000-2009	1	0.00036	0.00036	0.5	99529	36	99511	8004936	80.43
2000-2009	2	0.00018	0.00018	0.5	99493	18	99484	7905425	79.46
2000-2009	3	0.00015	0.00015	0.5	99475	15	99467	7805942	78.47
2000-2009	4	0.00015	0.00015	0.5	99459	15	99452	7706475	77.48
2000-2009	5	0.00013	0.00013	0.5	99444	13	99438	7607023	76.50
2000-2009	6	0.00010	0.00010	0.5	99432	10	99427	7507585	75.50
2000-2009	7	0.00006	0.00006	0.5	99421	6	99418	7408158	74.51
2000-2009	8	0.00009	0.00009	0.5	99415	9	99410	7308740	73.52
2000-2009	9	0.00012	0.00012	0.5	99406	12	99400	7209330	72.52
2000-2009	10	0.00010	0.00010	0.5	99394	10	99389	7109930	71.53
2000-2009	11	0.00013	0.00013	0.5	99384	12	99378	7010541	70.54
2000-2009	12	0.00010	0.00010	0.5	99372	10	99367	6911163	69.55
2000-2009	13	0.00012	0.00012	0.5	99361	12	99355	6811796	68.56
2000-2009	14	0.00014	0.00014	0.5	99349	14	99342	6712441	67.56
2000-2009	15	0.00021	0.00021	0.5	99335	21	99325	6613098	66.57
2000-2009	16	0.00031	0.00031	0.5	99315	30	99299	6513773	65.59
2000-2009	17	0.00034	0.00034	0.5	99284	33	99268	6414474	64.61
2000-2009	18	0.00038	0.00038	0.5	99251	38	99232	6315206	63.63
2000-2009	19	0.00038	0.00038	0.5	99213	37	99194	6215974	62.65
2000-2009	20	0.00042	0.00042	0.5	99176	42	99155	6116780	61.68
2000-2009	21	0.00041	0.00041	0.5	99134	41	99113	6017626	60.70
2000-2009	22	0.00035	0.00035	0.5	99093	34	99076	5918512	59.73
2000-2009	23	0.00034	0.00034	0.5	99058	33	99042	5819437	58.75
2000-2009	24	0.00041	0.00041	0.5	99025	40	99005	5720395	57.77
2000-2009	25	0.00038	0.00038	0.5	98985	37	98966	5621390	56.79
2000-2009	26	0.00045	0.00045	0.5	98947	44	98925	5522424	55.81
2000-2009	27	0.00041	0.00041	0.5	98903	40	98883	5423499	54.84
2000-2009	28	0.00048	0.00048	0.5	98863	47	98839	5324616	53.86
2000-2009	29	0.00044	0.00044	0.5	98815	44	98793	5225778	52.88
2000-2009	30	0.00049	0.00049	0.5	98772	48	98748	5126984	51.91
2000-2009	31	0.00060	0.00060	0.5	98723	59	98694	5028237	50.93
2000-2009	32	0.00056	0.00056	0.5	98665	55	98637	4929543	49.96
2000-2009	33	0.00062	0.00062	0.5	98610	62	98579	4830906	48.99
2000-2009	34	0.00074	0.00074	0.5	98548	73	98512	4732327	48.02
2000-2009	35	0.00074	0.00074	0.5	98475	72	98439	4633815	47.06
2000-2009	36	0.00075	0.00075	0.5	98403	74	98366	4535376	46.09
2000-2009	37	0.00086	0.00086	0.5	98329	84	98287	4437010	45.12
2000-2009	38	0.00096	0.00096	0.5	98245	94	98198	4338723	44.16
2000-2009	39	0.00108	0.00108	0.5	98151	106	98098	4240526	43.20
2000-2009	40	0.00121	0.00121	0.5	98045	118	97986	4142428	42.25
2000-2009	41	0.00129	0.00129	0.5	97927	126	97863	4044442	41.30
2000-2009	42	0.00133	0.00133	0.5	97800	130	97735	3946579	40.35
2000-2009	43	0.00163	0.00163	0.5	97670	159	97591	3848843	39.41
2000-2009	44	0.00160	0.00160	0.5	97511	156	97433	3751252	38.47
2000-2009	45	0.00196	0.00195	0.5	97355	190	97260	3653819	37.53
2000-2009	46	0.00199	0.00199	0.5	97165	193	97069	3556559	36.60
2000-2009	47	0.00213	0.00213	0.5	96972	206	96869	3459490	35.68
2000-2009	48	0.00236	0.00236	0.5	96766	228	96652	3362621	34.75
2000-2009	49	0.00259	0.00258	0.5	96537	249	96413	3265970	33.83
2000-2009	50	0.00274	0.00274	0.5	96288	263	96156	3169557	32.92
2000-2009	51	0.00305	0.00305	0.5	96025	293	95878	3073401	32.01
2000-2009	52	0.00326	0.00326	0.5	95732	312	95576	2977522	31.10
2000-2009	53	0.00350	0.00349	0.5	95420	333	95253	2881947	30.20
2000-2009	54	0.00385	0.00385	0.5	95087	366	94904	2786693	29.31
2000-2009	55	0.00412	0.00412	0.5	94721	390	94526	2691789	28.42
2000-2009	56	0.00440	0.00439	0.5	94331	414	94124	2597263	27.53
2000-2009	57	0.00484	0.00483	0.5	93917	453	93690	2503139	26.65
2000-2009	58	0.00529	0.00528	0.5	93464	494	93217	2409448	25.78
2000-2009	59	0.00597	0.00595	0.5	92970	553	92693	2316231	24.91
2000-2009	60	0.00669	0.00667	0.5	92417	616	92109	2223538	24.06
2000-2009	61	0.00732	0.00729	0.5	91801	670	91466	2131429	23.22
2000-2009	62	0.00835	0.00832	0.5	91131	758	90752	2039964	22.38
2000-2009	63	0.00890	0.00886	0.5	90373	800	89973	1949212	21.57
2000-2009	64	0.00967	0.00963	0.5	89573	862	89142	1859239	20.76
2000-2009	65	0.01093	0.01087	0.5	88710	964	88228	1770097	19.95
2000-2009	66	0.01159	0.01152	0.5	87746	1011	87241	1681869	19.17
2000-2009	67	0.01288	0.01280	0.5	86735	1110	86180	1594628	18.39
2000-2009	68	0.01377	0.01367	0.5	85625	1171	85040	1508448	17.62
2000-2009	69	0.01564	0.01552	0.5	84454	1311	83799	1423409	16.85
2000-2009	70	0.01746	0.01731	0.5	83143	1439	82424	1339610	16.11
2000-2009	71	0.01876	0.01859	0.5	81705	1519	80945	1257186	15.39
2000-2009	72	0.02105	0.02083	0.5	80186	1670	79351	1176241	14.67
2000-2009	73	0.02319	0.02293	0.5	78516	1800	77616	1096890	13.97
2000-2009	74	0.02634	0.02600	0.5	76715	1995	75718	1019275	13.29
2000-2009	75	0.02795	0.02757	0.5	74721	2060	73691	943557	12.63
2000-2009	76	0.03019	0.02974	0.5	72661	2161	71581	869866	11.97
2000-2009	77	0.03430	0.03373	0.5	70500	2378	69311	798285	11.32
2000-2009	78	0.03806	0.03735	0.5	68122	2544	66850	728974	10.70
2000-2009	79	0.04183	0.04097	0.5	65578	2687	64235	662123	10.10
2000-2009	80	0.04559	0.04458	0.5	62891	2804	61490	597889	9.51
2000-2009	81	0.05013	0.04891	0.5	60088	2939	58618	536399	8.93
2000-2009	82	0.05642	0.05487	0.5	57149	3136	55581	477781	8.36
2000-2009	83	0.06313	0.06119	0.5	54013	3305	52361	422199	7.82
2000-2009	84	0.07219	0.06967	0.5	50708	3533	48942	369838	7.29
2000-2009	85	0.08054	0.07743	0.5	47175	3653	45349	320897	6.80
2000-2009	86	0.09042	0.08651	0.5	43523	3765	41640	275548	6.33
2000-2009	87	0.10053	0.09572	0.5	39757	3806	37855	233908	5.88
2000-2009	88	0.11396	0.10781	0.5	35952	3876	34014	196053	5.45
2000-2009	89	0.13033	0.12236	0.5	32076	3925	30113	162039	5.05
2000-2009	90	0.14606	0.13612	0.5	28151	3832	26235	131926	4.69
2000-2009	91	0.16333	0.15100	0.5	24319	3672	22483	105691	4.35
2000-2009	92	0.18220	0.16699	0.5	20647	3448	18923	83208	4.03
2000-2009	93	0.20273	0.18407	0.5	17199	3166	15616	64285	3.74
2000-2009	94	0.22493	0.20219	0.5	14033	2837	12615	48669	3.47
2000-2009	95	0.24881	0.22128	0.5	11196	2477	9957	36054	3.22
2000-2009	96	0.27433	0.24124	0.5	8718	2103	7667	26097	2.99
2000-2009	97	0.30141	0.26193	0.5	6615	1733	5749	18430	2.79
2000-2009	98	0.32995	0.28322	0.5	4882	1383	4191	12681	2.60
2000-2009	99	0.35980	0.30494	0.5	3500	1067	2966	8490	2.43
2000-2009	100	0.39077	0.32690	0.5	2432	795	2035	5524	2.27
2000-2009	101	0.42265	0.34892	0.5	1637	571	1352	3489	2.13
2000-2009	102	0.45519	0.37080	0.5	1066	395	868	2138	2.01
2000-2009	103	0.48812	0.39236	0.5	671	263	539	1269	1.89
2000-2009	104	0.52115	0.41342	0.5	408	168	323	730	1.79
2000-2009	105	0.55400	0.43383	0.5	239	104	187	407	1.70
2000-2009	106	0.58638	0.45344	0.5	135	61	105	219	1.62
2000-2009	107	0.61803	0.47213	0.5	74	35	57	115	1.55
2000-2009	108	0.64871	0.48983	0.5	39	19	29	58	1.49
2000-2009	109	0.67821	0.50646	0.5	20	10	15	29	1.45
2000-2009	110+	0.70635	1.00000	1.42	10	10	14	14	1.42
2010-2019	0	0.00415	0.00414	0.06	100000	414	99613	8223103	82.23
2010-2019	1	0.00028	0.00028	0.5	99586	28	99572	8123490	81.57
2010-2019	2	0.00017	0.00017	0.5	99558	17	99550	8023918	80.60
2010-2019	3	0.00012	0.00012	0.5	99542	12	99535	7924368	79.61
2010-2019	4	0.00007	0.00007	0.5	99529	7	99526	7824833	78.62
2010-2019	5	0.00012	0.00012	0.5	99522	12	99516	7725307	77.62
2010-2019	6	0.00009	0.00009	0.5	99510	9	99506	7625791	76.63
2010-2019	7	0.00010	0.00010	0.5	99501	10	99496	7526285	75.64
2010-2019	8	0.00009	0.00009	0.5	99491	9	99487	7426789	74.65
2010-2019	9	0.00007	0.00007	0.5	99483	7	99479	7327302	73.65
2010-2019	10	0.00007	0.00007	0.5	99476	7	99472	7227823	72.66
2010-2019	11	0.00007	0.00007	0.5	99469	7	99465	7128351	71.66
2010-2019	12	0.00009	0.00009	0.5	99462	9	99457	7028886	70.67
2010-2019	13	0.00011	0.00011	0.5	99453	11	99447	6929428	69.68
2010-2019	14	0.00013	0.00013	0.5	99441	13	99435	6829981	68.68
2010-2019	15	0.00020	0.00020	0.5	99428	20	99419	6730546	67.69
2010-2019	16	0.00020	0.00020	0.5	99409	20	99399	6631128	66.71
2010-2019	17	0.00021	0.00021	0.5	99389	21	99378	6531729	65.72
2010-2019	18	0.00030	0.00030	0.5	99368	30	99353	6432350	64.73
2010-2019	19	0.00030	0.00030	0.5	99338	29	99323	6332998	63.75
2010-2019	20	0.00037	0.00037	0.5	99308	37	99290	6233675	62.77
2010-2019	21	0.00039	0.00039	0.5	99271	38	99252	6134385	61.79
2010-2019	22	0.00041	0.00041	0.5	99233	41	99212	6035133	60.82
2010-2019	23	0.00040	0.00040	0.5	99192	40	99172	5935921	59.84
2010-2019	24	0.00041	0.00041	0.5	99152	41	99132	5836749	58.87
2010-2019	25	0.00042	0.00042	0.5	99111	41	99090	5737617	57.89
2010-2019	26	0.00043	0.00043	0.5	99070	43	99048	5638526	56.91
2010-2019	27	0.00047	0.00047	0.5	99027	46	99004	5539478	55.94
2010-2019	28	0.00051	0.00051	0.5	98981	50	98956	5440474	54.97
2010-2019	29	0.00056	0.00056	0.5	98931	55	98903	5341519	53.99
2010-2019	30	0.00054	0.00054	0.5	98876	53	98849	5242616	53.02
2010-2019	31	0.00060	0.00060	0.5	98823	60	98793	5143767	52.05
2010-2019	32	0.00062	0.00062	0.5	98763	61	98733	5044974	51.08
2010-2019	33	0.00071	0.00071	0.5	98702	70	98667	4946241	50.11
2010-2019	34	0.00073	0.00073	0.5	98632	72	98596	4847574	49.15
2010-2019	35	0.00072	0.00072	0.5	98559	71	98524	4748979	48.18
2010-2019	36	0.00077	0.00077	0.5	98488	76	98450	4650455	47.22
2010-2019	37	0.00084	0.00084	0.5	98412	83	98371	4552005	46.25
2010-2019	38	0.00099	0.00099	0.5	98329	97	98281	4453634	45.29
2010-2019	39	0.00096	0.00096	0.5	98232	94	98185	4355353	44.34
2010-2019	40	0.00100	0.00100	0.5	98138	98	98089	4257167	43.38
2010-2019	41	0.00117	0.00117	0.5	98040	115	97983	4159078	42.42
2010-2019	42	0.00140	0.00139	0.5	97925	137	97857	4061095	41.47
2010-2019	43	0.00137	0.00137	0.5	97789	134	97722	3963238	40.53
2010-2019	44	0.00148	0.00148	0.5	97655	144	97583	3865516	39.58
2010-2019	45	0.00164	0.00164	0.5	97511	160	97431	3767933	38.64
2010-2019	46	0.00184	0.00184	0.5	97351	179	97261	3670502	37.70
2010-2019	47	0.00204	0.00204	0.5	97172	198	97073	3573241	36.77
2010-2019	48	0.00232	0.00232	0.5	96973	225	96861	3476169	35.85
2010-2019	49	0.00254	0.00254	0.5	96749	246	96626	3379308	34.93
2010-2019	50	0.00279	0.00279	0.5	96503	269	96368	3282682	34.02
2010-2019	51	0.00306	0.00306	0.5	96234	294	96087	3186314	33.11
2010-2019	52	0.00325	0.00324	0.5	95939	311	95784	3090227	32.21
2010-2019	53	0.00350	0.00350	0.5	95628	335	95461	2994443	31.31
2010-2019	54	0.00358	0.00357	0.5	95294	341	95123	2898982	30.42
2010-2019	55	0.00400	0.00399	0.5	94953	379	94764	2803859	29.53
2010-2019	56	0.00443	0.00442	0.5	94575	418	94365	2709095	28.65
2010-2019	57	0.00480	0.00479	0.5	94156	451	93931	2614729	27.77
2010-2019	58	0.00526	0.00525	0.5	93705	492	93459	2520799	26.90
2010-2019	59	0.00557	0.00555	0.5	93214	518	92955	2427339	26.04
2010-2019	60	0.00587	0.00585	0.5	92696	543	92425	2334384	25.18
2010-2019	61	0.00638	0.00636	0.5	92153	586	91860	2241959	24.33
2010-2019	62	0.00664	0.00662	0.5	91567	606	91264	2150099	23.48
2010-2019	63	0.00740	0.00737	0.5	90961	670	90626	2058835	22.63
2010-2019	64	0.00800	0.00797	0.5	90291	719	89931	1968209	21.80
2010-2019	65	0.00865	0.00862	0.5	89572	772	89186	1878277	20.97
2010-2019	66	0.00940	0.00935	0.5	88800	831	88385	1789091	20.15
2010-2019	67	0.01013	0.01007	0.5	87969	886	87526	1700707	19.33
2010-2019	68	0.01159	0.01153	0.5	87083	1004	86581	1613181	18.52
2010-2019	69	0.01234	0.01227	0.5	86079	1056	85551	1526600	17.73
2010-2019	70	0.01404	0.01395	0.5	85023	1186	84430	1441048	16.95
2010-2019	71	0.01591	0.01578	0.5	83837	1323	83176	1356618	16.18
2010-2019	72	0.01728	0.01713	0.5	82514	1413	81808	1273442	15.43
2010-2019	73	0.01905	0.01887	0.5	81101	1531	80336	1191634	14.69
2010-2019	74	0.02084	0.02063	0.5	79570	1641	78749	1111299	13.97
2010-2019	75	0.02302	0.02276	0.5	77929	1774	77042	1032549	13.25
2010-2019	76	0.02587	0.02554	0.5	76155	1945	75182	955508	12.55
2010-2019	77	0.02909	0.02867	0.5	74210	2128	73146	880325	11.86
2010-2019	78	0.03162	0.03113	0.5	72082	2244	70960	807179	11.20
2010-2019	79	0.03590	0.03526	0.5	69838	2463	68607	736219	10.54
2010-2019	80	0.04196	0.04109	0.5	67376	2769	65991	667612	9.91
2010-2019	81	0.04622	0.04517	0.5	64607	2918	63148	601620	9.31
2010-2019	82	0.05103	0.04976	0.5	61689	3070	60154	538473	8.73
2010-2019	83	0.05718	0.05559	0.5	58619	3259	56989	478319	8.16
2010-2019	84	0.06606	0.06395	0.5	55360	3540	53590	421330	7.61
2010-2019	85	0.07365	0.07104	0.5	51820	3681	49979	367740	7.10
2010-2019	86	0.08097	0.07782	0.5	48139	3746	46266	317760	6.60
2010-2019	87	0.09264	0.08854	0.5	44393	3931	42427	271495	6.12
2010-2019	88	0.10629	0.10093	0.5	40462	4084	38420	229067	5.66
2010-2019	89	0.12169	0.11471	0.5	36378	4173	34292	190647	5.24
2010-2019	90	0.13700	0.12822	0.5	32205	4129	30141	156355	4.85
2010-2019	91	0.15389	0.14290	0.5	28076	4012	26070	126214	4.50
2010-2019	92	0.17245	0.15876	0.5	24064	3821	22154	100144	4.16
2010-2019	93	0.19274	0.17580	0.5	20244	3559	18464	77990	3.85
2010-2019	94	0.21480	0.19397	0.5	16685	3236	15067	59526	3.57
2010-2019	95	0.23863	0.21320	0.5	13448	2867	12015	44459	3.31
2010-2019	96	0.26422	0.23339	0.5	10581	2470	9347	32445	3.07
2010-2019	97	0.29151	0.25442	0.5	8112	2064	7080	23098	2.85
2010-2019	98	0.32038	0.27615	0.5	6048	1670	5213	16018	2.65
2010-2019	99	0.35070	0.29838	0.5	4378	1306	3725	10805	2.47
2010-2019	100	0.38227	0.32093	0.5	3072	986	2579	7081	2.31
2010-2019	101	0.41487	0.34360	0.5	2086	717	1727	4502	2.16
2010-2019	102	0.44823	0.36617	0.5	1369	501	1118	2775	2.03
2010-2019	103	0.48207	0.38844	0.5	868	337	699	1656	1.91
2010-2019	104	0.51607	0.41022	0.5	531	218	422	957	1.80
2010-2019	105	0.54992	0.43132	0.5	313	135	245	535	1.71
2010-2019	106	0.58332	0.45160	0.5	178	80	138	290	1.63
2010-2019	107	0.61597	0.47093	0.5	98	46	75	152	1.55
2010-2019	108	0.64760	0.48920	0.5	52	25	39	77	1.49
2010-2019	109	0.67799	0.50634	0.5	26	13	20	38	1.45
2010-2019	110+	0.70695	1.00000	1.41	13	13	18	18	1.41
2020-2022	0	0.00404	0.00403	0.06	100000	403	99623	8123656	81.24
2020-2022	1	0.00032	0.00032	0.5	99597	32	99581	8024032	80.56
2020-2022	2	0.00021	0.00021	0.5	99566	21	99555	7924451	79.59
2020-2022	3	0.00011	0.00011	0.5	99545	11	99539	7824896	78.61
2020-2022	4	0.00010	0.00010	0.5	99533	10	99528	7725357	77.62
2020-2022	5	0.00009	0.00009	0.5	99523	9	99519	7625829	76.62
2020-2022	6	0.00013	0.00013	0.5	99515	13	99508	7526310	75.63
2020-2022	7	0.00013	0.00013	0.5	99502	13	99495	7426801	74.64
2020-2022	8	0.00004	0.00004	0.5	99489	4	99487	7327306	73.65
2020-2022	9	0.00009	0.00009	0.5	99484	9	99480	7227819	72.65
2020-2022	10	0.00005	0.00005	0.5	99475	5	99473	7128340	71.66
2020-2022	11	0.00006	0.00006	0.5	99470	6	99467	7028867	70.66
2020-2022	12	0.00011	0.00011	0.5	99464	11	99459	6929400	69.67
2020-2022	13	0.00011	0.00011	0.5	99453	11	99448	6829941	68.67
2020-2022	14	0.00028	0.00028	0.5	99442	28	99428	6730494	67.68
2020-2022	15	0.00022	0.00022	0.5	99414	22	99403	6631066	66.70
2020-2022	16	0.00032	0.00032	0.5	99392	31	99377	6531662	65.72
2020-2022	17	0.00032	0.00032	0.5	99361	32	99345	6432286	64.74
2020-2022	18	0.00041	0.00041	0.5	99329	41	99309	6332941	63.76
2020-2022	19	0.00046	0.00046	0.5	99288	46	99265	6233632	62.78
2020-2022	20	0.00062	0.00062	0.5	99243	62	99212	6134367	61.81
2020-2022	21	0.00054	0.00054	0.5	99181	54	99154	6035155	60.85
2020-2022	22	0.00050	0.00050	0.5	99127	49	99103	5936001	59.88
2020-2022	23	0.00059	0.00059	0.5	99078	58	99049	5836898	58.91
2020-2022	24	0.00060	0.00060	0.5	99020	59	98990	5737849	57.95
2020-2022	25	0.00053	0.00053	0.5	98960	52	98934	5638859	56.98
2020-2022	26	0.00048	0.00048	0.5	98908	47	98885	5539925	56.01
2020-2022	27	0.00066	0.00066	0.5	98861	65	98828	5441040	55.04
2020-2022	28	0.00066	0.00066	0.5	98796	65	98763	5342212	54.07
2020-2022	29	0.00070	0.00070	0.5	98731	69	98696	5243449	53.11
2020-2022	30	0.00076	0.00076	0.5	98661	75	98624	5144753	52.15
2020-2022	31	0.00081	0.00081	0.5	98586	80	98546	5046129	51.18
2020-2022	32	0.00077	0.00077	0.5	98506	76	98468	4947583	50.23
2020-2022	33	0.00095	0.00095	0.5	98430	93	98383	4849115	49.26
2020-2022	34	0.00096	0.00096	0.5	98336	94	98289	4750732	48.31
2020-2022	35	0.00095	0.00095	0.5	98242	93	98196	4652443	47.36
2020-2022	36	0.00113	0.00113	0.5	98149	111	98094	4554247	46.40
2020-2022	37	0.00100	0.00100	0.5	98039	98	97989	4456153	45.45
2020-2022	38	0.00116	0.00116	0.5	97940	114	97883	4358163	44.50
2020-2022	39	0.00140	0.00140	0.5	97826	137	97758	4260280	43.55
2020-2022	40	0.00141	0.00141	0.5	97689	137	97621	4162522	42.61
2020-2022	41	0.00150	0.00150	0.5	97552	146	97479	4064902	41.67
2020-2022	42	0.00182	0.00182	0.5	97406	177	97317	3967423	40.73
2020-2022	43	0.00179	0.00179	0.5	97229	174	97142	3870105	39.80
2020-2022	44	0.00177	0.00177	0.5	97055	172	96969	3772963	38.87
2020-2022	45	0.00186	0.00186	0.5	96883	180	96793	3675995	37.94
2020-2022	46	0.00223	0.00223	0.5	96703	216	96595	3579202	37.01
2020-2022	47	0.00215	0.00215	0.5	96487	208	96383	3482607	36.09
2020-2022	48	0.00247	0.00247	0.5	96280	238	96161	3386223	35.17
2020-2022	49	0.00278	0.00278	0.5	96042	267	95908	3290063	34.26
2020-2022	50	0.00304	0.00304	0.5	95775	291	95630	3194154	33.35
2020-2022	51	0.00342	0.00341	0.5	95484	326	95321	3098525	32.45
2020-2022	52	0.00355	0.00355	0.5	95158	338	94989	3003203	31.56
2020-2022	53	0.00393	0.00392	0.5	94821	372	94635	2908214	30.67
2020-2022	54	0.00444	0.00443	0.5	94449	419	94240	2813579	29.79
2020-2022	55	0.00450	0.00449	0.5	94030	423	93819	2719339	28.92
2020-2022	56	0.00467	0.00466	0.5	93608	436	93390	2625520	28.05
2020-2022	57	0.00542	0.00540	0.5	93171	503	92920	2532131	27.18
2020-2022	58	0.00592	0.00591	0.5	92668	547	92394	2439211	26.32
2020-2022	59	0.00597	0.00595	0.5	92121	548	91847	2346817	25.48
2020-2022	60	0.00693	0.00691	0.5	91572	633	91256	2254970	24.62
2020-2022	61	0.00750	0.00747	0.5	90940	679	90600	2163714	23.79
2020-2022	62	0.00794	0.00791	0.5	90260	714	89903	2073114	22.97
2020-2022	63	0.00929	0.00925	0.5	89547	828	89133	1983211	22.15
2020-2022	64	0.00934	0.00930	0.5	88719	825	88306	1894078	21.35
2020-2022	65	0.00985	0.00980	0.5	87893	861	87463	1805772	20.55
2020-2022	66	0.01052	0.01046	0.5	87032	910	86577	1718309	19.74
2020-2022	67	0.01115	0.01109	0.5	86122	955	85644	1631732	18.95
2020-2022	68	0.01233	0.01225	0.5	85167	1044	84645	1546088	18.15
2020-2022	69	0.01312	0.01304	0.5	84123	1097	83575	1461443	17.37
2020-2022	70	0.01467	0.01457	0.5	83026	1209	82422	1377869	16.60
2020-2022	71	0.01544	0.01532	0.5	81817	1253	81190	1295447	15.83
2020-2022	72	0.01825	0.01808	0.5	80563	1457	79835	1214257	15.07
2020-2022	73	0.01926	0.01908	0.5	79107	1509	78352	1134422	14.34
2020-2022	74	0.02163	0.02140	0.5	77598	1660	76767	1056070	13.61
2020-2022	75	0.02434	0.02404	0.5	75937	1826	75024	979303	12.90
2020-2022	76	0.02626	0.02592	0.5	74111	1921	73151	904279	12.20
2020-2022	77	0.03145	0.03096	0.5	72190	2235	71073	831128	11.51
2020-2022	78	0.03399	0.03342	0.5	69955	2338	68786	760055	10.86
2020-2022	79	0.03865	0.03792	0.5	67617	2564	66335	691269	10.22
2020-2022	80	0.04310	0.04219	0.5	65054	2745	63681	624934	9.61
2020-2022	81	0.04787	0.04675	0.5	62309	2913	60852	561253	9.01
2020-2022	82	0.05395	0.05253	0.5	59396	3120	57836	500400	8.42
2020-2022	83	0.06199	0.06013	0.5	56276	3384	54584	442565	7.86
2020-2022	84	0.07002	0.06765	0.5	52892	3578	51103	387981	7.34
2020-2022	85	0.07820	0.07526	0.5	49314	3711	47458	336878	6.83
2020-2022	86	0.08703	0.08340	0.5	45603	3803	43701	289420	6.35
2020-2022	87	0.09724	0.09273	0.5	41799	3876	39861	245719	5.88
2020-2022	88	0.11160	0.10570	0.5	37923	4009	35919	205857	5.43
2020-2022	89	0.12970	0.12180	0.5	33915	4131	31849	169939	5.01
2020-2022	90	0.14611	0.13617	0.5	29784	4056	27756	138089	4.64
2020-2022	91	0.16421	0.15175	0.5	25728	3904	23776	110333	4.29
2020-2022	92	0.18406	0.16855	0.5	21824	3678	19985	86557	3.97
2020-2022	93	0.20573	0.18654	0.5	18146	3385	16453	66573	3.67
2020-2022	94	0.22922	0.20565	0.5	14761	3036	13243	50119	3.40
2020-2022	95	0.25454	0.22580	0.5	11725	2648	10401	36877	3.15
2020-2022	96	0.28164	0.24687	0.5	9078	2241	7957	26475	2.92
2020-2022	97	0.31042	0.26871	0.5	6837	1837	5918	18518	2.71
2020-2022	98	0.34074	0.29114	0.5	4999	1456	4272	12600	2.52
2020-2022	99	0.37243	0.31396	0.5	3544	1113	2988	8328	2.35
2020-2022	100	0.40525	0.33697	0.5	2431	819	2022	5341	2.20
2020-2022	101	0.43894	0.35994	0.5	1612	580	1322	3319	2.06
2020-2022	102	0.47320	0.38266	0.5	1032	395	834	1997	1.94
2020-2022	103	0.50772	0.40493	0.5	637	258	508	1163	1.83
2020-2022	104	0.54217	0.42654	0.5	379	162	298	655	1.73
2020-2022	105	0.57621	0.44733	0.5	217	97	169	357	1.64
2020-2022	106	0.60955	0.46717	0.5	120	56	92	188	1.56
2020-2022	107	0.64190	0.48594	0.5	64	31	48	96	1.50
2020-2022	108	0.67300	0.50355	0.5	33	17	25	47	1.44
2020-2022	109	0.70265	0.51997	0.5	16	8	12	23	1.40
2020-2022	110+	0.73069	1.00000	1.37	8	8	11	11	1.37
