PA: PA, Lifetables (period 1x10), Both sexes Last modified: February 4 2025, MPv5 (May07) 

Year     	Age	mx	qx	ax	lx	dx	Lx	Tx	ex
1941-1949	0	0.03648	0.03538	0.15	100000	3538	96990	6563217	65.63
1941-1949	1	0.00287	0.00286	0.5	96462	276	96324	6466227	67.03
1941-1949	2	0.00171	0.00171	0.5	96186	165	96103	6369903	66.23
1941-1949	3	0.00136	0.00136	0.5	96021	130	95956	6273800	65.34
1941-1949	4	0.00110	0.00110	0.5	95890	105	95838	6177844	64.43
1941-1949	5	0.00096	0.00096	0.5	95785	92	95739	6082007	63.50
1941-1949	6	0.00088	0.00088	0.5	95693	84	95651	5986267	62.56
1941-1949	7	0.00083	0.00083	0.5	95609	79	95570	5890616	61.61
1941-1949	8	0.00078	0.00078	0.5	95530	75	95493	5795046	60.66
1941-1949	9	0.00075	0.00075	0.5	95455	71	95420	5699553	59.71
1941-1949	10	0.00073	0.00073	0.5	95384	69	95349	5604134	58.75
1941-1949	11	0.00073	0.00073	0.5	95315	70	95280	5508784	57.80
1941-1949	12	0.00077	0.00077	0.5	95245	73	95208	5413505	56.84
1941-1949	13	0.00083	0.00083	0.5	95171	79	95132	5318297	55.88
1941-1949	14	0.00090	0.00090	0.5	95093	86	95050	5223165	54.93
1941-1949	15	0.00100	0.00100	0.5	95007	95	94959	5128115	53.98
1941-1949	16	0.00109	0.00109	0.5	94912	104	94860	5033156	53.03
1941-1949	17	0.00118	0.00118	0.5	94808	112	94752	4938296	52.09
1941-1949	18	0.00127	0.00127	0.5	94696	120	94636	4843543	51.15
1941-1949	19	0.00135	0.00135	0.5	94576	128	94513	4748907	50.21
1941-1949	20	0.00143	0.00143	0.5	94449	135	94381	4654395	49.28
1941-1949	21	0.00150	0.00150	0.5	94314	142	94243	4560013	48.35
1941-1949	22	0.00156	0.00156	0.5	94172	147	94099	4465770	47.42
1941-1949	23	0.00162	0.00162	0.5	94025	152	93949	4371671	46.49
1941-1949	24	0.00166	0.00166	0.5	93873	156	93795	4277722	45.57
1941-1949	25	0.00170	0.00170	0.5	93717	159	93638	4183927	44.64
1941-1949	26	0.00174	0.00174	0.5	93559	163	93477	4090289	43.72
1941-1949	27	0.00179	0.00179	0.5	93396	167	93312	3996812	42.79
1941-1949	28	0.00186	0.00186	0.5	93229	174	93142	3903499	41.87
1941-1949	29	0.00195	0.00195	0.5	93055	181	92965	3810357	40.95
1941-1949	30	0.00205	0.00205	0.5	92874	190	92779	3717393	40.03
1941-1949	31	0.00216	0.00216	0.5	92683	200	92583	3624614	39.11
1941-1949	32	0.00230	0.00230	0.5	92483	213	92377	3532031	38.19
1941-1949	33	0.00246	0.00246	0.5	92271	227	92157	3439654	37.28
1941-1949	34	0.00265	0.00265	0.5	92043	244	91922	3347497	36.37
1941-1949	35	0.00288	0.00288	0.5	91800	264	91668	3255576	35.46
1941-1949	36	0.00313	0.00313	0.5	91535	286	91392	3163908	34.56
1941-1949	37	0.00341	0.00341	0.5	91249	311	91093	3072516	33.67
1941-1949	38	0.00375	0.00374	0.5	90938	340	90768	2981423	32.79
1941-1949	39	0.00412	0.00411	0.5	90598	372	90412	2890655	31.91
1941-1949	40	0.00451	0.00450	0.5	90226	406	90023	2800243	31.04
1941-1949	41	0.00489	0.00488	0.5	89820	438	89601	2710220	30.17
1941-1949	42	0.00534	0.00533	0.5	89382	476	89144	2620620	29.32
1941-1949	43	0.00584	0.00582	0.5	88906	518	88647	2531476	28.47
1941-1949	44	0.00631	0.00629	0.5	88388	556	88110	2442829	27.64
1941-1949	45	0.00686	0.00683	0.5	87832	600	87532	2354719	26.81
1941-1949	46	0.00743	0.00740	0.5	87232	646	86909	2267187	25.99
1941-1949	47	0.00806	0.00803	0.5	86586	695	86239	2180278	25.18
1941-1949	48	0.00884	0.00880	0.5	85891	756	85513	2094039	24.38
1941-1949	49	0.00976	0.00971	0.5	85135	827	84722	2008526	23.59
1941-1949	50	0.01082	0.01077	0.5	84309	908	83855	1923804	22.82
1941-1949	51	0.01177	0.01170	0.5	83401	976	82913	1839949	22.06
1941-1949	52	0.01275	0.01267	0.5	82425	1044	81903	1757036	21.32
1941-1949	53	0.01383	0.01374	0.5	81381	1118	80822	1675133	20.58
1941-1949	54	0.01490	0.01479	0.5	80263	1187	79670	1594311	19.86
1941-1949	55	0.01608	0.01595	0.5	79076	1261	78446	1514641	19.15
1941-1949	56	0.01727	0.01713	0.5	77815	1333	77149	1436195	18.46
1941-1949	57	0.01856	0.01839	0.5	76483	1406	75779	1359046	17.77
1941-1949	58	0.02005	0.01985	0.5	75076	1490	74331	1283267	17.09
1941-1949	59	0.02165	0.02142	0.5	73586	1576	72798	1208936	16.43
1941-1949	60	0.02342	0.02315	0.5	72010	1667	71176	1136138	15.78
1941-1949	61	0.02515	0.02484	0.5	70342	1747	69469	1064962	15.14
1941-1949	62	0.02716	0.02679	0.5	68595	1838	67676	995494	14.51
1941-1949	63	0.02956	0.02913	0.5	66757	1945	65785	927817	13.90
1941-1949	64	0.03202	0.03151	0.5	64813	2042	63791	862032	13.30
1941-1949	65	0.03501	0.03441	0.5	62770	2160	61690	798241	12.72
1941-1949	66	0.03794	0.03723	0.5	60610	2257	59482	736551	12.15
1941-1949	67	0.04093	0.04011	0.5	58354	2340	57183	677069	11.60
1941-1949	68	0.04464	0.04367	0.5	56013	2446	54790	619885	11.07
1941-1949	69	0.04859	0.04744	0.5	53567	2541	52297	565095	10.55
1941-1949	70	0.05303	0.05166	0.5	51026	2636	49708	512798	10.05
1941-1949	71	0.05705	0.05547	0.5	48390	2684	47048	463091	9.57
1941-1949	72	0.06150	0.05966	0.5	45706	2727	44342	416043	9.10
1941-1949	73	0.06699	0.06482	0.5	42979	2786	41586	371701	8.65
1941-1949	74	0.07256	0.07002	0.5	40193	2814	38786	330115	8.21
1941-1949	75	0.07911	0.07610	0.5	37379	2845	35956	291329	7.79
1941-1949	76	0.08542	0.08192	0.5	34534	2829	33119	255373	7.39
1941-1949	77	0.09154	0.08753	0.5	31705	2775	30317	222253	7.01
1941-1949	78	0.09919	0.09450	0.5	28930	2734	27563	191936	6.63
1941-1949	79	0.10768	0.10218	0.5	26196	2677	24858	164373	6.27
1941-1949	80	0.11439	0.10821	0.5	23519	2545	22247	139515	5.93
1941-1949	81	0.12454	0.11724	0.5	20974	2459	19745	117268	5.59
1941-1949	82	0.13560	0.12699	0.5	18515	2351	17340	97524	5.27
1941-1949	83	0.14764	0.13749	0.5	16164	2222	15053	80184	4.96
1941-1949	84	0.16048	0.14856	0.5	13942	2071	12906	65131	4.67
1941-1949	85	0.17389	0.15998	0.5	11870	1899	10921	52225	4.40
1941-1949	86	0.18861	0.17236	0.5	9971	1719	9112	41304	4.14
1941-1949	87	0.20504	0.18597	0.5	8253	1535	7485	32192	3.90
1941-1949	88	0.22295	0.20059	0.5	6718	1348	6044	24706	3.68
1941-1949	89	0.24150	0.21548	0.5	5370	1157	4792	18662	3.47
1941-1949	90	0.25911	0.22939	0.5	4213	966	3730	13870	3.29
1941-1949	91	0.27525	0.24195	0.5	3247	786	2854	10140	3.12
1941-1949	92	0.29218	0.25494	0.5	2461	627	2147	7286	2.96
1941-1949	93	0.31263	0.27037	0.5	1834	496	1586	5139	2.80
1941-1949	94	0.33385	0.28609	0.5	1338	383	1147	3553	2.66
1941-1949	95	0.35577	0.30204	0.5	955	289	811	2406	2.52
1941-1949	96	0.37833	0.31815	0.5	667	212	561	1595	2.39
1941-1949	97	0.40145	0.33434	0.5	455	152	379	1035	2.28
1941-1949	98	0.42503	0.35053	0.5	303	106	250	656	2.17
1941-1949	99	0.44897	0.36666	0.5	197	72	160	407	2.07
1941-1949	100	0.47316	0.38264	0.5	124	48	101	246	1.98
1941-1949	101	0.49750	0.39840	0.5	77	31	62	145	1.89
1941-1949	102	0.52186	0.41387	0.5	46	19	37	84	1.82
1941-1949	103	0.54614	0.42900	0.5	27	12	21	47	1.74
1941-1949	104	0.57022	0.44371	0.5	15	7	12	26	1.68
1941-1949	105	0.59399	0.45797	0.5	9	4	7	14	1.62
1941-1949	106	0.61733	0.47173	0.5	5	2	4	7	1.57
1941-1949	107	0.64017	0.48495	0.5	2	1	2	4	1.52
1941-1949	108	0.66240	0.49760	0.5	1	1	1	2	1.48
1941-1949	109	0.68395	0.50966	0.5	1	0	0	1	1.44
1941-1949	110+	0.70475	1.00000	1.42	0	0	0	0	1.42
1950-1959	0	0.02620	0.02561	0.12	100000	2561	97749	6881087	68.81
1950-1959	1	0.00161	0.00161	0.5	97439	157	97360	6783338	69.62
1950-1959	2	0.00101	0.00101	0.5	97282	99	97233	6685977	68.73
1950-1959	3	0.00078	0.00078	0.5	97184	76	97146	6588744	67.80
1950-1959	4	0.00063	0.00063	0.5	97108	62	97077	6491599	66.85
1950-1959	5	0.00058	0.00058	0.5	97046	56	97018	6394522	65.89
1950-1959	6	0.00053	0.00053	0.5	96990	52	96964	6297504	64.93
1950-1959	7	0.00049	0.00049	0.5	96938	47	96915	6200540	63.96
1950-1959	8	0.00045	0.00045	0.5	96891	44	96869	6103625	62.99
1950-1959	9	0.00041	0.00041	0.5	96847	40	96827	6006756	62.02
1950-1959	10	0.00039	0.00039	0.5	96807	38	96788	5909928	61.05
1950-1959	11	0.00040	0.00040	0.5	96769	38	96750	5813140	60.07
1950-1959	12	0.00043	0.00043	0.5	96731	42	96710	5716390	59.10
1950-1959	13	0.00046	0.00046	0.5	96689	45	96667	5619680	58.12
1950-1959	14	0.00054	0.00054	0.5	96645	53	96618	5523013	57.15
1950-1959	15	0.00066	0.00066	0.5	96592	64	96560	5426395	56.18
1950-1959	16	0.00080	0.00080	0.5	96528	77	96490	5329834	55.22
1950-1959	17	0.00088	0.00088	0.5	96451	85	96409	5233345	54.26
1950-1959	18	0.00097	0.00097	0.5	96367	93	96320	5136936	53.31
1950-1959	19	0.00102	0.00102	0.5	96273	98	96224	5040616	52.36
1950-1959	20	0.00105	0.00105	0.5	96175	101	96125	4944392	51.41
1950-1959	21	0.00110	0.00110	0.5	96074	106	96022	4848267	50.46
1950-1959	22	0.00110	0.00110	0.5	95969	105	95916	4752246	49.52
1950-1959	23	0.00112	0.00112	0.5	95863	107	95810	4656330	48.57
1950-1959	24	0.00112	0.00112	0.5	95756	107	95703	4560520	47.63
1950-1959	25	0.00114	0.00114	0.5	95649	109	95595	4464817	46.68
1950-1959	26	0.00115	0.00115	0.5	95540	110	95485	4369222	45.73
1950-1959	27	0.00120	0.00119	0.5	95430	114	95373	4273737	44.78
1950-1959	28	0.00124	0.00124	0.5	95316	118	95257	4178364	43.84
1950-1959	29	0.00128	0.00128	0.5	95198	122	95137	4083107	42.89
1950-1959	30	0.00135	0.00135	0.5	95076	129	95011	3987971	41.95
1950-1959	31	0.00143	0.00143	0.5	94947	136	94879	3892959	41.00
1950-1959	32	0.00154	0.00154	0.5	94812	146	94738	3798080	40.06
1950-1959	33	0.00165	0.00165	0.5	94665	156	94587	3703342	39.12
1950-1959	34	0.00177	0.00177	0.5	94509	167	94426	3608754	38.18
1950-1959	35	0.00192	0.00192	0.5	94342	181	94252	3514329	37.25
1950-1959	36	0.00208	0.00208	0.5	94162	196	94064	3420077	36.32
1950-1959	37	0.00227	0.00227	0.5	93966	213	93859	3326013	35.40
1950-1959	38	0.00254	0.00254	0.5	93753	238	93634	3232154	34.48
1950-1959	39	0.00282	0.00282	0.5	93515	264	93383	3138520	33.56
1950-1959	40	0.00314	0.00314	0.5	93251	292	93105	3045137	32.66
1950-1959	41	0.00348	0.00347	0.5	92959	323	92797	2952032	31.76
1950-1959	42	0.00388	0.00387	0.5	92636	358	92457	2859235	30.87
1950-1959	43	0.00426	0.00425	0.5	92277	393	92081	2766778	29.98
1950-1959	44	0.00475	0.00474	0.5	91885	436	91667	2674697	29.11
1950-1959	45	0.00524	0.00522	0.5	91449	478	91210	2583030	28.25
1950-1959	46	0.00585	0.00583	0.5	90971	530	90706	2491820	27.39
1950-1959	47	0.00644	0.00642	0.5	90441	580	90151	2401113	26.55
1950-1959	48	0.00716	0.00714	0.5	89861	641	89540	2310962	25.72
1950-1959	49	0.00782	0.00779	0.5	89219	695	88872	2221422	24.90
1950-1959	50	0.00859	0.00856	0.5	88524	757	88145	2132550	24.09
1950-1959	51	0.00938	0.00934	0.5	87767	820	87357	2044405	23.29
1950-1959	52	0.01036	0.01031	0.5	86947	896	86499	1957048	22.51
1950-1959	53	0.01136	0.01129	0.5	86051	972	85565	1870549	21.74
1950-1959	54	0.01233	0.01225	0.5	85079	1042	84558	1784985	20.98
1950-1959	55	0.01339	0.01330	0.5	84036	1117	83478	1700427	20.23
1950-1959	56	0.01447	0.01437	0.5	82919	1191	82323	1616949	19.50
1950-1959	57	0.01568	0.01556	0.5	81728	1271	81092	1534626	18.78
1950-1959	58	0.01725	0.01710	0.5	80456	1376	79768	1453534	18.07
1950-1959	59	0.01879	0.01862	0.5	79080	1472	78344	1373766	17.37
1950-1959	60	0.02021	0.02001	0.5	77608	1553	76832	1295421	16.69
1950-1959	61	0.02194	0.02170	0.5	76055	1651	75230	1218590	16.02
1950-1959	62	0.02399	0.02371	0.5	74404	1764	73523	1143360	15.37
1950-1959	63	0.02612	0.02579	0.5	72641	1873	71704	1069837	14.73
1950-1959	64	0.02849	0.02809	0.5	70767	1988	69774	998133	14.10
1950-1959	65	0.03109	0.03062	0.5	68780	2106	67727	928360	13.50
1950-1959	66	0.03361	0.03305	0.5	66674	2204	65572	860633	12.91
1950-1959	67	0.03685	0.03618	0.5	64470	2332	63304	795061	12.33
1950-1959	68	0.03975	0.03897	0.5	62138	2422	60927	731756	11.78
1950-1959	69	0.04289	0.04199	0.5	59716	2508	58462	670829	11.23
1950-1959	70	0.04614	0.04509	0.5	57209	2580	55919	612367	10.70
1950-1959	71	0.04985	0.04864	0.5	54629	2657	53300	556448	10.19
1950-1959	72	0.05434	0.05290	0.5	51972	2749	50597	503148	9.68
1950-1959	73	0.05922	0.05752	0.5	49222	2831	47807	452551	9.19
1950-1959	74	0.06450	0.06249	0.5	46391	2899	44942	404744	8.72
1950-1959	75	0.07071	0.06829	0.5	43492	2970	42007	359802	8.27
1950-1959	76	0.07629	0.07349	0.5	40522	2978	39033	317795	7.84
1950-1959	77	0.08295	0.07965	0.5	37544	2990	36049	278762	7.42
1950-1959	78	0.09074	0.08680	0.5	34554	2999	33054	242713	7.02
1950-1959	79	0.09905	0.09438	0.5	31555	2978	30066	209659	6.64
1950-1959	80	0.10522	0.09996	0.5	28576	2856	27148	179593	6.28
1950-1959	81	0.11335	0.10727	0.5	25720	2759	24341	152445	5.93
1950-1959	82	0.12405	0.11680	0.5	22961	2682	21620	128105	5.58
1950-1959	83	0.13547	0.12688	0.5	20279	2573	18993	106485	5.25
1950-1959	84	0.14746	0.13733	0.5	17706	2432	16490	87492	4.94
1950-1959	85	0.16037	0.14847	0.5	15275	2268	14141	71002	4.65
1950-1959	86	0.17494	0.16087	0.5	13007	2092	11961	56861	4.37
1950-1959	87	0.19059	0.17401	0.5	10914	1899	9965	44900	4.11
1950-1959	88	0.20692	0.18752	0.5	9015	1691	8170	34936	3.88
1950-1959	89	0.22532	0.20251	0.5	7325	1483	6583	26766	3.65
1950-1959	90	0.24333	0.21693	0.5	5841	1267	5208	20183	3.46
1950-1959	91	0.25378	0.22521	0.5	4574	1030	4059	14975	3.27
1950-1959	92	0.27306	0.24025	0.5	3544	851	3118	10916	3.08
1950-1959	93	0.29900	0.26011	0.5	2693	700	2342	7797	2.90
1950-1959	94	0.32039	0.27615	0.5	1992	550	1717	5455	2.74
1950-1959	95	0.34258	0.29248	0.5	1442	422	1231	3738	2.59
1950-1959	96	0.36549	0.30902	0.5	1020	315	863	2507	2.46
1950-1959	97	0.38904	0.32569	0.5	705	230	590	1644	2.33
1950-1959	98	0.41314	0.34241	0.5	475	163	394	1054	2.22
1950-1959	99	0.43768	0.35909	0.5	313	112	256	660	2.11
1950-1959	100	0.46254	0.37566	0.5	200	75	163	403	2.01
1950-1959	101	0.48760	0.39203	0.5	125	49	101	241	1.92
1950-1959	102	0.51275	0.40812	0.5	76	31	61	140	1.84
1950-1959	103	0.53784	0.42386	0.5	45	19	35	79	1.77
1950-1959	104	0.56276	0.43918	0.5	26	11	20	44	1.70
1950-1959	105	0.58738	0.45403	0.5	15	7	11	24	1.63
1950-1959	106	0.61159	0.46836	0.5	8	4	6	13	1.58
1950-1959	107	0.63527	0.48213	0.5	4	2	3	6	1.53
1950-1959	108	0.65832	0.49529	0.5	2	1	2	3	1.48
1950-1959	109	0.68066	0.50783	0.5	1	1	1	2	1.45
1950-1959	110+	0.70222	1.00000	1.42	1	1	1	1	1.42
1960-1969	0	0.02319	0.02272	0.11	100000	2272	97984	6981216	69.81
1960-1969	1	0.00122	0.00122	0.5	97728	120	97668	6883232	70.43
1960-1969	2	0.00082	0.00082	0.5	97609	80	97569	6785564	69.52
1960-1969	3	0.00067	0.00067	0.5	97529	65	97496	6687995	68.57
1960-1969	4	0.00053	0.00053	0.5	97464	52	97438	6590498	67.62
1960-1969	5	0.00049	0.00049	0.5	97412	48	97388	6493061	66.66
1960-1969	6	0.00045	0.00045	0.5	97364	44	97342	6395673	65.69
1960-1969	7	0.00039	0.00039	0.5	97320	38	97301	6298330	64.72
1960-1969	8	0.00037	0.00037	0.5	97282	36	97264	6201029	63.74
1960-1969	9	0.00038	0.00038	0.5	97247	37	97228	6103765	62.77
1960-1969	10	0.00032	0.00032	0.5	97210	31	97194	6006536	61.79
1960-1969	11	0.00032	0.00032	0.5	97179	31	97163	5909342	60.81
1960-1969	12	0.00032	0.00032	0.5	97148	31	97132	5812179	59.83
1960-1969	13	0.00038	0.00038	0.5	97116	37	97098	5715047	58.85
1960-1969	14	0.00043	0.00043	0.5	97079	42	97058	5617949	57.87
1960-1969	15	0.00058	0.00058	0.5	97038	56	97009	5520891	56.89
1960-1969	16	0.00072	0.00072	0.5	96981	70	96947	5423881	55.93
1960-1969	17	0.00085	0.00085	0.5	96912	82	96871	5326935	54.97
1960-1969	18	0.00099	0.00099	0.5	96830	96	96782	5230064	54.01
1960-1969	19	0.00108	0.00108	0.5	96734	105	96681	5133282	53.07
1960-1969	20	0.00104	0.00104	0.5	96629	101	96579	5036601	52.12
1960-1969	21	0.00113	0.00113	0.5	96529	109	96474	4940022	51.18
1960-1969	22	0.00111	0.00111	0.5	96420	107	96366	4843548	50.23
1960-1969	23	0.00109	0.00108	0.5	96313	104	96261	4747181	49.29
1960-1969	24	0.00109	0.00109	0.5	96208	105	96156	4650921	48.34
1960-1969	25	0.00113	0.00113	0.5	96104	108	96049	4554765	47.39
1960-1969	26	0.00113	0.00113	0.5	95995	108	95941	4458715	46.45
1960-1969	27	0.00111	0.00111	0.5	95887	106	95834	4362774	45.50
1960-1969	28	0.00122	0.00122	0.5	95781	117	95722	4266940	44.55
1960-1969	29	0.00121	0.00121	0.5	95664	116	95606	4171218	43.60
1960-1969	30	0.00127	0.00127	0.5	95548	122	95487	4075612	42.66
1960-1969	31	0.00134	0.00134	0.5	95426	127	95362	3980125	41.71
1960-1969	32	0.00140	0.00140	0.5	95299	134	95232	3884763	40.76
1960-1969	33	0.00151	0.00151	0.5	95165	144	95093	3789531	39.82
1960-1969	34	0.00165	0.00165	0.5	95022	156	94943	3694438	38.88
1960-1969	35	0.00182	0.00182	0.5	94865	173	94779	3599495	37.94
1960-1969	36	0.00197	0.00197	0.5	94692	186	94599	3504716	37.01
1960-1969	37	0.00216	0.00215	0.5	94506	204	94404	3410117	36.08
1960-1969	38	0.00241	0.00241	0.5	94302	227	94189	3315713	35.16
1960-1969	39	0.00264	0.00263	0.5	94075	248	93951	3221524	34.24
1960-1969	40	0.00286	0.00285	0.5	93827	268	93693	3127573	33.33
1960-1969	41	0.00317	0.00317	0.5	93560	296	93411	3033879	32.43
1960-1969	42	0.00356	0.00355	0.5	93263	331	93098	2940468	31.53
1960-1969	43	0.00380	0.00379	0.5	92932	352	92756	2847370	30.64
1960-1969	44	0.00416	0.00415	0.5	92580	384	92388	2754614	29.75
1960-1969	45	0.00476	0.00475	0.5	92195	438	91976	2662226	28.88
1960-1969	46	0.00525	0.00524	0.5	91757	481	91517	2570250	28.01
1960-1969	47	0.00582	0.00580	0.5	91276	530	91012	2478733	27.16
1960-1969	48	0.00636	0.00634	0.5	90747	575	90459	2387722	26.31
1960-1969	49	0.00700	0.00698	0.5	90172	629	89857	2297262	25.48
1960-1969	50	0.00790	0.00787	0.5	89543	705	89190	2207405	24.65
1960-1969	51	0.00851	0.00847	0.5	88838	753	88461	2118215	23.84
1960-1969	52	0.00956	0.00951	0.5	88085	838	87666	2029754	23.04
1960-1969	53	0.01046	0.01040	0.5	87247	908	86793	1942088	22.26
1960-1969	54	0.01117	0.01110	0.5	86339	959	85860	1855295	21.49
1960-1969	55	0.01221	0.01213	0.5	85380	1036	84862	1769435	20.72
1960-1969	56	0.01342	0.01333	0.5	84344	1124	83782	1684573	19.97
1960-1969	57	0.01475	0.01464	0.5	83220	1218	82611	1600791	19.24
1960-1969	58	0.01628	0.01615	0.5	82002	1324	81339	1518180	18.51
1960-1969	59	0.01748	0.01733	0.5	80677	1398	79978	1436841	17.81
1960-1969	60	0.01919	0.01901	0.5	79279	1507	78526	1356862	17.12
1960-1969	61	0.02063	0.02042	0.5	77772	1588	76978	1278337	16.44
1960-1969	62	0.02333	0.02306	0.5	76184	1757	75306	1201358	15.77
1960-1969	63	0.02453	0.02423	0.5	74427	1804	73525	1126053	15.13
1960-1969	64	0.02643	0.02609	0.5	72624	1895	71676	1052527	14.49
1960-1969	65	0.02976	0.02932	0.5	70729	2074	69692	980851	13.87
1960-1969	66	0.03089	0.03042	0.5	68655	2089	67611	911159	13.27
1960-1969	67	0.03473	0.03414	0.5	66567	2273	65430	843548	12.67
1960-1969	68	0.03719	0.03651	0.5	64294	2347	63120	778118	12.10
1960-1969	69	0.04040	0.03960	0.5	61947	2453	60720	714997	11.54
1960-1969	70	0.04425	0.04329	0.5	59493	2576	58206	654277	11.00
1960-1969	71	0.04606	0.04502	0.5	56918	2563	55637	596071	10.47
1960-1969	72	0.05264	0.05129	0.5	54355	2788	52961	540435	9.94
1960-1969	73	0.05669	0.05512	0.5	51568	2843	50146	487473	9.45
1960-1969	74	0.06115	0.05933	0.5	48725	2891	47279	437327	8.98
1960-1969	75	0.06802	0.06578	0.5	45834	3015	44327	390048	8.51
1960-1969	76	0.07187	0.06938	0.5	42819	2971	41334	345721	8.07
1960-1969	77	0.07673	0.07389	0.5	39848	2945	38376	304387	7.64
1960-1969	78	0.08451	0.08109	0.5	36904	2992	35408	266011	7.21
1960-1969	79	0.09071	0.08677	0.5	33912	2943	32440	230604	6.80
1960-1969	80	0.10328	0.09821	0.5	30969	3042	29448	198163	6.40
1960-1969	81	0.10780	0.10229	0.5	27927	2857	26499	168715	6.04
1960-1969	82	0.12104	0.11413	0.5	25071	2861	23640	142216	5.67
1960-1969	83	0.13221	0.12401	0.5	22209	2754	20832	118576	5.34
1960-1969	84	0.14564	0.13575	0.5	19455	2641	18135	97744	5.02
1960-1969	85	0.15691	0.14549	0.5	16814	2446	15591	79609	4.73
1960-1969	86	0.17077	0.15733	0.5	14368	2261	13237	64018	4.46
1960-1969	87	0.18639	0.17050	0.5	12107	2064	11075	50781	4.19
1960-1969	88	0.19958	0.18147	0.5	10043	1823	9132	39706	3.95
1960-1969	89	0.21920	0.19755	0.5	8220	1624	7408	30574	3.72
1960-1969	90	0.23534	0.21056	0.5	6596	1389	5902	23165	3.51
1960-1969	91	0.24799	0.22063	0.5	5207	1149	4633	17263	3.32
1960-1969	92	0.27536	0.24203	0.5	4059	982	3567	12630	3.11
1960-1969	93	0.29213	0.25490	0.5	3076	784	2684	9063	2.95
1960-1969	94	0.31350	0.27102	0.5	2292	621	1982	6379	2.78
1960-1969	95	0.33572	0.28747	0.5	1671	480	1431	4397	2.63
1960-1969	96	0.35873	0.30417	0.5	1191	362	1010	2967	2.49
1960-1969	97	0.38245	0.32106	0.5	828	266	695	1957	2.36
1960-1969	98	0.40678	0.33803	0.5	562	190	467	1262	2.24
1960-1969	99	0.43161	0.35500	0.5	372	132	306	794	2.13
1960-1969	100	0.45683	0.37189	0.5	240	89	196	488	2.03
1960-1969	101	0.48231	0.38860	0.5	151	59	122	293	1.94
1960-1969	102	0.50792	0.40505	0.5	92	37	74	171	1.85
1960-1969	103	0.53352	0.42117	0.5	55	23	43	97	1.78
1960-1969	104	0.55898	0.43688	0.5	32	14	25	54	1.71
1960-1969	105	0.58417	0.45212	0.5	18	8	14	29	1.64
1960-1969	106	0.60896	0.46682	0.5	10	5	8	16	1.58
1960-1969	107	0.63323	0.48096	0.5	5	3	4	8	1.53
1960-1969	108	0.65688	0.49447	0.5	3	1	2	4	1.48
1960-1969	109	0.67979	0.50735	0.5	1	1	1	2	1.45
1960-1969	110+	0.70189	1.00000	1.42	1	1	1	1	1.42
1970-1979	0	0.01657	0.01633	0.09	100000	1633	98521	7186196	71.86
1970-1979	1	0.00093	0.00093	0.5	98367	91	98322	7087674	72.05
1970-1979	2	0.00063	0.00063	0.5	98276	62	98245	6989352	71.12
1970-1979	3	0.00054	0.00054	0.5	98214	53	98188	6891107	70.16
1970-1979	4	0.00045	0.00045	0.5	98161	44	98139	6792919	69.20
1970-1979	5	0.00042	0.00042	0.5	98117	41	98097	6694780	68.23
1970-1979	6	0.00039	0.00039	0.5	98076	38	98057	6596683	67.26
1970-1979	7	0.00034	0.00034	0.5	98038	33	98022	6498626	66.29
1970-1979	8	0.00034	0.00034	0.5	98005	33	97989	6400604	65.31
1970-1979	9	0.00031	0.00031	0.5	97972	30	97957	6302616	64.33
1970-1979	10	0.00029	0.00029	0.5	97942	28	97928	6204659	63.35
1970-1979	11	0.00029	0.00029	0.5	97914	28	97900	6106730	62.37
1970-1979	12	0.00031	0.00031	0.5	97886	30	97871	6008830	61.39
1970-1979	13	0.00035	0.00035	0.5	97856	35	97839	5910959	60.40
1970-1979	14	0.00045	0.00045	0.5	97821	44	97799	5813121	59.43
1970-1979	15	0.00054	0.00054	0.5	97778	53	97751	5715321	58.45
1970-1979	16	0.00073	0.00073	0.5	97725	72	97689	5617570	57.48
1970-1979	17	0.00095	0.00095	0.5	97653	93	97607	5519881	56.53
1970-1979	18	0.00108	0.00108	0.5	97560	106	97507	5422275	55.58
1970-1979	19	0.00112	0.00112	0.5	97454	109	97400	5324767	54.64
1970-1979	20	0.00119	0.00118	0.5	97346	115	97288	5227368	53.70
1970-1979	21	0.00127	0.00127	0.5	97230	123	97169	5130080	52.76
1970-1979	22	0.00119	0.00119	0.5	97107	116	97049	5032911	51.83
1970-1979	23	0.00116	0.00116	0.5	96991	112	96935	4935862	50.89
1970-1979	24	0.00118	0.00118	0.5	96879	114	96822	4838926	49.95
1970-1979	25	0.00115	0.00115	0.5	96765	111	96709	4742104	49.01
1970-1979	26	0.00118	0.00117	0.5	96653	114	96597	4645395	48.06
1970-1979	27	0.00114	0.00114	0.5	96540	110	96485	4548798	47.12
1970-1979	28	0.00113	0.00113	0.5	96430	109	96376	4452313	46.17
1970-1979	29	0.00123	0.00123	0.5	96322	118	96263	4355937	45.22
1970-1979	30	0.00120	0.00120	0.5	96204	115	96146	4259675	44.28
1970-1979	31	0.00130	0.00129	0.5	96089	124	96026	4163529	43.33
1970-1979	32	0.00139	0.00139	0.5	95964	134	95897	4067502	42.39
1970-1979	33	0.00148	0.00148	0.5	95831	141	95760	3971605	41.44
1970-1979	34	0.00157	0.00157	0.5	95689	150	95614	3875845	40.50
1970-1979	35	0.00174	0.00174	0.5	95539	166	95456	3780231	39.57
1970-1979	36	0.00185	0.00185	0.5	95373	176	95285	3684775	38.64
1970-1979	37	0.00208	0.00208	0.5	95196	198	95098	3589491	37.71
1970-1979	38	0.00214	0.00214	0.5	94999	203	94897	3494393	36.78
1970-1979	39	0.00227	0.00227	0.5	94796	215	94688	3399496	35.86
1970-1979	40	0.00258	0.00257	0.5	94581	243	94459	3304808	34.94
1970-1979	41	0.00285	0.00284	0.5	94338	268	94204	3210349	34.03
1970-1979	42	0.00328	0.00327	0.5	94070	308	93916	3116145	33.13
1970-1979	43	0.00347	0.00346	0.5	93762	324	93600	3022229	32.23
1970-1979	44	0.00385	0.00385	0.5	93437	359	93258	2928630	31.34
1970-1979	45	0.00427	0.00426	0.5	93078	396	92880	2835372	30.46
1970-1979	46	0.00473	0.00472	0.5	92682	438	92463	2742492	29.59
1970-1979	47	0.00509	0.00508	0.5	92244	468	92010	2650029	28.73
1970-1979	48	0.00559	0.00557	0.5	91776	511	91520	2558019	27.87
1970-1979	49	0.00630	0.00628	0.5	91264	573	90978	2466499	27.03
1970-1979	50	0.00674	0.00671	0.5	90691	609	90387	2375521	26.19
1970-1979	51	0.00724	0.00721	0.5	90082	650	89758	2285134	25.37
1970-1979	52	0.00807	0.00804	0.5	89433	719	89073	2195377	24.55
1970-1979	53	0.00876	0.00872	0.5	88714	773	88327	2106303	23.74
1970-1979	54	0.00960	0.00956	0.5	87940	841	87520	2017976	22.95
1970-1979	55	0.01047	0.01041	0.5	87100	907	86647	1930456	22.16
1970-1979	56	0.01143	0.01136	0.5	86193	980	85703	1843810	21.39
1970-1979	57	0.01257	0.01249	0.5	85214	1064	84681	1758106	20.63
1970-1979	58	0.01381	0.01371	0.5	84149	1154	83572	1673425	19.89
1970-1979	59	0.01501	0.01489	0.5	82995	1236	82377	1589852	19.16
1970-1979	60	0.01625	0.01612	0.5	81759	1318	81100	1507475	18.44
1970-1979	61	0.01777	0.01761	0.5	80441	1417	79733	1426375	17.73
1970-1979	62	0.01998	0.01978	0.5	79025	1563	78243	1346642	17.04
1970-1979	63	0.02148	0.02125	0.5	77461	1646	76638	1268399	16.37
1970-1979	64	0.02342	0.02315	0.5	75815	1755	74938	1191761	15.72
1970-1979	65	0.02533	0.02501	0.5	74060	1852	73134	1116823	15.08
1970-1979	66	0.02672	0.02637	0.5	72208	1904	71256	1043689	14.45
1970-1979	67	0.02965	0.02922	0.5	70304	2054	69276	972434	13.83
1970-1979	68	0.03133	0.03085	0.5	68249	2105	67196	903158	13.23
1970-1979	69	0.03449	0.03390	0.5	66144	2243	65022	835961	12.64
1970-1979	70	0.03779	0.03709	0.5	63901	2370	62716	770939	12.06
1970-1979	71	0.04022	0.03942	0.5	61531	2426	60318	708222	11.51
1970-1979	72	0.04427	0.04331	0.5	59105	2560	57826	647904	10.96
1970-1979	73	0.04779	0.04668	0.5	56546	2639	55226	590079	10.44
1970-1979	74	0.05198	0.05066	0.5	53906	2731	52541	534853	9.92
1970-1979	75	0.05728	0.05568	0.5	51175	2850	49750	482312	9.42
1970-1979	76	0.06152	0.05968	0.5	48326	2884	46884	432561	8.95
1970-1979	77	0.06636	0.06423	0.5	45442	2919	43982	385678	8.49
1970-1979	78	0.07374	0.07112	0.5	42523	3024	41011	341695	8.04
1970-1979	79	0.07934	0.07632	0.5	39499	3014	37992	300684	7.61
1970-1979	80	0.08609	0.08254	0.5	36485	3011	34979	262693	7.20
1970-1979	81	0.09178	0.08775	0.5	33473	2937	32005	227714	6.80
1970-1979	82	0.10203	0.09708	0.5	30536	2964	29054	195709	6.41
1970-1979	83	0.11102	0.10518	0.5	27572	2900	26122	166655	6.04
1970-1979	84	0.12144	0.11449	0.5	24672	2825	23259	140533	5.70
1970-1979	85	0.13189	0.12373	0.5	21847	2703	20495	117274	5.37
1970-1979	86	0.14584	0.13593	0.5	19144	2602	17843	96779	5.06
1970-1979	87	0.15567	0.14443	0.5	16542	2389	15347	78936	4.77
1970-1979	88	0.16885	0.15570	0.5	14153	2204	13051	63589	4.49
1970-1979	89	0.18249	0.16723	0.5	11949	1998	10950	50538	4.23
1970-1979	90	0.20072	0.18241	0.5	9951	1815	9043	39588	3.98
1970-1979	91	0.21142	0.19121	0.5	8136	1556	7358	30545	3.75
1970-1979	92	0.23243	0.20823	0.5	6580	1370	5895	23187	3.52
1970-1979	93	0.25171	0.22357	0.5	5210	1165	4627	17292	3.32
1970-1979	94	0.27101	0.23867	0.5	4045	965	3562	12665	3.13
1970-1979	95	0.29126	0.25424	0.5	3080	783	2688	9102	2.96
1970-1979	96	0.31242	0.27021	0.5	2297	621	1986	6414	2.79
1970-1979	97	0.33444	0.28652	0.5	1676	480	1436	4428	2.64
1970-1979	98	0.35724	0.30310	0.5	1196	362	1015	2992	2.50
1970-1979	99	0.38077	0.31987	0.5	833	267	700	1977	2.37
1970-1979	100	0.40491	0.33673	0.5	567	191	471	1277	2.25
1970-1979	101	0.42956	0.35361	0.5	376	133	309	806	2.14
1970-1979	102	0.45462	0.37042	0.5	243	90	198	496	2.04
1970-1979	103	0.47996	0.38707	0.5	153	59	123	298	1.95
1970-1979	104	0.50544	0.40347	0.5	94	38	75	175	1.86
1970-1979	105	0.53094	0.41956	0.5	56	23	44	100	1.79
1970-1979	106	0.55631	0.43525	0.5	32	14	25	56	1.72
1970-1979	107	0.58144	0.45048	0.5	18	8	14	30	1.65
1970-1979	108	0.60618	0.46519	0.5	10	5	8	16	1.60
1970-1979	109	0.63043	0.47933	0.5	5	3	4	8	1.56
1970-1979	110+	0.65406	1.00000	1.53	3	3	4	4	1.53
1980-1989	0	0.01112	0.01101	0.08	100000	1101	98986	7436296	74.36
1980-1989	1	0.00073	0.00073	0.5	98899	72	98863	7337309	74.19
1980-1989	2	0.00048	0.00048	0.5	98827	47	98804	7238446	73.24
1980-1989	3	0.00041	0.00041	0.5	98780	40	98760	7139643	72.28
1980-1989	4	0.00032	0.00032	0.5	98740	31	98724	7040883	71.31
1980-1989	5	0.00029	0.00029	0.5	98708	28	98694	6942159	70.33
1980-1989	6	0.00024	0.00024	0.5	98680	24	98669	6843464	69.35
1980-1989	7	0.00022	0.00022	0.5	98657	21	98646	6744796	68.37
1980-1989	8	0.00020	0.00020	0.5	98635	19	98626	6646150	67.38
1980-1989	9	0.00020	0.00020	0.5	98616	19	98606	6547524	66.39
1980-1989	10	0.00019	0.00019	0.5	98596	19	98587	6448918	65.41
1980-1989	11	0.00020	0.00020	0.5	98577	20	98567	6350331	64.42
1980-1989	12	0.00024	0.00024	0.5	98557	23	98545	6251764	63.43
1980-1989	13	0.00027	0.00027	0.5	98534	27	98520	6153219	62.45
1980-1989	14	0.00031	0.00031	0.5	98507	31	98492	6054698	61.46
1980-1989	15	0.00042	0.00042	0.5	98476	41	98456	5956207	60.48
1980-1989	16	0.00056	0.00056	0.5	98435	55	98407	5857751	59.51
1980-1989	17	0.00074	0.00074	0.5	98380	73	98344	5759344	58.54
1980-1989	18	0.00090	0.00090	0.5	98307	88	98263	5661000	57.58
1980-1989	19	0.00089	0.00089	0.5	98219	87	98175	5562737	56.64
1980-1989	20	0.00093	0.00093	0.5	98132	91	98086	5464561	55.69
1980-1989	21	0.00097	0.00097	0.5	98041	95	97993	5366475	54.74
1980-1989	22	0.00104	0.00104	0.5	97946	102	97895	5268482	53.79
1980-1989	23	0.00107	0.00107	0.5	97844	104	97792	5170587	52.85
1980-1989	24	0.00103	0.00103	0.5	97740	100	97689	5072795	51.90
1980-1989	25	0.00103	0.00103	0.5	97639	101	97589	4975106	50.95
1980-1989	26	0.00104	0.00104	0.5	97538	102	97488	4877517	50.01
1980-1989	27	0.00110	0.00110	0.5	97437	107	97383	4780030	49.06
1980-1989	28	0.00112	0.00112	0.5	97330	109	97275	4682646	48.11
1980-1989	29	0.00108	0.00108	0.5	97221	105	97168	4585371	47.16
1980-1989	30	0.00114	0.00114	0.5	97115	110	97060	4488203	46.22
1980-1989	31	0.00121	0.00121	0.5	97005	117	96947	4391143	45.27
1980-1989	32	0.00124	0.00124	0.5	96888	120	96828	4294196	44.32
1980-1989	33	0.00130	0.00129	0.5	96768	125	96705	4197368	43.38
1980-1989	34	0.00136	0.00135	0.5	96643	131	96577	4100663	42.43
1980-1989	35	0.00139	0.00139	0.5	96512	134	96445	4004086	41.49
1980-1989	36	0.00152	0.00152	0.5	96377	146	96304	3907641	40.55
1980-1989	37	0.00162	0.00162	0.5	96231	156	96153	3811336	39.61
1980-1989	38	0.00183	0.00183	0.5	96075	175	95988	3715183	38.67
1980-1989	39	0.00180	0.00180	0.5	95900	172	95814	3619195	37.74
1980-1989	40	0.00198	0.00198	0.5	95728	189	95633	3523381	36.81
1980-1989	41	0.00216	0.00216	0.5	95538	207	95435	3427748	35.88
1980-1989	42	0.00244	0.00244	0.5	95332	233	95216	3332313	34.95
1980-1989	43	0.00267	0.00266	0.5	95099	253	94973	3237097	34.04
1980-1989	44	0.00282	0.00282	0.5	94846	268	94712	3142125	33.13
1980-1989	45	0.00329	0.00328	0.5	94578	311	94423	3047413	32.22
1980-1989	46	0.00354	0.00353	0.5	94268	333	94101	2952989	31.33
1980-1989	47	0.00397	0.00397	0.5	93935	373	93749	2858888	30.43
1980-1989	48	0.00453	0.00452	0.5	93562	423	93351	2765139	29.55
1980-1989	49	0.00481	0.00480	0.5	93140	447	92916	2671788	28.69
1980-1989	50	0.00518	0.00516	0.5	92693	479	92454	2578872	27.82
1980-1989	51	0.00603	0.00601	0.5	92214	554	91937	2486418	26.96
1980-1989	52	0.00652	0.00649	0.5	91660	595	91363	2394481	26.12
1980-1989	53	0.00727	0.00725	0.5	91065	660	90735	2303118	25.29
1980-1989	54	0.00777	0.00774	0.5	90405	700	90055	2212383	24.47
1980-1989	55	0.00867	0.00863	0.5	89705	774	89318	2122328	23.66
1980-1989	56	0.00941	0.00937	0.5	88931	833	88514	2033010	22.86
1980-1989	57	0.01017	0.01012	0.5	88098	892	87652	1944496	22.07
1980-1989	58	0.01164	0.01158	0.5	87206	1010	86701	1856844	21.29
1980-1989	59	0.01221	0.01214	0.5	86197	1046	85674	1770143	20.54
1980-1989	60	0.01353	0.01344	0.5	85150	1144	84578	1684469	19.78
1980-1989	61	0.01488	0.01477	0.5	84006	1240	83386	1599891	19.04
1980-1989	62	0.01684	0.01670	0.5	82765	1382	82074	1516505	18.32
1980-1989	63	0.01801	0.01785	0.5	81383	1452	80657	1434431	17.63
1980-1989	64	0.01887	0.01869	0.5	79931	1494	79184	1353774	16.94
1980-1989	65	0.02093	0.02072	0.5	78437	1625	77624	1274591	16.25
1980-1989	66	0.02273	0.02247	0.5	76812	1726	75949	1196967	15.58
1980-1989	67	0.02479	0.02449	0.5	75085	1839	74166	1121018	14.93
1980-1989	68	0.02709	0.02673	0.5	73247	1958	72268	1046852	14.29
1980-1989	69	0.02886	0.02845	0.5	71289	2028	70275	974584	13.67
1980-1989	70	0.03207	0.03156	0.5	69261	2186	68168	904310	13.06
1980-1989	71	0.03466	0.03407	0.5	67075	2285	65932	836142	12.47
1980-1989	72	0.03825	0.03753	0.5	64789	2432	63574	770210	11.89
1980-1989	73	0.04191	0.04105	0.5	62358	2560	61078	706636	11.33
1980-1989	74	0.04416	0.04321	0.5	59798	2584	58506	645558	10.80
1980-1989	75	0.04782	0.04670	0.5	57214	2672	55878	587053	10.26
1980-1989	76	0.05251	0.05116	0.5	54542	2791	53147	531175	9.74
1980-1989	77	0.05665	0.05509	0.5	51751	2851	50326	478028	9.24
1980-1989	78	0.06119	0.05937	0.5	48900	2903	47448	427702	8.75
1980-1989	79	0.06673	0.06457	0.5	45997	2970	44512	380254	8.27
1980-1989	80	0.07378	0.07116	0.5	43027	3062	41496	335742	7.80
1980-1989	81	0.08065	0.07752	0.5	39965	3098	38416	294246	7.36
1980-1989	82	0.08881	0.08503	0.5	36867	3135	35299	255830	6.94
1980-1989	83	0.09689	0.09242	0.5	33732	3117	32173	220531	6.54
1980-1989	84	0.10689	0.10146	0.5	30615	3106	29061	188357	6.15
1980-1989	85	0.11605	0.10968	0.5	27508	3017	26000	159296	5.79
1980-1989	86	0.12717	0.11956	0.5	24491	2928	23027	133296	5.44
1980-1989	87	0.14075	0.13150	0.5	21563	2835	20145	110269	5.11
1980-1989	88	0.15073	0.14017	0.5	18727	2625	17415	90124	4.81
1980-1989	89	0.16481	0.15227	0.5	16102	2452	14876	72709	4.52
1980-1989	90	0.17790	0.16337	0.5	13651	2230	12535	57833	4.24
1980-1989	91	0.19718	0.17948	0.5	11420	2050	10396	45297	3.97
1980-1989	92	0.21348	0.19289	0.5	9371	1808	8467	34902	3.72
1980-1989	93	0.23298	0.20867	0.5	7563	1578	6774	26435	3.50
1980-1989	94	0.25242	0.22413	0.5	5985	1341	5314	19661	3.29
1980-1989	95	0.27297	0.24019	0.5	4644	1115	4086	14346	3.09
1980-1989	96	0.29460	0.25678	0.5	3528	906	3075	10261	2.91
1980-1989	97	0.31727	0.27383	0.5	2622	718	2263	7185	2.74
1980-1989	98	0.34091	0.29126	0.5	1904	555	1627	4922	2.58
1980-1989	99	0.36544	0.30898	0.5	1350	417	1141	3295	2.44
1980-1989	100	0.39076	0.32689	0.5	933	305	780	2154	2.31
1980-1989	101	0.41675	0.34489	0.5	628	216	519	1374	2.19
1980-1989	102	0.44329	0.36286	0.5	411	149	337	854	2.08
1980-1989	103	0.47022	0.38071	0.5	262	100	212	518	1.98
1980-1989	104	0.49738	0.39832	0.5	162	65	130	306	1.88
1980-1989	105	0.52463	0.41561	0.5	98	41	77	176	1.80
1980-1989	106	0.55178	0.43247	0.5	57	25	45	98	1.72
1980-1989	107	0.57869	0.44882	0.5	32	15	25	54	1.66
1980-1989	108	0.60518	0.46460	0.5	18	8	14	29	1.60
1980-1989	109	0.63112	0.47974	0.5	10	5	7	15	1.55
1980-1989	110+	0.65637	1.00000	1.52	5	5	8	8	1.52
1990-1999	0	0.00848	0.00841	0.07	100000	841	99219	7595023	75.95
1990-1999	1	0.00057	0.00057	0.5	99159	56	99131	7495804	75.59
1990-1999	2	0.00041	0.00041	0.5	99103	41	99082	7396673	74.64
1990-1999	3	0.00031	0.00031	0.5	99062	30	99047	7297591	73.67
1990-1999	4	0.00023	0.00023	0.5	99031	23	99020	7198544	72.69
1990-1999	5	0.00018	0.00018	0.5	99008	18	99000	7099524	71.71
1990-1999	6	0.00019	0.00019	0.5	98991	19	98981	7000525	70.72
1990-1999	7	0.00017	0.00017	0.5	98972	17	98963	6901544	69.73
1990-1999	8	0.00018	0.00018	0.5	98955	18	98946	6802580	68.74
1990-1999	9	0.00016	0.00016	0.5	98937	16	98929	6703635	67.76
1990-1999	10	0.00015	0.00015	0.5	98921	15	98913	6604706	66.77
1990-1999	11	0.00018	0.00018	0.5	98906	17	98897	6505793	65.78
1990-1999	12	0.00018	0.00018	0.5	98888	18	98880	6406896	64.79
1990-1999	13	0.00022	0.00022	0.5	98871	22	98860	6308016	63.80
1990-1999	14	0.00029	0.00029	0.5	98849	29	98835	6209156	62.81
1990-1999	15	0.00037	0.00037	0.5	98820	36	98802	6110321	61.83
1990-1999	16	0.00057	0.00057	0.5	98784	56	98756	6011519	60.86
1990-1999	17	0.00068	0.00068	0.5	98728	67	98694	5912763	59.89
1990-1999	18	0.00080	0.00080	0.5	98661	79	98621	5814069	58.93
1990-1999	19	0.00086	0.00086	0.5	98582	85	98539	5715448	57.98
1990-1999	20	0.00093	0.00093	0.5	98497	92	98451	5616908	57.03
1990-1999	21	0.00099	0.00099	0.5	98405	98	98356	5518457	56.08
1990-1999	22	0.00094	0.00094	0.5	98307	93	98261	5420101	55.13
1990-1999	23	0.00100	0.00100	0.5	98215	98	98166	5321840	54.19
1990-1999	24	0.00096	0.00096	0.5	98117	94	98070	5223674	53.24
1990-1999	25	0.00100	0.00100	0.5	98023	98	97974	5125604	52.29
1990-1999	26	0.00100	0.00100	0.5	97925	98	97876	5027630	51.34
1990-1999	27	0.00107	0.00107	0.5	97827	104	97775	4929754	50.39
1990-1999	28	0.00108	0.00108	0.5	97723	106	97670	4831979	49.45
1990-1999	29	0.00112	0.00112	0.5	97617	109	97563	4734309	48.50
1990-1999	30	0.00126	0.00125	0.5	97508	122	97447	4636746	47.55
1990-1999	31	0.00134	0.00134	0.5	97386	131	97320	4539299	46.61
1990-1999	32	0.00133	0.00133	0.5	97255	130	97190	4441979	45.67
1990-1999	33	0.00143	0.00143	0.5	97125	139	97056	4344788	44.73
1990-1999	34	0.00147	0.00147	0.5	96987	143	96915	4247732	43.80
1990-1999	35	0.00153	0.00153	0.5	96844	148	96770	4150817	42.86
1990-1999	36	0.00165	0.00165	0.5	96696	160	96616	4054047	41.93
1990-1999	37	0.00169	0.00169	0.5	96536	163	96455	3957431	40.99
1990-1999	38	0.00195	0.00195	0.5	96373	188	96279	3860976	40.06
1990-1999	39	0.00183	0.00183	0.5	96185	176	96097	3764697	39.14
1990-1999	40	0.00199	0.00199	0.5	96009	191	95913	3668600	38.21
1990-1999	41	0.00230	0.00230	0.5	95818	220	95708	3572687	37.29
1990-1999	42	0.00232	0.00232	0.5	95598	222	95487	3476979	36.37
1990-1999	43	0.00260	0.00259	0.5	95376	247	95252	3381492	35.45
1990-1999	44	0.00265	0.00265	0.5	95129	252	95003	3286240	34.55
1990-1999	45	0.00296	0.00296	0.5	94877	281	94737	3191237	33.64
1990-1999	46	0.00324	0.00323	0.5	94596	306	94443	3096500	32.73
1990-1999	47	0.00343	0.00343	0.5	94290	323	94129	3002057	31.84
1990-1999	48	0.00393	0.00393	0.5	93967	369	93783	2907928	30.95
1990-1999	49	0.00406	0.00405	0.5	93598	379	93409	2814145	30.07
1990-1999	50	0.00437	0.00436	0.5	93219	407	93016	2720736	29.19
1990-1999	51	0.00509	0.00508	0.5	92813	471	92577	2627720	28.31
1990-1999	52	0.00547	0.00546	0.5	92342	504	92090	2535143	27.45
1990-1999	53	0.00587	0.00585	0.5	91838	537	91569	2443054	26.60
1990-1999	54	0.00639	0.00637	0.5	91300	582	91009	2351485	25.76
1990-1999	55	0.00724	0.00721	0.5	90718	654	90391	2260476	24.92
1990-1999	56	0.00787	0.00784	0.5	90064	706	89711	2170084	24.09
1990-1999	57	0.00836	0.00833	0.5	89358	744	88986	2080374	23.28
1990-1999	58	0.00962	0.00958	0.5	88614	849	88189	1991388	22.47
1990-1999	59	0.01021	0.01016	0.5	87765	892	87319	1903199	21.69
1990-1999	60	0.01124	0.01118	0.5	86873	971	86387	1815880	20.90
1990-1999	61	0.01251	0.01244	0.5	85902	1068	85368	1729493	20.13
1990-1999	62	0.01384	0.01375	0.5	84834	1166	84251	1644125	19.38
1990-1999	63	0.01505	0.01494	0.5	83667	1250	83043	1559874	18.64
1990-1999	64	0.01624	0.01611	0.5	82418	1328	81754	1476832	17.92
1990-1999	65	0.01800	0.01784	0.5	81090	1447	80367	1395078	17.20
1990-1999	66	0.01938	0.01919	0.5	79644	1528	78879	1314711	16.51
1990-1999	67	0.02124	0.02102	0.5	78115	1642	77294	1235832	15.82
1990-1999	68	0.02318	0.02291	0.5	76473	1752	75597	1158537	15.15
1990-1999	69	0.02482	0.02452	0.5	74721	1832	73805	1082940	14.49
1990-1999	70	0.02748	0.02711	0.5	72889	1976	71901	1009135	13.84
1990-1999	71	0.02991	0.02947	0.5	70913	2090	69868	937234	13.22
1990-1999	72	0.03226	0.03174	0.5	68823	2185	67731	867365	12.60
1990-1999	73	0.03483	0.03423	0.5	66639	2281	65498	799634	12.00
1990-1999	74	0.03777	0.03707	0.5	64358	2385	63165	734136	11.41
1990-1999	75	0.04074	0.03993	0.5	61972	2475	60735	670971	10.83
1990-1999	76	0.04538	0.04438	0.5	59498	2640	58177	610236	10.26
1990-1999	77	0.04959	0.04839	0.5	56857	2751	55482	552059	9.71
1990-1999	78	0.05408	0.05265	0.5	54106	2849	52682	496577	9.18
1990-1999	79	0.05874	0.05707	0.5	51257	2925	49795	443896	8.66
1990-1999	80	0.06740	0.06520	0.5	48332	3151	46757	394101	8.15
1990-1999	81	0.07358	0.07097	0.5	45181	3206	43578	347344	7.69
1990-1999	82	0.08100	0.07785	0.5	41975	3268	40341	303767	7.24
1990-1999	83	0.08919	0.08539	0.5	38707	3305	37055	263426	6.81
1990-1999	84	0.09721	0.09271	0.5	35402	3282	33761	226371	6.39
1990-1999	85	0.10659	0.10120	0.5	32120	3250	30495	192610	6.00
1990-1999	86	0.11873	0.11208	0.5	28869	3236	27252	162115	5.62
1990-1999	87	0.13026	0.12230	0.5	25634	3135	24066	134864	5.26
1990-1999	88	0.14201	0.13260	0.5	22499	2983	21007	110797	4.92
1990-1999	89	0.15815	0.14656	0.5	19516	2860	18086	89790	4.60
1990-1999	90	0.17372	0.15984	0.5	16655	2662	15324	71705	4.31
1990-1999	91	0.18752	0.17144	0.5	13993	2399	12794	56380	4.03
1990-1999	92	0.20910	0.18931	0.5	11594	2195	10497	43586	3.76
1990-1999	93	0.22755	0.20431	0.5	9399	1920	8439	33090	3.52
1990-1999	94	0.24814	0.22075	0.5	7479	1651	6654	24650	3.30
1990-1999	95	0.27001	0.23789	0.5	5828	1386	5135	17997	3.09
1990-1999	96	0.29312	0.25565	0.5	4442	1135	3874	12862	2.90
1990-1999	97	0.31741	0.27393	0.5	3306	906	2853	8988	2.72
1990-1999	98	0.34280	0.29264	0.5	2400	702	2049	6135	2.56
1990-1999	99	0.36920	0.31167	0.5	1698	529	1433	4086	2.41
1990-1999	100	0.39648	0.33089	0.5	1169	387	975	2652	2.27
1990-1999	101	0.42449	0.35017	0.5	782	274	645	1677	2.14
1990-1999	102	0.45306	0.36938	0.5	508	188	414	1032	2.03
1990-1999	103	0.48200	0.38840	0.5	320	124	258	618	1.93
1990-1999	104	0.51113	0.40709	0.5	196	80	156	359	1.83
1990-1999	105	0.54025	0.42535	0.5	116	49	91	203	1.75
1990-1999	106	0.56915	0.44306	0.5	67	30	52	112	1.67
1990-1999	107	0.59763	0.46014	0.5	37	17	29	60	1.61
1990-1999	108	0.62553	0.47650	0.5	20	10	15	31	1.55
1990-1999	109	0.65265	0.49207	0.5	11	5	8	16	1.50
1990-1999	110+	0.67886	1.00000	1.47	5	5	8	8	1.47
2000-2009	0	0.00748	0.00743	0.07	100000	743	99308	7733842	77.34
2000-2009	1	0.00040	0.00040	0.5	99257	40	99237	7634534	76.92
2000-2009	2	0.00031	0.00031	0.5	99217	30	99202	7535297	75.95
2000-2009	3	0.00022	0.00022	0.5	99187	22	99176	7436094	74.97
2000-2009	4	0.00019	0.00019	0.5	99165	19	99155	7336918	73.99
2000-2009	5	0.00015	0.00015	0.5	99146	15	99139	7237763	73.00
2000-2009	6	0.00014	0.00014	0.5	99131	14	99124	7138625	72.01
2000-2009	7	0.00014	0.00014	0.5	99117	14	99110	7039500	71.02
2000-2009	8	0.00012	0.00012	0.5	99103	12	99097	6940390	70.03
2000-2009	9	0.00013	0.00013	0.5	99091	13	99085	6841293	69.04
2000-2009	10	0.00012	0.00012	0.5	99079	12	99073	6742208	68.05
2000-2009	11	0.00013	0.00013	0.5	99067	13	99060	6643135	67.06
2000-2009	12	0.00015	0.00015	0.5	99054	15	99046	6544075	66.07
2000-2009	13	0.00018	0.00018	0.5	99038	18	99029	6445029	65.08
2000-2009	14	0.00022	0.00022	0.5	99020	22	99009	6346000	64.09
2000-2009	15	0.00027	0.00027	0.5	98998	27	98985	6246991	63.10
2000-2009	16	0.00045	0.00045	0.5	98971	45	98949	6148006	62.12
2000-2009	17	0.00058	0.00058	0.5	98926	58	98898	6049057	61.15
2000-2009	18	0.00078	0.00078	0.5	98869	77	98830	5950160	60.18
2000-2009	19	0.00088	0.00088	0.5	98792	87	98749	5851329	59.23
2000-2009	20	0.00091	0.00091	0.5	98705	90	98660	5752581	58.28
2000-2009	21	0.00103	0.00103	0.5	98616	101	98565	5653920	57.33
2000-2009	22	0.00105	0.00105	0.5	98515	104	98463	5555355	56.39
2000-2009	23	0.00106	0.00106	0.5	98411	105	98359	5456893	55.45
2000-2009	24	0.00111	0.00111	0.5	98306	110	98251	5358534	54.51
2000-2009	25	0.00108	0.00108	0.5	98197	106	98144	5260283	53.57
2000-2009	26	0.00107	0.00107	0.5	98091	105	98038	5162139	52.63
2000-2009	27	0.00105	0.00105	0.5	97986	103	97935	5064101	51.68
2000-2009	28	0.00103	0.00103	0.5	97883	101	97833	4966166	50.74
2000-2009	29	0.00106	0.00106	0.5	97782	104	97731	4868333	49.79
2000-2009	30	0.00105	0.00105	0.5	97679	103	97627	4770603	48.84
2000-2009	31	0.00109	0.00109	0.5	97576	106	97523	4672976	47.89
2000-2009	32	0.00116	0.00116	0.5	97470	113	97414	4575452	46.94
2000-2009	33	0.00120	0.00120	0.5	97357	117	97299	4478039	46.00
2000-2009	34	0.00126	0.00126	0.5	97240	123	97179	4380740	45.05
2000-2009	35	0.00135	0.00135	0.5	97117	131	97052	4283561	44.11
2000-2009	36	0.00147	0.00147	0.5	96987	143	96915	4186509	43.17
2000-2009	37	0.00153	0.00153	0.5	96844	148	96770	4089594	42.23
2000-2009	38	0.00163	0.00163	0.5	96696	158	96617	3992824	41.29
2000-2009	39	0.00175	0.00175	0.5	96538	169	96454	3896207	40.36
2000-2009	40	0.00195	0.00195	0.5	96369	188	96275	3799753	39.43
2000-2009	41	0.00204	0.00204	0.5	96181	196	96084	3703477	38.51
2000-2009	42	0.00227	0.00227	0.5	95986	218	95877	3607394	37.58
2000-2009	43	0.00250	0.00250	0.5	95768	239	95648	3511517	36.67
2000-2009	44	0.00271	0.00271	0.5	95528	259	95399	3415869	35.76
2000-2009	45	0.00289	0.00288	0.5	95270	275	95132	3320470	34.85
2000-2009	46	0.00322	0.00321	0.5	94995	305	94842	3225338	33.95
2000-2009	47	0.00335	0.00334	0.5	94690	316	94532	3130496	33.06
2000-2009	48	0.00367	0.00366	0.5	94373	345	94201	3035964	32.17
2000-2009	49	0.00395	0.00394	0.5	94028	371	93843	2941763	31.29
2000-2009	50	0.00436	0.00435	0.5	93657	407	93454	2847920	30.41
2000-2009	51	0.00467	0.00466	0.5	93250	434	93033	2754467	29.54
2000-2009	52	0.00495	0.00494	0.5	92816	458	92587	2661433	28.67
2000-2009	53	0.00541	0.00540	0.5	92358	499	92109	2568847	27.81
2000-2009	54	0.00569	0.00567	0.5	91859	521	91599	2476738	26.96
2000-2009	55	0.00633	0.00631	0.5	91338	576	91050	2385139	26.11
2000-2009	56	0.00663	0.00661	0.5	90762	600	90462	2294089	25.28
2000-2009	57	0.00734	0.00732	0.5	90162	660	89832	2203627	24.44
2000-2009	58	0.00810	0.00807	0.5	89503	722	89142	2113795	23.62
2000-2009	59	0.00874	0.00870	0.5	88781	772	88395	2024653	22.81
2000-2009	60	0.00967	0.00962	0.5	88009	847	87585	1936258	22.00
2000-2009	61	0.01046	0.01040	0.5	87162	907	86708	1848673	21.21
2000-2009	62	0.01143	0.01136	0.5	86255	980	85765	1761965	20.43
2000-2009	63	0.01245	0.01238	0.5	85275	1055	84747	1676200	19.66
2000-2009	64	0.01372	0.01363	0.5	84220	1148	83646	1591453	18.90
2000-2009	65	0.01477	0.01466	0.5	83072	1218	82463	1507807	18.15
2000-2009	66	0.01599	0.01586	0.5	81854	1299	81205	1425344	17.41
2000-2009	67	0.01738	0.01723	0.5	80555	1388	79862	1344139	16.69
2000-2009	68	0.01886	0.01868	0.5	79168	1479	78428	1264278	15.97
2000-2009	69	0.02053	0.02032	0.5	77689	1578	76899	1185850	15.26
2000-2009	70	0.02296	0.02270	0.5	76110	1728	75246	1108950	14.57
2000-2009	71	0.02478	0.02448	0.5	74382	1821	73472	1033704	13.90
2000-2009	72	0.02703	0.02667	0.5	72561	1935	71594	960232	13.23
2000-2009	73	0.02952	0.02909	0.5	70626	2055	69599	888638	12.58
2000-2009	74	0.03237	0.03185	0.5	68571	2184	67479	819040	11.94
2000-2009	75	0.03581	0.03518	0.5	66387	2335	65220	751560	11.32
2000-2009	76	0.03901	0.03827	0.5	64052	2451	62827	686341	10.72
2000-2009	77	0.04273	0.04184	0.5	61601	2577	60313	623514	10.12
2000-2009	78	0.04707	0.04599	0.5	59024	2714	57667	563201	9.54
2000-2009	79	0.05238	0.05104	0.5	56310	2874	54873	505535	8.98
2000-2009	80	0.05947	0.05775	0.5	53436	3086	51893	450662	8.43
2000-2009	81	0.06535	0.06329	0.5	50349	3186	48756	398769	7.92
2000-2009	82	0.07269	0.07015	0.5	47163	3308	45509	350013	7.42
2000-2009	83	0.08105	0.07789	0.5	43855	3416	42147	304504	6.94
2000-2009	84	0.09055	0.08662	0.5	40439	3503	38687	262357	6.49
2000-2009	85	0.10016	0.09539	0.5	36936	3523	35174	223670	6.06
2000-2009	86	0.11233	0.10636	0.5	33413	3554	31636	188496	5.64
2000-2009	87	0.12589	0.11843	0.5	29859	3536	28091	156860	5.25
2000-2009	88	0.13857	0.12959	0.5	26323	3411	24617	128769	4.89
2000-2009	89	0.15618	0.14487	0.5	22912	3319	21252	104151	4.55
2000-2009	90	0.17188	0.15828	0.5	19592	3101	18042	82899	4.23
2000-2009	91	0.19210	0.17526	0.5	16491	2890	15046	64857	3.93
2000-2009	92	0.21308	0.19256	0.5	13601	2619	12292	49811	3.66
2000-2009	93	0.23189	0.20780	0.5	10982	2282	9841	37520	3.42
2000-2009	94	0.25509	0.22623	0.5	8700	1968	7716	27679	3.18
2000-2009	95	0.27980	0.24546	0.5	6732	1652	5906	19963	2.97
2000-2009	96	0.30597	0.26537	0.5	5079	1348	4405	14057	2.77
2000-2009	97	0.33350	0.28584	0.5	3731	1067	3198	9652	2.59
2000-2009	98	0.36227	0.30671	0.5	2665	817	2256	6454	2.42
2000-2009	99	0.39211	0.32783	0.5	1848	606	1545	4197	2.27
2000-2009	100	0.42282	0.34903	0.5	1242	433	1025	2653	2.14
2000-2009	101	0.45420	0.37014	0.5	808	299	659	1627	2.01
2000-2009	102	0.48600	0.39099	0.5	509	199	410	969	1.90
2000-2009	103	0.51797	0.41142	0.5	310	128	246	559	1.80
2000-2009	104	0.54983	0.43127	0.5	183	79	143	313	1.71
2000-2009	105	0.58134	0.45041	0.5	104	47	80	170	1.63
2000-2009	106	0.61223	0.46874	0.5	57	27	44	89	1.56
2000-2009	107	0.64229	0.48616	0.5	30	15	23	45	1.50
2000-2009	108	0.67131	0.50261	0.5	16	8	12	23	1.45
2000-2009	109	0.69911	0.51803	0.5	8	4	6	11	1.41
2000-2009	110+	0.72554	1.00000	1.38	4	4	5	5	1.38
2010-2019	0	0.00635	0.00631	0.07	100000	631	99410	7833197	78.33
2010-2019	1	0.00034	0.00034	0.5	99369	34	99352	7733787	77.83
2010-2019	2	0.00023	0.00023	0.5	99335	23	99323	7634435	76.86
2010-2019	3	0.00018	0.00018	0.5	99312	18	99303	7535112	75.87
2010-2019	4	0.00015	0.00015	0.5	99294	15	99286	7435809	74.89
2010-2019	5	0.00011	0.00011	0.5	99279	11	99273	7336523	73.90
2010-2019	6	0.00012	0.00012	0.5	99268	12	99262	7237249	72.91
2010-2019	7	0.00010	0.00010	0.5	99256	10	99251	7137988	71.91
2010-2019	8	0.00011	0.00011	0.5	99246	11	99240	7038737	70.92
2010-2019	9	0.00011	0.00011	0.5	99235	11	99229	6939497	69.93
2010-2019	10	0.00009	0.00009	0.5	99224	9	99220	6840268	68.94
2010-2019	11	0.00010	0.00010	0.5	99215	10	99210	6741048	67.94
2010-2019	12	0.00011	0.00011	0.5	99205	11	99199	6641838	66.95
2010-2019	13	0.00015	0.00015	0.5	99194	15	99186	6542638	65.96
2010-2019	14	0.00020	0.00020	0.5	99178	20	99169	6443452	64.97
2010-2019	15	0.00023	0.00023	0.5	99159	23	99147	6344284	63.98
2010-2019	16	0.00031	0.00031	0.5	99136	31	99121	6245136	63.00
2010-2019	17	0.00045	0.00045	0.5	99105	45	99083	6146016	62.02
2010-2019	18	0.00058	0.00058	0.5	99061	58	99032	6046933	61.04
2010-2019	19	0.00070	0.00070	0.5	99003	69	98968	5947901	60.08
2010-2019	20	0.00081	0.00081	0.5	98934	80	98893	5848933	59.12
2010-2019	21	0.00099	0.00099	0.5	98853	98	98804	5750040	58.17
2010-2019	22	0.00109	0.00109	0.5	98755	107	98702	5651236	57.22
2010-2019	23	0.00115	0.00115	0.5	98648	113	98591	5552534	56.29
2010-2019	24	0.00120	0.00120	0.5	98535	118	98475	5453943	55.35
2010-2019	25	0.00126	0.00126	0.5	98416	124	98354	5355467	54.42
2010-2019	26	0.00129	0.00129	0.5	98292	127	98229	5257113	53.48
2010-2019	27	0.00133	0.00133	0.5	98165	131	98100	5158885	52.55
2010-2019	28	0.00134	0.00134	0.5	98034	131	97969	5060785	51.62
2010-2019	29	0.00135	0.00135	0.5	97903	132	97837	4962816	50.69
2010-2019	30	0.00144	0.00144	0.5	97771	141	97701	4864979	49.76
2010-2019	31	0.00152	0.00152	0.5	97631	148	97557	4767278	48.83
2010-2019	32	0.00157	0.00157	0.5	97482	153	97406	4669721	47.90
2010-2019	33	0.00153	0.00153	0.5	97330	149	97255	4572315	46.98
2010-2019	34	0.00160	0.00160	0.5	97180	155	97103	4475060	46.05
2010-2019	35	0.00166	0.00166	0.5	97025	161	96945	4377957	45.12
2010-2019	36	0.00177	0.00177	0.5	96864	171	96779	4281012	44.20
2010-2019	37	0.00170	0.00169	0.5	96693	164	96611	4184234	43.27
2010-2019	38	0.00179	0.00179	0.5	96529	173	96443	4087622	42.35
2010-2019	39	0.00191	0.00191	0.5	96357	184	96265	3991179	41.42
2010-2019	40	0.00198	0.00198	0.5	96172	190	96078	3894915	40.50
2010-2019	41	0.00205	0.00205	0.5	95983	197	95884	3798837	39.58
2010-2019	42	0.00219	0.00219	0.5	95786	209	95681	3702953	38.66
2010-2019	43	0.00232	0.00232	0.5	95577	222	95466	3607272	37.74
2010-2019	44	0.00244	0.00244	0.5	95355	232	95239	3511806	36.83
2010-2019	45	0.00270	0.00270	0.5	95122	257	94994	3416567	35.92
2010-2019	46	0.00299	0.00298	0.5	94866	283	94724	3321573	35.01
2010-2019	47	0.00320	0.00319	0.5	94583	302	94432	3226849	34.12
2010-2019	48	0.00339	0.00339	0.5	94281	319	94121	3132417	33.22
2010-2019	49	0.00377	0.00376	0.5	93962	353	93785	3038295	32.34
2010-2019	50	0.00418	0.00417	0.5	93609	390	93413	2944510	31.46
2010-2019	51	0.00458	0.00457	0.5	93218	426	93005	2851097	30.59
2010-2019	52	0.00489	0.00488	0.5	92792	452	92566	2758092	29.72
2010-2019	53	0.00522	0.00521	0.5	92340	481	92099	2665526	28.87
2010-2019	54	0.00568	0.00566	0.5	91859	520	91599	2573426	28.02
2010-2019	55	0.00624	0.00622	0.5	91339	568	91055	2481828	27.17
2010-2019	56	0.00671	0.00669	0.5	90771	607	90467	2390773	26.34
2010-2019	57	0.00715	0.00712	0.5	90164	642	89843	2300305	25.51
2010-2019	58	0.00765	0.00762	0.5	89521	682	89180	2210463	24.69
2010-2019	59	0.00804	0.00801	0.5	88839	712	88483	2121283	23.88
2010-2019	60	0.00889	0.00885	0.5	88127	780	87737	2032800	23.07
2010-2019	61	0.00951	0.00946	0.5	87347	827	86934	1945063	22.27
2010-2019	62	0.01027	0.01022	0.5	86521	884	86078	1858129	21.48
2010-2019	63	0.01121	0.01114	0.5	85636	954	85159	1772050	20.69
2010-2019	64	0.01181	0.01174	0.5	84682	994	84185	1686891	19.92
2010-2019	65	0.01276	0.01268	0.5	83688	1061	83157	1602706	19.15
2010-2019	66	0.01377	0.01367	0.5	82626	1130	82062	1519549	18.39
2010-2019	67	0.01521	0.01509	0.5	81497	1230	80882	1437487	17.64
2010-2019	68	0.01626	0.01613	0.5	80267	1294	79619	1356606	16.90
2010-2019	69	0.01800	0.01784	0.5	78972	1409	78268	1276986	16.17
2010-2019	70	0.01947	0.01929	0.5	77563	1496	76815	1198718	15.45
2010-2019	71	0.02163	0.02140	0.5	76067	1628	75253	1121903	14.75
2010-2019	72	0.02333	0.02306	0.5	74440	1717	73581	1046650	14.06
2010-2019	73	0.02552	0.02519	0.5	72723	1832	71807	973068	13.38
2010-2019	74	0.02814	0.02775	0.5	70891	1968	69907	901261	12.71
2010-2019	75	0.03086	0.03039	0.5	68923	2095	67876	831354	12.06
2010-2019	76	0.03371	0.03315	0.5	66829	2216	65721	763478	11.42
2010-2019	77	0.03733	0.03665	0.5	64613	2368	63429	697757	10.80
2010-2019	78	0.04062	0.03981	0.5	62245	2478	61006	634328	10.19
2010-2019	79	0.04488	0.04389	0.5	59767	2623	58455	573322	9.59
2010-2019	80	0.05167	0.05037	0.5	57144	2878	55705	514867	9.01
2010-2019	81	0.05726	0.05567	0.5	54266	3021	52755	459162	8.46
2010-2019	82	0.06421	0.06221	0.5	51245	3188	49651	406407	7.93
2010-2019	83	0.07173	0.06925	0.5	48057	3328	46393	356756	7.42
2010-2019	84	0.07966	0.07661	0.5	44729	3427	43016	310363	6.94
2010-2019	85	0.08823	0.08450	0.5	41302	3490	39557	267347	6.47
2010-2019	86	0.09890	0.09424	0.5	37812	3563	36031	227790	6.02
2010-2019	87	0.11177	0.10585	0.5	34249	3625	32436	191759	5.60
2010-2019	88	0.12478	0.11746	0.5	30624	3597	28825	159323	5.20
2010-2019	89	0.14052	0.13130	0.5	27027	3549	25252	130498	4.83
2010-2019	90	0.15851	0.14687	0.5	23478	3448	21754	105245	4.48
2010-2019	91	0.17584	0.16163	0.5	20030	3237	18411	83492	4.17
2010-2019	92	0.19595	0.17847	0.5	16793	2997	15294	65080	3.88
2010-2019	93	0.21361	0.19300	0.5	13796	2663	12464	49786	3.61
2010-2019	94	0.23627	0.21131	0.5	11133	2352	9957	37322	3.35
2010-2019	95	0.26057	0.23053	0.5	8781	2024	7768	27365	3.12
2010-2019	96	0.28646	0.25057	0.5	6756	1693	5910	19597	2.90
2010-2019	97	0.31387	0.27129	0.5	5063	1374	4377	13687	2.70
2010-2019	98	0.34269	0.29256	0.5	3690	1079	3150	9310	2.52
2010-2019	99	0.37275	0.31419	0.5	2610	820	2200	6160	2.36
2010-2019	100	0.40388	0.33602	0.5	1790	602	1489	3960	2.21
2010-2019	101	0.43585	0.35786	0.5	1189	425	976	2471	2.08
2010-2019	102	0.46841	0.37952	0.5	763	290	618	1495	1.96
2010-2019	103	0.50128	0.40082	0.5	474	190	379	876	1.85
2010-2019	104	0.53419	0.42158	0.5	284	120	224	498	1.75
2010-2019	105	0.56684	0.44167	0.5	164	72	128	274	1.67
2010-2019	106	0.59897	0.46093	0.5	92	42	71	146	1.59
2010-2019	107	0.63030	0.47926	0.5	49	24	38	75	1.52
2010-2019	108	0.66061	0.49659	0.5	26	13	19	38	1.47
2010-2019	109	0.68969	0.51284	0.5	13	7	10	18	1.42
2010-2019	110+	0.71737	1.00000	1.39	6	6	9	9	1.39
2020-2022	0	0.00554	0.00551	0.06	100000	551	99484	7699854	77.00
2020-2022	1	0.00038	0.00038	0.5	99449	38	99430	7600370	76.42
2020-2022	2	0.00029	0.00029	0.5	99411	29	99396	7500940	75.45
2020-2022	3	0.00022	0.00022	0.5	99382	22	99371	7401544	74.48
2020-2022	4	0.00015	0.00015	0.5	99360	14	99353	7302173	73.49
2020-2022	5	0.00014	0.00014	0.5	99346	13	99339	7202819	72.50
2020-2022	6	0.00012	0.00012	0.5	99332	12	99327	7103480	71.51
2020-2022	7	0.00013	0.00013	0.5	99321	13	99314	7004154	70.52
2020-2022	8	0.00011	0.00011	0.5	99308	11	99302	6904839	69.53
2020-2022	9	0.00011	0.00011	0.5	99297	11	99291	6805537	68.54
2020-2022	10	0.00010	0.00010	0.5	99286	10	99281	6706246	67.54
2020-2022	11	0.00013	0.00013	0.5	99276	13	99269	6606965	66.55
2020-2022	12	0.00016	0.00016	0.5	99263	16	99255	6507696	65.56
2020-2022	13	0.00019	0.00019	0.5	99247	19	99238	6408441	64.57
2020-2022	14	0.00022	0.00022	0.5	99228	22	99217	6309203	63.58
2020-2022	15	0.00030	0.00030	0.5	99206	30	99191	6209986	62.60
2020-2022	16	0.00038	0.00038	0.5	99176	37	99157	6110795	61.62
2020-2022	17	0.00053	0.00053	0.5	99139	53	99112	6011637	60.64
2020-2022	18	0.00065	0.00065	0.5	99086	64	99054	5912525	59.67
2020-2022	19	0.00072	0.00072	0.5	99022	72	98986	5813471	58.71
2020-2022	20	0.00076	0.00076	0.5	98950	75	98913	5714486	57.75
2020-2022	21	0.00094	0.00094	0.5	98875	93	98828	5615573	56.79
2020-2022	22	0.00108	0.00108	0.5	98782	106	98729	5516745	55.85
2020-2022	23	0.00108	0.00108	0.5	98676	106	98622	5418016	54.91
2020-2022	24	0.00125	0.00125	0.5	98569	123	98508	5319393	53.97
2020-2022	25	0.00137	0.00137	0.5	98446	135	98379	5220886	53.03
2020-2022	26	0.00148	0.00148	0.5	98311	146	98238	5122507	52.11
2020-2022	27	0.00152	0.00152	0.5	98165	150	98091	5024269	51.18
2020-2022	28	0.00160	0.00160	0.5	98016	157	97937	4926179	50.26
2020-2022	29	0.00173	0.00173	0.5	97859	169	97774	4828241	49.34
2020-2022	30	0.00182	0.00181	0.5	97690	177	97601	4730467	48.42
2020-2022	31	0.00179	0.00179	0.5	97513	174	97426	4632865	47.51
2020-2022	32	0.00204	0.00203	0.5	97339	198	97240	4535440	46.59
2020-2022	33	0.00200	0.00199	0.5	97141	194	97044	4438200	45.69
2020-2022	34	0.00206	0.00206	0.5	96947	200	96847	4341156	44.78
2020-2022	35	0.00214	0.00214	0.5	96747	207	96644	4244309	43.87
2020-2022	36	0.00233	0.00233	0.5	96540	225	96428	4147665	42.96
2020-2022	37	0.00233	0.00233	0.5	96316	224	96203	4051237	42.06
2020-2022	38	0.00250	0.00250	0.5	96091	240	95971	3955034	41.16
2020-2022	39	0.00254	0.00253	0.5	95851	243	95730	3859063	40.26
2020-2022	40	0.00282	0.00281	0.5	95608	269	95474	3763333	39.36
2020-2022	41	0.00283	0.00282	0.5	95339	269	95205	3667859	38.47
2020-2022	42	0.00274	0.00273	0.5	95070	260	94940	3572654	37.58
2020-2022	43	0.00307	0.00307	0.5	94811	291	94665	3477714	36.68
2020-2022	44	0.00308	0.00308	0.5	94520	291	94374	3383048	35.79
2020-2022	45	0.00316	0.00316	0.5	94229	297	94080	3288674	34.90
2020-2022	46	0.00351	0.00351	0.5	93932	329	93767	3194594	34.01
2020-2022	47	0.00388	0.00387	0.5	93602	362	93421	3100827	33.13
2020-2022	48	0.00394	0.00394	0.5	93240	367	93056	3007406	32.25
2020-2022	49	0.00442	0.00441	0.5	92873	409	92668	2914350	31.38
2020-2022	50	0.00484	0.00483	0.5	92463	446	92240	2821682	30.52
2020-2022	51	0.00520	0.00519	0.5	92017	478	91778	2729442	29.66
2020-2022	52	0.00552	0.00550	0.5	91540	504	91288	2637664	28.81
2020-2022	53	0.00586	0.00584	0.5	91036	532	90770	2546376	27.97
2020-2022	54	0.00626	0.00625	0.5	90504	565	90222	2455606	27.13
2020-2022	55	0.00703	0.00700	0.5	89939	630	89624	2365384	26.30
2020-2022	56	0.00742	0.00739	0.5	89309	660	88979	2275760	25.48
2020-2022	57	0.00808	0.00805	0.5	88649	714	88292	2186781	24.67
2020-2022	58	0.00866	0.00863	0.5	87935	759	87556	2098489	23.86
2020-2022	59	0.00960	0.00956	0.5	87177	833	86760	2010933	23.07
2020-2022	60	0.01043	0.01038	0.5	86344	896	85895	1924173	22.29
2020-2022	61	0.01119	0.01113	0.5	85447	951	84972	1838277	21.51
2020-2022	62	0.01194	0.01187	0.5	84496	1003	83995	1753306	20.75
2020-2022	63	0.01278	0.01270	0.5	83493	1060	82963	1669311	19.99
2020-2022	64	0.01390	0.01380	0.5	82433	1138	81864	1586348	19.24
2020-2022	65	0.01499	0.01488	0.5	81295	1210	80691	1504484	18.51
2020-2022	66	0.01555	0.01543	0.5	80086	1236	79468	1423794	17.78
2020-2022	67	0.01686	0.01672	0.5	78850	1318	78191	1344326	17.05
2020-2022	68	0.01795	0.01779	0.5	77532	1379	76842	1266135	16.33
2020-2022	69	0.01926	0.01907	0.5	76152	1453	75426	1189293	15.62
2020-2022	70	0.02067	0.02045	0.5	74700	1528	73936	1113867	14.91
2020-2022	71	0.02275	0.02250	0.5	73172	1646	72349	1039932	14.21
2020-2022	72	0.02441	0.02412	0.5	71525	1725	70663	967583	13.53
2020-2022	73	0.02792	0.02754	0.5	69800	1922	68839	896920	12.85
2020-2022	74	0.03116	0.03068	0.5	67878	2083	66837	828081	12.20
2020-2022	75	0.03318	0.03264	0.5	65796	2147	64722	761244	11.57
2020-2022	76	0.03578	0.03515	0.5	63648	2237	62529	696522	10.94
2020-2022	77	0.04147	0.04063	0.5	61411	2495	60163	633992	10.32
2020-2022	78	0.04643	0.04538	0.5	58916	2674	57579	573829	9.74
2020-2022	79	0.05152	0.05023	0.5	56242	2825	54830	516250	9.18
2020-2022	80	0.05561	0.05410	0.5	53417	2890	51972	461420	8.64
2020-2022	81	0.06096	0.05916	0.5	50527	2989	49033	409448	8.10
2020-2022	82	0.06796	0.06573	0.5	47538	3125	45976	360416	7.58
2020-2022	83	0.07696	0.07411	0.5	44413	3291	42768	314440	7.08
2020-2022	84	0.08625	0.08269	0.5	41122	3400	39422	271672	6.61
2020-2022	85	0.09648	0.09204	0.5	37722	3472	35986	232250	6.16
2020-2022	86	0.10756	0.10207	0.5	34250	3496	32502	196265	5.73
2020-2022	87	0.12069	0.11382	0.5	30754	3500	29004	163763	5.32
2020-2022	88	0.13435	0.12589	0.5	27253	3431	25538	134759	4.94
2020-2022	89	0.15249	0.14169	0.5	23822	3375	22135	109221	4.58
2020-2022	90	0.16911	0.15592	0.5	20447	3188	18853	87087	4.26
2020-2022	91	0.18980	0.17335	0.5	17259	2992	15763	68234	3.95
2020-2022	92	0.21206	0.19173	0.5	14267	2735	12899	52471	3.68
2020-2022	93	0.22830	0.20491	0.5	11531	2363	10350	39572	3.43
2020-2022	94	0.25231	0.22405	0.5	9169	2054	8141	29222	3.19
2020-2022	95	0.27798	0.24406	0.5	7114	1736	6246	21081	2.96
2020-2022	96	0.30523	0.26481	0.5	5378	1424	4666	14834	2.76
2020-2022	97	0.33396	0.28617	0.5	3954	1131	3388	10168	2.57
2020-2022	98	0.36402	0.30797	0.5	2822	869	2388	6780	2.40
2020-2022	99	0.39523	0.33001	0.5	1953	645	1631	4393	2.25
2020-2022	100	0.42737	0.35213	0.5	1309	461	1078	2762	2.11
2020-2022	101	0.46019	0.37411	0.5	848	317	689	1683	1.99
2020-2022	102	0.49341	0.39577	0.5	531	210	426	994	1.87
2020-2022	103	0.52674	0.41693	0.5	321	134	254	569	1.77
2020-2022	104	0.55988	0.43743	0.5	187	82	146	315	1.68
2020-2022	105	0.59254	0.45711	0.5	105	48	81	169	1.60
2020-2022	106	0.62445	0.47587	0.5	57	27	44	88	1.53
2020-2022	107	0.65536	0.49361	0.5	30	15	23	44	1.47
2020-2022	108	0.68504	0.51026	0.5	15	8	11	22	1.42
2020-2022	109	0.71331	0.52579	0.5	7	4	5	10	1.38
2020-2022	110+	0.74004	1.00000	1.35	4	4	5	5	1.35
