PA: PA, Lifetables (period 1x10), Females Last modified: February 4 2025, MPv5 (May07) 

Year     	Age	mx	qx	ax	lx	dx	Lx	Tx	ex
1941-1949	0	0.03169	0.03085	0.14	100000	3085	97352	6804086	68.04
1941-1949	1	0.00265	0.00265	0.5	96915	257	96787	6706734	69.20
1941-1949	2	0.00156	0.00156	0.5	96658	151	96583	6609948	68.38
1941-1949	3	0.00122	0.00122	0.5	96507	118	96448	6513365	67.49
1941-1949	4	0.00094	0.00094	0.5	96389	90	96344	6416917	66.57
1941-1949	5	0.00080	0.00080	0.5	96299	77	96261	6320572	65.63
1941-1949	6	0.00073	0.00073	0.5	96223	70	96188	6224312	64.69
1941-1949	7	0.00068	0.00068	0.5	96153	65	96120	6128124	63.73
1941-1949	8	0.00064	0.00064	0.5	96087	61	96057	6032004	62.78
1941-1949	9	0.00061	0.00061	0.5	96026	58	95997	5935947	61.82
1941-1949	10	0.00059	0.00059	0.5	95968	56	95940	5839951	60.85
1941-1949	11	0.00059	0.00058	0.5	95912	56	95884	5744011	59.89
1941-1949	12	0.00061	0.00061	0.5	95855	58	95826	5648127	58.92
1941-1949	13	0.00064	0.00064	0.5	95797	62	95767	5552301	57.96
1941-1949	14	0.00070	0.00070	0.5	95736	67	95703	5456534	57.00
1941-1949	15	0.00077	0.00077	0.5	95669	73	95633	5360832	56.04
1941-1949	16	0.00084	0.00084	0.5	95596	80	95556	5265199	55.08
1941-1949	17	0.00092	0.00092	0.5	95516	87	95472	5169643	54.12
1941-1949	18	0.00100	0.00100	0.5	95428	96	95381	5074171	53.17
1941-1949	19	0.00110	0.00110	0.5	95333	105	95280	4978791	52.23
1941-1949	20	0.00120	0.00120	0.5	95228	114	95171	4883510	51.28
1941-1949	21	0.00129	0.00129	0.5	95114	122	95053	4788339	50.34
1941-1949	22	0.00136	0.00136	0.5	94992	129	94927	4693286	49.41
1941-1949	23	0.00143	0.00142	0.5	94863	135	94795	4598358	48.47
1941-1949	24	0.00148	0.00148	0.5	94728	140	94658	4503563	47.54
1941-1949	25	0.00153	0.00152	0.5	94588	144	94516	4408905	46.61
1941-1949	26	0.00157	0.00157	0.5	94444	149	94369	4314390	45.68
1941-1949	27	0.00163	0.00163	0.5	94295	153	94218	4220020	44.75
1941-1949	28	0.00169	0.00169	0.5	94142	159	94062	4125802	43.83
1941-1949	29	0.00177	0.00177	0.5	93982	166	93899	4031740	42.90
1941-1949	30	0.00186	0.00186	0.5	93816	174	93729	3937841	41.97
1941-1949	31	0.00195	0.00195	0.5	93642	182	93551	3844112	41.05
1941-1949	32	0.00206	0.00206	0.5	93459	192	93363	3750561	40.13
1941-1949	33	0.00219	0.00219	0.5	93267	204	93165	3657198	39.21
1941-1949	34	0.00234	0.00234	0.5	93063	217	92954	3564033	38.30
1941-1949	35	0.00252	0.00252	0.5	92846	234	92729	3471078	37.39
1941-1949	36	0.00273	0.00272	0.5	92612	252	92486	3378350	36.48
1941-1949	37	0.00295	0.00295	0.5	92360	272	92224	3285864	35.58
1941-1949	38	0.00322	0.00322	0.5	92088	296	91939	3193640	34.68
1941-1949	39	0.00352	0.00351	0.5	91791	322	91630	3101701	33.79
1941-1949	40	0.00383	0.00382	0.5	91469	349	91294	3010071	32.91
1941-1949	41	0.00412	0.00411	0.5	91120	375	90933	2918776	32.03
1941-1949	42	0.00446	0.00445	0.5	90745	404	90543	2827844	31.16
1941-1949	43	0.00483	0.00482	0.5	90341	436	90123	2737300	30.30
1941-1949	44	0.00517	0.00516	0.5	89905	464	89674	2647177	29.44
1941-1949	45	0.00555	0.00554	0.5	89442	495	89194	2557503	28.59
1941-1949	46	0.00595	0.00594	0.5	88947	528	88683	2468309	27.75
1941-1949	47	0.00641	0.00639	0.5	88419	565	88136	2379626	26.91
1941-1949	48	0.00699	0.00697	0.5	87854	612	87548	2291490	26.08
1941-1949	49	0.00769	0.00766	0.5	87242	668	86908	2203942	25.26
1941-1949	50	0.00850	0.00847	0.5	86574	733	86207	2117035	24.45
1941-1949	51	0.00921	0.00917	0.5	85841	787	85448	2030827	23.66
1941-1949	52	0.00994	0.00989	0.5	85054	841	84634	1945379	22.87
1941-1949	53	0.01075	0.01070	0.5	84213	901	83763	1860746	22.10
1941-1949	54	0.01155	0.01148	0.5	83312	957	82834	1776983	21.33
1941-1949	55	0.01243	0.01235	0.5	82356	1017	81847	1694149	20.57
1941-1949	56	0.01335	0.01326	0.5	81338	1079	80799	1612302	19.82
1941-1949	57	0.01439	0.01429	0.5	80260	1147	79686	1531503	19.08
1941-1949	58	0.01566	0.01554	0.5	79113	1229	78498	1451817	18.35
1941-1949	59	0.01706	0.01692	0.5	77884	1318	77225	1373318	17.63
1941-1949	60	0.01866	0.01849	0.5	76566	1416	75858	1296093	16.93
1941-1949	61	0.02020	0.02000	0.5	75151	1503	74399	1220235	16.24
1941-1949	62	0.02192	0.02168	0.5	73648	1597	72849	1145836	15.56
1941-1949	63	0.02401	0.02373	0.5	72051	1710	71196	1072987	14.89
1941-1949	64	0.02622	0.02588	0.5	70341	1821	69431	1001790	14.24
1941-1949	65	0.02897	0.02856	0.5	68521	1957	67542	932359	13.61
1941-1949	66	0.03169	0.03119	0.5	66564	2076	65526	864817	12.99
1941-1949	67	0.03445	0.03386	0.5	64488	2184	63396	799291	12.39
1941-1949	68	0.03796	0.03725	0.5	62304	2321	61144	735895	11.81
1941-1949	69	0.04180	0.04094	0.5	59983	2456	58755	674752	11.25
1941-1949	70	0.04621	0.04517	0.5	57527	2598	56228	615996	10.71
1941-1949	71	0.05019	0.04896	0.5	54929	2689	53584	559768	10.19
1941-1949	72	0.05436	0.05292	0.5	52240	2765	50857	506184	9.69
1941-1949	73	0.05945	0.05773	0.5	49475	2856	48047	455326	9.20
1941-1949	74	0.06460	0.06258	0.5	46619	2917	45160	407279	8.74
1941-1949	75	0.07075	0.06834	0.5	43702	2986	42208	362119	8.29
1941-1949	76	0.07668	0.07385	0.5	40715	3007	39212	319911	7.86
1941-1949	77	0.08238	0.07912	0.5	37708	2984	36217	280699	7.44
1941-1949	78	0.08977	0.08592	0.5	34725	2983	33233	244482	7.04
1941-1949	79	0.09833	0.09373	0.5	31742	2975	30254	211249	6.66
1941-1949	80	0.10311	0.09805	0.5	28767	2821	27356	180995	6.29
1941-1949	81	0.11304	0.10699	0.5	25946	2776	24558	153639	5.92
1941-1949	82	0.12376	0.11655	0.5	23170	2700	21820	129081	5.57
1941-1949	83	0.13534	0.12677	0.5	20469	2595	19172	107261	5.24
1941-1949	84	0.14766	0.13751	0.5	17875	2458	16646	88089	4.93
1941-1949	85	0.16063	0.14869	0.5	15417	2292	14271	71443	4.63
1941-1949	86	0.17502	0.16094	0.5	13124	2112	12068	57173	4.36
1941-1949	87	0.19111	0.17444	0.5	11012	1921	10052	45105	4.10
1941-1949	88	0.20863	0.18892	0.5	9091	1718	8232	35053	3.86
1941-1949	89	0.22656	0.20350	0.5	7374	1501	6623	26820	3.64
1941-1949	90	0.24336	0.21696	0.5	5873	1274	5236	20197	3.44
1941-1949	91	0.25932	0.22956	0.5	4599	1056	4071	14961	3.25
1941-1949	92	0.27769	0.24383	0.5	3543	864	3111	10890	3.07
1941-1949	93	0.29816	0.25948	0.5	2679	695	2332	7779	2.90
1941-1949	94	0.31947	0.27547	0.5	1984	547	1711	5447	2.75
1941-1949	95	0.34157	0.29175	0.5	1437	419	1228	3736	2.60
1941-1949	96	0.36438	0.30822	0.5	1018	314	861	2509	2.46
1941-1949	97	0.38781	0.32483	0.5	704	229	590	1647	2.34
1941-1949	98	0.41178	0.34147	0.5	476	162	394	1057	2.22
1941-1949	99	0.43617	0.35808	0.5	313	112	257	663	2.12
1941-1949	100	0.46087	0.37456	0.5	201	75	163	406	2.02
1941-1949	101	0.48577	0.39084	0.5	126	49	101	243	1.93
1941-1949	102	0.51073	0.40684	0.5	77	31	61	142	1.85
1941-1949	103	0.53565	0.42249	0.5	45	19	36	81	1.77
1941-1949	104	0.56038	0.43773	0.5	26	11	20	45	1.70
1941-1949	105	0.58483	0.45251	0.5	15	7	11	24	1.64
1941-1949	106	0.60886	0.46676	0.5	8	4	6	13	1.58
1941-1949	107	0.63237	0.48046	0.5	4	2	3	7	1.53
1941-1949	108	0.65527	0.49356	0.5	2	1	2	3	1.49
1941-1949	109	0.67747	0.50605	0.5	1	1	1	2	1.45
1941-1949	110+	0.69890	1.00000	1.43	1	1	1	1	1.43
1950-1959	0	0.02274	0.02229	0.12	100000	2229	98031	7173093	71.73
1950-1959	1	0.00151	0.00150	0.5	97771	147	97697	7075062	72.36
1950-1959	2	0.00089	0.00089	0.5	97624	87	97580	6977365	71.47
1950-1959	3	0.00070	0.00070	0.5	97537	68	97502	6879785	70.54
1950-1959	4	0.00058	0.00058	0.5	97468	56	97440	6782282	69.58
1950-1959	5	0.00051	0.00051	0.5	97412	50	97387	6684842	68.62
1950-1959	6	0.00045	0.00045	0.5	97362	43	97340	6587455	67.66
1950-1959	7	0.00038	0.00038	0.5	97319	37	97300	6490114	66.69
1950-1959	8	0.00033	0.00033	0.5	97282	32	97266	6392814	65.71
1950-1959	9	0.00031	0.00031	0.5	97250	30	97235	6295548	64.74
1950-1959	10	0.00030	0.00030	0.5	97219	29	97205	6198313	63.76
1950-1959	11	0.00030	0.00030	0.5	97190	29	97176	6101108	62.77
1950-1959	12	0.00032	0.00032	0.5	97161	31	97146	6003933	61.79
1950-1959	13	0.00033	0.00033	0.5	97130	32	97114	5906787	60.81
1950-1959	14	0.00038	0.00038	0.5	97098	36	97080	5809673	59.83
1950-1959	15	0.00044	0.00044	0.5	97062	43	97040	5712593	58.86
1950-1959	16	0.00049	0.00049	0.5	97019	48	96995	5615553	57.88
1950-1959	17	0.00054	0.00054	0.5	96971	52	96945	5518558	56.91
1950-1959	18	0.00059	0.00059	0.5	96919	57	96890	5421613	55.94
1950-1959	19	0.00061	0.00061	0.5	96862	59	96832	5324722	54.97
1950-1959	20	0.00064	0.00063	0.5	96802	61	96772	5227890	54.01
1950-1959	21	0.00067	0.00067	0.5	96741	65	96708	5131119	53.04
1950-1959	22	0.00068	0.00068	0.5	96676	66	96643	5034410	52.08
1950-1959	23	0.00072	0.00072	0.5	96610	69	96576	4937767	51.11
1950-1959	24	0.00073	0.00073	0.5	96541	71	96505	4841191	50.15
1950-1959	25	0.00079	0.00079	0.5	96470	76	96432	4744686	49.18
1950-1959	26	0.00082	0.00082	0.5	96394	79	96354	4648254	48.22
1950-1959	27	0.00089	0.00089	0.5	96314	86	96272	4551900	47.26
1950-1959	28	0.00095	0.00094	0.5	96229	91	96183	4455629	46.30
1950-1959	29	0.00100	0.00100	0.5	96138	96	96090	4359446	45.35
1950-1959	30	0.00109	0.00109	0.5	96042	105	95989	4263356	44.39
1950-1959	31	0.00117	0.00117	0.5	95937	112	95881	4167366	43.44
1950-1959	32	0.00127	0.00127	0.5	95825	121	95764	4071485	42.49
1950-1959	33	0.00139	0.00139	0.5	95704	133	95637	3975721	41.54
1950-1959	34	0.00148	0.00148	0.5	95570	141	95500	3880084	40.60
1950-1959	35	0.00159	0.00159	0.5	95429	151	95354	3784584	39.66
1950-1959	36	0.00172	0.00172	0.5	95278	164	95196	3689230	38.72
1950-1959	37	0.00187	0.00187	0.5	95114	177	95025	3594034	37.79
1950-1959	38	0.00205	0.00205	0.5	94937	195	94839	3499009	36.86
1950-1959	39	0.00223	0.00223	0.5	94742	211	94636	3404170	35.93
1950-1959	40	0.00245	0.00244	0.5	94531	231	94415	3309533	35.01
1950-1959	41	0.00268	0.00268	0.5	94300	252	94173	3215118	34.09
1950-1959	42	0.00294	0.00294	0.5	94047	277	93909	3120945	33.18
1950-1959	43	0.00319	0.00319	0.5	93771	299	93621	3027036	32.28
1950-1959	44	0.00358	0.00357	0.5	93472	334	93305	2933415	31.38
1950-1959	45	0.00391	0.00391	0.5	93138	364	92956	2840110	30.49
1950-1959	46	0.00437	0.00436	0.5	92774	404	92572	2747154	29.61
1950-1959	47	0.00479	0.00478	0.5	92370	442	92149	2654582	28.74
1950-1959	48	0.00536	0.00535	0.5	91928	492	91682	2562433	27.87
1950-1959	49	0.00577	0.00576	0.5	91436	526	91173	2470751	27.02
1950-1959	50	0.00626	0.00624	0.5	90910	568	90626	2379578	26.18
1950-1959	51	0.00684	0.00682	0.5	90342	616	90034	2288952	25.34
1950-1959	52	0.00750	0.00747	0.5	89726	671	89391	2198917	24.51
1950-1959	53	0.00821	0.00817	0.5	89056	728	88692	2109526	23.69
1950-1959	54	0.00889	0.00885	0.5	88328	782	87937	2020834	22.88
1950-1959	55	0.00967	0.00962	0.5	87546	842	87125	1932898	22.08
1950-1959	56	0.01045	0.01040	0.5	86704	902	86253	1845773	21.29
1950-1959	57	0.01132	0.01125	0.5	85802	966	85319	1759520	20.51
1950-1959	58	0.01254	0.01246	0.5	84836	1057	84308	1674201	19.73
1950-1959	59	0.01376	0.01367	0.5	83779	1145	83207	1589893	18.98
1950-1959	60	0.01479	0.01468	0.5	82634	1213	82028	1506686	18.23
1950-1959	61	0.01620	0.01607	0.5	81422	1309	80767	1424658	17.50
1950-1959	62	0.01795	0.01779	0.5	80113	1425	79401	1343891	16.77
1950-1959	63	0.01970	0.01951	0.5	78688	1535	77920	1264490	16.07
1950-1959	64	0.02157	0.02134	0.5	77153	1646	76330	1186570	15.38
1950-1959	65	0.02371	0.02344	0.5	75506	1770	74621	1110240	14.70
1950-1959	66	0.02579	0.02546	0.5	73737	1877	72798	1035619	14.04
1950-1959	67	0.02852	0.02812	0.5	71860	2020	70849	962821	13.40
1950-1959	68	0.03133	0.03085	0.5	69839	2154	68762	891971	12.77
1950-1959	69	0.03437	0.03379	0.5	67685	2287	66541	823209	12.16
1950-1959	70	0.03744	0.03675	0.5	65397	2403	64196	756668	11.57
1950-1959	71	0.04103	0.04021	0.5	62994	2533	61728	692472	10.99
1950-1959	72	0.04541	0.04440	0.5	60461	2684	59119	630745	10.43
1950-1959	73	0.05005	0.04883	0.5	57777	2821	56367	571625	9.89
1950-1959	74	0.05512	0.05364	0.5	54956	2948	53482	515259	9.38
1950-1959	75	0.06110	0.05929	0.5	52008	3083	50466	461777	8.88
1950-1959	76	0.06606	0.06395	0.5	48925	3129	47360	411311	8.41
1950-1959	77	0.07241	0.06988	0.5	45796	3200	44196	363950	7.95
1950-1959	78	0.08001	0.07694	0.5	42596	3277	40957	319755	7.51
1950-1959	79	0.08837	0.08463	0.5	39318	3328	37655	278798	7.09
1950-1959	80	0.09323	0.08908	0.5	35991	3206	34388	241143	6.70
1950-1959	81	0.10098	0.09613	0.5	32785	3152	31209	206755	6.31
1950-1959	82	0.11171	0.10580	0.5	29633	3135	28066	175546	5.92
1950-1959	83	0.12263	0.11554	0.5	26498	3062	24967	147480	5.57
1950-1959	84	0.13397	0.12556	0.5	23436	2943	21965	122513	5.23
1950-1959	85	0.14735	0.13724	0.5	20494	2813	19087	100548	4.91
1950-1959	86	0.16168	0.14959	0.5	17681	2645	16359	81461	4.61
1950-1959	87	0.17637	0.16208	0.5	15036	2437	13818	65102	4.33
1950-1959	88	0.19244	0.17555	0.5	12599	2212	11493	51284	4.07
1950-1959	89	0.21077	0.19067	0.5	10387	1981	9397	39791	3.83
1950-1959	90	0.22801	0.20468	0.5	8407	1721	7547	30394	3.62
1950-1959	91	0.23955	0.21392	0.5	6686	1430	5971	22847	3.42
1950-1959	92	0.25841	0.22884	0.5	5256	1203	4654	16876	3.21
1950-1959	93	0.28289	0.24784	0.5	4053	1005	3551	12222	3.02
1950-1959	94	0.30438	0.26417	0.5	3049	805	2646	8671	2.84
1950-1959	95	0.32675	0.28087	0.5	2243	630	1928	6025	2.69
1950-1959	96	0.34994	0.29783	0.5	1613	480	1373	4097	2.54
1950-1959	97	0.37387	0.31499	0.5	1133	357	954	2724	2.40
1950-1959	98	0.39843	0.33224	0.5	776	258	647	1769	2.28
1950-1959	99	0.42351	0.34950	0.5	518	181	428	1122	2.17
1950-1959	100	0.44899	0.36667	0.5	337	124	275	695	2.06
1950-1959	101	0.47474	0.38367	0.5	213	82	173	419	1.97
1950-1959	102	0.50062	0.40040	0.5	132	53	105	247	1.88
1950-1959	103	0.52650	0.41678	0.5	79	33	62	142	1.80
1950-1959	104	0.55224	0.43275	0.5	46	20	36	79	1.72
1950-1959	105	0.57771	0.44823	0.5	26	12	20	43	1.66
1950-1959	106	0.60276	0.46317	0.5	14	7	11	23	1.60
1950-1959	107	0.62729	0.47752	0.5	8	4	6	12	1.54
1950-1959	108	0.65118	0.49124	0.5	4	2	3	6	1.50
1950-1959	109	0.67434	0.50430	0.5	2	1	2	3	1.46
1950-1959	110+	0.69667	1.00000	1.44	1	1	1	1	1.44
1960-1969	0	0.02019	0.01984	0.11	100000	1984	98234	7317319	73.17
1960-1969	1	0.00115	0.00115	0.5	98016	113	97960	7219086	73.65
1960-1969	2	0.00074	0.00074	0.5	97904	72	97868	7121126	72.74
1960-1969	3	0.00059	0.00059	0.5	97831	58	97803	7023258	71.79
1960-1969	4	0.00046	0.00046	0.5	97774	45	97751	6925455	70.83
1960-1969	5	0.00043	0.00043	0.5	97729	42	97708	6827704	69.86
1960-1969	6	0.00034	0.00034	0.5	97687	33	97670	6729997	68.89
1960-1969	7	0.00033	0.00033	0.5	97653	33	97637	6632327	67.92
1960-1969	8	0.00030	0.00030	0.5	97621	30	97606	6534690	66.94
1960-1969	9	0.00032	0.00032	0.5	97591	31	97576	6437084	65.96
1960-1969	10	0.00026	0.00026	0.5	97560	26	97547	6339508	64.98
1960-1969	11	0.00023	0.00023	0.5	97534	23	97523	6241961	64.00
1960-1969	12	0.00024	0.00024	0.5	97511	23	97500	6144438	63.01
1960-1969	13	0.00026	0.00026	0.5	97488	26	97475	6046939	62.03
1960-1969	14	0.00030	0.00030	0.5	97463	29	97448	5949463	61.04
1960-1969	15	0.00040	0.00040	0.5	97433	39	97414	5852015	60.06
1960-1969	16	0.00043	0.00043	0.5	97395	42	97374	5754601	59.09
1960-1969	17	0.00045	0.00045	0.5	97353	44	97331	5657228	58.11
1960-1969	18	0.00048	0.00048	0.5	97309	46	97285	5559897	57.14
1960-1969	19	0.00052	0.00052	0.5	97262	51	97237	5462612	56.16
1960-1969	20	0.00059	0.00059	0.5	97211	58	97182	5365375	55.19
1960-1969	21	0.00059	0.00059	0.5	97153	58	97125	5268193	54.23
1960-1969	22	0.00059	0.00059	0.5	97096	58	97067	5171068	53.26
1960-1969	23	0.00063	0.00063	0.5	97038	61	97007	5074002	52.29
1960-1969	24	0.00063	0.00063	0.5	96977	61	96946	4976994	51.32
1960-1969	25	0.00072	0.00072	0.5	96916	70	96881	4880048	50.35
1960-1969	26	0.00071	0.00071	0.5	96846	69	96812	4783167	49.39
1960-1969	27	0.00073	0.00073	0.5	96777	71	96742	4686356	48.42
1960-1969	28	0.00084	0.00084	0.5	96707	81	96666	4589614	47.46
1960-1969	29	0.00085	0.00085	0.5	96625	83	96584	4492948	46.50
1960-1969	30	0.00092	0.00092	0.5	96543	89	96498	4396364	45.54
1960-1969	31	0.00102	0.00102	0.5	96453	99	96404	4299866	44.58
1960-1969	32	0.00111	0.00111	0.5	96355	107	96301	4203462	43.62
1960-1969	33	0.00114	0.00114	0.5	96248	110	96193	4107160	42.67
1960-1969	34	0.00129	0.00129	0.5	96139	124	96076	4010967	41.72
1960-1969	35	0.00144	0.00144	0.5	96014	138	95945	3914891	40.77
1960-1969	36	0.00151	0.00150	0.5	95876	144	95804	3818946	39.83
1960-1969	37	0.00167	0.00166	0.5	95732	159	95652	3723141	38.89
1960-1969	38	0.00182	0.00182	0.5	95573	174	95486	3627489	37.96
1960-1969	39	0.00198	0.00198	0.5	95399	189	95304	3532003	37.02
1960-1969	40	0.00210	0.00210	0.5	95210	200	95110	3436699	36.10
1960-1969	41	0.00247	0.00247	0.5	95010	235	94892	3341589	35.17
1960-1969	42	0.00277	0.00277	0.5	94775	263	94644	3246697	34.26
1960-1969	43	0.00288	0.00287	0.5	94512	271	94377	3152053	33.35
1960-1969	44	0.00301	0.00301	0.5	94241	283	94099	3057676	32.45
1960-1969	45	0.00351	0.00350	0.5	93957	329	93793	2963577	31.54
1960-1969	46	0.00390	0.00389	0.5	93628	364	93446	2869784	30.65
1960-1969	47	0.00424	0.00423	0.5	93264	394	93067	2776338	29.77
1960-1969	48	0.00462	0.00461	0.5	92870	428	92656	2683271	28.89
1960-1969	49	0.00502	0.00501	0.5	92441	463	92210	2590616	28.02
1960-1969	50	0.00559	0.00557	0.5	91978	513	91722	2498406	27.16
1960-1969	51	0.00598	0.00597	0.5	91466	546	91193	2406684	26.31
1960-1969	52	0.00653	0.00651	0.5	90920	592	90624	2315491	25.47
1960-1969	53	0.00706	0.00704	0.5	90328	636	90010	2224867	24.63
1960-1969	54	0.00747	0.00745	0.5	89692	668	89358	2134857	23.80
1960-1969	55	0.00836	0.00833	0.5	89024	741	88654	2045498	22.98
1960-1969	56	0.00921	0.00917	0.5	88283	809	87879	1956845	22.17
1960-1969	57	0.00990	0.00985	0.5	87474	862	87043	1868966	21.37
1960-1969	58	0.01113	0.01107	0.5	86612	959	86133	1781923	20.57
1960-1969	59	0.01181	0.01174	0.5	85654	1006	85151	1695790	19.80
1960-1969	60	0.01339	0.01330	0.5	84648	1125	84085	1610639	19.03
1960-1969	61	0.01411	0.01401	0.5	83522	1170	82937	1526554	18.28
1960-1969	62	0.01646	0.01633	0.5	82352	1345	81680	1443617	17.53
1960-1969	63	0.01711	0.01696	0.5	81008	1374	80321	1361937	16.81
1960-1969	64	0.01844	0.01827	0.5	79633	1455	78906	1281617	16.09
1960-1969	65	0.02125	0.02103	0.5	78178	1644	77356	1202711	15.38
1960-1969	66	0.02231	0.02206	0.5	76534	1688	75690	1125355	14.70
1960-1969	67	0.02569	0.02536	0.5	74846	1898	73897	1049665	14.02
1960-1969	68	0.02788	0.02750	0.5	72948	2006	71945	975768	13.38
1960-1969	69	0.03062	0.03016	0.5	70942	2139	69872	903823	12.74
1960-1969	70	0.03392	0.03336	0.5	68803	2295	67655	833950	12.12
1960-1969	71	0.03515	0.03454	0.5	66508	2297	65359	766295	11.52
1960-1969	72	0.04073	0.03992	0.5	64210	2563	62929	700936	10.92
1960-1969	73	0.04473	0.04375	0.5	61647	2697	60298	638008	10.35
1960-1969	74	0.04882	0.04766	0.5	58950	2809	57545	577710	9.80
1960-1969	75	0.05568	0.05417	0.5	56140	3041	54620	520165	9.27
1960-1969	76	0.05911	0.05741	0.5	53099	3048	51575	465545	8.77
1960-1969	77	0.06418	0.06219	0.5	50051	3113	48495	413970	8.27
1960-1969	78	0.07175	0.06926	0.5	46938	3251	45313	365475	7.79
1960-1969	79	0.07809	0.07516	0.5	43687	3283	42045	320163	7.33
1960-1969	80	0.08879	0.08502	0.5	40404	3435	38686	278117	6.88
1960-1969	81	0.09434	0.09009	0.5	36969	3331	35303	239431	6.48
1960-1969	82	0.10684	0.10142	0.5	33638	3412	31932	204128	6.07
1960-1969	83	0.11837	0.11176	0.5	30227	3378	28538	172195	5.70
1960-1969	84	0.12949	0.12162	0.5	26849	3265	25216	143658	5.35
1960-1969	85	0.14305	0.13350	0.5	23583	3148	22009	118442	5.02
1960-1969	86	0.15680	0.14540	0.5	20435	2971	18949	96433	4.72
1960-1969	87	0.17082	0.15738	0.5	17464	2748	16089	77483	4.44
1960-1969	88	0.18306	0.16771	0.5	14715	2468	13481	61394	4.17
1960-1969	89	0.20374	0.18490	0.5	12247	2265	11115	47913	3.91
1960-1969	90	0.21873	0.19716	0.5	9983	1968	8999	36798	3.69
1960-1969	91	0.23024	0.20647	0.5	8014	1655	7187	27799	3.47
1960-1969	92	0.25795	0.22848	0.5	6360	1453	5633	20612	3.24
1960-1969	93	0.27758	0.24375	0.5	4907	1196	4309	14979	3.05
1960-1969	94	0.29932	0.26036	0.5	3711	966	3228	10670	2.88
1960-1969	95	0.32200	0.27735	0.5	2745	761	2364	7443	2.71
1960-1969	96	0.34556	0.29465	0.5	1983	584	1691	5079	2.56
1960-1969	97	0.36990	0.31216	0.5	1399	437	1181	3387	2.42
1960-1969	98	0.39491	0.32979	0.5	962	317	804	2207	2.29
1960-1969	99	0.42049	0.34744	0.5	645	224	533	1403	2.18
1960-1969	100	0.44651	0.36502	0.5	421	154	344	870	2.07
1960-1969	101	0.47282	0.38241	0.5	267	102	216	526	1.97
1960-1969	102	0.49928	0.39954	0.5	165	66	132	310	1.88
1960-1969	103	0.52574	0.41631	0.5	99	41	78	178	1.80
1960-1969	104	0.55207	0.43264	0.5	58	25	45	100	1.72
1960-1969	105	0.57810	0.44847	0.5	33	15	25	54	1.65
1960-1969	106	0.60371	0.46373	0.5	18	8	14	29	1.59
1960-1969	107	0.62876	0.47837	0.5	10	5	7	15	1.54
1960-1969	108	0.65313	0.49235	0.5	5	2	4	8	1.49
1960-1969	109	0.67673	0.50564	0.5	3	1	2	4	1.45
1960-1969	110+	0.69947	1.00000	1.43	1	1	2	2	1.43
1970-1979	0	0.01451	0.01432	0.09	100000	1432	98702	7555191	75.55
1970-1979	1	0.00088	0.00088	0.5	98568	87	98525	7456489	75.65
1970-1979	2	0.00058	0.00058	0.5	98482	58	98453	7357964	74.71
1970-1979	3	0.00043	0.00043	0.5	98424	42	98403	7259511	73.76
1970-1979	4	0.00039	0.00039	0.5	98382	39	98362	7161108	72.79
1970-1979	5	0.00036	0.00036	0.5	98343	35	98325	7062746	71.82
1970-1979	6	0.00034	0.00034	0.5	98308	34	98291	6964420	70.84
1970-1979	7	0.00027	0.00027	0.5	98274	27	98261	6866129	69.87
1970-1979	8	0.00028	0.00028	0.5	98248	27	98234	6767868	68.89
1970-1979	9	0.00028	0.00028	0.5	98220	28	98206	6669634	67.90
1970-1979	10	0.00022	0.00022	0.5	98192	21	98182	6571428	66.92
1970-1979	11	0.00024	0.00024	0.5	98171	24	98159	6473246	65.94
1970-1979	12	0.00025	0.00025	0.5	98147	24	98135	6375087	64.95
1970-1979	13	0.00026	0.00026	0.5	98123	26	98110	6276952	63.97
1970-1979	14	0.00031	0.00031	0.5	98097	30	98082	6178842	62.99
1970-1979	15	0.00036	0.00036	0.5	98067	35	98050	6080759	62.01
1970-1979	16	0.00045	0.00045	0.5	98032	44	98010	5982709	61.03
1970-1979	17	0.00049	0.00049	0.5	97989	48	97965	5884699	60.05
1970-1979	18	0.00055	0.00055	0.5	97941	54	97914	5786734	59.08
1970-1979	19	0.00053	0.00053	0.5	97887	52	97861	5688820	58.12
1970-1979	20	0.00056	0.00056	0.5	97835	55	97807	5590960	57.15
1970-1979	21	0.00056	0.00056	0.5	97779	55	97752	5493153	56.18
1970-1979	22	0.00058	0.00058	0.5	97725	57	97696	5395400	55.21
1970-1979	23	0.00055	0.00055	0.5	97668	53	97641	5297704	54.24
1970-1979	24	0.00059	0.00059	0.5	97614	58	97585	5200063	53.27
1970-1979	25	0.00062	0.00062	0.5	97556	60	97526	5102478	52.30
1970-1979	26	0.00065	0.00065	0.5	97496	64	97464	5004952	51.33
1970-1979	27	0.00064	0.00064	0.5	97432	62	97401	4907488	50.37
1970-1979	28	0.00067	0.00067	0.5	97370	65	97338	4810087	49.40
1970-1979	29	0.00074	0.00074	0.5	97306	72	97270	4712749	48.43
1970-1979	30	0.00074	0.00073	0.5	97234	71	97198	4615479	47.47
1970-1979	31	0.00081	0.00081	0.5	97162	79	97123	4518281	46.50
1970-1979	32	0.00094	0.00094	0.5	97084	91	97038	4421158	45.54
1970-1979	33	0.00098	0.00098	0.5	96992	95	96944	4324120	44.58
1970-1979	34	0.00109	0.00109	0.5	96897	105	96844	4227176	43.63
1970-1979	35	0.00117	0.00117	0.5	96791	113	96735	4130332	42.67
1970-1979	36	0.00132	0.00132	0.5	96678	128	96614	4033597	41.72
1970-1979	37	0.00153	0.00153	0.5	96550	148	96476	3936983	40.78
1970-1979	38	0.00155	0.00155	0.5	96402	149	96328	3840506	39.84
1970-1979	39	0.00162	0.00162	0.5	96253	156	96175	3744179	38.90
1970-1979	40	0.00199	0.00199	0.5	96097	191	96002	3648004	37.96
1970-1979	41	0.00203	0.00203	0.5	95906	194	95809	3552002	37.04
1970-1979	42	0.00246	0.00246	0.5	95712	235	95594	3456193	36.11
1970-1979	43	0.00252	0.00251	0.5	95476	240	95356	3360599	35.20
1970-1979	44	0.00274	0.00274	0.5	95236	261	95106	3265243	34.29
1970-1979	45	0.00293	0.00293	0.5	94976	278	94837	3170137	33.38
1970-1979	46	0.00332	0.00331	0.5	94698	314	94541	3075300	32.47
1970-1979	47	0.00365	0.00364	0.5	94384	344	94212	2980759	31.58
1970-1979	48	0.00396	0.00396	0.5	94041	372	93855	2886546	30.69
1970-1979	49	0.00440	0.00439	0.5	93669	412	93463	2792692	29.81
1970-1979	50	0.00474	0.00473	0.5	93257	441	93036	2699229	28.94
1970-1979	51	0.00496	0.00495	0.5	92816	459	92587	2606193	28.08
1970-1979	52	0.00559	0.00557	0.5	92357	515	92100	2513606	27.22
1970-1979	53	0.00607	0.00605	0.5	91842	556	91564	2421506	26.37
1970-1979	54	0.00660	0.00657	0.5	91286	600	90986	2329942	25.52
1970-1979	55	0.00711	0.00708	0.5	90686	642	90365	2238956	24.69
1970-1979	56	0.00777	0.00774	0.5	90044	697	89696	2148591	23.86
1970-1979	57	0.00851	0.00847	0.5	89347	757	88969	2058896	23.04
1970-1979	58	0.00942	0.00938	0.5	88590	831	88175	1969927	22.24
1970-1979	59	0.01004	0.00998	0.5	87760	876	87321	1881752	21.44
1970-1979	60	0.01101	0.01095	0.5	86883	952	86407	1794431	20.65
1970-1979	61	0.01185	0.01178	0.5	85932	1013	85425	1708023	19.88
1970-1979	62	0.01346	0.01337	0.5	84919	1136	84351	1622598	19.11
1970-1979	63	0.01446	0.01436	0.5	83783	1203	83182	1538247	18.36
1970-1979	64	0.01608	0.01596	0.5	82581	1318	81922	1455065	17.62
1970-1979	65	0.01746	0.01731	0.5	81263	1407	80560	1373143	16.90
1970-1979	66	0.01853	0.01836	0.5	79856	1466	79123	1292583	16.19
1970-1979	67	0.02061	0.02040	0.5	78390	1599	77591	1213460	15.48
1970-1979	68	0.02197	0.02173	0.5	76791	1669	75957	1135869	14.79
1970-1979	69	0.02485	0.02454	0.5	75122	1844	74200	1059912	14.11
1970-1979	70	0.02751	0.02714	0.5	73278	1989	72284	985712	13.45
1970-1979	71	0.02911	0.02869	0.5	71290	2046	70267	913428	12.81
1970-1979	72	0.03266	0.03214	0.5	69244	2225	68131	843161	12.18
1970-1979	73	0.03598	0.03534	0.5	67019	2368	65835	775030	11.56
1970-1979	74	0.04016	0.03937	0.5	64650	2545	63378	709195	10.97
1970-1979	75	0.04408	0.04313	0.5	62105	2679	60766	645817	10.40
1970-1979	76	0.04810	0.04697	0.5	59426	2791	58031	585052	9.84
1970-1979	77	0.05299	0.05162	0.5	56635	2924	55173	527021	9.31
1970-1979	78	0.05971	0.05798	0.5	53711	3114	52154	471848	8.78
1970-1979	79	0.06436	0.06235	0.5	50597	3155	49020	419693	8.29
1970-1979	80	0.07206	0.06955	0.5	47442	3300	45792	370674	7.81
1970-1979	81	0.07757	0.07467	0.5	44143	3296	42495	324881	7.36
1970-1979	82	0.08709	0.08346	0.5	40846	3409	39142	282387	6.91
1970-1979	83	0.09648	0.09204	0.5	37437	3446	35715	243245	6.50
1970-1979	84	0.10660	0.10121	0.5	33992	3440	32272	207530	6.11
1970-1979	85	0.11723	0.11074	0.5	30552	3383	28860	175258	5.74
1970-1979	86	0.12997	0.12204	0.5	27168	3316	25510	146398	5.39
1970-1979	87	0.14012	0.13094	0.5	23853	3123	22291	120888	5.07
1970-1979	88	0.15295	0.14208	0.5	20729	2945	19257	98597	4.76
1970-1979	89	0.16773	0.15475	0.5	17784	2752	16408	79340	4.46
1970-1979	90	0.18634	0.17046	0.5	15032	2562	13751	62932	4.19
1970-1979	91	0.19573	0.17828	0.5	12470	2223	11358	49181	3.94
1970-1979	92	0.21665	0.19547	0.5	10246	2003	9245	37823	3.69
1970-1979	93	0.23557	0.21074	0.5	8244	1737	7375	28578	3.47
1970-1979	94	0.25523	0.22634	0.5	6506	1473	5770	21204	3.26
1970-1979	95	0.27594	0.24249	0.5	5034	1221	4423	15434	3.07
1970-1979	96	0.29766	0.25910	0.5	3813	988	3319	11010	2.89
1970-1979	97	0.32033	0.27611	0.5	2825	780	2435	7691	2.72
1970-1979	98	0.34389	0.29343	0.5	2045	600	1745	5256	2.57
1970-1979	99	0.36824	0.31098	0.5	1445	449	1220	3511	2.43
1970-1979	100	0.39328	0.32865	0.5	996	327	832	2291	2.30
1970-1979	101	0.41889	0.34635	0.5	668	231	553	1459	2.18
1970-1979	102	0.44495	0.36397	0.5	437	159	357	906	2.07
1970-1979	103	0.47131	0.38143	0.5	278	106	225	549	1.98
1970-1979	104	0.49784	0.39861	0.5	172	69	138	324	1.89
1970-1979	105	0.52437	0.41545	0.5	103	43	82	186	1.80
1970-1979	106	0.55077	0.43185	0.5	60	26	47	104	1.73
1970-1979	107	0.57689	0.44774	0.5	34	15	27	57	1.66
1970-1979	108	0.60258	0.46307	0.5	19	9	15	30	1.61
1970-1979	109	0.62773	0.47777	0.5	10	5	8	16	1.56
1970-1979	110+	0.65219	1.00000	1.53	5	5	8	8	1.53
1980-1989	0	0.01001	0.00992	0.08	100000	992	99088	7774397	77.74
1980-1989	1	0.00065	0.00065	0.5	99008	64	98976	7675309	77.52
1980-1989	2	0.00045	0.00045	0.5	98943	45	98921	7576333	76.57
1980-1989	3	0.00034	0.00034	0.5	98899	34	98882	7477412	75.61
1980-1989	4	0.00026	0.00026	0.5	98865	26	98852	7378530	74.63
1980-1989	5	0.00026	0.00026	0.5	98839	26	98826	7279677	73.65
1980-1989	6	0.00020	0.00020	0.5	98813	19	98803	7180851	72.67
1980-1989	7	0.00017	0.00017	0.5	98794	17	98785	7082048	71.69
1980-1989	8	0.00016	0.00016	0.5	98777	16	98769	6983263	70.70
1980-1989	9	0.00017	0.00017	0.5	98761	17	98752	6884494	69.71
1980-1989	10	0.00014	0.00014	0.5	98743	14	98736	6785742	68.72
1980-1989	11	0.00015	0.00015	0.5	98729	15	98722	6687006	67.73
1980-1989	12	0.00018	0.00018	0.5	98714	17	98705	6588284	66.74
1980-1989	13	0.00019	0.00019	0.5	98697	19	98687	6489579	65.75
1980-1989	14	0.00023	0.00023	0.5	98677	23	98666	6390892	64.77
1980-1989	15	0.00029	0.00029	0.5	98654	29	98640	6292226	63.78
1980-1989	16	0.00034	0.00034	0.5	98625	34	98609	6193586	62.80
1980-1989	17	0.00040	0.00040	0.5	98592	39	98572	6094977	61.82
1980-1989	18	0.00047	0.00047	0.5	98552	46	98529	5996405	60.84
1980-1989	19	0.00044	0.00044	0.5	98506	43	98485	5897876	59.87
1980-1989	20	0.00044	0.00044	0.5	98463	43	98441	5799391	58.90
1980-1989	21	0.00046	0.00046	0.5	98420	45	98397	5700949	57.92
1980-1989	22	0.00049	0.00049	0.5	98375	48	98351	5602552	56.95
1980-1989	23	0.00051	0.00051	0.5	98327	50	98301	5504201	55.98
1980-1989	24	0.00050	0.00050	0.5	98276	49	98252	5405900	55.01
1980-1989	25	0.00054	0.00054	0.5	98227	53	98200	5307648	54.03
1980-1989	26	0.00051	0.00051	0.5	98173	50	98149	5209448	53.06
1980-1989	27	0.00054	0.00054	0.5	98124	53	98097	5111300	52.09
1980-1989	28	0.00062	0.00062	0.5	98070	60	98040	5013203	51.12
1980-1989	29	0.00058	0.00058	0.5	98010	57	97982	4915162	50.15
1980-1989	30	0.00063	0.00063	0.5	97953	62	97923	4817181	49.18
1980-1989	31	0.00071	0.00071	0.5	97892	70	97857	4719258	48.21
1980-1989	32	0.00074	0.00074	0.5	97822	73	97786	4621401	47.24
1980-1989	33	0.00079	0.00079	0.5	97749	77	97711	4523616	46.28
1980-1989	34	0.00084	0.00084	0.5	97672	82	97631	4425905	45.31
1980-1989	35	0.00085	0.00085	0.5	97590	83	97548	4328274	44.35
1980-1989	36	0.00094	0.00094	0.5	97507	92	97461	4230726	43.39
1980-1989	37	0.00109	0.00109	0.5	97415	106	97362	4133265	42.43
1980-1989	38	0.00119	0.00119	0.5	97309	116	97251	4035903	41.48
1980-1989	39	0.00119	0.00119	0.5	97193	116	97135	3938652	40.52
1980-1989	40	0.00138	0.00138	0.5	97078	134	97011	3841517	39.57
1980-1989	41	0.00150	0.00150	0.5	96944	145	96871	3744506	38.63
1980-1989	42	0.00168	0.00168	0.5	96799	163	96717	3647635	37.68
1980-1989	43	0.00189	0.00189	0.5	96636	182	96545	3550918	36.75
1980-1989	44	0.00199	0.00199	0.5	96454	192	96358	3454373	35.81
1980-1989	45	0.00242	0.00242	0.5	96262	233	96146	3358015	34.88
1980-1989	46	0.00254	0.00254	0.5	96030	244	95908	3261869	33.97
1980-1989	47	0.00284	0.00284	0.5	95786	272	95650	3165962	33.05
1980-1989	48	0.00337	0.00337	0.5	95514	321	95353	3070312	32.15
1980-1989	49	0.00347	0.00346	0.5	95192	329	95027	2974959	31.25
1980-1989	50	0.00370	0.00369	0.5	94863	350	94688	2879932	30.36
1980-1989	51	0.00438	0.00437	0.5	94512	413	94306	2785244	29.47
1980-1989	52	0.00476	0.00475	0.5	94100	447	93876	2690938	28.60
1980-1989	53	0.00519	0.00517	0.5	93652	484	93410	2597062	27.73
1980-1989	54	0.00549	0.00547	0.5	93168	510	92913	2503652	26.87
1980-1989	55	0.00596	0.00594	0.5	92658	550	92383	2410739	26.02
1980-1989	56	0.00665	0.00663	0.5	92108	610	91803	2318356	25.17
1980-1989	57	0.00718	0.00715	0.5	91498	654	91170	2226554	24.33
1980-1989	58	0.00822	0.00819	0.5	90843	744	90471	2135383	23.51
1980-1989	59	0.00872	0.00868	0.5	90099	782	89708	2044912	22.70
1980-1989	60	0.00951	0.00947	0.5	89317	846	88895	1955204	21.89
1980-1989	61	0.01036	0.01031	0.5	88472	912	88016	1866309	21.09
1980-1989	62	0.01206	0.01198	0.5	87560	1049	87035	1778293	20.31
1980-1989	63	0.01296	0.01288	0.5	86510	1114	85953	1691258	19.55
1980-1989	64	0.01358	0.01349	0.5	85396	1152	84820	1605305	18.80
1980-1989	65	0.01482	0.01471	0.5	84244	1239	83625	1520485	18.05
1980-1989	66	0.01655	0.01642	0.5	83005	1363	82324	1436860	17.31
1980-1989	67	0.01800	0.01784	0.5	81643	1457	80914	1354536	16.59
1980-1989	68	0.01966	0.01947	0.5	80186	1561	79406	1273622	15.88
1980-1989	69	0.02094	0.02073	0.5	78625	1630	77810	1194216	15.19
1980-1989	70	0.02332	0.02305	0.5	76996	1775	76108	1116406	14.50
1980-1989	71	0.02539	0.02507	0.5	75221	1886	74278	1040298	13.83
1980-1989	72	0.02839	0.02799	0.5	73335	2053	72308	966021	13.17
1980-1989	73	0.03147	0.03099	0.5	71282	2209	70177	893712	12.54
1980-1989	74	0.03305	0.03252	0.5	69073	2246	67950	823535	11.92
1980-1989	75	0.03647	0.03582	0.5	66827	2394	65630	755585	11.31
1980-1989	76	0.04040	0.03960	0.5	64434	2552	63158	689955	10.71
1980-1989	77	0.04415	0.04320	0.5	61882	2673	60545	626797	10.13
1980-1989	78	0.04864	0.04748	0.5	59209	2811	57803	566252	9.56
1980-1989	79	0.05334	0.05195	0.5	56397	2930	54932	508449	9.02
1980-1989	80	0.06032	0.05855	0.5	53467	3131	51902	453517	8.48
1980-1989	81	0.06659	0.06445	0.5	50337	3244	48715	401615	7.98
1980-1989	82	0.07512	0.07240	0.5	47093	3410	45388	352901	7.49
1980-1989	83	0.08188	0.07866	0.5	43683	3436	41965	307513	7.04
1980-1989	84	0.09283	0.08871	0.5	40247	3571	38462	265548	6.60
1980-1989	85	0.10147	0.09657	0.5	36677	3542	34906	227086	6.19
1980-1989	86	0.11280	0.10678	0.5	33135	3538	31366	192181	5.80
1980-1989	87	0.12557	0.11815	0.5	29596	3497	27848	160815	5.43
1980-1989	88	0.13459	0.12610	0.5	26100	3291	24454	132967	5.09
1980-1989	89	0.15074	0.14017	0.5	22808	3197	21210	108513	4.76
1980-1989	90	0.16356	0.15120	0.5	19611	2965	18129	87303	4.45
1980-1989	91	0.18319	0.16782	0.5	16646	2794	15249	69175	4.16
1980-1989	92	0.19861	0.18067	0.5	13853	2503	12601	53925	3.89
1980-1989	93	0.21808	0.19664	0.5	11350	2232	10234	41324	3.64
1980-1989	94	0.23795	0.21265	0.5	9118	1939	8148	31090	3.41
1980-1989	95	0.25902	0.22932	0.5	7179	1646	6356	22942	3.20
1980-1989	96	0.28127	0.24659	0.5	5533	1364	4851	16586	3.00
1980-1989	97	0.30465	0.26438	0.5	4168	1102	3617	11736	2.82
1980-1989	98	0.32908	0.28258	0.5	3066	867	2633	8118	2.65
1980-1989	99	0.35447	0.30110	0.5	2200	662	1869	5485	2.49
1980-1989	100	0.38070	0.31982	0.5	1537	492	1292	3616	2.35
1980-1989	101	0.40766	0.33863	0.5	1046	354	869	2325	2.22
1980-1989	102	0.43518	0.35741	0.5	692	247	568	1456	2.11
1980-1989	103	0.46310	0.37603	0.5	444	167	361	888	2.00
1980-1989	104	0.49126	0.39439	0.5	277	109	223	527	1.90
1980-1989	105	0.51947	0.41237	0.5	168	69	133	304	1.81
1980-1989	106	0.54756	0.42987	0.5	99	42	77	171	1.73
1980-1989	107	0.57536	0.44682	0.5	56	25	44	94	1.66
1980-1989	108	0.60268	0.46312	0.5	31	14	24	50	1.60
1980-1989	109	0.62938	0.47873	0.5	17	8	13	26	1.56
1980-1989	110+	0.65530	1.00000	1.53	9	9	13	13	1.53
1990-1999	0	0.00767	0.00761	0.07	100000	761	99295	7898695	78.99
1990-1999	1	0.00053	0.00053	0.5	99239	52	99213	7799400	78.59
1990-1999	2	0.00033	0.00033	0.5	99186	33	99170	7700187	77.63
1990-1999	3	0.00025	0.00025	0.5	99154	24	99142	7601017	76.66
1990-1999	4	0.00019	0.00019	0.5	99130	19	99120	7501875	75.68
1990-1999	5	0.00015	0.00015	0.5	99111	15	99103	7402755	74.69
1990-1999	6	0.00017	0.00017	0.5	99096	17	99087	7303652	73.70
1990-1999	7	0.00015	0.00015	0.5	99078	15	99071	7204565	72.72
1990-1999	8	0.00014	0.00014	0.5	99063	14	99056	7105494	71.73
1990-1999	9	0.00015	0.00015	0.5	99049	14	99042	7006438	70.74
1990-1999	10	0.00012	0.00012	0.5	99034	11	99029	6907397	69.75
1990-1999	11	0.00012	0.00012	0.5	99023	12	99017	6808368	68.76
1990-1999	12	0.00012	0.00012	0.5	99011	12	99005	6709351	67.76
1990-1999	13	0.00016	0.00016	0.5	98999	15	98991	6610346	66.77
1990-1999	14	0.00020	0.00020	0.5	98983	20	98973	6511355	65.78
1990-1999	15	0.00026	0.00026	0.5	98964	26	98950	6412381	64.80
1990-1999	16	0.00035	0.00035	0.5	98937	35	98920	6313431	63.81
1990-1999	17	0.00039	0.00039	0.5	98903	39	98883	6214511	62.83
1990-1999	18	0.00039	0.00039	0.5	98864	39	98844	6115628	61.86
1990-1999	19	0.00035	0.00035	0.5	98825	34	98808	6016784	60.88
1990-1999	20	0.00041	0.00041	0.5	98791	41	98770	5917976	59.90
1990-1999	21	0.00042	0.00042	0.5	98750	41	98729	5819205	58.93
1990-1999	22	0.00046	0.00046	0.5	98709	45	98686	5720476	57.95
1990-1999	23	0.00048	0.00048	0.5	98664	47	98640	5621789	56.98
1990-1999	24	0.00049	0.00049	0.5	98616	48	98592	5523149	56.01
1990-1999	25	0.00049	0.00049	0.5	98568	49	98544	5424557	55.03
1990-1999	26	0.00053	0.00053	0.5	98520	53	98493	5326013	54.06
1990-1999	27	0.00058	0.00058	0.5	98467	57	98439	5227520	53.09
1990-1999	28	0.00057	0.00057	0.5	98410	56	98382	5129081	52.12
1990-1999	29	0.00059	0.00059	0.5	98354	58	98325	5030699	51.15
1990-1999	30	0.00071	0.00071	0.5	98296	70	98261	4932373	50.18
1990-1999	31	0.00075	0.00075	0.5	98227	73	98190	4834112	49.21
1990-1999	32	0.00077	0.00077	0.5	98153	75	98116	4735922	48.25
1990-1999	33	0.00081	0.00081	0.5	98078	79	98039	4637806	47.29
1990-1999	34	0.00091	0.00091	0.5	97999	89	97954	4539767	46.32
1990-1999	35	0.00092	0.00092	0.5	97910	90	97865	4441813	45.37
1990-1999	36	0.00104	0.00104	0.5	97820	101	97770	4343948	44.41
1990-1999	37	0.00106	0.00106	0.5	97719	104	97667	4246179	43.45
1990-1999	38	0.00130	0.00130	0.5	97615	127	97552	4148512	42.50
1990-1999	39	0.00120	0.00120	0.5	97488	117	97430	4050960	41.55
1990-1999	40	0.00127	0.00127	0.5	97372	124	97310	3953530	40.60
1990-1999	41	0.00150	0.00150	0.5	97248	146	97175	3856220	39.65
1990-1999	42	0.00156	0.00155	0.5	97102	151	97027	3759045	38.71
1990-1999	43	0.00179	0.00178	0.5	96951	173	96865	3662019	37.77
1990-1999	44	0.00180	0.00180	0.5	96778	174	96691	3565154	36.84
1990-1999	45	0.00207	0.00207	0.5	96604	200	96504	3468463	35.90
1990-1999	46	0.00224	0.00223	0.5	96404	215	96296	3371958	34.98
1990-1999	47	0.00244	0.00244	0.5	96189	234	96072	3275662	34.05
1990-1999	48	0.00280	0.00280	0.5	95954	268	95820	3179590	33.14
1990-1999	49	0.00294	0.00294	0.5	95686	281	95546	3083770	32.23
1990-1999	50	0.00321	0.00320	0.5	95405	305	95252	2988224	31.32
1990-1999	51	0.00380	0.00380	0.5	95100	361	94919	2892972	30.42
1990-1999	52	0.00417	0.00416	0.5	94739	394	94542	2798053	29.53
1990-1999	53	0.00438	0.00437	0.5	94345	413	94139	2703511	28.66
1990-1999	54	0.00476	0.00474	0.5	93932	446	93710	2609372	27.78
1990-1999	55	0.00544	0.00543	0.5	93487	508	93233	2515663	26.91
1990-1999	56	0.00602	0.00600	0.5	92979	558	92700	2422430	26.05
1990-1999	57	0.00624	0.00622	0.5	92421	575	92134	2329729	25.21
1990-1999	58	0.00721	0.00718	0.5	91846	660	91517	2237595	24.36
1990-1999	59	0.00793	0.00790	0.5	91187	720	90827	2146079	23.53
1990-1999	60	0.00854	0.00850	0.5	90467	769	90082	2055252	22.72
1990-1999	61	0.00954	0.00949	0.5	89697	852	89272	1965170	21.91
1990-1999	62	0.01033	0.01028	0.5	88846	913	88389	1875898	21.11
1990-1999	63	0.01117	0.01111	0.5	87933	977	87444	1787509	20.33
1990-1999	64	0.01208	0.01201	0.5	86955	1044	86433	1700065	19.55
1990-1999	65	0.01345	0.01336	0.5	85911	1148	85337	1613632	18.78
1990-1999	66	0.01466	0.01455	0.5	84763	1234	84146	1528295	18.03
1990-1999	67	0.01598	0.01585	0.5	83530	1324	82868	1444148	17.29
1990-1999	68	0.01763	0.01747	0.5	82206	1436	81487	1361281	16.56
1990-1999	69	0.01885	0.01868	0.5	80769	1509	80015	1279793	15.85
1990-1999	70	0.02076	0.02055	0.5	79261	1629	78446	1199778	15.14
1990-1999	71	0.02290	0.02264	0.5	77632	1758	76753	1121332	14.44
1990-1999	72	0.02516	0.02485	0.5	75874	1885	74931	1044579	13.77
1990-1999	73	0.02716	0.02680	0.5	73989	1983	72997	969648	13.11
1990-1999	74	0.02964	0.02920	0.5	72006	2103	70955	896650	12.45
1990-1999	75	0.03189	0.03139	0.5	69903	2195	68806	825696	11.81
1990-1999	76	0.03628	0.03563	0.5	67709	2412	66502	756890	11.18
1990-1999	77	0.03970	0.03892	0.5	65296	2541	64025	690388	10.57
1990-1999	78	0.04333	0.04241	0.5	62755	2661	61424	626362	9.98
1990-1999	79	0.04758	0.04647	0.5	60093	2793	58697	564938	9.40
1990-1999	80	0.05509	0.05361	0.5	57301	3072	55765	506241	8.83
1990-1999	81	0.06164	0.05980	0.5	54229	3243	52608	450476	8.31
1990-1999	82	0.06811	0.06586	0.5	50986	3358	49307	397869	7.80
1990-1999	83	0.07589	0.07312	0.5	47628	3482	45887	348562	7.32
1990-1999	84	0.08306	0.07975	0.5	44146	3520	42385	302675	6.86
1990-1999	85	0.09308	0.08894	0.5	40625	3613	38819	260289	6.41
1990-1999	86	0.10425	0.09908	0.5	37012	3667	35178	221471	5.98
1990-1999	87	0.11636	0.10996	0.5	33345	3667	31511	186292	5.59
1990-1999	88	0.12668	0.11914	0.5	29678	3536	27910	154781	5.22
1990-1999	89	0.14332	0.13373	0.5	26142	3496	24394	126871	4.85
1990-1999	90	0.15882	0.14713	0.5	22646	3332	20980	102476	4.53
1990-1999	91	0.17281	0.15907	0.5	19314	3072	17778	81496	4.22
1990-1999	92	0.19490	0.17759	0.5	16242	2884	14800	63718	3.92
1990-1999	93	0.21352	0.19292	0.5	13358	2577	12069	48918	3.66
1990-1999	94	0.23434	0.20976	0.5	10781	2261	9650	36849	3.42
1990-1999	95	0.25653	0.22737	0.5	8519	1937	7551	27199	3.19
1990-1999	96	0.28005	0.24566	0.5	6582	1617	5774	19649	2.99
1990-1999	97	0.30485	0.26453	0.5	4965	1313	4309	13875	2.79
1990-1999	98	0.33083	0.28387	0.5	3652	1037	3133	9566	2.62
1990-1999	99	0.35789	0.30356	0.5	2615	794	2218	6433	2.46
1990-1999	100	0.38588	0.32347	0.5	1821	589	1527	4215	2.31
1990-1999	101	0.41465	0.34344	0.5	1232	423	1021	2688	2.18
1990-1999	102	0.44401	0.36334	0.5	809	294	662	1668	2.06
1990-1999	103	0.47377	0.38303	0.5	515	197	416	1006	1.95
1990-1999	104	0.50371	0.40237	0.5	318	128	254	589	1.85
1990-1999	105	0.53363	0.42124	0.5	190	80	150	335	1.77
1990-1999	106	0.56331	0.43952	0.5	110	48	86	185	1.69
1990-1999	107	0.59254	0.45711	0.5	62	28	48	100	1.62
1990-1999	108	0.62114	0.47394	0.5	33	16	26	52	1.56
1990-1999	109	0.64891	0.48995	0.5	18	9	13	27	1.51
1990-1999	110+	0.67571	1.00000	1.48	9	9	13	13	1.48
2000-2009	0	0.00655	0.00651	0.07	100000	651	99396	7993382	79.93
2000-2009	1	0.00033	0.00033	0.5	99349	33	99333	7893986	79.46
2000-2009	2	0.00026	0.00026	0.5	99316	26	99303	7794654	78.48
2000-2009	3	0.00019	0.00019	0.5	99290	19	99281	7695350	77.50
2000-2009	4	0.00017	0.00017	0.5	99272	17	99263	7596069	76.52
2000-2009	5	0.00011	0.00011	0.5	99255	11	99249	7496806	75.53
2000-2009	6	0.00013	0.00013	0.5	99244	13	99237	7397557	74.54
2000-2009	7	0.00013	0.00013	0.5	99231	13	99224	7298319	73.55
2000-2009	8	0.00011	0.00011	0.5	99218	11	99212	7199095	72.56
2000-2009	9	0.00011	0.00011	0.5	99207	11	99201	7099883	71.57
2000-2009	10	0.00012	0.00012	0.5	99196	12	99190	7000681	70.57
2000-2009	11	0.00011	0.00011	0.5	99183	11	99178	6901492	69.58
2000-2009	12	0.00014	0.00014	0.5	99172	14	99165	6802314	68.59
2000-2009	13	0.00013	0.00013	0.5	99158	12	99152	6703149	67.60
2000-2009	14	0.00017	0.00017	0.5	99146	17	99138	6603996	66.61
2000-2009	15	0.00018	0.00018	0.5	99129	18	99120	6504859	65.62
2000-2009	16	0.00028	0.00028	0.5	99112	28	99098	6405739	64.63
2000-2009	17	0.00036	0.00036	0.5	99084	35	99066	6306641	63.65
2000-2009	18	0.00042	0.00041	0.5	99048	41	99028	6207575	62.67
2000-2009	19	0.00039	0.00039	0.5	99007	39	98988	6108547	61.70
2000-2009	20	0.00040	0.00040	0.5	98968	39	98949	6009559	60.72
2000-2009	21	0.00049	0.00049	0.5	98929	48	98905	5910611	59.75
2000-2009	22	0.00050	0.00050	0.5	98880	49	98856	5811706	58.78
2000-2009	23	0.00047	0.00047	0.5	98831	47	98808	5712850	57.80
2000-2009	24	0.00050	0.00050	0.5	98785	50	98760	5614042	56.83
2000-2009	25	0.00053	0.00053	0.5	98735	53	98708	5515282	55.86
2000-2009	26	0.00056	0.00056	0.5	98682	55	98655	5416574	54.89
2000-2009	27	0.00055	0.00055	0.5	98627	55	98600	5317919	53.92
2000-2009	28	0.00060	0.00060	0.5	98573	59	98543	5219320	52.95
2000-2009	29	0.00054	0.00054	0.5	98514	54	98487	5120776	51.98
2000-2009	30	0.00061	0.00061	0.5	98460	60	98430	5022289	51.01
2000-2009	31	0.00068	0.00068	0.5	98400	67	98367	4923859	50.04
2000-2009	32	0.00074	0.00074	0.5	98333	72	98297	4825493	49.07
2000-2009	33	0.00075	0.00075	0.5	98261	74	98224	4727196	48.11
2000-2009	34	0.00082	0.00082	0.5	98187	80	98147	4628972	47.14
2000-2009	35	0.00093	0.00093	0.5	98107	91	98061	4530825	46.18
2000-2009	36	0.00105	0.00105	0.5	98015	103	97964	4432764	45.23
2000-2009	37	0.00114	0.00114	0.5	97912	111	97856	4334801	44.27
2000-2009	38	0.00117	0.00116	0.5	97800	114	97744	4236944	43.32
2000-2009	39	0.00127	0.00127	0.5	97687	124	97625	4139201	42.37
2000-2009	40	0.00145	0.00145	0.5	97563	141	97492	4041576	41.43
2000-2009	41	0.00147	0.00147	0.5	97421	143	97350	3944084	40.48
2000-2009	42	0.00164	0.00164	0.5	97278	159	97198	3846735	39.54
2000-2009	43	0.00183	0.00183	0.5	97119	178	97030	3749536	38.61
2000-2009	44	0.00206	0.00206	0.5	96941	199	96841	3652507	37.68
2000-2009	45	0.00216	0.00215	0.5	96741	208	96637	3555665	36.75
2000-2009	46	0.00241	0.00240	0.5	96533	232	96417	3459028	35.83
2000-2009	47	0.00254	0.00254	0.5	96301	245	96179	3362611	34.92
2000-2009	48	0.00270	0.00269	0.5	96057	259	95927	3266432	34.01
2000-2009	49	0.00295	0.00294	0.5	95798	282	95657	3170505	33.10
2000-2009	50	0.00324	0.00323	0.5	95516	309	95362	3074848	32.19
2000-2009	51	0.00342	0.00342	0.5	95207	325	95045	2979486	31.29
2000-2009	52	0.00364	0.00364	0.5	94882	345	94709	2884442	30.40
2000-2009	53	0.00391	0.00390	0.5	94537	369	94352	2789732	29.51
2000-2009	54	0.00426	0.00425	0.5	94168	400	93968	2695380	28.62
2000-2009	55	0.00471	0.00470	0.5	93767	441	93547	2601412	27.74
2000-2009	56	0.00491	0.00490	0.5	93327	457	93098	2507865	26.87
2000-2009	57	0.00557	0.00556	0.5	92869	516	92611	2414767	26.00
2000-2009	58	0.00620	0.00618	0.5	92353	571	92068	2322156	25.14
2000-2009	59	0.00671	0.00669	0.5	91783	614	91476	2230088	24.30
2000-2009	60	0.00748	0.00745	0.5	91169	679	90829	2138613	23.46
2000-2009	61	0.00828	0.00825	0.5	90489	746	90116	2047784	22.63
2000-2009	62	0.00899	0.00895	0.5	89743	803	89341	1957667	21.81
2000-2009	63	0.00972	0.00968	0.5	88940	861	88509	1868326	21.01
2000-2009	64	0.01070	0.01064	0.5	88079	937	87610	1779817	20.21
2000-2009	65	0.01168	0.01161	0.5	87142	1012	86636	1692206	19.42
2000-2009	66	0.01277	0.01268	0.5	86130	1092	85583	1605571	18.64
2000-2009	67	0.01393	0.01383	0.5	85037	1176	84449	1519988	17.87
2000-2009	68	0.01488	0.01477	0.5	83861	1239	83242	1435539	17.12
2000-2009	69	0.01629	0.01615	0.5	82622	1335	81955	1352297	16.37
2000-2009	70	0.01845	0.01828	0.5	81288	1486	80544	1270342	15.63
2000-2009	71	0.01975	0.01956	0.5	79801	1561	79021	1189798	14.91
2000-2009	72	0.02206	0.02182	0.5	78240	1707	77387	1110777	14.20
2000-2009	73	0.02386	0.02358	0.5	76533	1804	75631	1033390	13.50
2000-2009	74	0.02647	0.02612	0.5	74729	1952	73753	957759	12.82
2000-2009	75	0.02908	0.02867	0.5	72777	2086	71734	884006	12.15
2000-2009	76	0.03184	0.03134	0.5	70690	2215	69583	812272	11.49
2000-2009	77	0.03552	0.03490	0.5	68475	2390	67280	742690	10.85
2000-2009	78	0.03937	0.03861	0.5	66085	2552	64810	675410	10.22
2000-2009	79	0.04348	0.04256	0.5	63534	2704	62182	610600	9.61
2000-2009	80	0.05056	0.04931	0.5	60830	3000	59330	548418	9.02
2000-2009	81	0.05608	0.05455	0.5	57830	3155	56253	489088	8.46
2000-2009	82	0.06260	0.06070	0.5	54676	3319	53016	432835	7.92
2000-2009	83	0.07020	0.06782	0.5	51357	3483	49616	379818	7.40
2000-2009	84	0.07897	0.07597	0.5	47874	3637	46055	330203	6.90
2000-2009	85	0.08826	0.08453	0.5	44237	3739	42367	284147	6.42
2000-2009	86	0.09975	0.09501	0.5	40498	3848	38574	241780	5.97
2000-2009	87	0.11370	0.10758	0.5	36650	3943	34678	203206	5.54
2000-2009	88	0.12485	0.11751	0.5	32707	3844	30785	168528	5.15
2000-2009	89	0.14275	0.13324	0.5	28863	3846	26941	137743	4.77
2000-2009	90	0.15746	0.14597	0.5	25018	3652	23192	110802	4.43
2000-2009	91	0.17826	0.16367	0.5	21366	3497	19617	87611	4.10
2000-2009	92	0.19952	0.18142	0.5	17869	3242	16248	67993	3.81
2000-2009	93	0.21938	0.19770	0.5	14627	2892	13181	51745	3.54
2000-2009	94	0.24261	0.21637	0.5	11735	2539	10466	38564	3.29
2000-2009	95	0.26746	0.23591	0.5	9196	2170	8111	28098	3.06
2000-2009	96	0.29386	0.25622	0.5	7027	1800	6127	19987	2.84
2000-2009	97	0.32173	0.27715	0.5	5226	1448	4502	13860	2.65
2000-2009	98	0.35092	0.29854	0.5	3778	1128	3214	9358	2.48
2000-2009	99	0.38128	0.32023	0.5	2650	849	2226	6144	2.32
2000-2009	100	0.41259	0.34203	0.5	1801	616	1493	3918	2.18
2000-2009	101	0.44462	0.36376	0.5	1185	431	970	2425	2.05
2000-2009	102	0.47712	0.38522	0.5	754	291	609	1455	1.93
2000-2009	103	0.50982	0.40626	0.5	464	188	369	846	1.83
2000-2009	104	0.54243	0.42670	0.5	275	117	217	477	1.73
2000-2009	105	0.57469	0.44641	0.5	158	70	123	260	1.65
2000-2009	106	0.60632	0.46527	0.5	87	41	67	138	1.58
2000-2009	107	0.63708	0.48317	0.5	47	23	35	71	1.51
2000-2009	108	0.66676	0.50005	0.5	24	12	18	35	1.46
2000-2009	109	0.69517	0.51586	0.5	12	6	9	17	1.41
2000-2009	110+	0.72217	1.00000	1.38	6	6	8	8	1.38
2010-2019	0	0.00577	0.00574	0.07	100000	574	99466	8089453	80.89
2010-2019	1	0.00030	0.00030	0.5	99426	30	99411	7989988	80.36
2010-2019	2	0.00019	0.00019	0.5	99396	19	99387	7890577	79.39
2010-2019	3	0.00016	0.00016	0.5	99377	16	99369	7791190	78.40
2010-2019	4	0.00013	0.00013	0.5	99362	13	99355	7691821	77.41
2010-2019	5	0.00009	0.00009	0.5	99349	8	99344	7592466	76.42
2010-2019	6	0.00011	0.00011	0.5	99340	11	99335	7493122	75.43
2010-2019	7	0.00008	0.00008	0.5	99330	8	99326	7393787	74.44
2010-2019	8	0.00010	0.00010	0.5	99322	10	99317	7294461	73.44
2010-2019	9	0.00009	0.00009	0.5	99312	9	99308	7195143	72.45
2010-2019	10	0.00007	0.00007	0.5	99303	7	99300	7095835	71.46
2010-2019	11	0.00010	0.00010	0.5	99297	10	99292	6996535	70.46
2010-2019	12	0.00009	0.00009	0.5	99287	9	99282	6897243	69.47
2010-2019	13	0.00011	0.00011	0.5	99278	11	99273	6797961	68.47
2010-2019	14	0.00015	0.00015	0.5	99267	15	99260	6698688	67.48
2010-2019	15	0.00015	0.00015	0.5	99252	15	99245	6599428	66.49
2010-2019	16	0.00020	0.00020	0.5	99237	20	99227	6500184	65.50
2010-2019	17	0.00026	0.00026	0.5	99217	26	99204	6400957	64.51
2010-2019	18	0.00030	0.00030	0.5	99191	30	99176	6301753	63.53
2010-2019	19	0.00036	0.00036	0.5	99161	35	99143	6202577	62.55
2010-2019	20	0.00040	0.00040	0.5	99126	40	99106	6103434	61.57
2010-2019	21	0.00051	0.00051	0.5	99086	51	99061	6004328	60.60
2010-2019	22	0.00055	0.00055	0.5	99035	54	99008	5905267	59.63
2010-2019	23	0.00060	0.00060	0.5	98981	59	98951	5806259	58.66
2010-2019	24	0.00061	0.00061	0.5	98922	60	98892	5707308	57.70
2010-2019	25	0.00069	0.00069	0.5	98862	68	98828	5608416	56.73
2010-2019	26	0.00075	0.00075	0.5	98794	74	98757	5509588	55.77
2010-2019	27	0.00074	0.00074	0.5	98720	73	98683	5410832	54.81
2010-2019	28	0.00079	0.00079	0.5	98647	78	98608	5312148	53.85
2010-2019	29	0.00076	0.00076	0.5	98569	75	98531	5213540	52.89
2010-2019	30	0.00086	0.00086	0.5	98494	85	98452	5115009	51.93
2010-2019	31	0.00096	0.00096	0.5	98409	94	98362	5016557	50.98
2010-2019	32	0.00095	0.00095	0.5	98315	93	98268	4918195	50.02
2010-2019	33	0.00097	0.00097	0.5	98222	95	98174	4819927	49.07
2010-2019	34	0.00104	0.00104	0.5	98127	102	98076	4721753	48.12
2010-2019	35	0.00111	0.00111	0.5	98025	109	97970	4623677	47.17
2010-2019	36	0.00125	0.00124	0.5	97916	122	97855	4525707	46.22
2010-2019	37	0.00116	0.00116	0.5	97794	114	97737	4427852	45.28
2010-2019	38	0.00124	0.00124	0.5	97680	121	97619	4330115	44.33
2010-2019	39	0.00133	0.00133	0.5	97559	130	97494	4232496	43.38
2010-2019	40	0.00146	0.00146	0.5	97429	143	97357	4135002	42.44
2010-2019	41	0.00148	0.00148	0.5	97286	144	97214	4037645	41.50
2010-2019	42	0.00166	0.00166	0.5	97142	161	97062	3940430	40.56
2010-2019	43	0.00177	0.00177	0.5	96981	171	96896	3843369	39.63
2010-2019	44	0.00180	0.00180	0.5	96810	175	96723	3746473	38.70
2010-2019	45	0.00207	0.00207	0.5	96635	200	96535	3649750	37.77
2010-2019	46	0.00227	0.00227	0.5	96435	219	96326	3553215	36.85
2010-2019	47	0.00253	0.00253	0.5	96217	243	96095	3456889	35.93
2010-2019	48	0.00264	0.00264	0.5	95973	253	95847	3360794	35.02
2010-2019	49	0.00288	0.00287	0.5	95720	275	95583	3264947	34.11
2010-2019	50	0.00322	0.00322	0.5	95445	307	95292	3169365	33.21
2010-2019	51	0.00350	0.00350	0.5	95138	333	94972	3074073	32.31
2010-2019	52	0.00371	0.00370	0.5	94805	351	94630	2979101	31.42
2010-2019	53	0.00395	0.00394	0.5	94454	372	94268	2884472	30.54
2010-2019	54	0.00418	0.00417	0.5	94082	393	93886	2790203	29.66
2010-2019	55	0.00466	0.00465	0.5	93689	436	93472	2696318	28.78
2010-2019	56	0.00507	0.00506	0.5	93254	472	93018	2602846	27.91
2010-2019	57	0.00549	0.00548	0.5	92782	508	92528	2509828	27.05
2010-2019	58	0.00574	0.00573	0.5	92274	529	92010	2417300	26.20
2010-2019	59	0.00596	0.00594	0.5	91745	545	91473	2325290	25.35
2010-2019	60	0.00664	0.00662	0.5	91200	604	90898	2233818	24.49
2010-2019	61	0.00723	0.00721	0.5	90597	653	90270	2142919	23.65
2010-2019	62	0.00776	0.00773	0.5	89944	695	89596	2052649	22.82
2010-2019	63	0.00835	0.00832	0.5	89248	742	88877	1963053	22.00
2010-2019	64	0.00907	0.00903	0.5	88506	799	88107	1874176	21.18
2010-2019	65	0.00980	0.00975	0.5	87707	855	87279	1786069	20.36
2010-2019	66	0.01078	0.01072	0.5	86851	931	86386	1698790	19.56
2010-2019	67	0.01204	0.01197	0.5	85920	1028	85406	1612404	18.77
2010-2019	68	0.01290	0.01282	0.5	84892	1088	84348	1526998	17.99
2010-2019	69	0.01466	0.01455	0.5	83804	1219	83194	1442650	17.21
2010-2019	70	0.01596	0.01584	0.5	82584	1308	81930	1359456	16.46
2010-2019	71	0.01748	0.01733	0.5	81276	1409	80572	1277526	15.72
2010-2019	72	0.01918	0.01899	0.5	79868	1517	79109	1196954	14.99
2010-2019	73	0.02090	0.02069	0.5	78351	1621	77540	1117845	14.27
2010-2019	74	0.02335	0.02309	0.5	76730	1771	75844	1040305	13.56
2010-2019	75	0.02541	0.02509	0.5	74958	1881	74018	964461	12.87
2010-2019	76	0.02835	0.02795	0.5	73077	2043	72056	890443	12.18
2010-2019	77	0.03123	0.03075	0.5	71035	2184	69943	818387	11.52
2010-2019	78	0.03450	0.03392	0.5	68851	2335	67683	748444	10.87
2010-2019	79	0.03818	0.03747	0.5	66515	2492	65269	680762	10.23
2010-2019	80	0.04410	0.04315	0.5	64023	2763	62642	615492	9.61
2010-2019	81	0.04884	0.04767	0.5	61261	2921	59800	552850	9.02
2010-2019	82	0.05485	0.05338	0.5	58340	3114	56783	493050	8.45
2010-2019	83	0.06230	0.06042	0.5	55226	3337	53557	436267	7.90
2010-2019	84	0.06977	0.06742	0.5	51889	3498	50140	382710	7.38
2010-2019	85	0.07764	0.07474	0.5	48391	3617	46582	332570	6.87
2010-2019	86	0.08770	0.08402	0.5	44774	3762	42893	285988	6.39
2010-2019	87	0.09881	0.09416	0.5	41012	3862	39081	243095	5.93
2010-2019	88	0.11164	0.10573	0.5	37150	3928	35186	204014	5.49
2010-2019	89	0.12756	0.11991	0.5	33222	3984	31230	168827	5.08
2010-2019	90	0.14428	0.13457	0.5	29239	3935	27271	137597	4.71
2010-2019	91	0.16098	0.14898	0.5	25304	3770	23419	110326	4.36
2010-2019	92	0.18094	0.16593	0.5	21534	3573	19747	86907	4.04
2010-2019	93	0.20166	0.18319	0.5	17961	3290	16316	67159	3.74
2010-2019	94	0.22420	0.20160	0.5	14671	2958	13192	50844	3.47
2010-2019	95	0.24848	0.22102	0.5	11713	2589	10419	37652	3.21
2010-2019	96	0.27445	0.24133	0.5	9124	2202	8023	27233	2.98
2010-2019	97	0.30205	0.26242	0.5	6922	1817	6014	19210	2.78
2010-2019	98	0.33116	0.28411	0.5	5106	1451	4380	13196	2.58
2010-2019	99	0.36161	0.30624	0.5	3655	1119	3095	8816	2.41
2010-2019	100	0.39323	0.32862	0.5	2536	833	2119	5720	2.26
2010-2019	101	0.42576	0.35103	0.5	1702	598	1404	3601	2.12
2010-2019	102	0.45895	0.37329	0.5	1105	412	899	2198	1.99
2010-2019	103	0.49251	0.39519	0.5	692	274	556	1299	1.88
2010-2019	104	0.52613	0.41655	0.5	419	174	332	743	1.77
2010-2019	105	0.55952	0.43721	0.5	244	107	191	412	1.69
2010-2019	106	0.59238	0.45702	0.5	138	63	106	221	1.61
2010-2019	107	0.62443	0.47586	0.5	75	36	57	115	1.54
2010-2019	108	0.65543	0.49365	0.5	39	19	29	58	1.48
2010-2019	109	0.68516	0.51033	0.5	20	10	15	28	1.43
2010-2019	110+	0.71345	1.00000	1.4	10	10	14	14	1.40
2020-2022	0	0.00524	0.00522	0.07	100000	522	99513	7981390	79.81
2020-2022	1	0.00032	0.00032	0.5	99478	32	99462	7881877	79.23
2020-2022	2	0.00023	0.00023	0.5	99446	23	99434	7782415	78.26
2020-2022	3	0.00019	0.00019	0.5	99423	18	99414	7682980	77.28
2020-2022	4	0.00016	0.00016	0.5	99404	16	99396	7583567	76.29
2020-2022	5	0.00012	0.00012	0.5	99388	12	99382	7484170	75.30
2020-2022	6	0.00010	0.00010	0.5	99376	10	99371	7384788	74.31
2020-2022	7	0.00010	0.00010	0.5	99366	10	99361	7285417	73.32
2020-2022	8	0.00010	0.00010	0.5	99356	10	99351	7186056	72.33
2020-2022	9	0.00008	0.00008	0.5	99346	8	99342	7086705	71.33
2020-2022	10	0.00010	0.00010	0.5	99338	10	99333	6987362	70.34
2020-2022	11	0.00009	0.00009	0.5	99328	9	99323	6888029	69.35
2020-2022	12	0.00013	0.00013	0.5	99319	13	99312	6788706	68.35
2020-2022	13	0.00016	0.00016	0.5	99306	16	99298	6689393	67.36
2020-2022	14	0.00016	0.00016	0.5	99290	16	99282	6590095	66.37
2020-2022	15	0.00018	0.00018	0.5	99274	18	99265	6490813	65.38
2020-2022	16	0.00017	0.00017	0.5	99256	17	99248	6391547	64.39
2020-2022	17	0.00030	0.00030	0.5	99239	29	99225	6292300	63.41
2020-2022	18	0.00031	0.00031	0.5	99210	31	99194	6193075	62.42
2020-2022	19	0.00039	0.00039	0.5	99179	39	99160	6093880	61.44
2020-2022	20	0.00041	0.00041	0.5	99140	40	99120	5994721	60.47
2020-2022	21	0.00045	0.00045	0.5	99100	45	99078	5895601	59.49
2020-2022	22	0.00052	0.00052	0.5	99055	51	99030	5796523	58.52
2020-2022	23	0.00063	0.00063	0.5	99004	62	98973	5697493	57.55
2020-2022	24	0.00070	0.00070	0.5	98942	70	98907	5598520	56.58
2020-2022	25	0.00082	0.00082	0.5	98872	81	98831	5499613	55.62
2020-2022	26	0.00079	0.00079	0.5	98791	78	98752	5400782	54.67
2020-2022	27	0.00087	0.00087	0.5	98713	86	98670	5302030	53.71
2020-2022	28	0.00091	0.00091	0.5	98627	89	98583	5203360	52.76
2020-2022	29	0.00103	0.00103	0.5	98538	101	98487	5104777	51.81
2020-2022	30	0.00098	0.00098	0.5	98437	97	98388	5006290	50.86
2020-2022	31	0.00104	0.00104	0.5	98340	102	98289	4907902	49.91
2020-2022	32	0.00119	0.00119	0.5	98238	117	98180	4809612	48.96
2020-2022	33	0.00128	0.00128	0.5	98121	126	98058	4711433	48.02
2020-2022	34	0.00133	0.00133	0.5	97996	130	97931	4613374	47.08
2020-2022	35	0.00139	0.00139	0.5	97866	136	97798	4515444	46.14
2020-2022	36	0.00140	0.00140	0.5	97730	137	97661	4417646	45.20
2020-2022	37	0.00143	0.00143	0.5	97593	140	97523	4319985	44.27
2020-2022	38	0.00176	0.00176	0.5	97453	171	97367	4222462	43.33
2020-2022	39	0.00168	0.00168	0.5	97282	163	97200	4125094	42.40
2020-2022	40	0.00201	0.00201	0.5	97118	195	97021	4027894	41.47
2020-2022	41	0.00217	0.00217	0.5	96923	210	96818	3930873	40.56
2020-2022	42	0.00201	0.00201	0.5	96713	194	96616	3834055	39.64
2020-2022	43	0.00226	0.00225	0.5	96519	218	96410	3737439	38.72
2020-2022	44	0.00221	0.00220	0.5	96301	212	96195	3641029	37.81
2020-2022	45	0.00224	0.00224	0.5	96089	215	95981	3544834	36.89
2020-2022	46	0.00286	0.00286	0.5	95874	274	95737	3448852	35.97
2020-2022	47	0.00308	0.00307	0.5	95599	294	95453	3353116	35.07
2020-2022	48	0.00295	0.00295	0.5	95306	281	95165	3257663	34.18
2020-2022	49	0.00336	0.00336	0.5	95025	319	94865	3162498	33.28
2020-2022	50	0.00377	0.00376	0.5	94706	356	94527	3067633	32.39
2020-2022	51	0.00397	0.00396	0.5	94349	374	94162	2973106	31.51
2020-2022	52	0.00420	0.00419	0.5	93975	394	93778	2878943	30.64
2020-2022	53	0.00446	0.00445	0.5	93582	416	93373	2785165	29.76
2020-2022	54	0.00473	0.00472	0.5	93165	439	92946	2691792	28.89
2020-2022	55	0.00530	0.00529	0.5	92726	490	92481	2598846	28.03
2020-2022	56	0.00544	0.00543	0.5	92236	500	91985	2506365	27.17
2020-2022	57	0.00596	0.00594	0.5	91735	545	91463	2414380	26.32
2020-2022	58	0.00663	0.00661	0.5	91190	603	90888	2322917	25.47
2020-2022	59	0.00730	0.00727	0.5	90587	659	90258	2232029	24.64
2020-2022	60	0.00785	0.00782	0.5	89929	703	89577	2141771	23.82
2020-2022	61	0.00862	0.00858	0.5	89226	766	88843	2052194	23.00
2020-2022	62	0.00926	0.00922	0.5	88460	816	88052	1963351	22.19
2020-2022	63	0.00964	0.00959	0.5	87644	840	87224	1875299	21.40
2020-2022	64	0.01107	0.01100	0.5	86804	955	86326	1788075	20.60
2020-2022	65	0.01159	0.01152	0.5	85848	989	85354	1701749	19.82
2020-2022	66	0.01194	0.01187	0.5	84859	1007	84356	1616396	19.05
2020-2022	67	0.01304	0.01296	0.5	83852	1086	83309	1532040	18.27
2020-2022	68	0.01427	0.01417	0.5	82766	1173	82179	1448731	17.50
2020-2022	69	0.01481	0.01470	0.5	81593	1199	80993	1366551	16.75
2020-2022	70	0.01651	0.01637	0.5	80394	1316	79735	1285558	15.99
2020-2022	71	0.01823	0.01806	0.5	79077	1428	78363	1205822	15.25
2020-2022	72	0.01983	0.01964	0.5	77649	1525	76887	1127459	14.52
2020-2022	73	0.02318	0.02291	0.5	76124	1744	75252	1050572	13.80
2020-2022	74	0.02588	0.02555	0.5	74380	1901	73430	975320	13.11
2020-2022	75	0.02678	0.02642	0.5	72480	1915	71522	901890	12.44
2020-2022	76	0.02986	0.02942	0.5	70565	2076	69527	830368	11.77
2020-2022	77	0.03494	0.03434	0.5	68489	2352	67312	760842	11.11
2020-2022	78	0.03894	0.03819	0.5	66136	2526	64873	693529	10.49
2020-2022	79	0.04350	0.04257	0.5	63611	2708	62256	628656	9.88
2020-2022	80	0.04746	0.04636	0.5	60902	2824	59491	566399	9.30
2020-2022	81	0.05077	0.04951	0.5	58079	2876	56641	506909	8.73
2020-2022	82	0.05743	0.05582	0.5	55203	3082	53662	450268	8.16
2020-2022	83	0.06563	0.06354	0.5	52122	3312	50466	396605	7.61
2020-2022	84	0.07531	0.07257	0.5	48810	3542	47039	346140	7.09
2020-2022	85	0.08410	0.08070	0.5	45267	3653	43441	299101	6.61
2020-2022	86	0.09433	0.09008	0.5	41614	3749	39740	255660	6.14
2020-2022	87	0.10526	0.10000	0.5	37865	3787	35972	215920	5.70
2020-2022	88	0.11738	0.11087	0.5	34079	3778	32190	179948	5.28
2020-2022	89	0.13528	0.12671	0.5	30300	3839	28381	147759	4.88
2020-2022	90	0.15204	0.14130	0.5	26461	3739	24592	119378	4.51
2020-2022	91	0.17120	0.15770	0.5	22722	3583	20930	94786	4.17
2020-2022	92	0.18895	0.17264	0.5	19139	3304	17487	73856	3.86
2020-2022	93	0.21528	0.19436	0.5	15835	3078	14296	56369	3.56
2020-2022	94	0.23924	0.21368	0.5	12757	2726	11394	42073	3.30
2020-2022	95	0.26496	0.23396	0.5	10031	2347	8858	30679	3.06
2020-2022	96	0.29238	0.25509	0.5	7684	1960	6704	21821	2.84
2020-2022	97	0.32140	0.27690	0.5	5724	1585	4932	15117	2.64
2020-2022	98	0.35187	0.29922	0.5	4139	1239	3520	10186	2.46
2020-2022	99	0.38359	0.32186	0.5	2901	934	2434	6666	2.30
2020-2022	100	0.41634	0.34460	0.5	1967	678	1628	4232	2.15
2020-2022	101	0.44984	0.36724	0.5	1289	473	1052	2604	2.02
2020-2022	102	0.48380	0.38956	0.5	816	318	657	1552	1.90
2020-2022	103	0.51791	0.41138	0.5	498	205	396	895	1.80
2020-2022	104	0.55186	0.43252	0.5	293	127	230	499	1.70
2020-2022	105	0.58533	0.45281	0.5	166	75	129	269	1.62
2020-2022	106	0.61803	0.47213	0.5	91	43	70	141	1.55
2020-2022	107	0.64970	0.49039	0.5	48	24	36	71	1.48
2020-2022	108	0.68009	0.50752	0.5	24	12	18	35	1.43
2020-2022	109	0.70904	0.52346	0.5	12	6	9	17	1.39
2020-2022	110+	0.73638	1.00000	1.36	6	6	8	8	1.36
