Austria, Live births by calendar year and age (Lexis squares, age in completed years (ACY))
Last modified: 05/08/2021
Year    Age        Total
1951     12-        0.00
1951     13         0.00
1951     14        15.00
1951     15        62.00
1951     16       354.00
1951     17      1120.00
1951     18      2256.00
1951     19      3558.00
1951     20      4667.00
1951     21      5316.00
1951     22      5702.00
1951     23      5869.00
1951     24      6221.00
1951     25      6546.00
1951     26      6701.00
1951     27      6804.00
1951     28      6480.00
1951     29      6443.00
1951     30      5781.00
1951     31      4871.00
1951     32      3026.00
1951     33      2133.00
1951     34      2106.00
1951     35      2091.00
1951     36      2623.00
1951     37      2650.00
1951     38      2304.00
1951     39      1970.00
1951     40      1608.00
1951     41      1237.00
1951     42       906.00
1951     43       603.00
1951     44       348.00
1951     45       201.00
1951     46        96.00
1951     47        51.00
1951     48        22.00
1951     49         9.61
1951     50         9.36
1951     51         3.79
1951     52         0.24
1951     53         0.00
1951     54         0.00
1951     55+        0.00
1952     12-        0.00
1952     13         2.00
1952     14        16.00
1952     15        69.00
1952     16       333.00
1952     17      1043.00
1952     18      2133.00
1952     19      3606.00
1952     20      4576.00
1952     21      5301.00
1952     22      5860.00
1952     23      5882.00
1952     24      6151.00
1952     25      6227.00
1952     26      6708.00
1952     27      6724.00
1952     28      6482.00
1952     29      6286.00
1952     30      5962.00
1952     31      5306.00
1952     32      4540.00
1952     33      2758.00
1952     34      1959.00
1952     35      1817.00
1952     36      1840.00
1952     37      2392.00
1952     38      2228.00
1952     39      1919.00
1952     40      1485.00
1952     41      1251.00
1952     42       880.00
1952     43       585.00
1952     44       327.00
1952     45       205.00
1952     46        92.00
1952     47        37.00
1952     48        15.00
1952     49         8.26
1952     50         5.64
1952     51         1.10
1952     52         0.00
1952     53         0.00
1952     54         0.00
1952     55+        0.00
1953     12-        0.00
1953     13         3.00
1953     14        18.00
1953     15        78.00
1953     16       353.00
1953     17      1021.00
1953     18      2077.00
1953     19      3361.00
1953     20      4655.00
1953     21      5336.00
1953     22      5975.00
1953     23      6041.00
1953     24      6238.00
1953     25      6241.00
1953     26      6153.00
1953     27      6362.00
1953     28      6430.00
1953     29      6435.00
1953     30      5750.00
1953     31      5596.00
1953     32      4799.00
1953     33      4037.00
1953     34      2435.00
1953     35      1783.00
1953     36      1664.00
1953     37      1526.00
1953     38      1938.00
1953     39      1800.00
1953     40      1494.00
1953     41      1123.00
1953     42       860.00
1953     43       560.00
1953     44       340.00
1953     45       218.00
1953     46        97.00
1953     47        43.00
1953     48        18.00
1953     49         7.64
1953     50         1.36
1953     51         0.00
1953     52         0.00
1953     53         0.00
1953     54         0.00
1953     55+        0.00
1954     12-        0.00
1954     13         1.00
1954     14        12.00
1954     15       110.00
1954     16       368.00
1954     17      1104.00
1954     18      2096.00
1954     19      3260.00
1954     20      4550.00
1954     21      5281.00
1954     22      5880.00
1954     23      6208.00
1954     24      6413.00
1954     25      6368.00
1954     26      6171.00
1954     27      6178.00
1954     28      6118.00
1954     29      6187.00
1954     30      5950.00
1954     31      5442.00
1954     32      5061.00
1954     33      4475.00
1954     34      3565.00
1954     35      2228.00
1954     36      1592.00
1954     37      1517.00
1954     38      1383.00
1954     39      1667.00
1954     40      1552.00
1954     41      1203.00
1954     42       819.00
1954     43       543.00
1954     44       329.00
1954     45       186.00
1954     46        98.00
1954     47        38.00
1954     48        23.00
1954     49         4.07
1954     50         4.41
1954     51         0.52
1954     52         0.00
1954     53         0.00
1954     54         0.00
1954     55+        0.00
1955     12-        1.00
1955     13         2.00
1955     14         2.00
1955     15       147.00
1955     16       518.00
1955     17      1125.00
1955     18      2271.00
1955     19      3429.00
1955     20      4466.00
1955     21      5299.00
1955     22      6013.00
1955     23      6481.00
1955     24      6606.00
1955     25      6732.00
1955     26      6514.00
1955     27      6296.00
1955     28      6115.00
1955     29      6116.00
1955     30      6098.00
1955     31      5858.00
1955     32      5273.00
1955     33      4898.00
1955     34      4206.00
1955     35      3499.00
1955     36      2092.00
1955     37      1449.00
1955     38      1288.00
1955     39      1237.00
1955     40      1342.00
1955     41      1131.00
1955     42       840.00
1955     43       546.00
1955     44       342.00
1955     45       180.00
1955     46        93.00
1955     47        39.00
1955     48        13.00
1955     49        10.83
1955     50         6.09
1955     51         1.08
1955     52         0.00
1955     53         0.00
1955     54         0.00
1955     55+        0.00
1956     12-        0.00
1956     13         1.00
1956     14        30.00
1956     15       142.00
1956     16       703.00
1956     17      1576.00
1956     18      2479.00
1956     19      3659.00
1956     20      4684.00
1956     21      5747.00
1956     22      6267.00
1956     23      6750.00
1956     24      6996.00
1956     25      7150.00
1956     26      6939.00
1956     27      6665.00
1956     28      6322.00
1956     29      6146.00
1956     30      6023.00
1956     31      6023.00
1956     32      5573.00
1956     33      5173.00
1956     34      4708.00
1956     35      3953.00
1956     36      3285.00
1956     37      1932.00
1956     38      1363.00
1956     39      1190.00
1956     40      1062.00
1956     41      1138.00
1956     42       888.00
1956     43       589.00
1956     44       350.00
1956     45       179.00
1956     46        90.00
1956     47        38.00
1956     48        13.00
1956     49         0.00
1956     50         0.67
1956     51         0.33
1956     52         0.00
1956     53         0.00
1956     54         0.00
1956     55+        0.00
1957     12-        1.00
1957     13         6.00
1957     14        19.00
1957     15       163.00
1957     16       649.00
1957     17      2083.00
1957     18      3240.00
1957     19      3853.00
1957     20      4848.00
1957     21      5698.00
1957     22      6282.00
1957     23      6681.00
1957     24      7042.00
1957     25      7168.00
1957     26      7126.00
1957     27      7046.00
1957     28      6443.00
1957     29      6179.00
1957     30      5826.00
1957     31      5702.00
1957     32      5424.00
1957     33      5046.00
1957     34      4706.00
1957     35      4288.00
1957     36      3622.00
1957     37      2913.00
1957     38      1720.00
1957     39      1048.00
1957     40       988.00
1957     41       794.00
1957     42       770.00
1957     43       619.00
1957     44       352.00
1957     45       198.00
1957     46        95.00
1957     47        51.00
1957     48        16.00
1957     49         6.22
1957     50         0.78
1957     51         0.00
1957     52         0.00
1957     53         0.00
1957     54         0.00
1957     55+        0.00
1958     12-        1.00
1958     13         3.00
1958     14        24.00
1958     15       134.00
1958     16       639.00
1958     17      1987.00
1958     18      4064.00
1958     19      5134.00
1958     20      5156.00
1958     21      5786.00
1958     22      6390.00
1958     23      6749.00
1958     24      6963.00
1958     25      7113.00
1958     26      6994.00
1958     27      6815.00
1958     28      6430.00
1958     29      5949.00
1958     30      5611.00
1958     31      5308.00
1958     32      5220.00
1958     33      4978.00
1958     34      4591.00
1958     35      4120.00
1958     36      3684.00
1958     37      3019.00
1958     38      2343.00
1958     39      1340.00
1958     40       825.00
1958     41       665.00
1958     42       513.00
1958     43       542.00
1958     44       353.00
1958     45       188.00
1958     46        70.00
1958     47        33.00
1958     48        17.00
1958     49         2.56
1958     50         1.16
1958     51         0.28
1958     52         0.00
1958     53         0.00
1958     54         0.00
1958     55+        0.00
1959     12-        1.00
1959     13         4.00
1959     14        28.00
1959     15       169.00
1959     16       662.00
1959     17      1943.00
1959     18      4047.00
1959     19      6773.00
1959     20      6916.00
1959     21      6180.00
1959     22      6640.00
1959     23      6794.00
1959     24      7145.00
1959     25      6979.00
1959     26      6999.00
1959     27      6865.00
1959     28      6484.00
1959     29      6271.00
1959     30      5718.00
1959     31      5150.00
1959     32      4782.00
1959     33      4710.00
1959     34      4377.00
1959     35      4138.00
1959     36      3554.00
1959     37      3226.00
1959     38      2571.00
1959     39      2052.00
1959     40      1081.00
1959     41       669.00
1959     42       488.00
1959     43       326.00
1959     44       306.00
1959     45       196.00
1959     46        78.00
1959     47        31.00
1959     48        14.00
1959     49         6.66
1959     50         2.79
1959     51         0.55
1959     52         0.00
1959     53         0.00
1959     54         0.00
1959     55+        0.00
1960     12-        0.00
1960     13         5.00
1960     14        22.00
1960     15       152.00
1960     16       723.00
1960     17      1948.00
1960     18      3850.00
1960     19      6338.00
1960     20      8749.00
1960     21      8023.00
1960     22      6765.00
1960     23      6846.00
1960     24      6923.00
1960     25      6837.00
1960     26      6858.00
1960     27      6711.00
1960     28      6507.00
1960     29      6020.00
1960     30      5559.00
1960     31      5148.00
1960     32      4788.00
1960     33      4345.00
1960     34      4127.00
1960     35      3861.00
1960     36      3473.00
1960     37      3005.00
1960     38      2688.00
1960     39      2142.00
1960     40      1474.00
1960     41       827.00
1960     42       440.00
1960     43       305.00
1960     44       200.00
1960     45       158.00
1960     46        85.00
1960     47        28.00
1960     48        11.00
1960     49         3.50
1960     50         0.50
1960     51         0.00
1960     52         0.00
1960     53         0.00
1960     54         0.00
1960     55+        0.00
1961     12-        1.00
1961     13         6.00
1961     14        27.00
1961     15       171.00
1961     16       809.00
1961     17      2206.00
1961     18      3911.00
1961     19      6130.00
1961     20      8359.00
1961     21     10325.00
1961     22      9030.00
1961     23      7368.00
1961     24      7161.00
1961     25      7045.00
1961     26      6792.00
1961     27      6511.00
1961     28      6511.00
1961     29      5928.00
1961     30      5814.00
1961     31      5150.00
1961     32      4762.00
1961     33      4241.00
1961     34      3935.00
1961     35      3687.00
1961     36      3581.00
1961     37      3108.00
1961     38      2636.00
1961     39      2247.00
1961     40      1649.00
1961     41      1195.00
1961     42       580.00
1961     43       278.00
1961     44       170.00
1961     45        94.00
1961     46        79.00
1961     47        41.00
1961     48        19.00
1961     49         3.00
1961     50         0.94
1961     51         1.79
1961     52         0.27
1961     53         0.00
1961     54         0.00
1961     55+        0.00
1962     12-        0.00
1962     13         4.00
1962     14        16.00
1962     15       214.00
1962     16       726.00
1962     17      2205.00
1962     18      4244.00
1962     19      5727.00
1962     20      7868.00
1962     21      9587.00
1962     22     11215.00
1962     23      9501.00
1962     24      7367.00
1962     25      7036.00
1962     26      6783.00
1962     27      6394.00
1962     28      6127.00
1962     29      5894.00
1962     30      5672.00
1962     31      5151.00
1962     32      4802.00
1962     33      4103.00
1962     34      3713.00
1962     35      3514.00
1962     36      3139.00
1962     37      2886.00
1962     38      2565.00
1962     39      2239.00
1962     40      1737.00
1962     41      1277.00
1962     42       796.00
1962     43       373.00
1962     44       197.00
1962     45        89.00
1962     46        39.00
1962     47        36.00
1962     48        13.00
1962     49         3.76
1962     50         0.24
1962     51         0.00
1962     52         0.00
1962     53         0.00
1962     54         0.00
1962     55+        0.00
1963     12-        2.00
1963     13         3.00
1963     14        33.00
1963     15       222.00
1963     16       964.00
1963     17      1939.00
1963     18      4096.00
1963     19      6244.00
1963     20      7304.00
1963     21      8898.00
1963     22     10373.00
1963     23     11490.00
1963     24      9392.00
1963     25      7416.00
1963     26      6751.00
1963     27      6381.00
1963     28      6133.00
1963     29      5634.00
1963     30      5453.00
1963     31      5111.00
1963     32      4723.00
1963     33      4174.00
1963     34      3833.00
1963     35      3295.00
1963     36      2984.00
1963     37      2818.00
1963     38      2431.00
1963     39      2061.00
1963     40      1686.00
1963     41      1206.00
1963     42       881.00
1963     43       510.00
1963     44       203.00
1963     45        88.00
1963     46        32.00
1963     47        26.00
1963     48        13.00
1963     49         4.66
1963     50         1.34
1963     51         0.00
1963     52         0.00
1963     53         0.00
1963     54         0.00
1963     55+        0.00
1964     12-        0.00
1964     13         4.00
1964     14        30.00
1964     15       236.00
1964     16       946.00
1964     17      2683.00
1964     18      3728.00
1964     19      5717.00
1964     20      7604.00
1964     21      7879.00
1964     22      9477.00
1964     23     10551.00
1964     24     11244.00
1964     25      9055.00
1964     26      7009.00
1964     27      6225.00
1964     28      5837.00
1964     29      5591.00
1964     30      5132.00
1964     31      4853.00
1964     32      4498.00
1964     33      4109.00
1964     34      3653.00
1964     35      3292.00
1964     36      2874.00
1964     37      2466.00
1964     38      2225.00
1964     39      1941.00
1964     40      1638.00
1964     41      1327.00
1964     42       934.00
1964     43       582.00
1964     44       305.00
1964     45       112.00
1964     46        49.00
1964     47        23.00
1964     48        11.00
1964     49         1.00
1964     50         0.00
1964     51         0.00
1964     52         0.00
1964     53         0.00
1964     54         0.00
1964     55+        0.00
1965     12-        0.00
1965     13         1.00
1965     14        20.00
1965     15       163.00
1965     16       898.00
1965     17      2599.00
1965     18      4921.00
1965     19      5236.00
1965     20      6662.00
1965     21      8173.00
1965     22      8421.00
1965     23      9410.00
1965     24     10278.00
1965     25     10857.00
1965     26      8227.00
1965     27      6189.00
1965     28      5576.00
1965     29      5159.00
1965     30      4895.00
1965     31      4436.00
1965     32      4059.00
1965     33      3679.00
1965     34      3572.00
1965     35      3124.00
1965     36      2737.00
1965     37      2229.00
1965     38      2035.00
1965     39      1767.00
1965     40      1490.00
1965     41      1179.00
1965     42       853.00
1965     43       528.00
1965     44       320.00
1965     45       143.00
1965     46        54.00
1965     47        17.00
1965     48        15.00
1965     49         1.71
1965     50         0.29
1965     51         0.00
1965     52         0.00
1965     53         0.00
1965     54         0.00
1965     55+        0.00
1966     12-        0.00
1966     13         1.00
1966     14        23.00
1966     15       148.00
1966     16       828.00
1966     17      2639.00
1966     18      5085.00
1966     19      7118.00
1966     20      6254.00
1966     21      7406.00
1966     22      8626.00
1966     23      8604.00
1966     24      9188.00
1966     25      9660.00
1966     26      9954.00
1966     27      7566.00
1966     28      5667.00
1966     29      4951.00
1966     30      4569.00
1966     31      4279.00
1966     32      3793.00
1966     33      3593.00
1966     34      3183.00
1966     35      2931.00
1966     36      2605.00
1966     37      2212.00
1966     38      1866.00
1966     39      1539.00
1966     40      1280.00
1966     41      1092.00
1966     42       819.00
1966     43       515.00
1966     44       332.00
1966     45       165.00
1966     46        59.00
1966     47        18.00
1966     48         7.00
1966     49         1.74
1966     50         0.26
1966     51         0.00
1966     52         0.00
1966     53         0.00
1966     54         0.00
1966     55+        0.00
1967     12-        1.00
1967     13         5.00
1967     14        21.00
1967     15       160.00
1967     16       822.00
1967     17      2433.00
1967     18      4999.00
1967     19      7244.00
1967     20      8738.00
1967     21      6707.00
1967     22      7661.00
1967     23      8711.00
1967     24      8248.00
1967     25      8717.00
1967     26      9154.00
1967     27      9050.00
1967     28      6917.00
1967     29      5074.00
1967     30      4431.00
1967     31      4015.00
1967     32      3660.00
1967     33      3340.00
1967     34      2979.00
1967     35      2791.00
1967     36      2505.00
1967     37      2073.00
1967     38      1697.00
1967     39      1403.00
1967     40      1175.00
1967     41       944.00
1967     42       679.00
1967     43       508.00
1967     44       287.00
1967     45       159.00
1967     46        62.00
1967     47        22.00
1967     48        11.00
1967     49         1.00
1967     50         0.00
1967     51         0.00
1967     52         0.00
1967     53         0.00
1967     54         0.00
1967     55+        0.00
1968     12-        2.00
1968     13         8.00
1968     14        17.00
1968     15       134.00
1968     16       687.00
1968     17      2567.00
1968     18      4785.00
1968     19      7288.00
1968     20      9079.00
1968     21      9366.00
1968     22      6843.00
1968     23      7513.00
1968     24      8363.00
1968     25      7694.00
1968     26      8126.00
1968     27      8206.00
1968     28      8144.00
1968     29      6089.00
1968     30      4407.00
1968     31      3909.00
1968     32      3470.00
1968     33      3159.00
1968     34      2774.00
1968     35      2559.00
1968     36      2309.00
1968     37      2049.00
1968     38      1648.00
1968     39      1406.00
1968     40      1083.00
1968     41       823.00
1968     42       606.00
1968     43       433.00
1968     44       288.00
1968     45       174.00
1968     46        63.00
1968     47        32.00
1968     48         9.00
1968     49         2.15
1968     50         0.85
1968     51         0.00
1968     52         0.00
1968     53         0.00
1968     54         0.00
1968     55+        0.00
1969     12-        1.00
1969     13         2.00
1969     14        19.00
1969     15       138.00
1969     16       738.00
1969     17      2429.00
1969     18      4911.00
1969     19      6915.00
1969     20      8601.00
1969     21      9168.00
1969     22      9137.00
1969     23      6530.00
1969     24      6907.00
1969     25      7318.00
1969     26      6923.00
1969     27      7089.00
1969     28      7215.00
1969     29      6916.00
1969     30      5226.00
1969     31      3762.00
1969     32      3261.00
1969     33      2912.00
1969     34      2674.00
1969     35      2454.00
1969     36      2131.00
1969     37      1910.00
1969     38      1628.00
1969     39      1327.00
1969     40       993.00
1969     41       759.00
1969     42       553.00
1969     43       345.00
1969     44       252.00
1969     45       138.00
1969     46        66.00
1969     47        19.00
1969     48         7.00
1969     49         1.56
1969     50         1.17
1969     51         0.27
1969     52         0.00
1969     53         0.00
1969     54         0.00
1969     55+        0.00
1970     12-        2.00
1970     13         4.00
1970     14        31.00
1970     15       169.00
1970     16       813.00
1970     17      2409.00
1970     18      4446.00
1970     19      6524.00
1970     20      7609.00
1970     21      8528.00
1970     22      8871.00
1970     23      8040.00
1970     24      5515.00
1970     25      6021.00
1970     26      6410.00
1970     27      5761.00
1970     28      5980.00
1970     29      5873.00
1970     30      5720.00
1970     31      4235.00
1970     32      3062.00
1970     33      2691.00
1970     34      2369.00
1970     35      2088.00
1970     36      1939.00
1970     37      1701.00
1970     38      1425.00
1970     39      1182.00
1970     40       979.00
1970     41       672.00
1970     42       464.00
1970     43       345.00
1970     44       217.00
1970     45       111.00
1970     46        64.00
1970     47        14.00
1970     48        10.00
1970     49         4.68
1970     50         2.09
1970     51         0.23
1970     52         0.00
1970     53         0.00
1970     54         0.00
1970     55+        0.00
1971     12-        1.00
1971     13         3.00
1971     14        39.00
1971     15       169.00
1971     16       869.00
1971     17      2482.00
1971     18      4446.00
1971     19      6203.00
1971     20      7215.00
1971     21      7836.00
1971     22      8221.00
1971     23      8037.00
1971     24      7362.00
1971     25      5057.00
1971     26      5363.00
1971     27      5690.00
1971     28      5099.00
1971     29      5162.00
1971     30      5185.00
1971     31      4849.00
1971     32      3540.00
1971     33      2644.00
1971     34      2257.00
1971     35      2028.00
1971     36      1757.00
1971     37      1556.00
1971     38      1420.00
1971     39      1161.00
1971     40       930.00
1971     41       717.00
1971     42       502.00
1971     43       299.00
1971     44       201.00
1971     45       116.00
1971     46        62.00
1971     47        24.00
1971     48         6.00
1971     49         2.00
1971     50         0.00
1971     51         0.00
1971     52         0.00
1971     53         0.00
1971     54         0.00
1971     55+        0.00
1972     12-        0.00
1972     13         8.00
1972     14        43.00
1972     15       206.00
1972     16      1007.00
1972     17      2658.00
1972     18      4539.00
1972     19      6079.00
1972     20      6896.00
1972     21      7406.00
1972     22      7403.00
1972     23      7545.00
1972     24      7437.00
1972     25      6702.00
1972     26      4502.00
1972     27      4811.00
1972     28      4982.00
1972     29      4286.00
1972     30      4369.00
1972     31      4106.00
1972     32      4074.00
1972     33      2996.00
1972     34      2194.00
1972     35      1816.00
1972     36      1634.00
1972     37      1409.00
1972     38      1213.00
1972     39      1089.00
1972     40       866.00
1972     41       625.00
1972     42       464.00
1972     43       315.00
1972     44       189.00
1972     45        83.00
1972     46        58.00
1972     47        15.00
1972     48         6.00
1972     49         2.00
1972     50         0.00
1972     51         0.00
1972     52         0.00
1972     53         0.00
1972     54         0.00
1972     55+        0.00
1973     12-        0.00
1973     13         1.00
1973     14        50.00
1973     15       270.00
1973     16      1127.00
1973     17      2797.00
1973     18      4374.00
1973     19      5886.00
1973     20      6651.00
1973     21      6847.00
1973     22      6931.00
1973     23      6942.00
1973     24      6817.00
1973     25      6356.00
1973     26      5809.00
1973     27      3848.00
1973     28      3982.00
1973     29      4097.00
1973     30      3591.00
1973     31      3575.00
1973     32      3510.00
1973     33      3182.00
1973     34      2516.00
1973     35      1720.00
1973     36      1528.00
1973     37      1263.00
1973     38      1141.00
1973     39       914.00
1973     40       739.00
1973     41       561.00
1973     42       439.00
1973     43       262.00
1973     44       155.00
1973     45        88.00
1973     46        47.00
1973     47        16.00
1973     48         8.00
1973     49         0.00
1973     50         0.66
1973     51         0.34
1973     52         0.00
1973     53         0.00
1973     54         0.00
1973     55+        0.00
1974     12-        0.00
1974     13        15.00
1974     14        51.00
1974     15       242.00
1974     16      1055.00
1974     17      2748.00
1974     18      4586.00
1974     19      5756.00
1974     20      6704.00
1974     21      7060.00
1974     22      6875.00
1974     23      6886.00
1974     24      6614.00
1974     25      6494.00
1974     26      6060.00
1974     27      5238.00
1974     28      3507.00
1974     29      3543.00
1974     30      3466.00
1974     31      3178.00
1974     32      3014.00
1974     33      2870.00
1974     34      2714.00
1974     35      1981.00
1974     36      1451.00
1974     37      1265.00
1974     38      1056.00
1974     39       816.00
1974     40       672.00
1974     41       564.00
1974     42       390.00
1974     43       279.00
1974     44       148.00
1974     45        81.00
1974     46        31.00
1974     47        13.00
1974     48         5.00
1974     49         1.72
1974     50         0.28
1974     51         0.00
1974     52         0.00
1974     53         0.00
1974     54         0.00
1974     55+        0.00
1975     12-        0.00
1975     13         6.00
1975     14        34.00
1975     15       192.00
1975     16       906.00
1975     17      2407.00
1975     18      4225.00
1975     19      5736.00
1975     20      6281.00
1975     21      6757.00
1975     22      6858.00
1975     23      6723.00
1975     24      6462.00
1975     25      6117.00
1975     26      5892.00
1975     27      5385.00
1975     28      4778.00
1975     29      3035.00
1975     30      3134.00
1975     31      3108.00
1975     32      2551.00
1975     33      2393.00
1975     34      2340.00
1975     35      2183.00
1975     36      1609.00
1975     37      1090.00
1975     38       906.00
1975     39       798.00
1975     40       589.00
1975     41       468.00
1975     42       324.00
1975     43       207.00
1975     44       142.00
1975     45        57.00
1975     46        39.00
1975     47        15.00
1975     48         6.00
1975     49         4.00
1975     50         0.00
1975     51         0.00
1975     52         0.00
1975     53         0.00
1975     54         0.00
1975     55+        0.00
1976     12-        1.00
1976     13         4.00
1976     14        32.00
1976     15       156.00
1976     16       805.00
1976     17      2201.00
1976     18      3657.00
1976     19      5275.00
1976     20      5896.00
1976     21      6353.00
1976     22      6426.00
1976     23      6370.00
1976     24      6099.00
1976     25      5793.00
1976     26      5555.00
1976     27      5078.00
1976     28      4700.00
1976     29      3941.00
1976     30      2477.00
1976     31      2505.00
1976     32      2442.00
1976     33      2142.00
1976     34      1942.00
1976     35      1860.00
1976     36      1646.00
1976     37      1165.00
1976     38       814.00
1976     39       614.00
1976     40       476.00
1976     41       377.00
1976     42       277.00
1976     43       176.00
1976     44       102.00
1976     45        49.00
1976     46        24.00
1976     47        10.00
1976     48         5.00
1976     49         0.00
1976     50         0.66
1976     51         0.34
1976     52         0.00
1976     53         0.00
1976     54         0.00
1976     55+        0.00
1977     12-        0.00
1977     13         6.00
1977     14        29.00
1977     15       155.00
1977     16       720.00
1977     17      1982.00
1977     18      3371.00
1977     19      4891.00
1977     20      5954.00
1977     21      6424.00
1977     22      6433.00
1977     23      6362.00
1977     24      6247.00
1977     25      5720.00
1977     26      5250.00
1977     27      4914.00
1977     28      4554.00
1977     29      3972.00
1977     30      3347.00
1977     31      2173.00
1977     32      2028.00
1977     33      2050.00
1977     34      1702.00
1977     35      1637.00
1977     36      1443.00
1977     37      1297.00
1977     38       896.00
1977     39       608.00
1977     40       497.00
1977     41       327.00
1977     42       248.00
1977     43       154.00
1977     44        95.00
1977     45        50.00
1977     46        36.00
1977     47        11.00
1977     48         7.00
1977     49         2.04
1977     50         2.37
1977     51         0.59
1977     52         0.00
1977     53         0.00
1977     54         0.00
1977     55+        0.00
1978     12-        0.00
1978     13         3.00
1978     14        32.00
1978     15       150.00
1978     16       662.00
1978     17      1862.00
1978     18      3313.00
1978     19      4911.00
1978     20      5712.00
1978     21      6462.00
1978     22      6634.00
1978     23      6442.00
1978     24      6218.00
1978     25      6041.00
1978     26      5471.00
1978     27      4849.00
1978     28      4401.00
1978     29      4036.00
1978     30      3433.00
1978     31      2858.00
1978     32      1832.00
1978     33      1711.00
1978     34      1715.00
1978     35      1377.00
1978     36      1246.00
1978     37      1126.00
1978     38       973.00
1978     39       690.00
1978     40       416.00
1978     41       302.00
1978     42       221.00
1978     43       130.00
1978     44        88.00
1978     45        50.00
1978     46        19.00
1978     47        12.00
1978     48         3.00
1978     49         1.00
1978     50         0.00
1978     51         0.00
1978     52         0.00
1978     53         0.00
1978     54         0.00
1978     55+        0.00
1979     12-        0.00
1979     13         1.00
1979     14        22.00
1979     15       130.00
1979     16       644.00
1979     17      1858.00
1979     18      3325.00
1979     19      4887.00
1979     20      5922.00
1979     21      6507.00
1979     22      6730.00
1979     23      6841.00
1979     24      6376.00
1979     25      6015.00
1979     26      5453.00
1979     27      4883.00
1979     28      4368.00
1979     29      3926.00
1979     30      3537.00
1979     31      3017.00
1979     32      2410.00
1979     33      1550.00
1979     34      1494.00
1979     35      1440.00
1979     36      1142.00
1979     37      1040.00
1979     38       931.00
1979     39       744.00
1979     40       428.00
1979     41       278.00
1979     42       176.00
1979     43       152.00
1979     44        70.00
1979     45        39.00
1979     46        34.00
1979     47         9.00
1979     48         5.00
1979     49         3.14
1979     50         0.86
1979     51         0.00
1979     52         0.00
1979     53         0.00
1979     54         0.00
1979     55+        0.00
1980     12-        1.00
1980     13         4.00
1980     14        30.00
1980     15       133.00
1980     16       660.00
1980     17      1821.00
1980     18      3376.00
1980     19      5183.00
1980     20      6253.00
1980     21      6921.00
1980     22      7076.00
1980     23      7254.00
1980     24      7111.00
1980     25      6412.00
1980     26      5849.00
1980     27      5152.00
1980     28      4563.00
1980     29      3932.00
1980     30      3526.00
1980     31      3115.00
1980     32      2697.00
1980     33      2158.00
1980     34      1400.00
1980     35      1282.00
1980     36      1167.00
1980     37       941.00
1980     38       880.00
1980     39       671.00
1980     40       518.00
1980     41       317.00
1980     42       176.00
1980     43       139.00
1980     44        77.00
1980     45        37.00
1980     46        27.00
1980     47         8.00
1980     48         2.00
1980     49         1.00
1980     50         1.32
1980     51         0.68
1980     52         0.00
1980     53         0.00
1980     54         0.00
1980     55+        0.00
1981     12-        0.00
1981     13         4.00
1981     14        19.00
1981     15       133.00
1981     16       625.00
1981     17      1712.00
1981     18      3432.00
1981     19      5204.00
1981     20      6525.00
1981     21      7278.00
1981     22      7388.00
1981     23      7479.00
1981     24      7374.00
1981     25      6791.00
1981     26      5914.00
1981     27      5411.00
1981     28      4788.00
1981     29      4200.00
1981     30      3595.00
1981     31      3162.00
1981     32      2732.00
1981     33      2248.00
1981     34      1912.00
1981     35      1163.00
1981     36      1106.00
1981     37       973.00
1981     38       774.00
1981     39       629.00
1981     40       520.00
1981     41       375.00
1981     42       219.00
1981     43       118.00
1981     44        61.00
1981     45        39.00
1981     46        21.00
1981     47         9.00
1981     48         5.00
1981     49         3.73
1981     50         0.27
1981     51         0.00
1981     52         0.00
1981     53         0.00
1981     54         0.00
1981     55+        0.00
1982     12-        0.00
1982     13         7.00
1982     14        15.00
1982     15        93.00
1982     16       575.00
1982     17      1670.00
1982     18      3290.00
1982     19      5200.00
1982     20      6456.00
1982     21      7186.00
1982     22      7681.00
1982     23      7738.00
1982     24      7374.00
1982     25      7054.00
1982     26      6553.00
1982     27      5504.00
1982     28      4804.00
1982     29      4159.00
1982     30      3735.00
1982     31      3014.00
1982     32      2655.00
1982     33      2215.00
1982     34      1901.00
1982     35      1598.00
1982     36       912.00
1982     37       845.00
1982     38       717.00
1982     39       562.00
1982     40       503.00
1982     41       321.00
1982     42       226.00
1982     43       136.00
1982     44        75.00
1982     45        44.00
1982     46        15.00
1982     47         5.00
1982     48         2.00
1982     49         0.00
1982     50         0.00
1982     51         0.00
1982     52         0.00
1982     53         0.00
1982     54         0.00
1982     55+        0.00
1983     12-        1.00
1983     13         4.00
1983     14        17.00
1983     15        98.00
1983     16       491.00
1983     17      1308.00
1983     18      2839.00
1983     19      4651.00
1983     20      6094.00
1983     21      6792.00
1983     22      7106.00
1983     23      7239.00
1983     24      7154.00
1983     25      6735.00
1983     26      6315.00
1983     27      5697.00
1983     28      4883.00
1983     29      4184.00
1983     30      3462.00
1983     31      2944.00
1983     32      2460.00
1983     33      2095.00
1983     34      1823.00
1983     35      1505.00
1983     36      1168.00
1983     37       748.00
1983     38       622.00
1983     39       507.00
1983     40       384.00
1983     41       303.00
1983     42       224.00
1983     43       139.00
1983     44        69.00
1983     45        35.00
1983     46        13.00
1983     47         8.00
1983     48         0.00
1983     49         0.66
1983     50         0.34
1983     51         0.00
1983     52         0.00
1983     53         0.00
1983     54         0.00
1983     55+        0.00
1984     12-        0.00
1984     13         3.00
1984     14        10.00
1984     15        96.00
1984     16       405.00
1984     17      1243.00
1984     18      2417.00
1984     19      4171.00
1984     20      5688.00
1984     21      6581.00
1984     22      7314.00
1984     23      7320.00
1984     24      7169.00
1984     25      6999.00
1984     26      6305.00
1984     27      5790.00
1984     28      4994.00
1984     29      4295.00
1984     30      3536.00
1984     31      2974.00
1984     32      2438.00
1984     33      2055.00
1984     34      1732.00
1984     35      1498.00
1984     36      1184.00
1984     37       997.00
1984     38       540.00
1984     39       421.00
1984     40       343.00
1984     41       257.00
1984     42       192.00
1984     43       128.00
1984     44        72.00
1984     45        34.00
1984     46        23.00
1984     47         8.00
1984     48         2.00
1984     49         0.00
1984     50         0.00
1984     51         0.00
1984     52         0.00
1984     53         0.00
1984     54         0.00
1984     55+        0.00
1985     12-        0.00
1985     13         1.00
1985     14        20.00
1985     15        79.00
1985     16       391.00
1985     17      1090.00
1985     18      2220.00
1985     19      3706.00
1985     20      5183.00
1985     21      6165.00
1985     22      6761.00
1985     23      7110.00
1985     24      7413.00
1985     25      6912.00
1985     26      6361.00
1985     27      5845.00
1985     28      5278.00
1985     29      4375.00
1985     30      3617.00
1985     31      3033.00
1985     32      2593.00
1985     33      2004.00
1985     34      1737.00
1985     35      1409.00
1985     36      1204.00
1985     37       922.00
1985     38       645.00
1985     39       379.00
1985     40       347.00
1985     41       237.00
1985     42       158.00
1985     43       127.00
1985     44        58.00
1985     45        36.00
1985     46        16.00
1985     47         5.00
1985     48         3.00
1985     49         0.00
1985     50         0.00
1985     51         0.00
1985     52         0.00
1985     53         0.00
1985     54         0.00
1985     55+        0.00
1986     12-        0.00
1986     13         4.00
1986     14        12.00
1986     15        82.00
1986     16       355.00
1986     17      1037.00
1986     18      2038.00
1986     19      3527.00
1986     20      4690.00
1986     21      5704.00
1986     22      6687.00
1986     23      7316.00
1986     24      7310.00
1986     25      6994.00
1986     26      6575.00
1986     27      5927.00
1986     28      5233.00
1986     29      4611.00
1986     30      3947.00
1986     31      3087.00
1986     32      2507.00
1986     33      2082.00
1986     34      1752.00
1986     35      1323.00
1986     36      1160.00
1986     37       903.00
1986     38       721.00
1986     39       493.00
1986     40       302.00
1986     41       230.00
1986     42       139.00
1986     43        94.00
1986     44        64.00
1986     45        24.00
1986     46        19.00
1986     47         8.00
1986     48         4.00
1986     49         1.00
1986     50         2.00
1986     51         0.00
1986     52         0.00
1986     53         0.00
1986     54         0.00
1986     55+        0.00
1987     12-        1.00
1987     13         2.00
1987     14        14.00
1987     15        86.00
1987     16       345.00
1987     17       935.00
1987     18      1909.00
1987     19      3100.00
1987     20      4245.00
1987     21      5494.00
1987     22      6152.00
1987     23      7062.00
1987     24      7398.00
1987     25      7222.00
1987     26      6613.00
1987     27      6301.00
1987     28      5357.00
1987     29      4657.00
1987     30      4040.00
1987     31      3285.00
1987     32      2699.00
1987     33      2099.00
1987     34      1795.00
1987     35      1445.00
1987     36      1139.00
1987     37       900.00
1987     38       710.00
1987     39       539.00
1987     40       391.00
1987     41       205.00
1987     42       148.00
1987     43        83.00
1987     44        75.00
1987     45        29.00
1987     46        17.00
1987     47         6.00
1987     48         3.00
1987     49         1.00
1987     50         0.00
1987     51         0.00
1987     52         1.00
1987     53         0.00
1987     54         0.00
1987     55+        0.00
1988     12-        0.00
1988     13         2.00
1988     14        16.00
1988     15        89.00
1988     16       320.00
1988     17       828.00
1988     18      1750.00
1988     19      3111.00
1988     20      4174.00
1988     21      5268.00
1988     22      6112.00
1988     23      6905.00
1988     24      7321.00
1988     25      7446.00
1988     26      7037.00
1988     27      6596.00
1988     28      5574.00
1988     29      5001.00
1988     30      4306.00
1988     31      3627.00
1988     32      2845.00
1988     33      2234.00
1988     34      1896.00
1988     35      1496.00
1988     36      1132.00
1988     37       858.00
1988     38       675.00
1988     39       517.00
1988     40       375.00
1988     41       225.00
1988     42       133.00
1988     43        83.00
1988     44        48.00
1988     45        24.00
1988     46        15.00
1988     47        11.00
1988     48         2.00
1988     49         0.00
1988     50         0.00
1988     51         0.00
1988     52         0.00
1988     53         0.00
1988     54         0.00
1988     55+        0.00
1989     12-        0.00
1989     13         1.00
1989     14        15.00
1989     15        82.00
1989     16       342.00
1989     17       856.00
1989     18      1552.00
1989     19      2805.00
1989     20      4012.00
1989     21      4923.00
1989     22      5852.00
1989     23      6470.00
1989     24      7358.00
1989     25      7567.00
1989     26      7282.00
1989     27      6794.00
1989     28      5973.00
1989     29      5183.00
1989     30      4505.00
1989     31      3688.00
1989     32      3155.00
1989     33      2549.00
1989     34      1983.00
1989     35      1558.00
1989     36      1170.00
1989     37       904.00
1989     38       705.00
1989     39       531.00
1989     40       365.00
1989     41       253.00
1989     42       157.00
1989     43        85.00
1989     44        35.00
1989     45        24.00
1989     46        12.00
1989     47         6.00
1989     48         5.00
1989     49         1.00
1989     50         1.00
1989     51         0.00
1989     52         0.00
1989     53         0.00
1989     54         0.00
1989     55+        0.00
1990     12-        2.00
1990     13         2.00
1990     14        16.00
1990     15        74.00
1990     16       338.00
1990     17       851.00
1990     18      1599.00
1990     19      2497.00
1990     20      3722.00
1990     21      4842.00
1990     22      5529.00
1990     23      6406.00
1990     24      6958.00
1990     25      7658.00
1990     26      7395.00
1990     27      7151.00
1990     28      6399.00
1990     29      5581.00
1990     30      4812.00
1990     31      3977.00
1990     32      3400.00
1990     33      2812.00
1990     34      2169.00
1990     35      1711.00
1990     36      1345.00
1990     37       993.00
1990     38       668.00
1990     39       523.00
1990     40       377.00
1990     41       288.00
1990     42       178.00
1990     43       100.00
1990     44        41.00
1990     45        19.00
1990     46        12.00
1990     47         7.00
1990     48         0.00
1990     49         1.00
1990     50         1.00
1990     51         0.00
1990     52         0.00
1990     53         0.00
1990     54         0.00
1990     55+        0.00
1991     12-        0.00
1991     13         2.00
1991     14        21.00
1991     15        94.00
1991     16       319.00
1991     17       884.00
1991     18      1613.00
1991     19      2663.00
1991     20      3720.00
1991     21      4592.00
1991     22      5618.00
1991     23      6435.00
1991     24      7443.00
1991     25      7735.00
1991     26      7860.00
1991     27      7522.00
1991     28      6940.00
1991     29      5935.00
1991     30      5132.00
1991     31      4349.00
1991     32      3581.00
1991     33      3038.00
1991     34      2447.00
1991     35      1862.00
1991     36      1436.00
1991     37      1066.00
1991     38       809.00
1991     39       565.00
1991     40       363.00
1991     41       266.00
1991     42       144.00
1991     43        81.00
1991     44        58.00
1991     45        18.00
1991     46        12.00
1991     47         4.00
1991     48         1.00
1991     49         1.00
1991     50         0.00
1991     51         0.00
1991     52         0.00
1991     53         0.00
1991     54         0.00
1991     55+        0.00
1992     12-        0.00
1992     13         2.00
1992     14        18.00
1992     15        87.00
1992     16       320.00
1992     17       873.00
1992     18      1538.00
1992     19      2650.00
1992     20      3562.00
1992     21      4545.00
1992     22      5427.00
1992     23      6419.00
1992     24      7048.00
1992     25      7694.00
1992     26      7618.00
1992     27      7519.00
1992     28      7111.00
1992     29      6293.00
1992     30      5442.00
1992     31      4554.00
1992     32      3786.00
1992     33      3139.00
1992     34      2516.00
1992     35      2042.00
1992     36      1539.00
1992     37      1152.00
1992     38       842.00
1992     39       580.00
1992     40       383.00
1992     41       252.00
1992     42       153.00
1992     43       111.00
1992     44        53.00
1992     45        22.00
1992     46         5.00
1992     47         2.00
1992     48         2.00
1992     49         2.00
1992     50         1.00
1992     51         0.00
1992     52         0.00
1992     53         0.00
1992     54         0.00
1992     55+        0.00
1993     12-        0.00
1993     13         4.00
1993     14        13.00
1993     15        64.00
1993     16       306.00
1993     17       756.00
1993     18      1489.00
1993     19      2559.00
1993     20      3403.00
1993     21      4306.00
1993     22      5230.00
1993     23      6050.00
1993     24      6957.00
1993     25      7570.00
1993     26      7570.00
1993     27      7558.00
1993     28      7165.00
1993     29      6561.00
1993     30      5698.00
1993     31      4763.00
1993     32      3970.00
1993     33      3204.00
1993     34      2557.00
1993     35      2135.00
1993     36      1610.00
1993     37      1178.00
1993     38       872.00
1993     39       617.00
1993     40       443.00
1993     41       260.00
1993     42       159.00
1993     43       101.00
1993     44        50.00
1993     45        30.00
1993     46         9.00
1993     47         5.00
1993     48         1.00
1993     49         2.00
1993     50         0.00
1993     51         1.00
1993     52         1.00
1993     53         0.00
1993     54         0.00
1993     55+        0.00
1994     12-        1.00
1994     13         4.00
1994     14        16.00
1994     15        60.00
1994     16       251.00
1994     17       610.00
1994     18      1254.00
1994     19      2096.00
1994     20      3104.00
1994     21      3903.00
1994     22      4681.00
1994     23      5611.00
1994     24      6395.00
1994     25      7102.00
1994     26      7465.00
1994     27      7481.00
1994     28      7073.00
1994     29      6520.00
1994     30      5884.00
1994     31      4933.00
1994     32      4109.00
1994     33      3378.00
1994     34      2729.00
1994     35      2167.00
1994     36      1737.00
1994     37      1270.00
1994     38       937.00
1994     39       577.00
1994     40       391.00
1994     41       298.00
1994     42       174.00
1994     43       102.00
1994     44        53.00
1994     45        31.00
1994     46        11.00
1994     47         1.00
1994     48         3.00
1994     49         1.00
1994     50         1.00
1994     51         0.00
1994     52         1.00
1994     53         0.00
1994     54         0.00
1994     55+        0.00
1995     12-        1.00
1995     13         3.00
1995     14        14.00
1995     15        74.00
1995     16       218.00
1995     17       602.00
1995     18      1041.00
1995     19      1941.00
1995     20      2661.00
1995     21      3419.00
1995     22      4154.00
1995     23      5023.00
1995     24      5691.00
1995     25      6628.00
1995     26      7208.00
1995     27      7151.00
1995     28      6834.00
1995     29      6464.00
1995     30      5952.00
1995     31      5100.00
1995     32      4173.00
1995     33      3597.00
1995     34      2754.00
1995     35      2229.00
1995     36      1706.00
1995     37      1275.00
1995     38       986.00
1995     39       680.00
1995     40       433.00
1995     41       259.00
1995     42       180.00
1995     43       108.00
1995     44        54.00
1995     45        32.00
1995     46        11.00
1995     47         9.00
1995     48         3.00
1995     49         0.00
1995     50         1.00
1995     51         0.00
1995     52         0.00
1995     53         0.00
1995     54         0.00
1995     55+        0.00
1996     12-        0.00
1996     13         2.00
1996     14         9.00
1996     15        46.00
1996     16       214.00
1996     17       524.00
1996     18       981.00
1996     19      1731.00
1996     20      2450.00
1996     21      3206.00
1996     22      4011.00
1996     23      4710.00
1996     24      5711.00
1996     25      6252.00
1996     26      6818.00
1996     27      7255.00
1996     28      6911.00
1996     29      6556.00
1996     30      6027.00
1996     31      5425.00
1996     32      4553.00
1996     33      3780.00
1996     34      3060.00
1996     35      2410.00
1996     36      1883.00
1996     37      1376.00
1996     38       974.00
1996     39       742.00
1996     40       495.00
1996     41       329.00
1996     42       183.00
1996     43       100.00
1996     44        41.00
1996     45        28.00
1996     46        11.00
1996     47         2.00
1996     48         2.00
1996     49         0.00
1996     50         1.00
1996     51         0.00
1996     52         0.00
1996     53         0.00
1996     54         0.00
1996     55+        0.00
1997     12-        0.00
1997     13         2.00
1997     14        12.00
1997     15        48.00
1997     16       196.00
1997     17       492.00
1997     18       966.00
1997     19      1651.00
1997     20      2232.00
1997     21      2847.00
1997     22      3646.00
1997     23      4272.00
1997     24      4907.00
1997     25      5868.00
1997     26      6191.00
1997     27      6543.00
1997     28      6533.00
1997     29      6240.00
1997     30      5788.00
1997     31      5189.00
1997     32      4553.00
1997     33      3825.00
1997     34      2971.00
1997     35      2554.00
1997     36      1968.00
1997     37      1493.00
1997     38      1058.00
1997     39       725.00
1997     40       552.00
1997     41       327.00
1997     42       193.00
1997     43        99.00
1997     44        53.00
1997     45        30.00
1997     46        12.00
1997     47         5.00
1997     48         2.00
1997     49         0.00
1997     50         0.00
1997     51         1.00
1997     52         0.00
1997     53         0.00
1997     54         0.00
1997     55+        1.00
1998     12-        0.00
1998     13         0.00
1998     14        14.00
1998     15        50.00
1998     16       183.00
1998     17       497.00
1998     18       957.00
1998     19      1574.00
1998     20      2080.00
1998     21      2666.00
1998     22      3234.00
1998     23      4047.00
1998     24      4565.00
1998     25      5267.00
1998     26      5925.00
1998     27      6174.00
1998     28      6240.00
1998     29      6202.00
1998     30      5888.00
1998     31      5099.00
1998     32      4540.00
1998     33      3808.00
1998     34      3038.00
1998     35      2520.00
1998     36      1970.00
1998     37      1460.00
1998     38      1133.00
1998     39       816.00
1998     40       527.00
1998     41       334.00
1998     42       213.00
1998     43       107.00
1998     44        66.00
1998     45        23.00
1998     46         9.00
1998     47         4.00
1998     48         1.00
1998     49         1.00
1998     50         1.00
1998     51         0.00
1998     52         0.00
1998     53         0.00
1998     54         0.00
1998     55+        0.00
1999     12-        1.00
1999     13         1.00
1999     14         9.00
1999     15        52.00
1999     16       168.00
1999     17       510.00
1999     18       899.00
1999     19      1465.00
1999     20      2096.00
1999     21      2522.00
1999     22      3028.00
1999     23      3580.00
1999     24      4518.00
1999     25      4817.00
1999     26      5329.00
1999     27      5714.00
1999     28      5783.00
1999     29      5876.00
1999     30      5591.00
1999     31      5008.00
1999     32      4384.00
1999     33      3754.00
1999     34      3260.00
1999     35      2664.00
1999     36      2085.00
1999     37      1563.00
1999     38      1151.00
1999     39       848.00
1999     40       630.00
1999     41       389.00
1999     42       205.00
1999     43       124.00
1999     44        69.00
1999     45        26.00
1999     46        12.00
1999     47         3.00
1999     48         3.00
1999     49         1.00
1999     50         0.00
1999     51         0.00
1999     52         0.00
1999     53         0.00
1999     54         0.00
1999     55+        0.00
2000     12-        0.00
2000     13         1.00
2000     14         5.00
2000     15        64.00
2000     16       187.00
2000     17       498.00
2000     18       925.00
2000     19      1587.00
2000     20      2054.00
2000     21      2559.00
2000     22      3003.00
2000     23      3429.00
2000     24      4139.00
2000     25      4798.00
2000     26      5163.00
2000     27      5637.00
2000     28      5707.00
2000     29      5798.00
2000     30      5569.00
2000     31      5226.00
2000     32      4560.00
2000     33      3900.00
2000     34      3336.00
2000     35      2665.00
2000     36      2100.00
2000     37      1740.00
2000     38      1262.00
2000     39       890.00
2000     40       656.00
2000     41       377.00
2000     42       207.00
2000     43       108.00
2000     44        79.00
2000     45        22.00
2000     46        13.00
2000     47         2.00
2000     48         0.00
2000     49         0.00
2000     50         1.00
2000     51         0.00
2000     52         0.00
2000     53         0.00
2000     54         0.00
2000     55+        1.00
2001     12-        0.00
2001     13         1.00
2001     14         8.00
2001     15        82.00
2001     16       227.00
2001     17       521.00
2001     18       954.00
2001     19      1461.00
2001     20      2091.00
2001     21      2409.00
2001     22      2848.00
2001     23      3192.00
2001     24      3641.00
2001     25      4191.00
2001     26      4940.00
2001     27      5144.00
2001     28      5307.00
2001     29      5427.00
2001     30      5322.00
2001     31      5063.00
2001     32      4573.00
2001     33      4070.00
2001     34      3351.00
2001     35      2773.00
2001     36      2217.00
2001     37      1698.00
2001     38      1341.00
2001     39       943.00
2001     40       681.00
2001     41       438.00
2001     42       239.00
2001     43       150.00
2001     44        83.00
2001     45        39.00
2001     46        19.00
2001     47         8.00
2001     48         0.00
2001     49         1.00
2001     50         2.00
2001     51         2.00
2001     52         0.00
2001     53         0.00
2001     54         0.00
2001     55+        1.00
2002     12-        0.00
2002     13         1.00
2002     14        11.00
2002     15        76.00
2002     16       252.00
2002     17       504.00
2002     18       919.00
2002     19      1493.00
2002     20      2107.00
2002     21      2557.00
2002     22      2919.00
2002     23      3343.00
2002     24      3705.00
2002     25      4251.00
2002     26      4613.00
2002     27      5245.00
2002     28      5423.00
2002     29      5616.00
2002     30      5506.00
2002     31      5191.00
2002     32      4816.00
2002     33      4270.00
2002     34      3725.00
2002     35      2971.00
2002     36      2456.00
2002     37      1951.00
2002     38      1515.00
2002     39      1124.00
2002     40       789.00
2002     41       456.00
2002     42       288.00
2002     43       165.00
2002     44        69.00
2002     45        37.00
2002     46        19.00
2002     47         7.00
2002     48         5.00
2002     49         0.00
2002     50         1.00
2002     51         0.00
2002     52         1.00
2002     53         0.00
2002     54         0.00
2002     55+        2.00
2003     12-        0.00
2003     13         3.00
2003     14        13.00
2003     15        69.00
2003     16       234.00
2003     17       468.00
2003     18       904.00
2003     19      1415.00
2003     20      1921.00
2003     21      2485.00
2003     22      2922.00
2003     23      3139.00
2003     24      3711.00
2003     25      4101.00
2003     26      4447.00
2003     27      4882.00
2003     28      5320.00
2003     29      5341.00
2003     30      5353.00
2003     31      5107.00
2003     32      4636.00
2003     33      4057.00
2003     34      3818.00
2003     35      3255.00
2003     36      2584.00
2003     37      2058.00
2003     38      1533.00
2003     39      1155.00
2003     40       826.00
2003     41       535.00
2003     42       320.00
2003     43       161.00
2003     44        99.00
2003     45        41.00
2003     46        21.00
2003     47         2.00
2003     48         3.00
2003     49         4.00
2003     50         1.00
2003     51         0.00
2003     52         0.00
2003     53         0.00
2003     54         0.00
2003     55+        0.00
2004     12-        0.00
2004     13         2.00
2004     14        15.00
2004     15        78.00
2004     16       227.00
2004     17       502.00
2004     18       889.00
2004     19      1538.00
2004     20      1950.00
2004     21      2492.00
2004     22      3052.00
2004     23      3492.00
2004     24      3865.00
2004     25      4217.00
2004     26      4431.00
2004     27      4924.00
2004     28      5114.00
2004     29      5497.00
2004     30      5438.00
2004     31      5202.00
2004     32      4716.00
2004     33      4197.00
2004     34      3788.00
2004     35      3374.00
2004     36      2793.00
2004     37      2126.00
2004     38      1655.00
2004     39      1334.00
2004     40       821.00
2004     41       526.00
2004     42       357.00
2004     43       178.00
2004     44       112.00
2004     45        30.00
2004     46        20.00
2004     47         5.00
2004     48         4.00
2004     49         1.00
2004     50         1.00
2004     51         1.00
2004     52         0.00
2004     53         0.00
2004     54         2.00
2004     55+        2.00
2005     12-        0.00
2005     13         0.00
2005     14         3.00
2005     15        64.00
2005     16       195.00
2005     17       456.00
2005     18       914.00
2005     19      1430.00
2005     20      1874.00
2005     21      2327.00
2005     22      2771.00
2005     23      3497.00
2005     24      3926.00
2005     25      4325.00
2005     26      4540.00
2005     27      4721.00
2005     28      4955.00
2005     29      5263.00
2005     30      5215.00
2005     31      5013.00
2005     32      4753.00
2005     33      4446.00
2005     34      3844.00
2005     35      3365.00
2005     36      2780.00
2005     37      2244.00
2005     38      1736.00
2005     39      1289.00
2005     40       925.00
2005     41       579.00
2005     42       373.00
2005     43       185.00
2005     44        87.00
2005     45        49.00
2005     46        26.00
2005     47        10.00
2005     48         1.00
2005     49         3.00
2005     50         2.00
2005     51         0.00
2005     52         1.00
2005     53         1.00
2005     54         0.00
2005     55+        2.00
2006     12-        0.00
2006     13         2.00
2006     14        16.00
2006     15        69.00
2006     16       210.00
2006     17       425.00
2006     18       773.00
2006     19      1397.00
2006     20      1865.00
2006     21      2300.00
2006     22      2683.00
2006     23      3268.00
2006     24      3840.00
2006     25      4263.00
2006     26      4432.00
2006     27      4880.00
2006     28      5044.00
2006     29      5016.00
2006     30      5178.00
2006     31      5152.00
2006     32      4791.00
2006     33      4277.00
2006     34      3959.00
2006     35      3326.00
2006     36      2796.00
2006     37      2334.00
2006     38      1806.00
2006     39      1348.00
2006     40       982.00
2006     41       664.00
2006     42       399.00
2006     43       201.00
2006     44       118.00
2006     45        54.00
2006     46        21.00
2006     47        15.00
2006     48         4.00
2006     49         2.00
2006     50         1.00
2006     51         1.00
2006     52         0.00
2006     53         0.00
2006     54         1.00
2006     55+        1.00
2007     12-        0.00
2007     13         1.00
2007     14         5.00
2007     15        64.00
2007     16       190.00
2007     17       412.00
2007     18       760.00
2007     19      1291.00
2007     20      1710.00
2007     21      2136.00
2007     22      2631.00
2007     23      3169.00
2007     24      3563.00
2007     25      4209.00
2007     26      4739.00
2007     27      4703.00
2007     28      4816.00
2007     29      4942.00
2007     30      4950.00
2007     31      4899.00
2007     32      4714.00
2007     33      4266.00
2007     34      3777.00
2007     35      3263.00
2007     36      2950.00
2007     37      2370.00
2007     38      1764.00
2007     39      1459.00
2007     40      1023.00
2007     41       647.00
2007     42       389.00
2007     43       205.00
2007     44       120.00
2007     45        67.00
2007     46        23.00
2007     47        10.00
2007     48         6.00
2007     49         1.00
2007     50         1.00
2007     51         1.00
2007     52         3.00
2007     53         0.00
2007     54         0.00
2007     55+        1.00
2008     12-        1.00
2008     13         0.00
2008     14         6.00
2008     15        69.00
2008     16       191.00
2008     17       436.00
2008     18       791.00
2008     19      1260.00
2008     20      1819.00
2008     21      2178.00
2008     22      2495.00
2008     23      3102.00
2008     24      3551.00
2008     25      4166.00
2008     26      4791.00
2008     27      5039.00
2008     28      5226.00
2008     29      5052.00
2008     30      4937.00
2008     31      4917.00
2008     32      4620.00
2008     33      4283.00
2008     34      3950.00
2008     35      3410.00
2008     36      2918.00
2008     37      2434.00
2008     38      1902.00
2008     39      1492.00
2008     40      1082.00
2008     41       646.00
2008     42       441.00
2008     43       271.00
2008     44       133.00
2008     45        56.00
2008     46        39.00
2008     47        17.00
2008     48        13.00
2008     49        12.00
2008     50         2.00
2008     51         2.00
2008     52         0.00
2008     53         0.00
2008     54         0.00
2008     55+        2.00
2009     12-        0.00
2009     13         1.00
2009     14        13.00
2009     15        50.00
2009     16       185.00
2009     17       379.00
2009     18       711.00
2009     19      1212.00
2009     20      1649.00
2009     21      2062.00
2009     22      2432.00
2009     23      2945.00
2009     24      3457.00
2009     25      3927.00
2009     26      4462.00
2009     27      4871.00
2009     28      5175.00
2009     29      5248.00
2009     30      5134.00
2009     31      4792.00
2009     32      4535.00
2009     33      4235.00
2009     34      3835.00
2009     35      3521.00
2009     36      2911.00
2009     37      2422.00
2009     38      1882.00
2009     39      1460.00
2009     40      1168.00
2009     41       706.00
2009     42       461.00
2009     43       257.00
2009     44       131.00
2009     45        58.00
2009     46        24.00
2009     47        15.00
2009     48         9.00
2009     49         4.00
2009     50         4.00
2009     51         0.00
2009     52         0.00
2009     53         1.00
2009     54         0.00
2009     55+        0.00
2010     12-        0.00
2010     13         1.00
2010     14        16.00
2010     15        58.00
2010     16       171.00
2010     17       412.00
2010     18       625.00
2010     19      1204.00
2010     20      1596.00
2010     21      2075.00
2010     22      2483.00
2010     23      2916.00
2010     24      3383.00
2010     25      3991.00
2010     26      4531.00
2010     27      4809.00
2010     28      5557.00
2010     29      5734.00
2010     30      5304.00
2010     31      5151.00
2010     32      4700.00
2010     33      4378.00
2010     34      4066.00
2010     35      3593.00
2010     36      2996.00
2010     37      2521.00
2010     38      2070.00
2010     39      1485.00
2010     40      1107.00
2010     41       751.00
2010     42       491.00
2010     43       263.00
2010     44       149.00
2010     45        68.00
2010     46        35.00
2010     47        25.00
2010     48         6.00
2010     49        10.00
2010     50         4.00
2010     51         3.00
2010     52         3.00
2010     53         1.00
2010     54         0.00
2010     55+        0.00
2011     12-        0.00
2011     13         1.00
2011     14        10.00
2011     15        40.00
2011     16       161.00
2011     17       339.00
2011     18       644.00
2011     19       994.00
2011     20      1505.00
2011     21      1940.00
2011     22      2388.00
2011     23      2815.00
2011     24      3309.00
2011     25      3884.00
2011     26      4281.00
2011     27      4788.00
2011     28      5282.00
2011     29      5740.00
2011     30      5671.00
2011     31      5272.00
2011     32      4831.00
2011     33      4429.00
2011     34      4032.00
2011     35      3494.00
2011     36      3079.00
2011     37      2485.00
2011     38      2034.00
2011     39      1597.00
2011     40      1238.00
2011     41       712.00
2011     42       505.00
2011     43       312.00
2011     44       141.00
2011     45        65.00
2011     46        34.00
2011     47        22.00
2011     48         7.00
2011     49        14.00
2011     50         5.00
2011     51         2.00
2011     52         4.00
2011     53         0.00
2011     54         0.00
2011     55+        3.00
2012     12-        0.00
2012     13         0.00
2012     14         7.00
2012     15        29.00
2012     16       125.00
2012     17       351.00
2012     18       550.00
2012     19       979.00
2012     20      1297.00
2012     21      1788.00
2012     22      2357.00
2012     23      2750.00
2012     24      3285.00
2012     25      3869.00
2012     26      4313.00
2012     27      4816.00
2012     28      5380.00
2012     29      5718.00
2012     30      5833.00
2012     31      5764.00
2012     32      5150.00
2012     33      4568.00
2012     34      4044.00
2012     35      3543.00
2012     36      3098.00
2012     37      2570.00
2012     38      2037.00
2012     39      1588.00
2012     40      1237.00
2012     41       755.00
2012     42       513.00
2012     43       301.00
2012     44       152.00
2012     45        87.00
2012     46        49.00
2012     47        18.00
2012     48         9.00
2012     49         7.00
2012     50         4.00
2012     51         7.00
2012     52         0.00
2012     53         1.00
2012     54         1.00
2012     55+        2.00
2013     12-        1.00
2013     13         1.00
2013     14         8.00
2013     15        42.00
2013     16       115.00
2013     17       280.00
2013     18       521.00
2013     19       914.00
2013     20      1227.00
2013     21      1750.00
2013     22      2268.00
2013     23      2786.00
2013     24      3343.00
2013     25      3805.00
2013     26      4386.00
2013     27      4669.00
2013     28      5286.00
2013     29      5553.00
2013     30      5729.00
2013     31      5992.00
2013     32      5529.00
2013     33      4729.00
2013     34      4134.00
2013     35      3653.00
2013     36      3089.00
2013     37      2534.00
2013     38      2131.00
2013     39      1626.00
2013     40      1219.00
2013     41       806.00
2013     42       516.00
2013     43       319.00
2013     44       168.00
2013     45        79.00
2013     46        52.00
2013     47        23.00
2013     48        11.00
2013     49        13.00
2013     50         9.00
2013     51         6.00
2013     52         1.00
2013     53         4.00
2013     54         1.00
2013     55+        2.00
2014     12-        0.00
2014     13         2.00
2014     14        13.00
2014     15        46.00
2014     16       105.00
2014     17       250.00
2014     18       457.00
2014     19       813.00
2014     20      1229.00
2014     21      1762.00
2014     22      2171.00
2014     23      2715.00
2014     24      3428.00
2014     25      3842.00
2014     26      4379.00
2014     27      5009.00
2014     28      5363.00
2014     29      5905.00
2014     30      5967.00
2014     31      6029.00
2014     32      5825.00
2014     33      5329.00
2014     34      4472.00
2014     35      3890.00
2014     36      3287.00
2014     37      2593.00
2014     38      2015.00
2014     39      1639.00
2014     40      1275.00
2014     41       792.00
2014     42       518.00
2014     43       258.00
2014     44       153.00
2014     45        73.00
2014     46        45.00
2014     47        34.00
2014     48        19.00
2014     49         4.00
2014     50         9.00
2014     51         3.00
2014     52         1.00
2014     53         0.00
2014     54         1.00
2014     55+        2.00
2015     12-        1.00
2015     13         2.00
2015     14        12.00
2015     15        33.00
2015     16       114.00
2015     17       237.00
2015     18       502.00
2015     19       812.00
2015     20      1140.00
2015     21      1620.00
2015     22      2168.00
2015     23      2721.00
2015     24      3374.00
2015     25      3914.00
2015     26      4585.00
2015     27      5097.00
2015     28      5606.00
2015     29      5838.00
2015     30      6057.00
2015     31      6244.00
2015     32      6063.00
2015     33      5581.00
2015     34      4967.00
2015     35      4100.00
2015     36      3477.00
2015     37      2772.00
2015     38      2200.00
2015     39      1735.00
2015     40      1333.00
2015     41       844.00
2015     42       520.00
2015     43       300.00
2015     44       194.00
2015     45        96.00
2015     46        62.00
2015     47        23.00
2015     48        12.00
2015     49         8.00
2015     50         9.00
2015     51         1.00
2015     52         3.00
2015     53         0.00
2015     54         1.00
2015     55+        3.00
2016     12-        1.00
2016     13         1.00
2016     14         6.00
2016     15        30.00
2016     16        94.00
2016     17       228.00
2016     18       413.00
2016     19       820.00
2016     20      1263.00
2016     21      1617.00
2016     22      2259.00
2016     23      2819.00
2016     24      3464.00
2016     25      4015.00
2016     26      4698.00
2016     27      5397.00
2016     28      5692.00
2016     29      6065.00
2016     30      6170.00
2016     31      6401.00
2016     32      6128.00
2016     33      5883.00
2016     34      5262.00
2016     35      4762.00
2016     36      3688.00
2016     37      2937.00
2016     38      2209.00
2016     39      1838.00
2016     40      1342.00
2016     41       916.00
2016     42       514.00
2016     43       336.00
2016     44       183.00
2016     45        94.00
2016     46        52.00
2016     47        24.00
2016     48        17.00
2016     49        11.00
2016     50        11.00
2016     51         7.00
2016     52         2.00
2016     53         2.00
2016     54         1.00
2016     55+        3.00
2017     12-        0.00
2017     13         0.00
2017     14        10.00
2017     15        21.00
2017     16        69.00
2017     17       208.00
2017     18       413.00
2017     19       754.00
2017     20      1156.00
2017     21      1542.00
2017     22      2070.00
2017     23      2655.00
2017     24      3337.00
2017     25      4041.00
2017     26      4773.00
2017     27      5322.00
2017     28      5828.00
2017     29      6170.00
2017     30      6229.00
2017     31      6275.00
2017     32      6054.00
2017     33      5914.00
2017     34      5310.00
2017     35      4733.00
2017     36      3968.00
2017     37      3045.00
2017     38      2466.00
2017     39      1836.00
2017     40      1326.00
2017     41       833.00
2017     42       555.00
2017     43       337.00
2017     44       165.00
2017     45        94.00
2017     46        53.00
2017     47        22.00
2017     48        22.00
2017     49        11.00
2017     50         6.00
2017     51         5.00
2017     52         2.00
2017     53         2.00
2017     54         0.00
2017     55+        1.00
2018     12-        0.00
2018     13         2.00
2018     14         9.00
2018     15        13.00
2018     16        70.00
2018     17       163.00
2018     18       303.00
2018     19       620.00
2018     20       990.00
2018     21      1426.00
2018     22      1921.00
2018     23      2475.00
2018     24      3158.00
2018     25      3867.00
2018     26      4605.00
2018     27      5140.00
2018     28      5579.00
2018     29      6125.00
2018     30      6198.00
2018     31      6328.00
2018     32      5924.00
2018     33      5679.00
2018     34      5105.00
2018     35      4738.00
2018     36      4146.00
2018     37      3144.00
2018     38      2367.00
2018     39      1825.00
2018     40      1366.00
2018     41       910.00
2018     42       558.00
2018     43       342.00
2018     44       169.00
2018     45       110.00
2018     46        68.00
2018     47        37.00
2018     48        27.00
2018     49         8.00
2018     50        10.00
2018     51         6.00
2018     52         0.00
2018     53         2.00
2018     54         1.00
2018     55+        1.00
2019     12-        0.00
2019     13         0.00
2019     14         3.00
2019     15        22.00
2019     16        74.00
2019     17       148.00
2019     18       296.00
2019     19       566.00
2019     20       882.00
2019     21      1199.00
2019     22      1802.00
2019     23      2373.00
2019     24      2915.00
2019     25      3563.00
2019     26      4425.00
2019     27      5093.00
2019     28      5483.00
2019     29      6057.00
2019     30      6473.00
2019     31      6388.00
2019     32      5907.00
2019     33      5698.00
2019     34      5084.00
2019     35      4699.00
2019     36      4075.00
2019     37      3393.00
2019     38      2599.00
2019     39      2004.00
2019     40      1477.00
2019     41       876.00
2019     42       582.00
2019     43       328.00
2019     44       197.00
2019     45       115.00
2019     46        60.00
2019     47        40.00
2019     48        19.00
2019     49        12.00
2019     50        10.00
2019     51         4.00
2019     52         2.00
2019     53         1.00
2019     54         0.00
2019     55+        8.00
