Hungary, Female population exposure by calendar year and age (Lexis squares, age in completed years (ACY))
Last modified: 08/03/2022
Year    Age        Exposure
1950     12        73085.99
1950     13        72110.38
1950     14        71489.48
1950     15        73559.66
1950     16        74685.36
1950     17        75112.72
1950     18        76228.67
1950     19        79467.60
1950     20        78065.00
1950     21        78682.25
1950     22        77496.90
1950     23        79810.77
1950     24        82587.81
1950     25        79248.33
1950     26        79586.93
1950     27        83444.32
1950     28        86358.63
1950     29        80876.72
1950     30        84744.56
1950     31        50697.66
1950     32        40323.16
1950     33        40831.00
1950     34        48346.16
1950     35        67933.66
1950     36        79605.00
1950     37        80286.00
1950     38        78592.68
1950     39        77252.83
1950     40        77563.33
1950     41        75588.66
1950     42        73937.18
1950     43        70821.34
1950     44        67196.17
1950     45        65712.33
1950     46        66051.34
1950     47        66782.99
1950     48        64922.32
1950     49        64866.33
1950     50        63586.51
1950     51        60969.01
1950     52        61015.32
1950     53        59708.84
1950     54        57845.01
1950     55        55138.51
1951     12        72460.95
1951     13        72969.18
1951     14        72031.32
1951     15        71396.08
1951     16        73449.44
1951     17        74552.79
1951     18        74910.85
1951     19        76036.35
1951     20        79282.69
1951     21        77872.31
1951     22        78574.97
1951     23        77348.23
1951     24        79659.97
1951     25        82431.18
1951     26        79078.21
1951     27        79353.87
1951     28        83211.34
1951     29        86149.66
1951     30        80671.81
1951     31        84533.10
1951     32        50592.36
1951     33        40216.67
1951     34        40728.00
1951     35        48195.33
1951     36        67705.66
1951     37        79284.50
1951     38        79990.83
1951     39        78312.67
1951     40        76957.83
1951     41        77259.50
1951     42        75320.67
1951     43        73625.67
1951     44        70516.83
1951     45        66917.50
1951     46        65402.33
1951     47        65699.33
1951     48        66353.17
1951     49        64476.67
1951     50        64406.50
1951     51        63124.34
1951     52        60525.17
1951     53        60452.34
1951     54        59133.83
1951     55        57224.83
1952     12        72988.45
1952     13        72395.97
1952     14        72895.30
1952     15        71950.85
1952     16        71294.65
1952     17        73356.25
1952     18        74416.43
1952     19        74739.73
1952     20        75869.48
1952     21        79093.36
1952     22        77759.46
1952     23        78472.22
1952     24        77215.79
1952     25        79544.24
1952     26        82309.88
1952     27        78901.75
1952     28        79149.79
1952     29        82988.62
1952     30        85964.34
1952     31        80472.37
1952     32        84358.48
1952     33        50500.02
1952     34        40100.50
1952     35        40606.84
1952     36        48055.83
1952     37        67438.66
1952     38        79018.00
1952     39        79696.99
1952     40        78040.50
1952     41        76677.16
1952     42        76982.50
1952     43        75073.50
1952     44        73310.83
1952     45        70209.00
1952     46        66644.84
1952     47        65089.50
1952     48        65305.33
1952     49        65910.16
1952     50        64064.17
1952     51        63970.66
1952     52        62636.35
1952     53        60033.83
1952     54        59885.00
1952     55        58537.83
1953     12        74157.33
1953     13        72978.73
1953     14        72384.24
1953     15        72822.30
1953     16        71878.40
1953     17        71213.21
1953     18        73289.70
1953     19        74318.16
1953     20        74603.51
1953     21        75723.92
1953     22        78956.54
1953     23        77677.34
1953     24        78407.85
1953     25        77106.58
1953     26        79457.81
1953     27        82227.80
1953     28        78754.89
1953     29        78962.02
1953     30        82793.76
1953     31        85782.46
1953     32        80283.82
1953     33        84201.92
1953     34        50432.04
1953     35        39990.50
1953     36        40510.67
1953     37        47923.17
1953     38        67230.33
1953     39        78757.00
1953     40        79405.17
1953     41        77789.33
1953     42        76387.00
1953     43        76705.50
1953     44        74834.50
1953     45        72980.67
1953     46        69888.17
1953     47        66359.83
1953     48        64748.00
1953     49        64914.67
1953     50        65467.33
1953     51        63639.67
1953     52        63452.67
1953     53        62132.17
1953     54        59548.83
1953     55        59280.50
1954     12        75388.22
1954     13        74152.47
1954     14        72980.38
1954     15        72357.37
1954     16        72754.79
1954     17        71812.94
1954     18        71140.17
1954     19        73224.92
1954     20        74226.94
1954     21        74479.02
1954     22        75590.50
1954     23        78839.20
1954     24        77622.09
1954     25        78340.90
1954     26        77025.06
1954     27        79403.90
1954     28        82153.45
1954     29        78633.40
1954     30        78778.44
1954     31        82625.46
1954     32        85613.08
1954     33        80112.74
1954     34        84094.48
1954     35        50343.69
1954     36        39885.83
1954     37        40420.17
1954     38        47803.50
1954     39        67023.50
1954     40        78504.17
1954     41        79118.50
1954     42        77519.00
1954     43        76091.00
1954     44        76428.17
1954     45        74568.50
1954     46        72652.33
1954     47        69564.32
1954     48        66048.50
1954     49        64397.16
1954     50        64497.84
1954     51        65025.82
1954     52        63184.17
1954     53        62976.99
1954     54        61680.49
1954     55        59091.32
1955     12        75528.11
1955     13        75374.73
1955     14        74180.77
1955     15        72975.90
1955     16        72360.50
1955     17        72680.08
1955     18        71742.84
1955     19        71076.96
1955     20        73158.91
1955     21        74149.92
1955     22        74363.81
1955     23        75464.22
1955     24        78734.11
1955     25        77552.71
1955     26        78307.12
1955     27        76934.28
1955     28        79357.72
1955     29        82101.78
1955     30        78519.36
1955     31        78635.39
1955     32        82468.15
1955     33        85461.61
1955     34        79957.68
1955     35        83964.92
1955     36        50283.93
1955     37        39778.17
1955     38        40321.17
1955     39        47673.50
1955     40        66823.16
1955     41        78234.17
1955     42        78825.50
1955     43        77231.83
1955     44        75795.33
1955     45        76153.00
1955     46        74315.83
1955     47        72335.83
1955     48        69253.67
1955     49        65768.16
1955     50        64032.50
1955     51        64111.83
1955     52        64573.00
1955     53        62748.50
1955     54        62516.17
1955     55        61269.00
1956     12        79168.23
1956     13        75041.96
1956     14        74904.52
1956     15        73589.22
1956     16        72418.57
1956     17        71604.12
1956     18        71743.24
1956     19        70774.66
1956     20        70105.76
1956     21        72248.37
1956     22        73289.29
1956     23        73538.03
1956     24        74634.23
1956     25        77925.93
1956     26        76832.76
1956     27        77578.34
1956     28        76224.42
1956     29        78686.67
1956     30        81411.30
1956     31        77779.73
1956     32        77928.61
1956     33        81763.11
1956     34        84762.48
1956     35        79294.60
1956     36        83337.56
1956     37        49865.97
1956     38        39391.84
1956     39        40006.50
1956     40        47328.83
1956     41        66375.50
1956     42        77670.00
1956     43        78267.17
1956     44        76680.33
1956     45        75287.33
1956     46        75642.17
1956     47        73867.67
1956     48        71839.00
1956     49        68799.00
1956     50        65338.33
1956     51        63531.50
1956     52        63602.33
1956     53        63983.17
1956     54        62213.17
1956     55        61932.33
1957     12        75924.85
1957     13        78602.54
1957     14        74426.21
1957     15        74255.57
1957     16        72885.14
1957     17        71611.91
1957     18        70596.26
1957     19        70571.39
1957     20        69607.35
1957     21        69031.60
1957     22        71208.32
1957     23        72326.91
1957     24        72602.84
1957     25        73710.06
1957     26        76977.90
1957     27        75965.83
1957     28        76735.73
1957     29        75396.89
1957     30        77840.00
1957     31        80538.50
1957     32        76954.12
1957     33        77103.29
1957     34        80909.57
1957     35        83903.15
1957     36        78481.81
1957     37        82575.73
1957     38        49363.90
1957     39        38937.50
1957     40        39588.83
1957     41        46839.00
1957     42        65737.17
1957     43        77001.33
1957     44        77567.33
1957     45        76041.83
1957     46        74608.00
1957     47        74999.83
1957     48        73274.33
1957     49        71200.33
1957     50        68218.67
1957     51        64772.83
1957     52        62940.00
1957     53        62980.17
1957     54        63328.83
1957     55        61551.33
1958     12        67370.74
1958     13        75832.43
1958     14        78494.51
1958     15        74363.04
1958     16        74142.82
1958     17        72774.29
1958     18        71478.14
1958     19        70365.36
1958     20        70339.68
1958     21        69361.93
1958     22        68785.55
1958     23        70995.17
1958     24        72123.93
1958     25        72322.93
1958     26        73422.45
1958     27        76677.16
1958     28        75718.95
1958     29        76552.46
1958     30        75159.58
1958     31        77599.33
1958     32        80275.50
1958     33        76680.46
1958     34        76722.72
1958     35        80556.43
1958     36        83547.87
1958     37        78171.61
1958     38        82223.13
1958     39        49127.15
1958     40        38696.67
1958     41        39348.33
1958     42        46567.00
1958     43        65359.17
1958     44        76524.83
1958     45        77108.00
1958     46        75585.00
1958     47        74113.00
1958     48        74530.33
1958     49        72822.50
1958     50        70686.17
1958     51        67726.67
1958     52        64295.83
1958     53        62429.17
1958     54        62425.83
1958     55        62684.33
1959     12        76381.20
1959     13        67367.18
1959     14        75812.99
1959     15        78484.74
1959     16        74336.21
1959     17        74160.46
1959     18        72765.70
1959     19        71488.83
1959     20        70353.29
1959     21        70328.54
1959     22        69337.59
1959     23        68765.51
1959     24        70974.92
1959     25        72036.41
1959     26        72216.88
1959     27        73327.53
1959     28        76572.39
1959     29        75702.89
1959     30        76477.84
1959     31        75096.50
1959     32        77518.02
1959     33        80179.90
1959     34        76513.57
1959     35        76581.49
1959     36        80401.02
1959     37        83412.41
1959     38        77974.42
1959     39        82073.24
1959     40        48971.94
1959     41        38585.57
1959     42        39232.07
1959     43        46406.62
1959     44        65062.32
1959     45        76236.14
1959     46        76792.39
1959     47        75293.85
1959     48        73755.93
1959     49        74244.56
1959     50        72452.97
1959     51        70276.24
1959     52        67339.79
1959     53        63860.34
1959     54        61958.85
1959     55        61903.18
1960     12        80968.85
1960     13        76296.00
1960     14        67298.38
1960     15        75736.10
1960     16        78391.23
1960     17        74270.48
1960     18        74090.06
1960     19        72684.03
1960     20        71398.08
1960     21        70297.27
1960     22        70253.10
1960     23        69277.33
1960     24        68712.04
1960     25        70915.12
1960     26        71967.10
1960     27        72148.01
1960     28        73245.00
1960     29        76492.52
1960     30        75624.01
1960     31        76394.13
1960     32        74970.59
1960     33        77413.10
1960     34        80044.31
1960     35        76392.00
1960     36        76455.93
1960     37        80259.24
1960     38        83230.03
1960     39        77808.98
1960     40        81863.21
1960     41        48842.42
1960     42        38471.33
1960     43        39112.97
1960     44        46238.85
1960     45        64829.50
1960     46        75938.82
1960     47        76507.38
1960     48        74976.37
1960     49        73448.31
1960     50        73875.05
1960     51        72078.28
1960     52        69861.33
1960     53        66894.19
1960     54        63435.67
1960     55        61482.86
1961     12        82862.45
1961     13        80849.98
1961     14        76172.73
1961     15        67191.08
1961     16        75596.15
1961     17        78245.14
1961     18        74135.24
1961     19        73951.62
1961     20        72536.08
1961     21        71282.08
1961     22        70183.31
1961     23        70153.62
1961     24        69198.73
1961     25        68638.70
1961     26        70833.64
1961     27        71888.35
1961     28        72052.47
1961     29        73146.88
1961     30        76394.16
1961     31        75527.76
1961     32        76266.22
1961     33        74846.24
1961     34        77256.11
1961     35        79896.79
1961     36        76249.46
1961     37        76315.60
1961     38        80084.28
1961     39        83039.68
1961     40        77627.56
1961     41        81645.39
1961     42        48704.31
1961     43        38344.81
1961     44        38967.83
1961     45        46066.64
1961     46        64580.34
1961     47        75635.09
1961     48        76209.61
1961     49        74668.77
1961     50        73106.66
1961     51        73506.15
1961     52        71680.32
1961     53        69417.68
1961     54        66460.41
1961     55        62981.83
1962     12        85575.03
1962     13        82764.95
1962     14        80729.14
1962     15        76046.98
1962     16        67076.31
1962     17        75460.51
1962     18        78077.88
1962     19        73996.83
1962     20        73812.70
1962     21        72390.63
1962     22        71153.39
1962     23        70078.36
1962     24        70054.03
1962     25        69124.16
1962     26        68561.94
1962     27        70761.05
1962     28        71808.49
1962     29        71953.48
1962     30        73053.37
1962     31        76298.84
1962     32        75415.84
1962     33        76146.51
1962     34        74712.24
1962     35        77103.76
1962     36        79730.25
1962     37        76085.13
1962     38        76166.54
1962     39        79908.11
1962     40        82849.85
1962     41        77453.07
1962     42        81427.39
1962     43        48545.80
1962     44        38206.29
1962     45        38811.36
1962     46        45883.26
1962     47        64311.51
1962     48        75320.71
1962     49        75886.33
1962     50        74323.51
1962     51        72743.84
1962     52        73107.26
1962     53        71240.19
1962     54        68937.88
1962     55        65978.13
1963     12        85623.10
1963     13        85500.73
1963     14        82669.47
1963     15        80607.72
1963     16        75918.68
1963     17        66954.09
1963     18        75314.30
1963     19        77908.09
1963     20        73865.07
1963     21        73666.19
1963     22        72243.84
1963     23        71029.78
1963     24        69971.51
1963     25        69965.56
1963     26        69051.13
1963     27        68484.11
1963     28        70678.34
1963     29        71724.59
1963     30        71858.09
1963     31        72959.28
1963     32        76190.27
1963     33        75299.51
1963     34        76026.34
1963     35        74572.41
1963     36        76941.40
1963     37        79550.31
1963     38        75945.08
1963     39        76014.07
1963     40        79723.00
1963     41        82653.90
1963     42        77247.66
1963     43        81178.53
1963     44        48387.02
1963     45        38053.44
1963     46        38626.88
1963     47        45691.06
1963     48        64025.87
1963     49        74985.65
1963     50        75529.23
1963     51        73967.26
1963     52        72365.87
1963     53        72685.20
1963     54        70768.06
1963     55        68441.24
1964     12        82670.48
1964     13        85559.05
1964     14        85430.97
1964     15        82570.49
1964     16        80491.41
1964     17        75783.33
1964     18        66844.04
1964     19        75164.86
1964     20        77752.13
1964     21        73726.89
1964     22        73528.75
1964     23        72101.56
1964     24        70915.32
1964     25        69866.41
1964     26        69883.12
1964     27        68973.59
1964     28        68403.00
1964     29        70598.36
1964     30        71640.88
1964     31        71770.31
1964     32        72861.75
1964     33        76078.12
1964     34        75188.70
1964     35        75900.56
1964     36        74428.17
1964     37        76786.36
1964     38        79396.68
1964     39        75785.88
1964     40        75859.92
1964     41        79534.50
1964     42        82443.20
1964     43        77036.17
1964     44        80946.43
1964     45        48225.56
1964     46        37881.58
1964     47        38462.08
1964     48        45481.02
1964     49        63719.20
1964     50        74610.09
1964     51        75168.29
1964     52        73596.67
1964     53        71971.56
1964     54        72237.30
1964     55        70301.27
1965     12        88456.15
1965     13        82636.91
1965     14        85493.35
1965     15        85355.59
1965     16        82472.96
1965     17        80367.50
1965     18        75650.40
1965     19        66729.96
1965     20        75020.03
1965     21        77598.84
1965     22        73599.32
1965     23        73393.84
1965     24        71965.12
1965     25        70796.29
1965     26        69774.94
1965     27        69788.00
1965     28        68892.97
1965     29        68326.72
1965     30        70519.57
1965     31        71561.00
1965     32        71674.29
1965     33        72764.41
1965     34        75971.46
1965     35        75067.99
1965     36        75764.56
1965     37        74282.50
1965     38        76630.19
1965     39        79221.16
1965     40        75628.84
1965     41        75699.08
1965     42        79342.92
1965     43        82203.21
1965     44        76836.71
1965     45        80700.16
1965     46        48048.90
1965     47        37734.23
1965     48        38277.94
1965     49        45256.13
1965     50        63392.21
1965     51        74248.52
1965     52        74785.52
1965     53        73190.40
1965     54        71559.42
1965     55        71766.90
1966     12        96874.11
1966     13        88442.32
1966     14        82601.44
1966     15        85420.68
1966     16        85272.68
1966     17        82365.98
1966     18        80232.20
1966     19        75514.48
1966     20        66613.27
1966     21        74876.81
1966     22        77450.45
1966     23        73472.39
1966     24        73257.44
1966     25        71824.67
1966     26        70685.91
1966     27        69665.01
1966     28        69692.03
1966     29        68810.84
1966     30        68245.11
1966     31        70437.44
1966     32        71478.58
1966     33        71583.20
1966     34        72657.71
1966     35        75852.58
1966     36        74948.06
1966     37        75623.29
1966     38        74139.50
1966     39        76450.32
1966     40        79050.60
1966     41        75458.47
1966     42        75524.32
1966     43        79100.82
1966     44        81968.11
1966     45        76605.75
1966     46        80421.55
1966     47        47867.01
1966     48        37557.71
1966     49        38086.30
1966     50        45028.25
1966     51        63060.05
1966     52        73857.97
1966     53        74370.74
1966     54        72759.14
1966     55        71130.44
1967     12        98822.38
1967     13        96865.57
1967     14        88431.00
1967     15        82564.05
1967     16        85340.41
1967     17        85194.41
1967     18        82252.04
1967     19        80107.94
1967     20        75378.53
1967     21        66494.00
1967     22        74744.15
1967     23        77290.31
1967     24        73343.62
1967     25        73115.97
1967     26        71686.06
1967     27        70563.84
1967     28        69565.61
1967     29        69585.92
1967     30        68733.26
1967     31        68163.44
1967     32        70350.22
1967     33        71391.00
1967     34        71470.35
1967     35        72553.04
1967     36        75748.88
1967     37        74827.03
1967     38        75491.05
1967     39        73973.19
1967     40        76281.88
1967     41        78853.27
1967     42        75273.71
1967     43        75321.12
1967     44        78883.90
1967     45        81717.10
1967     46        76340.35
1967     47        80116.60
1967     48        47663.01
1967     49        37381.03
1967     50        37883.99
1967     51        44783.72
1967     52        62719.56
1967     53        73444.75
1967     54        73902.46
1967     55        72305.06
1968     12        90545.65
1968     13        98828.57
1968     14        96853.46
1968     15        88418.68
1968     16        82514.84
1968     17        85267.04
1968     18        85104.94
1968     19        82147.03
1968     20        79975.70
1968     21        75248.26
1968     22        66385.58
1968     23        74595.38
1968     24        77132.56
1968     25        73204.41
1968     26        72979.05
1968     27        71537.12
1968     28        70446.83
1968     29        69459.40
1968     30        69480.68
1968     31        68654.71
1968     32        68078.89
1968     33        70253.61
1968     34        71297.64
1968     35        71369.26
1968     36        72441.73
1968     37        75624.61
1968     38        74695.83
1968     39        75335.38
1968     40        73812.89
1968     41        76077.12
1968     42        78649.06
1968     43        75090.83
1968     44        75116.73
1968     45        78649.64
1968     46        81415.50
1968     47        76059.19
1968     48        79815.58
1968     49        47444.62
1968     50        37171.18
1968     51        37673.04
1968     52        44537.03
1968     53        62357.10
1968     54        72994.73
1968     55        73406.57
1969     12        80837.23
1969     13        90509.77
1969     14        98835.51
1969     15        96837.30
1969     16        88393.80
1969     17        82470.57
1969     18        85188.49
1969     19        85019.03
1969     20        82035.55
1969     21        79857.76
1969     22        75114.87
1969     23        66269.18
1969     24        74449.82
1969     25        76969.87
1969     26        73067.97
1969     27        72837.62
1969     28        71392.33
1969     29        70331.28
1969     30        69342.12
1969     31        69384.07
1969     32        68567.54
1969     33        67983.34
1969     34        70163.83
1969     35        71199.04
1969     36        71241.93
1969     37        72314.48
1969     38        75479.62
1969     39        74549.12
1969     40        75182.45
1969     41        73629.58
1969     42        75877.90
1969     43        78432.86
1969     44        74871.30
1969     45        74915.99
1969     46        78377.36
1969     47        81109.26
1969     48        75769.31
1969     49        79485.05
1969     50        47191.88
1969     51        36960.95
1969     52        37438.84
1969     53        44239.40
1969     54        61943.01
1969     55        72485.88
1970     12        75114.20
1970     13        80795.48
1970     14        90494.84
1970     15        98795.16
1970     16        96759.02
1970     17        88321.92
1970     18        82339.82
1970     19        85126.11
1970     20        84894.43
1970     21        81930.66
1970     22        79723.10
1970     23        74989.97
1970     24        66165.27
1970     25        74299.53
1970     26        76838.47
1970     27        72967.25
1970     28        72693.16
1970     29        71292.52
1970     30        70242.65
1970     31        69247.75
1970     32        69295.66
1970     33        68490.00
1970     34        67898.96
1970     35        70066.23
1970     36        71100.28
1970     37        71129.44
1970     38        72193.02
1970     39        75364.66
1970     40        74410.98
1970     41        75025.79
1970     42        73459.00
1970     43        75659.37
1970     44        78220.69
1970     45        74672.00
1970     46        74692.98
1970     47        78104.24
1970     48        80808.42
1970     49        75517.30
1970     50        79134.43
1970     51        46976.85
1970     52        36762.32
1970     53        37185.19
1970     54        43947.63
1970     55        61532.89
1971     12        71392.52
1971     13        75090.62
1971     14        80772.03
1971     15        90434.49
1971     16        98698.66
1971     17        96629.72
1971     18        88151.67
1971     19        82222.09
1971     20        85028.37
1971     21        84774.04
1971     22        81813.12
1971     23        79602.04
1971     24        74873.60
1971     25        66048.24
1971     26        74166.17
1971     27        76737.60
1971     28        72856.35
1971     29        72588.39
1971     30        71224.20
1971     31        70169.21
1971     32        69168.35
1971     33        69219.84
1971     34        68421.53
1971     35        67802.42
1971     36        69969.35
1971     37        71009.99
1971     38        71026.71
1971     39        72082.65
1971     40        75248.91
1971     41        74260.85
1971     42        74871.05
1971     43        73283.23
1971     44        75444.14
1971     45        78000.28
1971     46        74448.52
1971     47        74471.73
1971     48        77828.68
1971     49        80549.00
1971     50        75253.48
1971     51        78814.90
1971     52        46751.65
1971     53        36554.51
1971     54        36968.52
1971     55        43684.65
1972     12        68737.31
1972     13        71382.65
1972     14        75076.72
1972     15        80736.61
1972     16        90371.12
1972     17        98600.10
1972     18        96490.42
1972     19        87981.42
1972     20        82105.86
1972     21        84928.95
1972     22        84644.48
1972     23        81701.55
1972     24        79474.58
1972     25        74754.29
1972     26        65932.71
1972     27        74034.53
1972     28        76635.47
1972     29        72743.00
1972     30        72487.67
1972     31        71155.56
1972     32        70087.31
1972     33        69091.71
1972     34        69139.99
1972     35        68338.64
1972     36        67690.80
1972     37        69858.37
1972     38        70913.61
1972     39        70897.38
1972     40        71963.16
1972     41        75118.22
1972     42        74100.41
1972     43        74697.02
1972     44        73076.54
1972     45        75215.36
1972     46        77763.50
1972     47        74209.33
1972     48        74198.86
1972     49        77539.56
1972     50        80274.05
1972     51        74970.87
1972     52        78445.20
1972     53        46495.17
1972     54        36310.04
1972     55        36738.34
1973     12        66158.38
1973     13        68728.71
1973     14        71378.55
1973     15        75049.22
1973     16        80701.77
1973     17        90309.40
1973     18        98493.84
1973     19        96351.64
1973     20        87819.20
1973     21        81980.25
1973     22        84821.15
1973     23        84522.03
1973     24        81584.98
1973     25        79353.03
1973     26        74644.04
1973     27        65817.49
1973     28        73899.49
1973     29        76522.21
1973     30        72628.95
1973     31        72380.91
1973     32        71075.74
1973     33        70016.08
1973     34        69003.43
1973     35        69053.57
1973     36        68247.20
1973     37        67571.92
1973     38        69745.56
1973     39        70799.22
1973     40        70764.79
1973     41        71848.87
1973     42        74971.06
1973     43        73925.33
1973     44        74512.20
1973     45        72843.18
1973     46        74972.03
1973     47        77505.29
1973     48        73936.79
1973     49        73902.36
1973     50        77235.47
1973     51        79987.89
1973     52        74642.76
1973     53        78071.66
1973     54        46216.71
1973     55        36082.22
1974     12        62182.71
1974     13        66137.83
1974     14        68722.22
1974     15        71357.18
1974     16        75016.47
1974     17        80671.87
1974     18        90234.68
1974     19        98389.58
1974     20        96213.75
1974     21        87646.45
1974     22        81859.17
1974     23        84718.23
1974     24        84395.59
1974     25        81473.91
1974     26        79230.45
1974     27        74529.22
1974     28        65695.14
1974     29        73749.93
1974     30        76412.66
1974     31        72507.58
1974     32        72267.07
1974     33        70997.42
1974     34        69920.68
1974     35        68910.76
1974     36        68951.00
1974     37        68152.72
1974     38        67441.86
1974     39        69624.76
1974     40        70671.97
1974     41        70631.46
1974     42        71710.65
1974     43        74806.84
1974     44        73731.64
1974     45        74286.57
1974     46        72606.00
1974     47        74709.73
1974     48        77203.67
1974     49        73634.19
1974     50        73597.00
1974     51        76913.03
1974     52        79623.43
1974     53        74316.76
1974     54        77648.81
1974     55        45919.29
1975     12        60485.55
1975     13        62168.00
1975     14        66123.84
1975     15        68702.59
1975     16        71332.18
1975     17        74988.79
1975     18        80632.16
1975     19        90158.89
1975     20        98277.84
1975     21        96068.34
1975     22        87473.17
1975     23        81741.08
1975     24        84619.97
1975     25        84261.34
1975     26        81354.83
1975     27        79100.38
1975     28        74409.85
1975     29        65572.39
1975     30        73610.82
1975     31        76293.44
1975     32        72381.30
1975     33        72157.31
1975     34        70899.93
1975     35        69822.78
1975     36        68808.80
1975     37        68847.50
1975     38        68037.25
1975     39        67313.44
1975     40        69476.37
1975     41        70533.64
1975     42        70472.91
1975     43        71552.82
1975     44        74629.41
1975     45        73523.25
1975     46        74034.81
1975     47        72336.54
1975     48        74411.17
1975     49        76872.16
1975     50        73311.72
1975     51        73245.96
1975     52        76524.88
1975     53        79243.10
1975     54        73922.66
1975     55        77144.91
1976     12        61748.00
1976     13        60501.60
1976     14        62152.45
1976     15        66111.04
1976     16        68674.89
1976     17        71314.24
1976     18        74959.15
1976     19        80586.94
1976     20        90084.24
1976     21        98157.39
1976     22        95923.05
1976     23        87310.44
1976     24        81624.85
1976     25        84505.35
1976     26        84123.69
1976     27        81227.78
1976     28        78968.85
1976     29        74282.78
1976     30        65447.20
1976     31        73461.26
1976     32        76173.44
1976     33        72258.93
1976     34        72039.94
1976     35        70797.45
1976     36        69732.85
1976     37        68698.09
1976     38        68729.46
1976     39        67916.64
1976     40        67151.77
1976     41        69325.16
1976     42        70377.34
1976     43        70300.98
1976     44        71375.43
1976     45        74422.55
1976     46        73260.20
1976     47        73774.13
1976     48        72051.19
1976     49        74053.18
1976     50        76517.34
1976     51        72961.95
1976     52        72843.43
1976     53        76068.26
1976     54        78796.82
1976     55        73463.39
1977     12        62015.34
1977     13        61814.03
1977     14        60510.76
1977     15        62141.86
1977     16        66078.84
1977     17        68655.71
1977     18        71296.78
1977     19        74925.55
1977     20        80546.18
1977     21        90006.40
1977     22        98046.99
1977     23        95781.69
1977     24        87151.73
1977     25        81500.28
1977     26        84398.28
1977     27        83984.08
1977     28        81099.73
1977     29        78832.05
1977     30        74160.86
1977     31        65306.86
1977     32        73307.71
1977     33        76044.96
1977     34        72120.16
1977     35        71892.83
1977     36        70696.14
1977     37        69628.30
1977     38        68573.90
1977     39        68598.45
1977     40        67777.20
1977     41        67001.11
1977     42        69154.02
1977     43        70207.49
1977     44        70100.84
1977     45        71170.38
1977     46        74189.63
1977     47        73005.40
1977     48        73500.49
1977     49        71704.16
1977     50        73696.76
1977     51        76145.18
1977     52        72559.89
1977     53        72372.92
1977     54        75610.77
1977     55        78329.22
1978     12        63044.69
1978     13        62090.78
1978     14        61878.14
1978     15        60516.70
1978     16        62114.78
1978     17        66053.56
1978     18        68632.38
1978     19        71280.89
1978     20        74885.16
1978     21        80508.35
1978     22        89932.44
1978     23        97931.58
1978     24        95643.74
1978     25        86982.99
1978     26        81376.08
1978     27        84284.97
1978     28        83839.37
1978     29        80964.12
1978     30        78697.53
1978     31        74027.86
1978     32        65170.58
1978     33        73146.50
1978     34        75903.53
1978     35        71964.45
1978     36        71751.81
1978     37        70580.99
1978     38        69498.69
1978     39        68427.41
1978     40        68457.18
1978     41        67626.48
1978     42        66819.86
1978     43        68969.69
1978     44        70017.34
1978     45        69888.75
1978     46        70936.15
1978     47        73929.73
1978     48        72738.17
1978     49        73163.37
1978     50        71341.27
1978     51        73288.95
1978     52        75728.46
1978     53        72101.78
1978     54        71929.04
1978     55        75114.58
1979     12        66279.25
1979     13        63097.96
1979     14        62163.62
1979     15        61934.83
1979     16        60520.10
1979     17        62092.19
1979     18        66022.88
1979     19        68615.69
1979     20        71258.30
1979     21        74851.98
1979     22        80470.49
1979     23        89852.92
1979     24        97816.35
1979     25        95496.28
1979     26        86810.23
1979     27        81246.59
1979     28        84159.52
1979     29        83688.29
1979     30        80834.58
1979     31        78558.45
1979     32        73891.20
1979     33        65025.65
1979     34        72968.82
1979     35        75754.34
1979     36        71808.32
1979     37        71603.75
1979     38        70448.51
1979     39        69358.45
1979     40        68267.12
1979     41        68278.30
1979     42        67456.31
1979     43        66621.81
1979     44        68751.56
1979     45        69820.29
1979     46        69636.36
1979     47        70674.27
1979     48        73669.16
1979     49        72398.21
1979     50        72809.03
1979     51        70941.96
1979     52        72840.49
1979     53        75231.27
1979     54        71631.16
1979     55        71413.48
1980     12        71818.70
1980     13        66226.20
1980     14        63049.30
1980     15        62087.78
1980     16        61829.90
1980     17        60386.06
1980     18        62017.32
1980     19        65919.69
1980     20        68553.40
1980     21        71123.04
1980     22        74731.90
1980     23        80326.55
1980     24        89674.86
1980     25        97580.53
1980     26        95258.25
1980     27        86567.19
1980     28        81092.19
1980     29        83952.06
1980     30        83512.48
1980     31        80651.48
1980     32        78359.26
1980     33        73716.09
1980     34        64834.59
1980     35        72789.06
1980     36        75563.06
1980     37        71604.31
1980     38        71439.73
1980     39        70272.12
1980     40        69152.35
1980     41        68041.80
1980     42        68069.42
1980     43        67220.10
1980     44        66356.15
1980     45        68500.23
1980     46        69520.16
1980     47        69310.37
1980     48        70368.73
1980     49        73276.86
1980     50        72003.17
1980     51        72361.44
1980     52        70474.51
1980     53        72322.43
1980     54        74668.30
1980     55        71078.84
1981     12        71789.56
1981     13        71685.27
1981     14        66073.62
1981     15        62862.28
1981     16        61850.89
1981     17        61596.51
1981     18        60211.33
1981     19        61865.97
1981     20        65774.60
1981     21        68380.36
1981     22        70899.82
1981     23        74516.98
1981     24        80082.46
1981     25        89380.11
1981     26        97242.00
1981     27        94963.30
1981     28        86297.87
1981     29        80854.00
1981     30        83704.39
1981     31        83275.55
1981     32        80401.42
1981     33        78134.75
1981     34        73487.67
1981     35        64644.20
1981     36        72582.26
1981     37        75321.39
1981     38        71385.96
1981     39        71209.51
1981     40        70013.86
1981     41        68880.71
1981     42        67771.53
1981     43        67804.73
1981     44        66923.70
1981     45        66057.63
1981     46        68153.97
1981     47        69139.67
1981     48        68926.88
1981     49        69952.23
1981     50        72806.13
1981     51        71493.91
1981     52        71838.01
1981     53        69940.97
1981     54        71698.12
1981     55        74049.80
1982     12        71530.32
1982     13        71651.87
1982     14        71543.74
1982     15        65924.56
1982     16        62667.82
1982     17        61617.93
1982     18        61363.29
1982     19        60024.08
1982     20        61724.38
1982     21        65626.96
1982     22        68203.15
1982     23        70688.72
1982     24        74297.58
1982     25        79835.65
1982     26        89070.90
1982     27        96917.80
1982     28        94657.88
1982     29        86025.03
1982     30        80609.51
1982     31        83448.17
1982     32        83027.31
1982     33        80156.31
1982     34        77887.03
1982     35        73259.29
1982     36        64450.70
1982     37        72350.38
1982     38        75065.96
1982     39        71142.17
1982     40        70971.34
1982     41        69743.28
1982     42        68585.44
1982     43        67502.79
1982     44        67502.17
1982     45        66626.82
1982     46        65739.48
1982     47        67784.01
1982     48        68748.77
1982     49        68519.22
1982     50        69503.82
1982     51        72324.87
1982     52        70951.02
1982     53        71278.44
1982     54        69363.55
1982     55        71092.30
1983     12        69943.35
1983     13        71396.79
1983     14        71504.09
1983     15        71401.57
1983     16        65767.53
1983     17        62473.32
1983     18        61380.16
1983     19        61122.27
1983     20        59847.60
1983     21        61577.76
1983     22        65484.35
1983     23        68028.52
1983     24        70476.60
1983     25        74081.07
1983     26        79582.31
1983     27        88763.18
1983     28        96589.00
1983     29        94336.74
1983     30        85741.15
1983     31        80366.91
1983     32        83187.54
1983     33        82762.19
1983     34        79891.72
1983     35        77634.68
1983     36        73016.66
1983     37        64233.83
1983     38        72114.92
1983     39        74795.34
1983     40        70895.47
1983     41        70728.02
1983     42        69457.69
1983     43        68282.98
1983     44        67199.89
1983     45        67200.62
1983     46        66299.23
1983     47        65398.18
1983     48        67397.51
1983     49        68324.67
1983     50        68082.20
1983     51        69058.57
1983     52        71794.42
1983     53        70406.47
1983     54        70706.39
1983     55        68782.81
1984     12        70492.40
1984     13        69822.26
1984     14        71260.06
1984     15        71355.54
1984     16        71253.92
1984     17        65609.02
1984     18        62278.80
1984     19        61139.85
1984     20        60883.65
1984     21        59666.69
1984     22        61432.44
1984     23        65334.27
1984     24        67854.96
1984     25        70263.60
1984     26        73858.09
1984     27        79328.94
1984     28        88453.63
1984     29        96244.36
1984     30        93997.05
1984     31        85463.30
1984     32        80099.62
1984     33        82906.10
1984     34        82491.25
1984     35        79614.18
1984     36        77373.05
1984     37        72758.33
1984     38        64012.35
1984     39        71857.79
1984     40        74515.01
1984     41        70636.60
1984     42        70462.63
1984     43        69138.81
1984     44        67972.68
1984     45        66870.97
1984     46        66853.41
1984     47        65966.79
1984     48        65026.33
1984     49        66999.86
1984     50        67861.34
1984     51        67615.66
1984     52        68566.34
1984     53        71253.87
1984     54        69820.58
1984     55        70077.90
1985     12        72820.19
1985     13        70414.61
1985     14        69706.08
1985     15        71121.58
1985     16        71202.90
1985     17        71102.66
1985     18        65449.52
1985     19        62086.41
1985     20        60894.95
1985     21        60650.79
1985     22        59480.23
1985     23        61285.86
1985     24        65185.63
1985     25        67678.73
1985     26        70042.36
1985     27        73636.20
1985     28        79075.02
1985     29        88142.61
1985     30        95885.57
1985     31        93663.32
1985     32        85151.84
1985     33        79827.03
1985     34        82630.55
1985     35        82202.56
1985     36        79327.64
1985     37        77092.42
1985     38        72492.45
1985     39        63766.01
1985     40        71600.31
1985     41        74219.20
1985     42        70355.50
1985     43        70161.07
1985     44        68810.62
1985     45        67611.75
1985     46        66525.11
1985     47        66509.63
1985     48        65591.68
1985     49        64649.71
1985     50        66552.10
1985     51        67376.00
1985     52        67130.71
1985     53        68039.31
1985     54        70667.39
1985     55        69180.04
1986     12        79579.84
1986     13        72787.96
1986     14        70337.79
1986     15        69584.56
1986     16        70977.64
1986     17        71048.39
1986     18        70946.78
1986     19        65296.96
1986     20        61885.54
1986     21        60659.39
1986     22        60411.46
1986     23        59298.26
1986     24        61135.63
1986     25        65032.59
1986     26        67495.78
1986     27        69819.43
1986     28        73405.59
1986     29        78814.56
1986     30        87812.49
1986     31        95511.28
1986     32        93302.03
1986     33        84835.35
1986     34        79553.93
1986     35        82339.15
1986     36        81889.53
1986     37        79023.71
1986     38        76823.43
1986     39        72189.41
1986     40        63529.51
1986     41        71316.22
1986     42        73910.37
1986     43        70061.73
1986     44        69851.97
1986     45        68444.94
1986     46        67263.54
1986     47        66158.45
1986     48        66135.59
1986     49        65173.00
1986     50        64228.54
1986     51        66097.05
1986     52        66877.27
1986     53        66596.14
1986     54        67465.17
1986     55        70041.46
1987     12        92499.03
1987     13        79633.90
1987     14        72757.26
1987     15        70255.96
1987     16        69453.99
1987     17        70832.58
1987     18        70888.99
1987     19        70802.67
1987     20        65138.48
1987     21        61688.13
1987     22        60419.37
1987     23        60175.60
1987     24        59109.34
1987     25        60982.37
1987     26        64879.03
1987     27        67311.01
1987     28        69591.27
1987     29        73167.51
1987     30        78548.53
1987     31        87460.64
1987     32        95135.45
1987     33        92942.86
1987     34        84517.86
1987     35        79273.96
1987     36        82025.42
1987     37        81573.52
1987     38        78732.67
1987     39        76505.78
1987     40        71905.16
1987     41        63281.14
1987     42        71024.66
1987     43        73583.21
1987     44        69750.50
1987     45        69515.20
1987     46        68096.43
1987     47        66896.37
1987     48        65794.46
1987     49        65732.11
1987     50        64732.83
1987     51        63807.87
1987     52        65619.20
1987     53        66351.06
1987     54        66039.73
1987     55        66854.90
1988     12        89247.71
1988     13        92651.35
1988     14        79689.45
1988     15        72724.09
1988     16        70170.77
1988     17        69319.96
1988     18        70681.88
1988     19        70734.71
1988     20        70656.03
1988     21        64980.98
1988     22        61487.25
1988     23        60184.42
1988     24        59928.09
1988     25        58915.93
1988     26        60830.19
1988     27        64728.98
1988     28        67123.01
1988     29        69355.94
1988     30        72938.44
1988     31        78268.71
1988     32        87120.06
1988     33        94760.78
1988     34        92574.58
1988     35        84196.36
1988     36        78979.24
1988     37        81704.45
1988     38        81250.32
1988     39        78403.31
1988     40        76193.36
1988     41        71604.51
1988     42        63007.88
1988     43        70729.52
1988     44        73234.09
1988     45        69431.26
1988     46        69175.84
1988     47        67736.74
1988     48        66508.24
1988     49        65412.98
1988     50        65304.39
1988     51        64275.99
1988     52        63361.44
1988     53        65118.45
1988     54        65812.17
1988     55        65451.44
1989     12        85449.02
1989     13        89302.43
1989     14        92798.03
1989     15        79738.21
1989     16        72693.39
1989     17        70081.10
1989     18        69185.17
1989     19        70532.95
1989     20        70577.91
1989     21        70505.77
1989     22        64817.98
1989     23        61289.73
1989     24        59940.18
1989     25        59682.28
1989     26        58727.03
1989     27        60674.19
1989     28        64565.78
1989     29        66925.56
1989     30        69119.93
1989     31        72697.21
1989     32        77982.69
1989     33        86771.15
1989     34        94362.13
1989     35        92194.67
1989     36        83851.76
1989     37        78669.77
1989     38        81363.79
1989     39        80912.12
1989     40        78065.46
1989     41        75850.75
1989     42        71290.85
1989     43        62730.49
1989     44        70387.74
1989     45        72857.87
1989     46        69078.43
1989     47        68801.54
1989     48        67333.90
1989     49        66094.44
1989     50        64987.80
1989     51        64844.56
1989     52        63794.94
1989     53        62880.42
1989     54        64572.20
1989     55        65229.68
1990     12        81479.31
1990     13        85381.31
1990     14        89285.67
1990     15        92663.30
1990     16        79553.80
1990     17        72590.03
1990     18        69979.81
1990     19        69122.96
1990     20        70482.43
1990     21        70519.74
1990     22        70438.33
1990     23        64778.93
1990     24        61210.89
1990     25        59869.74
1990     26        59619.54
1990     27        58726.78
1990     28        60646.58
1990     29        64524.12
1990     30        66857.66
1990     31        69042.48
1990     32        72592.08
1990     33        77896.68
1990     34        86582.06
1990     35        94163.37
1990     36        91936.67
1990     37        83674.34
1990     38        78496.19
1990     39        81145.16
1990     40        80716.24
1990     41        77876.27
1990     42        75622.22
1990     43        71024.40
1990     44        62590.42
1990     45        70136.69
1990     46        72549.56
1990     47        68872.96
1990     48        68541.59
1990     49        67070.55
1990     50        65792.58
1990     51        64702.07
1990     52        64477.55
1990     53        63441.68
1990     54        62493.13
1990     55        64107.61
1991     12        76974.52
1991     13        81434.74
1991     14        85246.98
1991     15        89004.32
1991     16        92282.00
1991     17        79306.10
1991     18        72475.31
1991     19        69940.27
1991     20        69150.21
1991     21        70531.48
1991     22        70540.23
1991     23        70494.72
1991     24        64855.13
1991     25        61303.02
1991     26        59970.67
1991     27        59740.88
1991     28        58847.30
1991     29        60728.86
1991     30        64603.74
1991     31        66940.33
1991     32        69098.16
1991     33        72686.07
1991     34        77966.97
1991     35        86574.52
1991     36        94081.17
1991     37        91835.04
1991     38        83638.21
1991     39        78431.29
1991     40        81050.85
1991     41        80671.13
1991     42        77793.38
1991     43        75440.63
1991     44        70944.19
1991     45        62529.86
1991     46        69961.05
1991     47        72420.18
1991     48        68770.11
1991     49        68423.17
1991     50        66935.30
1991     51        65633.21
1991     52        64506.94
1991     53        64235.59
1991     54        63206.13
1991     55        62197.31
1992     12        73582.81
1992     13        77017.87
1992     14        81382.56
1992     15        85102.61
1992     16        88724.07
1992     17        91904.30
1992     18        79057.01
1992     19        72351.57
1992     20        69906.32
1992     21        69180.31
1992     22        70581.76
1992     23        70568.37
1992     24        70550.09
1992     25        64937.60
1992     26        61390.45
1992     27        60071.03
1992     28        59854.80
1992     29        58967.17
1992     30        60807.58
1992     31        64679.40
1992     32        67013.92
1992     33        69139.23
1992     34        72762.84
1992     35        78010.42
1992     36        86550.62
1992     37        93972.80
1992     38        91718.35
1992     39        83585.51
1992     40        78341.87
1992     41        80921.99
1992     42        80608.09
1992     43        77671.49
1992     44        75245.98
1992     45        70803.84
1992     46        62453.51
1992     47        69791.33
1992     48        72249.23
1992     49        68640.96
1992     50        68255.33
1992     51        66743.25
1992     52        65420.49
1992     53        64271.22
1992     54        63976.55
1992     55        62926.32
1993     12        70048.64
1993     13        73738.22
1993     14        77056.38
1993     15        81318.83
1993     16        84963.75
1993     17        88438.30
1993     18        91524.03
1993     19        78801.50
1993     20        72239.30
1993     21        69869.38
1993     22        69220.40
1993     23        70638.32
1993     24        70596.07
1993     25        70598.88
1993     26        65017.74
1993     27        61480.01
1993     28        60167.93
1993     29        59969.99
1993     30        59070.74
1993     31        60874.98
1993     32        64735.21
1993     33        67070.47
1993     34        69183.04
1993     35        72821.19
1993     36        78039.76
1993     37        86492.89
1993     38        93830.00
1993     39        91582.55
1993     40        83494.14
1993     41        78215.26
1993     42        80777.59
1993     43        80489.99
1993     44        77522.33
1993     45        75001.76
1993     46        70634.56
1993     47        62363.67
1993     48        69569.41
1993     49        72041.72
1993     50        68460.21
1993     51        68024.07
1993     52        66514.37
1993     53        65173.22
1993     54        64024.11
1993     55        63671.07
1994     12        66044.32
1994     13        70268.65
1994     14        73898.19
1994     15        77092.12
1994     16        81259.58
1994     17        84822.98
1994     18        88154.98
1994     19        91142.72
1994     20        78547.98
1994     21        72121.02
1994     22        69837.81
1994     23        69258.96
1994     24        70691.22
1994     25        70627.05
1994     26        70654.75
1994     27        65098.28
1994     28        61566.03
1994     29        60264.51
1994     30        60072.58
1994     31        59170.34
1994     32        60933.62
1994     33        64795.38
1994     34        67129.25
1994     35        69223.42
1994     36        72860.50
1994     37        78048.32
1994     38        86406.05
1994     39        93677.33
1994     40        91419.39
1994     41        83400.80
1994     42        78077.62
1994     43        80589.82
1994     44        80376.00
1994     45        77353.69
1994     46        74731.25
1994     47        70450.65
1994     48        62234.63
1994     49        69314.29
1994     50        71808.25
1994     51        68251.67
1994     52        67787.38
1994     53        66252.99
1994     54        64900.14
1994     55        63748.02
1995     12        63010.53
1995     13        66268.03
1995     14        70489.02
1995     15        74056.52
1995     16        77125.24
1995     17        81204.37
1995     18        84675.06
1995     19        87871.11
1995     20        90765.52
1995     21        78298.30
1995     22        72004.77
1995     23        69803.26
1995     24        69294.69
1995     25        70749.42
1995     26        70656.81
1995     27        70708.15
1995     28        65172.35
1995     29        61654.49
1995     30        60352.82
1995     31        60175.38
1995     32        59273.23
1995     33        61000.07
1995     34        64844.27
1995     35        67185.46
1995     36        69239.30
1995     37        72897.63
1995     38        78064.14
1995     39        86319.22
1995     40        93533.97
1995     41        91246.91
1995     42        83285.37
1995     43        77917.03
1995     44        80402.81
1995     45        80259.28
1995     46        77158.12
1995     47        74455.68
1995     48        70255.57
1995     49        62073.01
1995     50        69042.09
1995     51        71566.62
1995     52        68044.03
1995     53        67540.21
1995     54        65981.95
1995     55        64629.32
1996     12        61817.75
1996     13        63282.45
1996     14        66485.28
1996     15        70702.93
1996     16        74213.47
1996     17        77162.31
1996     18        81142.33
1996     19        84531.27
1996     20        87594.17
1996     21        90389.87
1996     22        78046.73
1996     23        71889.55
1996     24        69773.71
1996     25        69328.92
1996     26        70802.18
1996     27        70683.96
1996     28        70749.31
1996     29        65248.43
1996     30        61729.57
1996     31        60441.92
1996     32        60275.16
1996     33        59376.03
1996     34        61064.16
1996     35        64891.23
1996     36        67228.53
1996     37        69248.22
1996     38        72942.02
1996     39        78076.42
1996     40        86248.30
1996     41        93358.40
1996     42        91061.93
1996     43        83165.94
1996     44        77757.04
1996     45        80231.79
1996     46        80119.91
1996     47        76965.62
1996     48        74152.05
1996     49        70037.32
1996     50        61921.80
1996     51        68757.72
1996     52        71311.68
1996     53        67821.71
1996     54        67313.83
1996     55        65728.06
1997     12        62880.95
1997     13        62142.53
1997     14        63551.42
1997     15        66701.57
1997     16        70921.33
1997     17        74369.36
1997     18        77194.31
1997     19        81082.08
1997     20        84385.34
1997     21        87309.85
1997     22        90011.13
1997     23        77799.10
1997     24        71778.30
1997     25        69738.65
1997     26        69367.31
1997     27        70856.71
1997     28        70706.46
1997     29        70794.52
1997     30        65321.12
1997     31        61810.54
1997     32        60531.64
1997     33        60373.99
1997     34        59479.30
1997     35        61123.04
1997     36        64943.60
1997     37        67267.64
1997     38        69249.12
1997     39        72972.64
1997     40        78081.81
1997     41        86142.72
1997     42        93171.02
1997     43        90859.68
1997     44        83027.42
1997     45        77601.36
1997     46        80046.79
1997     47        79974.67
1997     48        76726.24
1997     49        73864.04
1997     50        69816.76
1997     51        61763.50
1997     52        68478.72
1997     53        71039.32
1997     54        67614.27
1997     55        67059.91
1998     12        64177.74
1998     13        63229.38
1998     14        62470.83
1998     15        63819.37
1998     16        66918.82
1998     17        71131.64
1998     18        74521.84
1998     19        77228.46
1998     20        81019.99
1998     21        84236.92
1998     22        87029.51
1998     23        89632.90
1998     24        77556.33
1998     25        71661.07
1998     26        69707.49
1998     27        69406.47
1998     28        70914.14
1998     29        70728.32
1998     30        70832.95
1998     31        65387.24
1998     32        61888.83
1998     33        60616.72
1998     34        60471.79
1998     35        59574.68
1998     36        61179.19
1998     37        64974.23
1998     38        67296.65
1998     39        69246.02
1998     40        72980.66
1998     41        78057.77
1998     42        86029.47
1998     43        92954.51
1998     44        90638.59
1998     45        82883.36
1998     46        77418.89
1998     47        79806.37
1998     48        79784.52
1998     49        76506.73
1998     50        73548.39
1998     51        69586.09
1998     52        61576.34
1998     53        68157.97
1998     54        70721.59
1998     55        67354.03
1999     12        61767.45
1999     13        64467.02
1999     14        63578.29
1999     15        62795.63
1999     16        64084.80
1999     17        67126.12
1999     18        71345.99
1999     19        74679.25
1999     20        77259.99
1999     21        80957.43
1999     22        84097.63
1999     23        86746.66
1999     24        89259.30
1999     25        77307.22
1999     26        71539.32
1999     27        69679.93
1999     28        69445.62
1999     29        70966.03
1999     30        70740.89
1999     31        70871.17
1999     32        65452.49
1999     33        61964.83
1999     34        60697.22
1999     35        60558.94
1999     36        59660.05
1999     37        61208.32
1999     38        65004.31
1999     39        67314.32
1999     40        69215.45
1999     41        72973.53
1999     42        78025.12
1999     43        85903.01
1999     44        92720.08
1999     45        90391.20
1999     46        82706.69
1999     47        77174.23
1999     48        79544.87
1999     49        79579.89
1999     50        76251.71
1999     51        73200.99
1999     52        69317.01
1999     53        61367.63
1999     54        67799.79
1999     55        70380.46
2000     12        60535.77
2000     13        61916.26
2000     14        64753.81
2000     15        63926.72
2000     16        63122.50
2000     17        64346.30
2000     18        67337.90
2000     19        71557.78
2000     20        74830.19
2000     21        77294.04
2000     22        80895.03
2000     23        83955.34
2000     24        86461.30
2000     25        88883.13
2000     26        77056.09
2000     27        71433.61
2000     28        69651.87
2000     29        69479.85
2000     30        71016.47
2000     31        70758.70
2000     32        70903.55
2000     33        65517.18
2000     34        62039.96
2000     35        60763.26
2000     36        60641.30
2000     37        59733.12
2000     38        61240.16
2000     39        65010.18
2000     40        67311.64
2000     41        69179.18
2000     42        72963.18
2000     43        77999.72
2000     44        85744.08
2000     45        92458.80
2000     46        90137.95
2000     47        82502.97
2000     48        76911.69
2000     49        79255.07
2000     50        79337.59
2000     51        75956.46
2000     52        72852.87
2000     53        69039.10
2000     54        61141.17
2000     55        67433.03
2001     12        59841.13
2001     13        60672.34
2001     14        61835.18
2001     15        65069.46
2001     16        64120.69
2001     17        63217.83
2001     18        64492.75
2001     19        67395.43
2001     20        71687.83
2001     21        74972.93
2001     22        77157.72
2001     23        80962.97
2001     24        83927.30
2001     25        86382.36
2001     26        89063.18
2001     27        77100.27
2001     28        71272.94
2001     29        69806.68
2001     30        69515.69
2001     31        71362.92
2001     32        70960.66
2001     33        71208.41
2001     34        65652.52
2001     35        61954.94
2001     36        60867.10
2001     37        60691.92
2001     38        59774.94
2001     39        61294.01
2001     40        65101.58
2001     41        67448.22
2001     42        69008.29
2001     43        73061.69
2001     44        77423.01
2001     45        85819.81
2001     46        92415.98
2001     47        90194.31
2001     48        82181.63
2001     49        76444.88
2001     50        79302.23
2001     51        79233.30
2001     52        75289.83
2001     53        72586.38
2001     54        69160.88
2001     55        60305.54
2002     12        60131.81
2002     13        59956.39
2002     14        60496.00
2002     15        62004.81
2002     16        65109.99
2002     17        64088.46
2002     18        63230.63
2002     19        64466.14
2002     20        67453.51
2002     21        71809.72
2002     22        74826.04
2002     23        77258.00
2002     24        80983.00
2002     25        84043.89
2002     26        86726.79
2002     27        89174.01
2002     28        76987.53
2002     29        71463.18
2002     30        69848.15
2002     31        69833.95
2002     32        71537.11
2002     33        71220.05
2002     34        71321.76
2002     35        65527.45
2002     36        61992.89
2002     37        60848.68
2002     38        60668.92
2002     39        59775.04
2002     40        61317.25
2002     41        65162.11
2002     42        67215.37
2002     43        68952.78
2002     44        72437.31
2002     45        77442.24
2002     46        85755.02
2002     47        92396.12
2002     48        89740.24
2002     49        81658.91
2002     50        76408.70
2002     51        79087.25
2002     52        78506.68
2002     53        74998.19
2002     54        72547.82
2002     55        68218.79
2003     12        61602.71
2003     13        60185.57
2003     14        60011.25
2003     15        60573.25
2003     16        62082.81
2003     17        65156.31
2003     18        64068.61
2003     19        63298.51
2003     20        64584.42
2003     21        67522.83
2003     22        71844.89
2003     23        74886.47
2003     24        77298.09
2003     25        81060.70
2003     26        84162.39
2003     27        86803.44
2003     28        89266.77
2003     29        77073.89
2003     30        71574.49
2003     31        69915.85
2003     32        69891.95
2003     33        71606.95
2003     34        71296.97
2003     35        71364.11
2003     36        65556.89
2003     37        61992.09
2003     38        60832.33
2003     39        60613.81
2003     40        59719.90
2003     41        61210.79
2003     42        65054.23
2003     43        67052.45
2003     44        68802.79
2003     45        72240.34
2003     46        77227.07
2003     47        85468.07
2003     48        92026.83
2003     49        89355.95
2003     50        81290.62
2003     51        76038.87
2003     52        78677.30
2003     53        78100.86
2003     54        74551.67
2003     55        72097.52
2004     12        59776.31
2004     13        61654.42
2004     14        60258.07
2004     15        60083.66
2004     16        60676.95
2004     17        62128.10
2004     18        65179.56
2004     19        64178.06
2004     20        63464.32
2004     21        64685.77
2004     22        67640.93
2004     23        71979.04
2004     24        75043.76
2004     25        77477.83
2004     26        81306.87
2004     27        84381.74
2004     28        87004.61
2004     29        89463.59
2004     30        77288.99
2004     31        71733.90
2004     32        70079.99
2004     33        70010.54
2004     34        71752.22
2004     35        71442.49
2004     36        71496.17
2004     37        65649.36
2004     38        62000.89
2004     39        60839.76
2004     40        60617.81
2004     41        59657.51
2004     42        61164.72
2004     43        64982.16
2004     44        66964.51
2004     45        68725.82
2004     46        72116.21
2004     47        77023.05
2004     48        85223.61
2004     49        91713.37
2004     50        89016.87
2004     51        80971.46
2004     52        75679.42
2004     53        78301.50
2004     54        77692.67
2004     55        74119.04
2005     12        57157.81
2005     13        59821.46
2005     14        61684.93
2005     15        60334.71
2005     16        60197.46
2005     17        60778.61
2005     18        62215.65
2005     19        65341.32
2005     20        64486.00
2005     21        63764.65
2005     22        65010.35
2005     23        67979.06
2005     24        72303.00
2005     25        75377.75
2005     26        77811.42
2005     27        81569.04
2005     28        84566.17
2005     29        87144.25
2005     30        89599.53
2005     31        77358.00
2005     32        71796.20
2005     33        70105.80
2005     34        70075.12
2005     35        71784.88
2005     36        71447.60
2005     37        71531.15
2005     38        65594.75
2005     39        61962.59
2005     40        60782.64
2005     41        60539.07
2005     42        59584.58
2005     43        61070.42
2005     44        64850.26
2005     45        66838.21
2005     46        68545.10
2005     47        71919.91
2005     48        76751.92
2005     49        84893.33
2005     50        91316.91
2005     51        88584.98
2005     52        80539.34
2005     53        75260.87
2005     54        77851.73
2005     55        77232.21
2006     12        56247.06
2006     13        57208.01
2006     14        59852.85
2006     15        61797.16
2006     16        60469.91
2006     17        60339.90
2006     18        60884.69
2006     19        62440.02
2006     20        65740.07
2006     21        64836.90
2006     22        64061.98
2006     23        65336.99
2006     24        68253.33
2006     25        72588.38
2006     26        75657.73
2006     27        78016.73
2006     28        81720.25
2006     29        84666.89
2006     30        87225.53
2006     31        89669.19
2006     32        77399.84
2006     33        71838.38
2006     34        70148.87
2006     35        70083.25
2006     36        71786.70
2006     37        71470.28
2006     38        71519.00
2006     39        65567.87
2006     40        61914.19
2006     41        60743.96
2006     42        60492.48
2006     43        59508.66
2006     44        60996.95
2006     45        64728.46
2006     46        66694.13
2006     47        68370.19
2006     48        71698.95
2006     49        76486.06
2006     50        84537.96
2006     51        90874.08
2006     52        88135.39
2006     53        80098.78
2006     54        74839.48
2006     55        77413.07
2007     12        53824.49
2007     13        56309.72
2007     14        57265.17
2007     15        59948.03
2007     16        61922.81
2007     17        60579.18
2007     18        60424.52
2007     19        61085.43
2007     20        62744.75
2007     21        65944.79
2007     22        64930.01
2007     23        64185.38
2007     24        65448.17
2007     25        68374.60
2007     26        72747.70
2007     27        75767.26
2007     28        78141.63
2007     29        81820.15
2007     30        84819.94
2007     31        87352.74
2007     32        89775.84
2007     33        77478.09
2007     34        71904.15
2007     35        70214.83
2007     36        70161.74
2007     37        71827.72
2007     38        71463.61
2007     39        71517.70
2007     40        65542.82
2007     41        61892.81
2007     42        60694.60
2007     43        60433.09
2007     44        59458.42
2007     45        60879.56
2007     46        64598.08
2007     47        66514.00
2007     48        68185.98
2007     49        71442.05
2007     50        76184.47
2007     51        84170.14
2007     52        90457.30
2007     53        87670.84
2007     54        79676.19
2007     55        74446.84
2008     12        53073.79
2008     13        53878.14
2008     14        56359.10
2008     15        57316.81
2008     16        60026.23
2008     17        61998.64
2008     18        60649.66
2008     19        60548.69
2008     20        61274.86
2008     21        62900.48
2008     22        66100.44
2008     23        65127.76
2008     24        64406.27
2008     25        65679.88
2008     26        68616.30
2008     27        72949.24
2008     28        75964.42
2008     29        78300.61
2008     30        82011.45
2008     31        84954.78
2008     32        87458.37
2008     33        89846.56
2008     34        77530.37
2008     35        71958.44
2008     36        70288.77
2008     37        70176.54
2008     38        71820.89
2008     39        71481.40
2008     40        71483.08
2008     41        65519.98
2008     42        61830.85
2008     43        60625.70
2008     44        60333.19
2008     45        59330.19
2008     46        60736.71
2008     47        64421.05
2008     48        66309.70
2008     49        67901.39
2008     50        71151.35
2008     51        75845.15
2008     52        83764.33
2008     53        89949.93
2008     54        87154.25
2008     55        79229.55
2009     12        49357.41
2009     13        53094.53
2009     14        53915.56
2009     15        56393.34
2009     16        57393.08
2009     17        60137.42
2009     18        62192.49
2009     19        60966.99
2009     20        61067.42
2009     21        61818.94
2009     22        63372.67
2009     23        66540.42
2009     24        65499.21
2009     25        64745.53
2009     26        65946.65
2009     27        68843.64
2009     28        73106.55
2009     29        76106.14
2009     30        78392.40
2009     31        82041.64
2009     32        84964.39
2009     33        87469.98
2009     34        89805.62
2009     35        77501.01
2009     36        71960.76
2009     37        70215.83
2009     38        70133.22
2009     39        71747.78
2009     40        71403.33
2009     41        71426.52
2009     42        65437.33
2009     43        61716.29
2009     44        60490.72
2009     45        60206.40
2009     46        59165.16
2009     47        60583.71
2009     48        64251.50
2009     49        66069.10
2009     50        67633.53
2009     51        70826.53
2009     52        75430.07
2009     53        83273.37
2009     54        89404.38
2009     55        86618.30
2010     12        47522.01
2010     13        49373.44
2010     14        53125.89
2010     15        53972.30
2010     16        56506.31
2010     17        57518.66
2010     18        60395.17
2010     19        62652.72
2010     20        61593.08
2010     21        61682.15
2010     22        62293.13
2010     23        63779.91
2010     24        66847.19
2010     25        65757.77
2010     26        64913.88
2010     27        66022.26
2010     28        68862.45
2010     29        73084.78
2010     30        76053.90
2010     31        78337.39
2010     32        81976.47
2010     33        84902.90
2010     34        87361.07
2010     35        89698.45
2010     36        77434.30
2010     37        71835.04
2010     38        70122.96
2010     39        70027.12
2010     40        71643.20
2010     41        71361.87
2010     42        71321.26
2010     43        65336.53
2010     44        61581.71
2010     45        60359.37
2010     46        60014.95
2010     47        59010.38
2010     48        60401.22
2010     49        64039.42
2010     50        65831.44
2010     51        67332.61
2010     52        70472.31
2010     53        75008.46
2010     54        82799.38
2010     55        88879.41
2011     12        46218.94
2011     13        47635.46
2011     14        49840.59
2011     15        54282.73
2011     16        55133.90
2011     17        57811.37
2011     18        58702.43
2011     19        61234.65
2011     20        63163.05
2011     21        61416.25
2011     22        61152.45
2011     23        61167.65
2011     24        62328.34
2011     25        64298.11
2011     26        62459.56
2011     27        61826.56
2011     28        63219.73
2011     29        66460.75
2011     30        71084.92
2011     31        74083.57
2011     32        77240.80
2011     33        81122.03
2011     34        84374.95
2011     35        87309.31
2011     36        89872.64
2011     37        77575.97
2011     38        72159.28
2011     39        70195.47
2011     40        70466.58
2011     41        71606.73
2011     42        71798.11
2011     43        71751.12
2011     44        65738.95
2011     45        61955.17
2011     46        60512.80
2011     47        60288.47
2011     48        59094.17
2011     49        60414.59
2011     50        64298.73
2011     51        65664.55
2011     52        67828.74
2011     53        70724.55
2011     54        75358.71
2011     55        82992.92
2012     12        46450.15
2012     13        46347.33
2012     14        48129.15
2012     15        50998.99
2012     16        55468.23
2012     17        56409.14
2012     18        59031.23
2012     19        59494.12
2012     20        61686.89
2012     21        62966.58
2012     22        60873.95
2012     23        59981.85
2012     24        59677.09
2012     25        59716.98
2012     26        60874.81
2012     27        59387.82
2012     28        59025.49
2012     29        60872.96
2012     30        64578.08
2012     31        69200.80
2012     32        73072.10
2012     33        76497.84
2012     34        80701.05
2012     35        84413.38
2012     36        87526.90
2012     37        90102.38
2012     38        77958.35
2012     39        72291.28
2012     40        70699.83
2012     41        70449.61
2012     42        72090.69
2012     43        72247.83
2012     44        72185.39
2012     45        66134.83
2012     46        62147.64
2012     47        60817.38
2012     48        60412.39
2012     49        59126.75
2012     50        60667.34
2012     51        64177.36
2012     52        66133.85
2012     53        68087.69
2012     54        71147.35
2012     55        75566.78
2013     12        47572.48
2013     13        46490.10
2013     14        46418.26
2013     15        48234.80
2013     16        51100.86
2013     17        55591.13
2013     18        56627.33
2013     19        59287.95
2013     20        59715.81
2013     21        61871.43
2013     22        63050.23
2013     23        60865.07
2013     24        59965.56
2013     25        59557.82
2013     26        59572.02
2013     27        60691.09
2013     28        59213.87
2013     29        58901.58
2013     30        60787.15
2013     31        64590.14
2013     32        69177.47
2013     33        73067.49
2013     34        76515.75
2013     35        80763.16
2013     36        84380.58
2013     37        87554.37
2013     38        90101.40
2013     39        77995.39
2013     40        72326.83
2013     41        70715.16
2013     42        70450.96
2013     43        72082.78
2013     44        72200.51
2013     45        72079.36
2013     46        66052.37
2013     47        62030.16
2013     48        60693.73
2013     49        60277.58
2013     50        58943.46
2013     51        60488.85
2013     52        63929.33
2013     53        65840.93
2013     54        67791.20
2013     55        70810.79
2014     12        46758.17
2014     13        47619.34
2014     14        46568.17
2014     15        46543.70
2014     16        48354.06
2014     17        51269.19
2014     18        55839.45
2014     19        56928.61
2014     20        59549.06
2014     21        59847.07
2014     22        61904.63
2014     23        62960.19
2014     24        60757.14
2014     25        59722.75
2014     26        59285.21
2014     27        59271.02
2014     28        60456.79
2014     29        59000.81
2014     30        58775.47
2014     31        60720.85
2014     32        64486.66
2014     33        69126.37
2014     34        72999.49
2014     35        76498.38
2014     36        80709.58
2014     37        84376.77
2014     38        87470.52
2014     39        90085.50
2014     40        77985.28
2014     41        72300.33
2014     42        70672.28
2014     43        70401.15
2014     44        72025.63
2014     45        72098.25
2014     46        71986.23
2014     47        65874.33
2014     48        61880.23
2014     49        60522.57
2014     50        60095.54
2014     51        58762.18
2014     52        60253.16
2014     53        63623.88
2014     54        65517.66
2014     55        67463.29
2015     12        46701.97
2015     13        46828.71
2015     14        47725.65
2015     15        46724.80
2015     16        46686.32
2015     17        48544.38
2015     18        51559.95
2015     19        56221.33
2015     20        57207.91
2015     21        59691.86
2015     22        59830.74
2015     23        61759.51
2015     24        62761.64
2015     25        60501.92
2015     26        59408.18
2015     27        59043.00
2015     28        59096.24
2015     29        60280.49
2015     30        58925.61
2015     31        58737.10
2015     32        60702.57
2015     33        64510.46
2015     34        69091.32
2015     35        73012.31
2015     36        76524.80
2015     37        80745.86
2015     38        84368.44
2015     39        87458.71
2015     40        90083.97
2015     41        77968.52
2015     42        72296.91
2015     43        70643.95
2015     44        70384.49
2015     45        71995.27
2015     46        72034.78
2015     47        71824.21
2015     48        65729.41
2015     49        61713.26
2015     50        60353.64
2015     51        59893.73
2015     52        58543.56
2015     53        59997.43
2015     54        63339.33
2015     55        65184.42
2016     12        45711.37
2016     13        46751.70
2016     14        46873.87
2016     15        47837.00
2016     16        46831.65
2016     17        46828.80
2016     18        48806.68
2016     19        51916.78
2016     20        56458.55
2016     21        57297.91
2016     22        59595.99
2016     23        59613.22
2016     24        61507.15
2016     25        62456.91
2016     26        60178.70
2016     27        59160.34
2016     28        58842.22
2016     29        58938.87
2016     30        60163.17
2016     31        58820.24
2016     32        58676.31
2016     33        60695.41
2016     34        64439.07
2016     35        69095.18
2016     36        72942.20
2016     37        76443.19
2016     38        80696.28
2016     39        84281.45
2016     40        87355.77
2016     41        89943.06
2016     42        77876.06
2016     43        72204.41
2016     44        70564.46
2016     45        70267.39
2016     46        71857.35
2016     47        71861.41
2016     48        71639.02
2016     49        65549.26
2016     50        61503.08
2016     51        60113.43
2016     52        59660.82
2016     53        58308.68
2016     54        59713.43
2016     55        63047.81
2017     12        47205.66
2017     13        45746.54
2017     14        46769.74
2017     15        46958.31
2017     16        47915.60
2017     17        46957.19
2017     18        47123.18
2017     19        49229.84
2017     20        52292.88
2017     21        56656.76
2017     22        57393.52
2017     23        59562.58
2017     24        59544.64
2017     25        61327.89
2017     26        62278.33
2017     27        60053.41
2017     28        59048.62
2017     29        58807.78
2017     30        58922.86
2017     31        60123.77
2017     32        58844.16
2017     33        58716.67
2017     34        60726.98
2017     35        64500.94
2017     36        69067.28
2017     37        72890.47
2017     38        76386.25
2017     39        80634.26
2017     40        84210.07
2017     41        87248.42
2017     42        89809.22
2017     43        77764.57
2017     44        72052.82
2017     45        70458.20
2017     46        70125.02
2017     47        71722.73
2017     48        71693.25
2017     49        71439.70
2017     50        65340.49
2017     51        61306.89
2017     52        59922.09
2017     53        59426.22
2017     54        58047.84
2017     55        59426.62
2018     12        48476.29
2018     13        47236.46
2018     14        45775.86
2018     15        46871.10
2018     16        47041.77
2018     17        48043.08
2018     18        47314.54
2018     19        47696.01
2018     20        49827.39
2018     21        52664.83
2018     22        56953.66
2018     23        57630.23
2018     24        59756.94
2018     25        59685.70
2018     26        61443.07
2018     27        62396.41
2018     28        60178.68
2018     29        59195.47
2018     30        58919.06
2018     31        59113.11
2018     32        60345.21
2018     33        59074.85
2018     34        58938.04
2018     35        60925.49
2018     36        64672.94
2018     37        69207.55
2018     38        73033.15
2018     39        76468.10
2018     40        80708.43
2018     41        84321.35
2018     42        87301.25
2018     43        89842.48
2018     44        77748.20
2018     45        72066.56
2018     46        70438.12
2018     47        70069.77
2018     48        71669.20
2018     49        71612.99
2018     50        71306.12
2018     51        65233.35
2018     52        61178.68
2018     53        59782.42
2018     54        59233.11
2018     55        57838.69
2019     12        48795.68
2019     13        48502.62
2019     14        47289.12
2019     15        45891.99
2019     16        46951.91
2019     17        47158.51
2019     18        48438.59
2019     19        48010.28
2019     20        48314.54
2019     21        50166.93
2019     22        52885.08
2019     23        57262.71
2019     24        57882.94
2019     25        60001.16
2019     26        59881.57
2019     27        61622.45
2019     28        62621.24
2019     29        60387.63
2019     30        59395.59
2019     31        59222.70
2019     32        59410.18
2019     33        60683.83
2019     34        59385.56
2019     35        59200.43
2019     36        61202.59
2019     37        64899.34
2019     38        69462.58
2019     39        73248.41
2019     40        76630.57
2019     41        80872.36
2019     42        84463.26
2019     43        87441.43
2019     44        89975.25
2019     45        77799.29
2019     46        72133.28
2019     47        70421.41
2019     48        70104.68
2019     49        71645.33
2019     50        71541.62
2019     51        71246.97
2019     52        65148.08
2019     53        61046.69
2019     54        59615.92
2019     55        59072.98
2020     12        48568.77
2020     13        48827.22
2020     14        48551.54
2020     15        47392.39
2020     16        45944.23
2020     17        47059.35
2020     18        47548.44
2020     19        49112.75
2020     20        48450.14
2020     21        48477.95
2020     22        50241.56
2020     23        53064.23
2020     24        57332.57
2020     25        57986.13
2020     26        60016.83
2020     27        59943.08
2020     28        61707.44
2020     29        62706.36
2020     30        60485.53
2020     31        59579.89
2020     32        59391.79
2020     33        59577.82
2020     34        60903.99
2020     35        59560.35
2020     36        59386.85
2020     37        61343.73
2020     38        65017.14
2020     39        69599.72
2020     40        73344.72
2020     41        76694.34
2020     42        80886.67
2020     43        84521.08
2020     44        87482.45
2020     45        89953.25
2020     46        77792.80
2020     47        72069.31
2020     48        70389.52
2020     49        69988.75
2020     50        71526.26
2020     51        71425.79
2020     52        71121.43
2020     53        64960.94
2020     54        60847.84
2020     55        59405.15
