Japan, Live births by calendar year and age (Lexis squares, age in completed years (ACY))
Last modified: 10/03/2023
Year    Age        Total
1947     12-        0.22
1947     13         3.92
1947     14        47.50
1947     15       338.18
1947     16      1553.19
1947     17      6027.47
1947     18     17559.96
1947     19     36458.45
1947     20     68477.05
1947     21    101607.39
1947     22    128198.93
1947     23    155384.82
1947     24    169691.58
1947     25    178353.61
1947     26    181821.45
1947     27    174839.18
1947     28    151710.42
1947     29    150216.97
1947     30    145522.97
1947     31    140042.26
1947     32    131841.94
1947     33    124035.48
1947     34    111959.28
1947     35    104380.64
1947     36     92000.69
1947     37     80020.68
1947     38     69248.58
1947     39     58325.63
1947     40     43897.37
1947     41     29940.93
1947     42     22262.05
1947     43     14238.92
1947     44      8940.46
1947     45      4889.41
1947     46      2446.23
1947     47      1275.76
1947     48       794.82
1947     49       687.49
1947     50       494.11
1947     51       356.41
1947     52       261.23
1947     53       199.46
1947     54       147.83
1947     55+      495.12
1948     12-        0.23
1948     13         3.93
1948     14        48.16
1948     15       360.24
1948     16      1904.85
1948     17      7338.65
1948     18     19932.98
1948     19     43997.65
1948     20     77125.71
1948     21    114451.87
1948     22    147712.75
1948     23    171412.15
1948     24    181506.94
1948     25    181677.00
1948     26    177960.89
1948     27    170603.12
1948     28    158104.38
1948     29    134683.71
1948     30    130621.44
1948     31    124051.57
1948     32    119154.12
1948     33    111430.07
1948     34    103997.85
1948     35     94757.38
1948     36     87865.50
1948     37     77506.08
1948     38     67636.69
1948     39     57719.00
1948     40     46462.99
1948     41     33668.41
1948     42     22052.16
1948     43     14533.39
1948     44      8233.21
1948     45      4305.79
1948     46      2276.15
1948     47      1127.01
1948     48       593.69
1948     49       439.73
1948     50       277.73
1948     51       196.22
1948     52       168.04
1948     53       107.67
1948     54        76.48
1948     55+      224.39
1949     12-        0.18
1949     13         3.28
1949     14        39.76
1949     15       341.78
1949     16      1902.94
1949     17      6790.46
1949     18     18698.62
1949     19     39963.66
1949     20     76115.41
1949     21    110025.45
1949     22    147110.08
1949     23    178678.91
1949     24    186785.23
1949     25    189547.65
1949     26    186432.39
1949     27    179560.51
1949     28    172554.94
1949     29    158090.42
1949     30    132203.25
1949     31    126509.52
1949     32    118276.54
1949     33    109751.02
1949     34    100365.02
1949     35     91650.52
1949     36     80494.27
1949     37     71944.63
1949     38     61495.08
1949     39     50203.11
1949     40     40346.65
1949     41     30302.21
1949     42     19808.42
1949     43     11445.76
1949     44      6431.58
1949     45      3190.66
1949     46      1565.17
1949     47       868.54
1949     48       507.65
1949     49       259.35
1949     50       118.62
1949     51       109.57
1949     52        61.32
1949     53        52.27
1949     54        31.16
1949     55+       79.41
1950     12-        0.22
1950     13         4.17
1950     14        44.93
1950     15       227.49
1950     16      1449.48
1950     17      5674.10
1950     18     15048.39
1950     19     34287.17
1950     20     63323.00
1950     21     99570.98
1950     22    130063.34
1950     23    159787.68
1950     24    176163.75
1950     25    175108.85
1950     26    170284.30
1950     27    161178.77
1950     28    151206.58
1950     29    141689.35
1950     30    127294.24
1950     31    103180.59
1950     32     97730.96
1950     33     89203.21
1950     34     82096.74
1950     35     72658.03
1950     36     64747.31
1950     37     55671.98
1950     38     48150.81
1950     39     39387.51
1950     40     30688.64
1950     41     22830.27
1950     42     15385.59
1950     43      8982.72
1950     44      4605.11
1950     45      2202.40
1950     46      1047.85
1950     47       483.16
1950     48       300.96
1950     49       206.35
1950     50        97.64
1950     51        57.38
1950     52        50.33
1950     53        44.29
1950     54        21.14
1950     55+       42.28
1951     12-        0.07
1951     13         1.11
1951     14        14.93
1951     15       200.42
1951     16       962.85
1951     17      4232.13
1951     18     12697.37
1951     19     28114.11
1951     20     55257.30
1951     21     84304.05
1951     22    118630.36
1951     23    143912.32
1951     24    160490.30
1951     25    168021.92
1951     26    162010.13
1951     27    152715.98
1951     28    142518.39
1951     29    133180.93
1951     30    122043.66
1951     31    106930.08
1951     32     86842.11
1951     33     80442.55
1951     34     72395.28
1951     35     64576.63
1951     36     56209.07
1951     37     49126.67
1951     38     40683.57
1951     39     33491.38
1951     40     26086.67
1951     41     18925.71
1951     42     12774.92
1951     43      7683.69
1951     44      3980.33
1951     45      1620.53
1951     46       741.27
1951     47       352.51
1951     48       184.31
1951     49       132.94
1951     50        78.56
1951     51        26.18
1951     52        25.18
1951     53        30.21
1951     54        16.11
1951     55+       24.17
1952     12-        0.11
1952     13         1.58
1952     14        19.51
1952     15       150.44
1952     16       825.90
1952     17      3258.14
1952     18     10023.81
1952     19     24051.88
1952     20     47736.25
1952     21     78909.19
1952     22    107937.63
1952     23    141079.38
1952     24    153427.41
1952     25    161786.30
1952     26    162164.92
1952     27    150421.67
1952     28    139896.07
1952     29    127517.77
1952     30    115958.29
1952     31    103605.23
1952     32     89681.14
1952     33     71038.96
1952     34     64058.25
1952     35     56675.69
1952     36     49264.86
1952     37     41691.47
1952     38     34989.42
1952     39     27994.56
1952     40     21838.73
1952     41     15843.43
1952     42     10077.32
1952     43      6274.97
1952     44      3291.46
1952     45      1535.68
1952     46       565.41
1952     47       306.93
1952     48       164.57
1952     49        85.82
1952     50        69.67
1952     51        41.40
1952     52        32.31
1952     53        19.18
1952     54        12.11
1952     55+       26.25
1953     12-        0.20
1953     13         3.31
1953     14        28.82
1953     15       130.31
1953     16       670.74
1953     17      2789.02
1953     18      8184.20
1953     19     20312.03
1953     20     42947.39
1953     21     71084.01
1953     22    104834.02
1953     23    130897.82
1953     24    150855.29
1953     25    155019.11
1953     26    154127.15
1953     27    148790.54
1953     28    133832.29
1953     29    121158.99
1953     30    107903.85
1953     31     95307.33
1953     32     84613.91
1953     33     70600.16
1953     34     55061.07
1953     35     48663.81
1953     36     42092.81
1953     37     35727.87
1953     38     29060.91
1953     39     23365.70
1953     40     17512.91
1953     41     12969.27
1953     42      8354.93
1953     43      5022.45
1953     44      2653.66
1953     45      1210.15
1953     46       536.39
1953     47       247.48
1953     48       135.36
1953     49        78.79
1953     50        66.67
1953     51        39.39
1953     52        23.23
1953     53        21.21
1953     54        12.12
1953     55+       32.33
1954     12-        0.09
1954     13         1.21
1954     14        12.85
1954     15        99.04
1954     16       582.13
1954     17      2300.21
1954     18      7235.18
1954     19     17573.03
1954     20     37738.34
1954     21     67678.59
1954     22     97829.03
1954     23    131235.78
1954     24    144694.48
1954     25    154547.22
1954     26    148977.58
1954     27    142709.59
1954     28    131607.69
1954     29    116242.91
1954     30    102647.78
1954     31     89080.93
1954     32     77659.67
1954     33     67395.60
1954     34     55268.92
1954     35     42179.10
1954     36     36387.12
1954     37     30509.23
1954     38     25305.44
1954     39     19878.30
1954     40     15130.31
1954     41     10528.86
1954     42      6991.62
1954     43      4147.67
1954     44      2190.06
1954     45      1038.93
1954     46       470.96
1954     47       248.62
1954     48        86.91
1954     49        60.63
1954     50        37.39
1954     51        28.30
1954     52        13.13
1954     53        19.20
1954     54        10.11
1954     55+       22.23
1955     12-        0.06
1955     13         0.71
1955     14         7.32
1955     15        63.63
1955     16       442.43
1955     17      2140.44
1955     18      6402.12
1955     19     16417.44
1955     20     35000.59
1955     21     61879.82
1955     22     97388.50
1955     23    129197.11
1955     24    150306.56
1955     25    152441.95
1955     26    154948.05
1955     27    142068.04
1955     28    131131.49
1955     29    117754.50
1955     30    100846.14
1955     31     85802.44
1955     32     73843.66
1955     33     62700.04
1955     34     52748.36
1955     35     42508.79
1955     36     31768.21
1955     37     26639.85
1955     38     21607.43
1955     39     17031.60
1955     40     12851.73
1955     41      9136.52
1955     42      5988.99
1955     43      3554.60
1955     44      1857.60
1955     45       848.50
1955     46       415.16
1955     47       169.70
1955     48       104.04
1955     49        50.51
1955     50        44.44
1955     51        29.29
1955     52        21.22
1955     53        11.11
1955     54        11.11
1955     55+       18.18
1956     12-        0.10
1956     13         1.41
1956     14        13.65
1956     15        70.73
1956     16       403.16
1956     17      1674.28
1956     18      5772.56
1956     19     14574.38
1956     20     34029.12
1956     21     59114.97
1956     22     90734.22
1956     23    128108.87
1956     24    148883.22
1956     25    158803.58
1956     26    151807.40
1956     27    144443.41
1956     28    126832.70
1956     29    112284.59
1956     30     97734.45
1956     31     80903.79
1956     32     68200.72
1956     33     56521.20
1956     34     46956.51
1956     35     39063.07
1956     36     30426.96
1956     37     22298.08
1956     38     18436.24
1956     39     14626.93
1956     40     10945.95
1956     41      7780.27
1956     42      5079.41
1956     43      3070.69
1956     44      1584.35
1956     45       732.56
1956     46       334.45
1956     47       169.75
1956     48        84.87
1956     49        37.39
1956     50        33.34
1956     51        17.18
1956     52        14.15
1956     53         9.09
1956     54        10.11
1956     55+       12.12
1957     12-        0.09
1957     13         1.62
1957     14        12.44
1957     15        52.55
1957     16       419.40
1957     17      1490.62
1957     18      4474.91
1957     19     13064.96
1957     20     29045.48
1957     21     56040.47
1957     22     85214.31
1957     23    116449.76
1957     24    144847.45
1957     25    153272.77
1957     26    153692.17
1957     27    139787.41
1957     28    126914.46
1957     29    107437.27
1957     30     92028.75
1957     31     76198.80
1957     32     61499.70
1957     33     50597.42
1957     34     40776.46
1957     35     32984.78
1957     36     26903.03
1957     37     20214.91
1957     38     14442.40
1957     39     11659.22
1957     40      8571.86
1957     41      6114.10
1957     42      4044.40
1957     43      2449.68
1957     44      1262.23
1957     45       678.11
1957     46       291.06
1957     47       138.46
1957     48        87.92
1957     49        54.57
1957     50        27.29
1957     51        20.21
1957     52        11.12
1957     53         5.05
1957     54        11.11
1957     55+       20.21
1958     12-        0.06
1958     13         0.86
1958     14        10.20
1958     15        76.77
1958     16       422.21
1958     17      1683.79
1958     18      4720.07
1958     19     11620.87
1958     20     30584.94
1958     21     57032.65
1958     22     94102.26
1958     23    128100.24
1958     24    151097.52
1958     25    168737.40
1958     26    166208.18
1958     27    156110.51
1958     28    134161.67
1958     29    116614.71
1958     30     95249.69
1958     31     77987.58
1958     32     63439.52
1958     33     50228.81
1958     34     39706.90
1958     35     31390.98
1958     36     24941.69
1958     37     19735.78
1958     38     14593.51
1958     39     10111.82
1958     40      7761.39
1958     41      5457.41
1958     42      3702.92
1958     43      2194.88
1958     44      1140.37
1958     45       608.06
1958     46       261.61
1958     47       105.05
1958     48        58.58
1958     49        45.46
1958     50        33.33
1958     51        20.20
1958     52        18.18
1958     53        11.11
1958     54         8.08
1958     55+       18.18
1959     12-        0.11
1959     13         1.24
1959     14        12.77
1959     15        72.70
1959     16       362.45
1959     17      1700.21
1959     18      5140.01
1959     19     12065.04
1959     20     25522.34
1959     21     55850.50
1959     22     90856.26
1959     23    131492.70
1959     24    154075.02
1959     25    162793.14
1959     26    169505.13
1959     27    156163.93
1959     28    138156.24
1959     29    114148.33
1959     30     95948.82
1959     31     74529.59
1959     32     59770.88
1959     33     47460.51
1959     34     36575.73
1959     35     28732.95
1959     36     21853.36
1959     37     17581.63
1959     38     13263.46
1959     39      9812.56
1959     40      6404.06
1959     41      4721.01
1959     42      3157.10
1959     43      1878.92
1959     44      1049.00
1959     45       529.05
1959     46       253.41
1959     47       120.14
1959     48        58.56
1959     49        29.28
1959     50        33.31
1959     51        23.22
1959     52        12.11
1959     53         2.01
1959     54         5.05
1959     55+       13.13
1960     12-        0.06
1960     13         0.57
1960     14         4.42
1960     15        42.35
1960     16       375.14
1960     17      1552.99
1960     18      5029.06
1960     19     12900.90
1960     20     26118.44
1960     21     47768.50
1960     22     89653.79
1960     23    127559.82
1960     24    159767.17
1960     25    167720.70
1960     26    165334.74
1960     27    160665.70
1960     28    139451.27
1960     29    118365.92
1960     30     93296.26
1960     31     74440.57
1960     32     56856.51
1960     33     44366.05
1960     34     34260.53
1960     35     25515.39
1960     36     19408.32
1960     37     14540.61
1960     38     11051.43
1960     39      8246.97
1960     40      5789.42
1960     41      3673.72
1960     42      2511.00
1960     43      1519.71
1960     44       843.05
1960     45       439.68
1960     46       199.67
1960     47       140.17
1960     48        52.44
1960     49        39.33
1960     50        20.17
1960     51        16.13
1960     52        12.11
1960     53         6.05
1960     54         8.07
1960     55+       16.13
1961     12-        0.07
1961     13         0.77
1961     14         6.21
1961     15        29.21
1961     16       297.14
1961     17      1504.83
1961     18      4674.64
1961     19     12788.02
1961     20     27697.31
1961     21     48199.85
1961     22     76141.92
1961     23    125254.34
1961     24    155121.26
1961     25    174415.09
1961     26    169508.79
1961     27    155520.12
1961     28    144041.52
1961     29    119024.51
1961     30     96650.50
1961     31     73101.04
1961     32     57219.75
1961     33     42820.14
1961     34     31962.00
1961     35     23850.63
1961     36     17560.36
1961     37     13103.29
1961     38      9646.41
1961     39      7201.83
1961     40      5192.36
1961     41      3517.31
1961     42      2085.00
1961     43      1268.12
1961     44       699.03
1961     45       369.66
1961     46       173.25
1961     47        98.71
1961     48        63.46
1961     49        30.21
1961     50        14.11
1961     51         6.04
1961     52         6.05
1961     53         8.05
1961     54         4.03
1961     55+        8.06
1962     12-        0.06
1962     13         0.79
1962     14         8.20
1962     15        60.38
1962     16       244.52
1962     17      1291.02
1962     18      4979.96
1962     19     12206.87
1962     20     29067.68
1962     21     54979.74
1962     22     83361.16
1962     23    113388.81
1962     24    158862.47
1962     25    175504.92
1962     26    181067.49
1962     27    163085.72
1962     28    142063.05
1962     29    123812.61
1962     30     98669.31
1962     31     76519.64
1962     32     55750.53
1962     33     43501.39
1962     34     31436.41
1962     35     22976.82
1962     36     16790.37
1962     37     12198.83
1962     38      8775.55
1962     39      6142.18
1962     40      4572.42
1962     41      3121.40
1962     42      1885.73
1962     43      1087.76
1962     44       630.92
1962     45       324.01
1962     46       162.01
1962     47        86.54
1962     48        56.35
1962     49        38.24
1962     50        14.09
1962     51         2.01
1962     52         4.03
1962     53         1.01
1962     54         1.01
1962     55+        3.02
1963     12-        0.08
1963     13         1.07
1963     14         8.90
1963     15        42.22
1963     16       324.73
1963     17      1170.26
1963     18      4304.02
1963     19     12460.67
1963     20     27145.24
1963     21     56752.66
1963     22     92672.84
1963     23    123421.37
1963     24    142743.74
1963     25    177877.74
1963     26    180573.15
1963     27    173582.75
1963     28    149680.86
1963     29    123831.56
1963     30    105167.69
1963     31     80510.77
1963     32     60700.78
1963     33     44024.55
1963     34     32879.92
1963     35     23513.81
1963     36     17058.27
1963     37     12260.60
1963     38      8583.93
1963     39      6076.51
1963     40      4111.00
1963     41      2938.72
1963     42      1851.91
1963     43      1075.76
1963     44       539.88
1963     45       267.43
1963     46       139.75
1963     47        69.37
1963     48        42.23
1963     49        25.14
1963     50         7.03
1963     51         1.01
1963     52         0.00
1963     53         2.01
1963     54         2.01
1963     55+        2.01
1964     12-        0.10
1964     13         1.72
1964     14        13.24
1964     15        49.22
1964     16       353.59
1964     17      1638.34
1964     18      3658.38
1964     19     11152.94
1964     20     27971.25
1964     21     53559.83
1964     22     98200.73
1964     23    140692.00
1964     24    160437.42
1964     25    163770.34
1964     26    185235.46
1964     27    174973.51
1964     28    159224.99
1964     29    130034.28
1964     30    104630.53
1964     31     85194.49
1964     32     63458.15
1964     33     46997.44
1964     34     33651.69
1964     35     24596.14
1964     36     17214.08
1964     37     12405.55
1964     38      8633.66
1964     39      5960.69
1964     40      4266.11
1964     41      2705.11
1964     42      1712.67
1964     43      1075.82
1964     44       516.31
1964     45       242.08
1964     46       115.52
1964     47        64.29
1964     48        28.13
1964     49        21.10
1964     50         9.05
1964     51         5.03
1964     52         2.01
1964     53         2.01
1964     54         0.00
1964     55+        1.00
1965     12-        0.05
1965     13         0.63
1965     14         6.33
1965     15        49.19
1965     16       370.42
1965     17      1990.65
1965     18      5646.69
1965     19      9723.35
1965     20     25321.28
1965     21     56708.85
1965     22     95293.08
1965     23    151677.70
1965     24    186624.94
1965     25    189405.63
1965     26    175808.39
1965     27    183892.44
1965     28    165003.89
1965     29    143583.60
1965     30    113240.03
1965     31     86543.47
1965     32     68906.71
1965     33     50729.89
1965     34     37218.98
1965     35     26054.09
1965     36     18794.20
1965     37     12851.37
1965     38      8820.89
1965     39      6113.49
1965     40      4050.56
1965     41      2679.29
1965     42      1668.41
1965     43       934.59
1965     44       533.05
1965     45       245.94
1965     46       102.39
1965     47        58.22
1965     48        33.13
1965     49        24.10
1965     50         5.02
1965     51         5.02
1965     52         3.01
1965     53         1.00
1965     54         2.01
1965     55+        2.01
1966     12-        0.10
1966     13         1.82
1966     14        14.15
1966     15        48.21
1966     16       284.23
1966     17      1693.31
1966     18      5792.99
1966     19     12281.97
1966     20     17706.36
1966     21     39755.46
1966     22     78394.10
1966     23    112136.62
1966     24    147773.31
1966     25    155355.01
1966     26    139052.71
1966     27    117289.85
1966     28    112274.21
1966     29     96531.32
1966     30     80808.51
1966     31     62640.15
1966     32     48125.56
1966     33     39102.64
1966     34     28931.78
1966     35     21328.98
1966     36     15364.27
1966     37     11303.75
1966     38      7984.44
1966     39      5397.27
1966     40      3776.29
1966     41      2372.23
1966     42      1519.56
1966     43       872.76
1966     44       455.97
1966     45       266.15
1966     46       102.44
1966     47        54.24
1966     48        31.13
1966     49        19.08
1966     50        10.04
1966     51         3.01
1966     52         4.02
1966     53         1.00
1966     54         0.00
1966     55+        2.00
1967     12-        0.05
1967     13         0.53
1967     14         4.44
1967     15        26.10
1967     16       307.16
1967     17      1687.40
1967     18      5988.71
1967     19     15679.47
1967     20     29376.42
1967     21     39780.87
1967     22     84009.61
1967     23    150134.40
1967     24    189647.25
1967     25    226587.35
1967     26    224060.77
1967     27    192594.43
1967     28    158841.41
1967     29    150376.32
1967     30    122531.71
1967     31     97799.92
1967     32     71757.14
1967     33     52999.00
1967     34     40690.32
1967     35     28665.71
1967     36     20083.17
1967     37     13459.04
1967     38      9685.74
1967     39      6273.79
1967     40      4064.41
1967     41      2629.97
1967     42      1472.58
1967     43       881.34
1967     44       476.81
1967     45       211.80
1967     46       101.38
1967     47        68.25
1967     48        32.12
1967     49         9.03
1967     50         5.02
1967     51         4.02
1967     52         1.00
1967     53         3.01
1967     54         1.01
1967     55+        0.00
1968     12-        0.17
1968     13         2.99
1968     14        17.91
1968     15        37.11
1968     16       225.66
1968     17      1452.22
1968     18      5475.92
1968     19     14714.77
1968     20     33393.07
1968     21     57343.69
1968     22     69651.47
1968     23    123266.32
1968     24    189185.94
1968     25    206815.19
1968     26    220771.75
1968     27    203448.40
1968     28    164617.52
1968     29    128185.62
1968     30    114165.87
1968     31     90283.44
1968     32     72406.47
1968     33     53415.27
1968     34     38212.07
1968     35     29095.58
1968     36     20578.82
1968     37     14107.00
1968     38      9652.06
1968     39      6485.86
1968     40      4115.96
1968     41      2439.10
1968     42      1664.84
1968     43      1019.97
1968     44       516.50
1968     45       251.73
1968     46       137.40
1968     47        62.18
1968     48        33.10
1968     49        15.04
1968     50         2.00
1968     51         4.01
1968     52         1.00
1968     53         3.00
1968     54         0.00
1968     55+        0.00
1969     12-        0.13
1969     13         2.22
1969     14        16.72
1969     15        51.18
1969     16       223.80
1969     17      1341.79
1969     18      5058.07
1969     19     14132.48
1969     20     32514.16
1969     21     64758.35
1969     22    100408.71
1969     23    107494.02
1969     24    161948.56
1969     25    214229.33
1969     26    213351.19
1969     27    210238.07
1969     28    180467.71
1969     29    140171.76
1969     30    104305.63
1969     31     87970.27
1969     32     70643.37
1969     33     56035.19
1969     34     39768.07
1969     35     28419.53
1969     36     21263.96
1969     37     14460.66
1969     38     10191.41
1969     39      6681.87
1969     40      4121.73
1969     41      2610.32
1969     42      1539.50
1969     43       980.50
1969     44       539.92
1969     45       258.92
1969     46       128.46
1969     47        59.21
1969     48        31.11
1969     49        17.06
1969     50         4.01
1969     51         5.02
1969     52         1.01
1969     53         2.01
1969     54         0.00
1969     55+        1.00
1970     12-        0.06
1970     13         0.98
1970     14        10.98
1970     15        84.19
1970     16       263.58
1970     17      1344.98
1970     18      4969.03
1970     19     13548.07
1970     20     32086.23
1970     21     65226.81
1970     22    117293.39
1970     23    157733.17
1970     24    141974.19
1970     25    184940.57
1970     26    221217.11
1970     27    203985.86
1970     28    188887.34
1970     29    154331.62
1970     30    114507.21
1970     31     80209.07
1970     32     68972.12
1970     33     54184.29
1970     34     41299.69
1970     35     28746.82
1970     36     20299.06
1970     37     14906.10
1970     38     10118.46
1970     39      6689.85
1970     40      4221.37
1970     41      2648.88
1970     42      1633.62
1970     43       868.93
1970     44       509.13
1970     45       297.66
1970     46       119.26
1970     47        58.13
1970     48        30.07
1970     49        19.05
1970     50         5.01
1970     51        13.03
1970     52         5.02
1970     53         1.00
1970     54         0.00
1970     55+        1.00
1971     12-        0.08
1971     13         0.97
1971     14         6.96
1971     15        26.06
1971     16       255.58
1971     17      1439.28
1971     18      4867.07
1971     19     13170.95
1971     20     30202.68
1971     21     62401.90
1971     22    115774.26
1971     23    183339.90
1971     24    208150.32
1971     25    162466.44
1971     26    191228.84
1971     27    214737.29
1971     28    187226.74
1971     29    164356.74
1971     30    127920.88
1971     31     89020.43
1971     32     63666.77
1971     33     53360.33
1971     34     39527.88
1971     35     29523.13
1971     36     20616.88
1971     37     14073.00
1971     38     10461.79
1971     39      6914.72
1971     40      4458.14
1971     41      2649.03
1971     42      1671.80
1971     43       883.01
1971     44       434.99
1971     45       256.58
1971     46       132.30
1971     47        59.14
1971     48        31.07
1971     49        20.04
1971     50         4.01
1971     51         6.02
1971     52         1.00
1971     53         1.00
1971     54         0.00
1971     55+        3.00
1972     12-        0.13
1972     13         1.93
1972     14        10.97
1972     15        24.06
1972     16       267.64
1972     17      1491.54
1972     18      5063.04
1972     19     13201.38
1972     20     29990.28
1972     21     60236.17
1972     22    110604.89
1972     23    182722.29
1972     24    242250.77
1972     25    235837.53
1972     26    166120.83
1972     27    179764.26
1972     28    188558.16
1972     29    156972.09
1972     30    131022.41
1972     31     96611.63
1972     32     67568.60
1972     33     47369.59
1972     34     37937.17
1972     35     27652.72
1972     36     21042.01
1972     37     13833.88
1972     38      9829.36
1972     39      6951.52
1972     40      4415.50
1972     41      2713.45
1972     42      1629.88
1972     43       932.22
1972     44       479.14
1972     45       207.49
1972     46       108.25
1972     47        76.18
1972     48        18.04
1972     49        14.03
1972     50         1.00
1972     51         2.01
1972     52         1.01
1972     53         0.00
1972     54         0.00
1972     55+        0.00
1973     12-        0.08
1973     13         1.05
1973     14         7.89
1973     15        29.05
1973     16       275.48
1973     17      1605.81
1973     18      4879.56
1973     19     13014.82
1973     20     28965.78
1973     21     57594.97
1973     22    104600.38
1973     23    170632.14
1973     24    241401.21
1973     25    273055.71
1973     26    241546.47
1973     27    157227.65
1973     28    159737.05
1973     29    161616.34
1973     30    126656.05
1973     31    100979.03
1973     32     74488.59
1973     33     52729.44
1973     34     34942.26
1973     35     27481.18
1973     36     20266.53
1973     37     14526.47
1973     38     10006.54
1973     39      6674.70
1973     40      4458.81
1973     41      2744.81
1973     42      1669.92
1973     43       883.55
1973     44       498.87
1973     45       239.41
1973     46        96.17
1973     47        58.10
1973     48        38.07
1973     49        17.03
1973     50         2.01
1973     51         1.00
1973     52         0.00
1973     53         0.00
1973     54         0.00
1973     55+        1.00
1974     12-        0.06
1974     13         0.69
1974     14         6.27
1974     15        39.07
1974     16       312.56
1974     17      1471.60
1974     18      4762.42
1974     19     11984.18
1974     20     26541.90
1974     21     53951.32
1974     22     95975.58
1974     23    153427.08
1974     24    220466.53
1974     25    264195.79
1974     26    269429.04
1974     27    219467.76
1974     28    132494.09
1974     29    127608.46
1974     30    121912.40
1974     31     90449.81
1974     32     71238.87
1974     33     52302.41
1974     34     35208.21
1974     35     23472.47
1974     36     18261.27
1974     37     12891.77
1974     38      9525.83
1974     39      6185.93
1974     40      3963.00
1974     41      2616.62
1974     42      1625.88
1974     43       882.56
1974     44       498.88
1974     45       219.39
1974     46        98.17
1974     47        44.08
1974     48        29.05
1974     49         9.02
1974     50         0.00
1974     51         2.01
1974     52         0.00
1974     53         0.00
1974     54         0.00
1974     55+        0.00
1975     12-        0.08
1975     13         1.05
1975     14         7.88
1975     15        30.05
1975     16       311.46
1975     17      1405.07
1975     18      4059.99
1975     19     10207.05
1975     20     23144.12
1975     21     46284.25
1975     22     84360.40
1975     23    134601.48
1975     24    191358.18
1975     25    235799.71
1975     26    255424.65
1975     27    238754.07
1975     28    182359.91
1975     29    103784.04
1975     30     93484.86
1975     31     83199.68
1975     32     62071.53
1975     33     47928.68
1975     34     33847.91
1975     35     22369.99
1975     36     14831.87
1975     37     11421.84
1975     38      8349.31
1975     39      5782.53
1975     40      3747.52
1975     41      2253.32
1975     42      1537.27
1975     43       818.20
1975     44       383.57
1975     45       181.26
1975     46        73.11
1975     47        33.04
1975     48        16.03
1975     49         9.02
1975     50         3.00
1975     51         2.00
1975     52         1.01
1975     53         0.00
1975     54         0.00
1975     55+        1.01
1976     12-        0.10
1976     13         1.45
1976     14        10.48
1976     15        34.03
1976     16       322.36
1976     17      1449.62
1976     18      3632.05
1976     19      8731.73
1976     20     20016.30
1976     21     40937.61
1976     22     73554.95
1976     23    121785.68
1976     24    169465.80
1976     25    209983.95
1976     26    235245.09
1976     27    235204.04
1976     28    208217.98
1976     29    149310.35
1976     30     80490.68
1976     31     68408.21
1976     32     60878.83
1976     33     44474.55
1976     34     33359.17
1976     35     22898.51
1976     36     15247.99
1976     37      9782.90
1976     38      7463.32
1976     39      5227.82
1976     40      3499.90
1976     41      2210.46
1976     42      1349.50
1976     43       740.82
1976     44       377.42
1976     45       203.22
1976     46        73.08
1976     47        32.03
1976     48        22.02
1976     49         8.01
1976     50         0.00
1976     51         2.01
1976     52         0.00
1976     53         0.00
1976     54         0.00
1976     55+        0.00
1977     12-        0.11
1977     13         1.82
1977     14        13.08
1977     15        38.05
1977     16       340.38
1977     17      1278.44
1977     18      3560.00
1977     19      7934.92
1977     20     16805.89
1977     21     35200.56
1977     22     64386.38
1977     23    105478.56
1977     24    153996.10
1977     25    186497.63
1977     26    210731.86
1977     27    218149.21
1977     28    205293.76
1977     29    171975.31
1977     30    117707.31
1977     31     60375.87
1977     32     50958.28
1977     33     45226.83
1977     34     31653.58
1977     35     23400.31
1977     36     16329.36
1977     37     10000.24
1977     38      6656.49
1977     39      4857.46
1977     40      3249.65
1977     41      2202.47
1977     42      1311.47
1977     43       741.83
1977     44       380.43
1977     45       188.21
1977     46        92.10
1977     47        30.04
1977     48        18.02
1977     49         7.01
1977     50         1.00
1977     51         0.00
1977     52         1.00
1977     53         0.00
1977     54         0.00
1977     55+        0.00
1978     12-        0.09
1978     13         1.60
1978     14        13.32
1978     15        53.06
1978     16       337.41
1978     17      1367.64
1978     18      3440.11
1978     19      8380.02
1978     20     15944.05
1978     21     31094.15
1978     22     58060.38
1978     23     97006.91
1978     24    139315.46
1978     25    174862.94
1978     26    195220.25
1978     27    201622.90
1978     28    195840.00
1978     29    174834.90
1978     30    137723.56
1978     31     90284.87
1978     32     45941.89
1978     33     37873.25
1978     34     32417.74
1978     35     22569.97
1978     36     16463.68
1978     37     10856.98
1978     38      7027.39
1978     39      4398.26
1978     40      3133.74
1978     41      1973.36
1978     42      1265.51
1978     43       724.87
1978     44       338.41
1978     45       157.19
1978     46        71.08
1978     47        31.04
1978     48        23.03
1978     49         6.01
1978     50         2.00
1978     51         0.00
1978     52         1.00
1978     53         0.00
1978     54         0.00
1978     55+        1.00
1979     12-        0.06
1979     13         0.76
1979     14         7.18
1979     15        37.05
1979     16       369.56
1979     17      1417.12
1979     18      3618.40
1979     19      8235.29
1979     20     16696.93
1979     21     29652.27
1979     22     51874.45
1979     23     88758.52
1979     24    130000.09
1979     25    160139.08
1979     26    181478.95
1979     27    186613.61
1979     28    179259.63
1979     29    164773.01
1979     30    138851.30
1979     31    105052.84
1979     32     67763.17
1979     33     34607.67
1979     34     27064.40
1979     35     22814.06
1979     36     15721.48
1979     37     11084.55
1979     38      7410.07
1979     39      4660.96
1979     40      2791.17
1979     41      1843.75
1979     42      1130.69
1979     43       708.06
1979     44       334.50
1979     45       154.23
1979     46        56.08
1979     47        32.04
1979     48        12.01
1979     49         3.01
1979     50         1.00
1979     51         0.00
1979     52         0.00
1979     53         1.00
1979     54         0.00
1979     55+        0.00
1980     12-        0.11
1980     13         1.73
1980     14        12.17
1980     15        41.06
1980     16       416.57
1980     17      1622.24
1980     18      3900.39
1980     19      8615.91
1980     20     16781.19
1980     21     30499.14
1980     22     49067.80
1980     23     79933.45
1980     24    120983.17
1980     25    152143.24
1980     26    168918.41
1980     27    174235.76
1980     28    165839.16
1980     29    150188.54
1980     30    130795.73
1980     31    104920.99
1980     32     78848.96
1980     33     50451.72
1980     34     24455.79
1980     35     19164.48
1980     36     16288.50
1980     37     10855.00
1980     38      7712.66
1980     39      5188.17
1980     40      3008.16
1980     41      1727.39
1980     42      1201.67
1980     43       650.90
1980     44       332.46
1980     45       163.23
1980     46        53.08
1980     47        29.04
1980     48         5.01
1980     49         7.01
1980     50         0.00
1980     51         1.00
1980     52         0.00
1980     53         0.00
1980     54         0.00
1980     55+        0.00
1981     12-        0.10
1981     13         1.66
1981     14        14.26
1981     15        56.06
1981     16       484.45
1981     17      1733.64
1981     18      4200.96
1981     19      8978.46
1981     20     16918.95
1981     21     29757.05
1981     22     49995.12
1981     23     75377.05
1981     24    109344.06
1981     25    143549.30
1981     26    162629.29
1981     27    162204.89
1981     28    157587.54
1981     29    141411.29
1981     30    122883.83
1981     31    101122.32
1981     32     81011.36
1981     33     60078.63
1981     34     37240.10
1981     35     18201.15
1981     36     14244.43
1981     37     11297.65
1981     38      7731.29
1981     39      5419.11
1981     40      3257.07
1981     41      1905.79
1981     42      1074.01
1981     43       638.60
1981     44       315.30
1981     45       134.13
1981     46        58.05
1981     47        17.01
1981     48        13.01
1981     49         6.01
1981     50         1.00
1981     51         0.00
1981     52         0.00
1981     53         0.00
1981     54         0.00
1981     55+        0.00
1982     12-        0.10
1982     13         1.63
1982     14        13.28
1982     15        52.03
1982     16       529.39
1982     17      1944.45
1982     18      4476.33
1982     19      9704.22
1982     20     16789.49
1982     21     29239.75
1982     22     47841.59
1982     23     77010.28
1982     24    105492.46
1982     25    134201.82
1982     26    158586.96
1982     27    162185.64
1982     28    152041.09
1982     29    138768.22
1982     30    118488.13
1982     31     97302.37
1982     32     80102.58
1982     33     62936.81
1982     34     45580.90
1982     35     27849.72
1982     36     13716.21
1982     37     10048.47
1982     38      8206.10
1982     39      5358.98
1982     40      3594.67
1982     41      2106.57
1982     42      1198.90
1982     43       585.44
1982     44       292.22
1982     45       152.12
1982     46        76.06
1982     47        29.02
1982     48         8.01
1982     49         2.01
1982     50         1.00
1982     51         0.00
1982     52         0.00
1982     53         0.00
1982     54         0.00
1982     55+        0.00
1983     12-        0.10
1983     13         1.75
1983     14        17.15
1983     15        84.07
1983     16       591.51
1983     17      2063.79
1983     18      5174.48
1983     19     10343.96
1983     20     18366.91
1983     21     29582.62
1983     22     46564.34
1983     23     72448.75
1983     24    108186.71
1983     25    131276.71
1983     26    149278.31
1983     27    158786.55
1983     28    152250.89
1983     29    136043.85
1983     30    117563.84
1983     31     95725.92
1983     32     78039.60
1983     33     63045.61
1983     34     48413.94
1983     35     34055.50
1983     36     20843.06
1983     37      9609.32
1983     38      7474.47
1983     39      5789.01
1983     40      3589.11
1983     41      2275.97
1983     42      1301.12
1983     43       649.56
1983     44       300.26
1983     45       147.12
1983     46        62.05
1983     47        15.01
1983     48        12.01
1983     49        10.01
1983     50         1.00
1983     51         0.00
1983     52         0.00
1983     53         0.00
1983     54         0.00
1983     55+        0.00
1984     12-        0.10
1984     13         1.60
1984     14        16.31
1984     15        94.07
1984     16       742.60
1984     17      2226.81
1984     18      4817.93
1984     19     11314.23
1984     20     18739.28
1984     21     29992.46
1984     22     45363.00
1984     23     69248.48
1984     24    101077.44
1984     25    132515.08
1984     26    146736.68
1984     27    151238.35
1984     28    149529.96
1984     29    136318.18
1984     30    113840.84
1984     31     94042.70
1984     32     76491.38
1984     33     61079.82
1984     34     48048.18
1984     35     36245.56
1984     36     25426.74
1984     37     14886.14
1984     38      6914.64
1984     39      5157.21
1984     40      3816.11
1984     41      2266.85
1984     42      1398.14
1984     43       781.64
1984     44       349.28
1984     45       137.11
1984     46        62.05
1984     47        23.02
1984     48        13.01
1984     49         4.01
1984     50         1.01
1984     51         0.00
1984     52         0.00
1984     53         0.00
1984     54         0.00
1984     55+        0.00
1985     12-        0.13
1985     13         2.15
1985     14        20.74
1985     15        98.08
1985     16       689.59
1985     17      2233.91
1985     18      4839.13
1985     19     10008.55
1985     20     18842.09
1985     21     28801.60
1985     22     43667.31
1985     23     64702.27
1985     24     91539.20
1985     25    121200.54
1985     26    144595.52
1985     27    146771.39
1985     28    139808.44
1985     29    131092.99
1985     30    113372.86
1985     31     90214.06
1985     32     73737.00
1985     33     58603.07
1985     34     45865.18
1985     35     34643.60
1985     36     26035.24
1985     37     17740.15
1985     38     10352.85
1985     39      4809.11
1985     40      3304.82
1985     41      2356.01
1985     42      1466.25
1985     43       732.63
1985     44       371.31
1985     45       144.13
1985     46        56.05
1985     47        33.03
1985     48         7.00
1985     49         4.01
1985     50         0.00
1985     51         1.00
1985     52         0.00
1985     53         0.00
1985     54         0.00
1985     55+        0.00
1986     12-        0.11
1986     13         1.90
1986     14        18.00
1986     15        86.06
1986     16       650.49
1986     17      2148.61
1986     18      4976.71
1986     19      9838.35
1986     20     16631.42
1986     21     28890.58
1986     22     41316.87
1986     23     62374.61
1986     24     88122.84
1986     25    112185.82
1986     26    133761.94
1986     27    145116.43
1986     28    137033.38
1986     29    124611.10
1986     30    110668.69
1986     31     89981.22
1986     32     71118.14
1986     33     56356.10
1986     34     43459.47
1986     35     33530.06
1986     36     25573.10
1986     37     18184.58
1986     38     12443.30
1986     39      7072.28
1986     40      2939.20
1986     41      2074.55
1986     42      1366.02
1986     43       763.57
1986     44       389.29
1986     45       174.13
1986     46        54.04
1986     47        23.02
1986     48         6.00
1986     49         3.00
1986     50         0.00
1986     51         0.00
1986     52         0.00
1986     53         0.00
1986     54         0.00
1986     55+        0.00
1987     12-        0.15
1987     13         2.98
1987     14        24.89
1987     15        81.07
1987     16       603.49
1987     17      1977.63
1987     18      4712.87
1987     19     10169.35
1987     20     16162.27
1987     21     24748.32
1987     22     40920.62
1987     23     58884.37
1987     24     84567.47
1987     25    107135.00
1987     26    126979.30
1987     27    137153.65
1987     28    140082.06
1987     29    123611.53
1987     30    106158.19
1987     31     89621.62
1987     32     71521.74
1987     33     55159.31
1987     34     42677.06
1987     35     32174.43
1987     36     24625.23
1987     37     17744.58
1987     38     12826.53
1987     39      8483.97
1987     40      4473.67
1987     41      1876.54
1987     42      1172.96
1987     43       775.63
1987     44       390.32
1987     45       141.12
1987     46        61.05
1987     47        21.02
1987     48         5.00
1987     49         1.00
1987     50         1.01
1987     51         0.00
1987     52         0.00
1987     53         0.00
1987     54         0.00
1987     55+        0.00
1988     12-        0.08
1988     13         1.50
1988     14        16.43
1988     15       102.09
1988     16       615.52
1988     17      2065.73
1988     18      4637.88
1988     19      9909.28
1988     20     17218.41
1988     21     24831.77
1988     22     35167.41
1988     23     57971.49
1988     24     79383.40
1988     25    102800.98
1988     26    120536.82
1988     27    130178.89
1988     28    132030.44
1988     29    126963.20
1988     30    106479.06
1988     31     86842.63
1988     32     72033.25
1988     33     56472.24
1988     34     42663.68
1988     35     32109.86
1988     36     24090.15
1988     37     17243.42
1988     38     12662.59
1988     39      8940.47
1988     40      5646.72
1988     41      2941.46
1988     42      1149.96
1988     43       706.59
1988     44       384.32
1988     45       194.16
1988     46        52.05
1988     47        20.01
1988     48         9.00
1988     49         4.01
1988     50         1.00
1988     51         1.01
1988     52         0.00
1988     53         0.00
1988     54         0.00
1988     55+        0.00
1989     12-        0.12
1989     13         2.56
1989     14        24.34
1989     15        98.08
1989     16       568.46
1989     17      2036.66
1989     18      4544.70
1989     19      9937.08
1989     20     16841.69
1989     21     26069.19
1989     22     34701.20
1989     23     48207.17
1989     24     76714.34
1989     25     94248.59
1989     26    112094.09
1989     27    121501.74
1989     28    122227.32
1989     29    116483.66
1989     30    106227.32
1989     31     85215.25
1989     32     68129.37
1989     33     55229.88
1989     34     42216.31
1989     35     31298.44
1989     36     23305.93
1989     37     16749.61
1989     38     12300.00
1989     39      8661.04
1989     40      5811.72
1989     41      3384.75
1989     42      1713.39
1989     43       668.54
1989     44       312.25
1989     45       158.13
1989     46        62.05
1989     47        23.02
1989     48         7.00
1989     49         6.00
1989     50         0.00
1989     51         0.00
1989     52         0.00
1989     53         0.00
1989     54         0.00
1989     55+        0.00
1990     12-        0.08
1990     13         1.53
1990     14        16.40
1990     15        94.08
1990     16       587.50
1990     17      1953.67
1990     18      4584.91
1990     19     10272.75
1990     20     17317.76
1990     21     26151.29
1990     22     37325.81
1990     23     48224.10
1990     24     63003.70
1990     25     92833.12
1990     26    107556.67
1990     27    118145.69
1990     28    119094.51
1990     29    113834.02
1990     30    102974.76
1990     31     87702.74
1990     32     69683.39
1990     33     53821.87
1990     34     42146.92
1990     35     32025.29
1990     36     23252.82
1990     37     16839.35
1990     38     11913.15
1990     39      8425.18
1990     40      5684.84
1990     41      3600.06
1990     42      2056.75
1990     43       973.83
1990     44       282.24
1990     45       124.10
1990     46        64.05
1990     47        23.02
1990     48         8.00
1990     49         5.00
1990     50         0.00
1990     51         0.00
1990     52         0.00
1990     53         0.00
1990     54         0.00
1990     55+        0.00
1991     12-        0.10
1991     13         1.89
1991     14        20.04
1991     15       107.09
1991     16       618.47
1991     17      1985.52
1991     18      4863.73
1991     19     10860.34
1991     20     18013.83
1991     21     27171.87
1991     22     37635.90
1991     23     52664.44
1991     24     66269.89
1991     25     80159.55
1991     26    109909.40
1991     27    117294.07
1991     28    119967.12
1991     29    114121.63
1991     30    101718.10
1991     31     86609.51
1991     32     71923.23
1991     33     55695.77
1991     34     41981.23
1991     35     31859.46
1991     36     23707.21
1991     37     16245.47
1991     38     11796.06
1991     39      8074.20
1991     40      5423.16
1991     41      3475.67
1991     42      2120.63
1991     43      1107.85
1991     44       501.38
1991     45       154.12
1991     46        59.05
1991     47        26.02
1991     48         9.00
1991     49         4.00
1991     50         0.00
1991     51         0.00
1991     52         0.00
1991     53         0.00
1991     54         0.00
1991     55+        0.00
1992     12-        0.10
1992     13         1.91
1992     14        20.01
1992     15        99.07
1992     16       636.47
1992     17      1939.44
1992     18      4846.59
1992     19     10864.05
1992     20     18374.63
1992     21     27358.29
1992     22     37024.45
1992     23     51711.34
1992     24     69823.77
1992     25     81405.35
1992     26     93107.03
1992     27    118798.08
1992     28    117904.42
1992     29    113443.11
1992     30    100498.51
1992     31     85719.55
1992     32     70962.61
1992     33     57694.77
1992     34     42559.55
1992     35     31982.72
1992     36     23690.57
1992     37     17071.65
1992     38     11445.48
1992     39      8086.99
1992     40      5401.00
1992     41      3382.51
1992     42      2021.49
1992     43      1147.86
1992     44       537.40
1992     45       223.16
1992     46        49.03
1992     47        23.02
1992     48         3.00
1992     49         1.00
1992     50         0.00
1992     51         2.00
1992     52         0.00
1992     53         0.00
1992     54         0.00
1992     55+        0.00
1993     12-        0.06
1993     13         0.93
1993     14        12.03
1993     15       110.08
1993     16       570.41
1993     17      1781.29
1993     18      4411.18
1993     19     10578.65
1993     20     18283.21
1993     21     27243.68
1993     22     37066.77
1993     23     49253.58
1993     24     66269.87
1993     25     84944.36
1993     26     95388.90
1993     27    100172.37
1993     28    119150.07
1993     29    111646.65
1993     30    100779.80
1993     31     85189.54
1993     32     69902.50
1993     33     56726.97
1993     34     44746.32
1993     35     32904.77
1993     36     23226.78
1993     37     16708.07
1993     38     11669.43
1993     39      7843.67
1993     40      5214.77
1993     41      3368.43
1993     42      1935.40
1993     43      1105.80
1993     44       561.41
1993     45       224.16
1993     46        83.06
1993     47        28.02
1993     48        11.01
1993     49         2.00
1993     50         0.00
1993     51         0.00
1993     52         0.00
1993     53         0.00
1993     54         0.00
1993     55+        0.00
1994     12-        0.08
1994     13         1.84
1994     14        20.09
1994     15       106.07
1994     16       611.40
1994     17      1801.18
1994     18      4242.78
1994     19     10322.76
1994     20     18540.13
1994     21     28488.65
1994     22     38328.08
1994     23     51441.66
1994     24     67721.33
1994     25     85817.17
1994     26    104302.26
1994     27    108350.92
1994     28    106926.98
1994     29    120887.12
1994     30    105561.09
1994     31     90964.53
1994     32     74575.81
1994     33     59744.10
1994     34     46802.63
1994     35     36133.65
1994     36     25434.65
1994     37     17683.57
1994     38     12681.30
1994     39      8702.69
1994     40      5296.46
1994     41      3446.26
1994     42      2040.33
1994     43      1091.72
1994     44       614.40
1994     45       273.18
1994     46        98.06
1994     47        43.02
1994     48        12.01
1994     49         5.00
1994     50         2.00
1994     51         0.00
1994     52         1.00
1994     53         0.00
1994     54         0.00
1994     55+        0.00
1995     12-        0.15
1995     13         3.60
1995     14        33.28
1995     15       109.07
1995     16       656.43
1995     17      1838.18
1995     18      4093.65
1995     19      9388.07
1995     20     17034.02
1995     21     27121.53
1995     22     36823.81
1995     23     49038.71
1995     24     63621.13
1995     25     79506.40
1995     26     96687.52
1995     27    109821.01
1995     28    107144.28
1995     29     99873.58
1995     30    105681.33
1995     31     88378.14
1995     32     73184.31
1995     33     59064.19
1995     34     45705.55
1995     35     34961.60
1995     36     26583.19
1995     37     18009.64
1995     38     12159.86
1995     39      8403.43
1995     40      5444.52
1995     41      3316.14
1995     42      2000.29
1995     43      1160.75
1995     44       558.36
1995     45       244.15
1995     46       108.07
1995     47        40.02
1995     48        12.00
1995     49        10.00
1995     50         0.00
1995     51         0.00
1995     52         0.00
1995     53         0.00
1995     54         0.00
1995     55+        0.00
1996     12-        0.07
1996     13         1.54
1996     14        17.40
1996     15       104.07
1996     16       601.41
1996     17      1998.36
1996     18      4007.74
1996     19      8901.07
1996     20     15759.75
1996     21     25196.19
1996     22     36277.76
1996     23     49164.55
1996     24     64251.85
1996     25     78996.91
1996     26     94419.44
1996     27    107289.22
1996     28    116220.32
1996     29    107993.70
1996     30     93768.00
1996     31     95846.41
1996     32     77523.91
1996     33     61940.28
1996     34     48453.07
1996     35     36770.10
1996     36     27648.87
1996     37     19594.37
1996     38     13019.89
1996     39      8668.91
1996     40      5629.84
1996     41      3416.33
1996     42      1916.31
1996     43      1035.71
1996     44       536.36
1996     45       228.15
1996     46        94.06
1996     47        48.03
1996     48        19.01
1996     49         8.00
1996     50         0.00
1996     51         0.00
1996     52         0.00
1996     53         0.00
1996     54         0.00
1996     55+        0.00
1997     12-        0.12
1997     13         3.12
1997     14        32.79
1997     15       133.10
1997     16       748.52
1997     17      2119.48
1997     18      4349.04
1997     19      9259.49
1997     20     15105.59
1997     21     23525.49
1997     22     33991.83
1997     23     47498.30
1997     24     62485.81
1997     25     77102.06
1997     26     91845.39
1997     27    103197.35
1997     28    111278.01
1997     29    113402.50
1997     30     98799.26
1997     31     81273.98
1997     32     80953.75
1997     33     64031.89
1997     34     50023.07
1997     35     37360.19
1997     36     28008.64
1997     37     19648.77
1997     38     13870.72
1997     39      9180.44
1997     40      5665.97
1997     41      3521.47
1997     42      1952.37
1997     43      1140.80
1997     44       557.39
1997     45       242.17
1997     46        95.06
1997     47        43.03
1997     48        16.01
1997     49        11.01
1997     50         1.00
1997     51         0.00
1997     52         0.00
1997     53         0.00
1997     54         2.00
1997     55+        0.00
1998     12-        0.11
1998     13         2.61
1998     14        31.30
1998     15       164.12
1998     16       772.52
1998     17      2172.48
1998     18      4574.12
1998     19      9795.68
1998     20     15731.73
1998     21     23203.82
1998     22     31752.65
1998     23     44996.69
1998     24     61631.03
1998     25     76796.37
1998     26     91914.68
1998     27    102506.90
1998     28    109400.60
1998     29    112409.65
1998     30    106468.61
1998     31     89569.08
1998     32     71756.93
1998     33     68344.61
1998     34     52419.75
1998     35     39767.12
1998     36     29519.13
1998     37     20380.90
1998     38     14279.74
1998     39      9858.73
1998     40      5893.02
1998     41      3647.49
1998     42      2044.39
1998     43      1101.75
1998     44       577.40
1998     45       275.18
1998     46       102.07
1998     47        46.03
1998     48        22.01
1998     49        14.01
1998     50         0.00
1998     51         0.00
1998     52         0.00
1998     53         1.00
1998     54         2.00
1998     55+        0.00
1999     12-        0.13
1999     13         3.97
1999     14        43.92
1999     15       173.10
1999     16       919.57
1999     17      2436.49
1999     18      4741.91
1999     19      9945.11
1999     20     16049.86
1999     21     22858.04
1999     22     29613.19
1999     23     41462.48
1999     24     56254.57
1999     25     73316.05
1999     26     89083.73
1999     27    100508.76
1999     28    105936.08
1999     29    107563.09
1999     30    103647.68
1999     31     94259.91
1999     32     76058.73
1999     33     58438.90
1999     34     54471.47
1999     35     40671.99
1999     36     30536.76
1999     37     21071.95
1999     38     14464.89
1999     39      9769.00
1999     40      6325.89
1999     41      3570.19
1999     42      2010.24
1999     43      1168.71
1999     44       562.35
1999     45       248.15
1999     46       108.06
1999     47        46.03
1999     48        16.01
1999     49         8.00
1999     50         1.00
1999     51         2.00
1999     52         1.00
1999     53         0.00
1999     54         0.00
1999     55+        2.00
2000     12-        0.12
2000     13         3.36
2000     14        39.56
2000     15       187.12
2000     16       956.60
2000     17      2808.76
2000     18      5358.34
2000     19     10430.52
2000     20     16571.35
2000     21     23546.70
2000     22     30147.83
2000     23     38799.23
2000     24     52396.73
2000     25     68793.97
2000     26     86551.05
2000     27    100317.66
2000     28    106945.79
2000     29    108518.77
2000     30    102828.22
2000     31     95459.62
2000     32     84167.56
2000     33     65439.87
2000     34     49253.76
2000     35     44946.07
2000     36     32754.45
2000     37     22779.23
2000     38     15534.71
2000     39     10473.54
2000     40      6783.24
2000     41      4110.56
2000     42      2231.39
2000     43      1136.71
2000     44       595.37
2000     45       249.15
2000     46        86.06
2000     47        37.03
2000     48        14.01
2000     49        10.00
2000     50         3.00
2000     51         1.00
2000     52         0.00
2000     53         1.00
2000     54         1.00
2000     55+        0.00
2001     12-        0.12
2001     13         3.30
2001     14        41.62
2001     15       211.15
2001     16      1078.73
2001     17      3014.05
2001     18      5530.76
2001     19     11099.53
2001     20     16580.25
2001     21     22937.56
2001     22     30021.37
2001     23     38747.29
2001     24     48897.19
2001     25     63338.98
2001     26     79727.10
2001     27     95634.90
2001     28    104660.03
2001     29    106957.58
2001     30    101550.91
2001     31     92406.71
2001     32     81929.60
2001     33     69978.49
2001     34     54213.79
2001     35     40311.36
2001     36     35405.02
2001     37     23931.25
2001     38     16615.28
2001     39     11159.57
2001     40      6871.67
2001     41      4141.81
2001     42      2403.63
2001     43      1125.76
2001     44       514.35
2001     45       237.16
2001     46       105.07
2001     47        32.02
2001     48        18.01
2001     49         6.00
2001     50         3.00
2001     51         0.00
2001     52         0.00
2001     53         0.00
2001     54         0.00
2001     55+        1.00
2002     12-        0.12
2002     13         3.72
2002     14        48.19
2002     15       249.18
2002     16      1123.78
2002     17      3029.10
2002     18      5649.92
2002     19     11311.85
2002     20     16562.48
2002     21     22598.67
2002     22     29141.22
2002     23     37068.72
2002     24     47227.76
2002     25     58095.30
2002     26     73036.67
2002     27     87616.78
2002     28    100371.63
2002     29    106992.22
2002     30    102269.95
2002     31     93134.61
2002     32     81540.57
2002     33     70826.13
2002     34     58992.92
2002     35     43852.42
2002     36     31543.89
2002     37     25994.03
2002     38     17872.40
2002     39     11868.23
2002     40      7582.26
2002     41      4306.99
2002     42      2500.74
2002     43      1253.87
2002     44       567.39
2002     45       229.16
2002     46        98.07
2002     47        42.03
2002     48        13.01
2002     49        14.01
2002     50         1.00
2002     51         2.00
2002     52         5.00
2002     53         1.00
2002     54         1.00
2002     55+        0.00
2003     12-        0.11
2003     13         3.44
2003     14        45.48
2003     15       239.16
2003     16      1046.68
2003     17      2630.72
2003     18      5155.38
2003     19     10472.87
2003     20     15926.44
2003     21     21303.97
2003     22     26791.57
2003     23     34459.59
2003     24     43679.64
2003     25     54354.63
2003     26     65723.08
2003     27     80486.76
2003     28     93065.01
2003     29    102605.25
2003     30    101837.75
2003     31     94230.77
2003     32     82348.98
2003     33     70636.31
2003     34     59799.19
2003     35     48421.75
2003     36     35173.06
2003     37     23663.51
2003     38     19463.76
2003     39     12858.43
2003     40      8102.31
2003     41      4752.11
2003     42      2691.77
2003     43      1325.87
2003     44       617.41
2003     45       240.16
2003     46        85.06
2003     47        39.03
2003     48        26.02
2003     49        12.01
2003     50         6.01
2003     51         6.00
2003     52         0.00
2003     53         4.00
2003     54         2.01
2003     55+        1.00
2004     12-        0.12
2004     13         3.42
2004     14        41.50
2004     15       191.12
2004     16       956.58
2004     17      2444.48
2004     18      4899.98
2004     19     10065.12
2004     20     15264.28
2004     21     21220.91
2004     22     26084.87
2004     23     32612.84
2004     24     41386.18
2004     25     51534.34
2004     26     62707.14
2004     27     73867.93
2004     28     85659.10
2004     29     96676.80
2004     30    100363.04
2004     31     96365.62
2004     32     85492.00
2004     33     72613.16
2004     34     61322.30
2004     35     50698.83
2004     36     39927.29
2004     37     27380.65
2004     38     18050.98
2004     39     14255.67
2004     40      8824.37
2004     41      5140.13
2004     42      2721.65
2004     43      1431.87
2004     44       683.42
2004     45       282.17
2004     46       109.07
2004     47        54.04
2004     48        22.01
2004     49        16.01
2004     50         5.00
2004     51         5.01
2004     52         3.01
2004     53         0.00
2004     54         2.00
2004     55+        1.00
2005     12-        0.11
2005     13         3.31
2005     14        38.61
2005     15       171.09
2005     16       812.45
2005     17      2181.21
2005     18      4363.42
2005     19      9012.01
2005     20     14262.93
2005     21     20094.17
2005     22     25430.13
2005     23     30567.99
2005     24     37851.04
2005     25     47478.39
2005     26     57826.15
2005     27     68535.10
2005     28     78044.39
2005     29     87632.71
2005     30     92116.21
2005     31     91707.98
2005     32     85125.32
2005     33     74064.18
2005     34     61911.42
2005     35     50491.07
2005     36     40389.45
2005     37     29684.50
2005     38     19992.11
2005     39     12968.21
2005     40      9225.13
2005     41      5436.02
2005     42      2914.62
2005     43      1461.82
2005     44       723.40
2005     45       331.19
2005     46       126.07
2005     47        53.03
2005     48        33.02
2005     49        21.02
2005     50        12.01
2005     51         8.00
2005     52         5.00
2005     53         1.00
2005     54         2.00
2005     55+        6.00
2006     12-        0.11
2006     13         3.09
2006     14        37.83
2006     15       182.12
2006     16       784.51
2006     17      2288.50
2006     18      4207.76
2006     19      8480.56
2006     20     13854.08
2006     21     19939.07
2006     22     25933.00
2006     23     31538.68
2006     24     39050.60
2006     25     46724.64
2006     26     57309.58
2006     27     67881.51
2006     28     77827.04
2006     29     86248.56
2006     30     90740.50
2006     31     91545.03
2006     32     88541.06
2006     33     79466.11
2006     34     67757.44
2006     35     55288.26
2006     36     43757.69
2006     37     32682.43
2006     38     23756.58
2006     39     15402.10
2006     40      9452.20
2006     41      6257.11
2006     42      3364.21
2006     43      1796.17
2006     44       752.49
2006     45       324.21
2006     46       114.07
2006     47        42.03
2006     48        32.02
2006     49        10.01
2006     50         1.00
2006     51         3.00
2006     52         2.00
2006     53         0.00
2006     54         1.00
2006     55+        2.00
2007     12-        0.11
2007     13         2.96
2007     14        35.96
2007     15       173.09
2007     16       725.39
2007     17      2032.12
2007     18      4115.26
2007     19      8173.49
2007     20     13229.27
2007     21     18692.27
2007     22     24580.50
2007     23     31398.25
2007     24     38349.07
2007     25     46103.33
2007     26     54804.11
2007     27     65326.88
2007     28     74494.92
2007     29     83489.86
2007     30     86902.74
2007     31     87612.13
2007     32     85868.17
2007     33     80654.31
2007     34     71800.44
2007     35     59683.79
2007     36     47249.96
2007     37     35312.40
2007     38     26079.32
2007     39     18345.08
2007     40     11554.34
2007     41      6208.41
2007     42      3977.19
2007     43      1982.09
2007     44       844.47
2007     45       353.20
2007     46       140.07
2007     47        60.03
2007     48        26.01
2007     49        11.01
2007     50         4.00
2007     51         3.00
2007     52         3.01
2007     53         2.00
2007     54         4.01
2007     55+        3.00
2008     12-        0.11
2008     13         2.95
2008     14        34.96
2008     15       168.09
2008     16       773.43
2008     17      2154.20
2008     18      4172.32
2008     19      8167.54
2008     20     12744.08
2008     21     18422.24
2008     22     23861.27
2008     23     30919.20
2008     24     38813.58
2008     25     46261.72
2008     26     54776.46
2008     27     63007.04
2008     28     72779.46
2008     29     81105.09
2008     30     84707.10
2008     31     84783.14
2008     32     83312.32
2008     33     78879.86
2008     34     73313.77
2008     35     63348.22
2008     36     50870.28
2008     37     38260.27
2008     38     28025.58
2008     39     19935.08
2008     40     13114.29
2008     41      7400.11
2008     42      3821.13
2008     43      2192.22
2008     44      1009.56
2008     45       342.19
2008     46       153.08
2008     47        65.03
2008     48        22.01
2008     49        12.01
2008     50         8.01
2008     51         5.00
2008     52         7.00
2008     53         1.00
2008     54         0.00
2008     55+        3.00
2009     12-        0.18
2009     13         6.18
2009     14        60.68
2009     15       162.08
2009     16       785.40
2009     17      2070.06
2009     18      3885.98
2009     19      7723.94
2009     20     12140.19
2009     21     17007.68
2009     22     22095.27
2009     23     28774.68
2009     24     36849.79
2009     25     45208.06
2009     26     53776.43
2009     27     61706.47
2009     28     69427.41
2009     29     77803.68
2009     30     81719.68
2009     31     82084.86
2009     32     79402.49
2009     33     75680.59
2009     34     71104.27
2009     35     63837.56
2009     36     53533.30
2009     37     40581.70
2009     38     30239.43
2009     39     21621.03
2009     40     14230.26
2009     41      8642.40
2009     42      4496.29
2009     43      2098.07
2009     44      1114.57
2009     45       434.22
2009     46       145.07
2009     47        61.03
2009     48        25.01
2009     49        19.01
2009     50         6.00
2009     51         3.00
2009     52         1.00
2009     53         1.00
2009     54         2.00
2009     55+        7.00
2010     12-        0.14
2010     13         4.34
2010     14        46.56
2010     15       172.09
2010     16       724.36
2010     17      1819.90
2010     18      3596.79
2010     19      7188.58
2010     20     11371.66
2010     21     16228.08
2010     22     20702.31
2010     23     27096.50
2010     24     35612.74
2010     25     44234.03
2010     26     54104.96
2010     27     62825.30
2010     28     69928.84
2010     29     75969.85
2010     30     79631.68
2010     31     80750.23
2010     32     79373.55
2010     33     74937.33
2010     34     69883.82
2010     35     63830.80
2010     36     55891.85
2010     37     43887.87
2010     38     32910.40
2010     39     23689.80
2010     40     15650.80
2010     41      9762.86
2010     42      5506.75
2010     43      2646.31
2010     44      1059.52
2010     45       466.24
2010     46       188.09
2010     47        55.03
2010     48        42.02
2010     49        22.01
2010     50         8.00
2010     51         4.00
2010     52         1.00
2010     53         2.00
2010     54         1.00
2010     55+        3.00
2011     12-        0.12
2011     13         3.29
2011     14        40.61
2011     15       196.10
2011     16       762.37
2011     17      1902.92
2011     18      3465.68
2011     19      6953.36
2011     20     10745.21
2011     21     15120.32
2011     22     19523.45
2011     23     25390.30
2011     24     33330.14
2011     25     41520.10
2011     26     52414.38
2011     27     62217.12
2011     28     69438.62
2011     29     74939.28
2011     30     76848.21
2011     31     78656.08
2011     32     76694.13
2011     33     73025.35
2011     34     68447.14
2011     35     61727.89
2011     36     54438.35
2011     37     45066.82
2011     38     34805.85
2011     39     25340.26
2011     40     16888.18
2011     41     10408.04
2011     42      5870.84
2011     43      3018.46
2011     44      1269.61
2011     45       473.23
2011     46       204.10
2011     47        67.03
2011     48        36.02
2011     49        22.01
2011     50        15.01
2011     51        12.00
2011     52         3.00
2011     53         2.00
2011     54         1.00
2011     55+        8.01
2012     12-        0.16
2012     13         5.08
2012     14        53.79
2012     15       180.08
2012     16       795.36
2012     17      1916.86
2012     18      3369.52
2012     19      6454.90
2012     20     10199.58
2012     21     14028.30
2012     22     18021.09
2012     23     23290.46
2012     24     30308.61
2012     25     39051.54
2012     26     49258.12
2012     27     60061.97
2012     28     68961.97
2012     29     75261.80
2012     30     76213.23
2012     31     75856.06
2012     32     75983.12
2012     33     72092.38
2012     34     67735.42
2012     35     61536.63
2012     36     54275.37
2012     37     45260.32
2012     38     36685.47
2012     39     27823.49
2012     40     18858.47
2012     41     11755.28
2012     42      6457.90
2012     43      3389.52
2012     44      1588.71
2012     45       618.28
2012     46       174.08
2012     47        72.03
2012     48        36.01
2012     49        28.01
2012     50         6.00
2012     51        13.01
2012     52         4.00
2012     53         4.00
2012     54         4.00
2012     55+        1.00
2013     12-        0.13
2013     13         4.13
2013     14        46.76
2013     15       184.08
2013     16       759.32
2013     17      1862.79
2013     18      3541.51
2013     19      6570.80
2013     20      9767.16
2013     21     13796.88
2013     22     17211.33
2013     23     22071.41
2013     24     28442.12
2013     25     36391.51
2013     26     46728.91
2013     27     57219.38
2013     28     67241.65
2013     29     75333.10
2013     30     76964.80
2013     31     75997.38
2013     32     73293.23
2013     33     71633.52
2013     34     67670.83
2013     35     62788.75
2013     36     54615.27
2013     37     45602.43
2013     38     37282.88
2013     39     29549.59
2013     40     20688.82
2013     41     12901.50
2013     42      7462.18
2013     43      3762.60
2013     44      1750.75
2013     45       667.28
2013     46       241.10
2013     47        87.04
2013     48        50.02
2013     49        24.02
2013     50        15.01
2013     51        22.01
2013     52         4.00
2013     53         4.00
2013     54         0.00
2013     55+        2.00
2014     12-        0.11
2014     13         3.27
2014     14        39.65
2014     15       189.10
2014     16       721.38
2014     17      1916.00
2014     18      3428.79
2014     19      6719.50
2014     20      9790.10
2014     21     13134.84
2014     22     16615.65
2014     23     20690.77
2014     24     26403.75
2014     25     34385.91
2014     26     43418.61
2014     27     53880.06
2014     28     63898.28
2014     29     72403.71
2014     30     75614.39
2014     31     76222.71
2014     32     72526.78
2014     33     68407.63
2014     34     66738.76
2014     35     60103.31
2014     36     53912.08
2014     37     45531.72
2014     38     36765.15
2014     39     29694.47
2014     40     21636.27
2014     41     13748.16
2014     42      8161.25
2014     43      4196.19
2014     44      1889.99
2014     45       718.38
2014     46       295.16
2014     47       112.06
2014     48        51.03
2014     49        38.02
2014     50        19.01
2014     51        19.01
2014     52         8.00
2014     53         8.01
2014     54         0.00
2014     55+        4.00
2015     12-        0.11
2015     13         3.14
2015     14        35.77
2015     15       156.09
2015     16       602.34
2015     17      1781.03
2015     18      3245.87
2015     19      6111.53
2015     20      9651.57
2015     21     12960.48
2015     22     15809.13
2015     23     20335.74
2015     24     25752.87
2015     25     33211.17
2015     26     42015.26
2015     27     52685.42
2015     28     62796.26
2015     29     71699.40
2015     30     75991.88
2015     31     77633.83
2015     32     75054.33
2015     33     70333.61
2015     34     66067.15
2015     35     61810.69
2015     36     54390.41
2015     37     45556.30
2015     38     37338.56
2015     39     29328.93
2015     40     22224.83
2015     41     14785.54
2015     42      8920.15
2015     43      4603.65
2015     44      2054.18
2015     45       818.47
2015     46       248.14
2015     47       123.07
2015     48        40.02
2015     49        27.02
2015     50        15.01
2015     51        19.01
2015     52         2.00
2015     53         6.01
2015     54         3.00
2015     55+        7.00
2016     12-        0.13
2016     13         4.02
2016     14        41.89
2016     15       143.13
2016     16       570.53
2016     17      1438.33
2016     18      2899.68
2016     19      6007.55
2016     20      9083.40
2016     21     13027.04
2016     22     16038.83
2016     23     19511.03
2016     24     24584.73
2016     25     31209.85
2016     26     40170.13
2016     27     51107.25
2016     28     59827.31
2016     29     68556.38
2016     30     72098.65
2016     31     74465.84
2016     32     74163.56
2016     33     69903.63
2016     34     64607.72
2016     35     58822.38
2016     36     53144.13
2016     37     44751.37
2016     38     37324.50
2016     39     29451.23
2016     40     21945.29
2016     41     15112.97
2016     42      9189.49
2016     43      5026.64
2016     44      2249.08
2016     45       838.77
2016     46       299.28
2016     47       130.12
2016     48        53.04
2016     49        30.03
2016     50        23.02
2016     51        12.01
2016     52         8.01
2016     53         3.01
2016     54         3.01
2016     55+        2.00
2017     12-        0.12
2017     13         3.28
2017     14        33.63
2017     15       121.07
2017     16       459.24
2017     17      1296.67
2017     18      2489.30
2017     19      5499.87
2017     20      8567.48
2017     21     12083.31
2017     22     15447.06
2017     23     19156.00
2017     24     24051.55
2017     25     30387.86
2017     26     38300.99
2017     27     47926.01
2017     28     58273.41
2017     29     66170.53
2017     30     70525.80
2017     31     71335.23
2017     32     71073.09
2017     33     68581.79
2017     34     64083.44
2017     35     58165.35
2017     36     50572.40
2017     37     43456.67
2017     38     35953.77
2017     39     28903.08
2017     40     21383.16
2017     41     14434.53
2017     42      9002.70
2017     43      5033.62
2017     44      2274.19
2017     45       891.46
2017     46       335.17
2017     47       145.08
2017     48        50.03
2017     49        29.02
2017     50        19.01
2017     51        13.01
2017     52         7.00
2017     53         7.01
2017     54         5.01
2017     55+       11.01
2018     12-        0.12
2018     13         3.49
2018     14        33.41
2018     15       104.04
2018     16       468.21
2018     17      1134.50
2018     18      2216.98
2018     19      4821.13
2018     20      8051.55
2018     21     11770.20
2018     22     14748.52
2018     23     18752.29
2018     24     23734.49
2018     25     29406.99
2018     26     37844.72
2018     27     46423.51
2018     28     55763.64
2018     29     64418.46
2018     30     67675.91
2018     31     69718.81
2018     32     68003.05
2018     33     66295.29
2018     34     63361.00
2018     35     57522.42
2018     36     49680.96
2018     37     41363.27
2018     38     34787.38
2018     39     27760.27
2018     40     21039.30
2018     41     14201.28
2018     42      8706.85
2018     43      4901.17
2018     44      2432.07
2018     45       933.41
2018     46       404.18
2018     47       159.07
2018     48        58.03
2018     49        37.02
2018     50        26.01
2018     51         9.00
2018     52        12.00
2018     53         8.01
2018     54         8.01
2018     55+        5.00
2019     12-        0.14
2019     13         4.17
2019     14        35.72
2019     15        87.04
2019     16       393.18
2019     17      1069.48
2019     18      1959.87
2019     19      4235.89
2019     20      7011.13
2019     21     10578.72
2019     22     13812.16
2019     23     17716.90
2019     24     23005.26
2019     25     28419.67
2019     26     35680.91
2019     27     44709.93
2019     28     52588.45
2019     29     59632.59
2019     30     64110.59
2019     31     64683.84
2019     32     63900.50
2019     33     61411.39
2019     34     58615.13
2019     35     55091.57
2019     36     47484.18
2019     37     39609.66
2019     38     32414.46
2019     39     26499.81
2019     40     19914.89
2019     41     13694.10
2019     42      8501.79
2019     43      4871.18
2019     44      2231.00
2019     45       975.43
2019     46       395.18
2019     47       131.06
2019     48        61.03
2019     49        31.02
2019     50        28.01
2019     51        12.00
2019     52         5.00
2019     53         4.00
2019     54         3.01
2019     55+        4.00
2020     12-        0.13
2020     13         3.97
2020     14        32.91
2020     15        79.03
2020     16       294.12
2020     17       932.36
2020     18      1824.69
2020     19      3783.43
2020     20      6303.38
2020     21      9442.57
2020     22     12621.77
2020     23     16831.37
2020     24     21577.15
2020     25     28602.81
2020     26     35710.50
2020     27     43542.46
2020     28     51891.61
2020     29     58138.98
2020     30     61699.32
2020     31     63222.90
2020     32     62105.48
2020     33     59439.48
2020     34     57083.58
2020     35     52906.00
2020     36     47036.78
2020     37     39392.89
2020     38     31546.93
2020     39     25512.65
2020     40     19206.26
2020     41     13356.05
2020     42      8244.12
2020     43      4777.81
2020     44      2332.89
2020     45       989.37
2020     46       387.14
2020     47       143.05
2020     48        67.02
2020     49        38.01
2020     50        19.01
2020     51         7.00
2020     52        14.01
2020     53         7.00
2020     54         1.00
2020     55+        4.00
2021     12-        0.14
2021     13         3.99
2021     14        27.87
2021     15        49.00
2021     16       248.00
2021     17       666.00
2021     18      1390.00
2021     19      3157.00
2021     20      5315.01
2021     21      7909.01
2021     22     11110.01
2021     23     15219.02
2021     24     20343.02
2021     25     26681.03
2021     26     34525.04
2021     27     42448.05
2021     28     49498.06
2021     29     57281.07
2021     30     59298.07
2021     31     60425.08
2021     32     60076.07
2021     33     57477.07
2021     34     55163.07
2021     35     50776.06
2021     36     45880.06
2021     37     39272.05
2021     38     32061.04
2021     39     25188.03
2021     40     19358.02
2021     41     13267.02
2021     42      8508.01
2021     43      4993.01
2021     44      2391.00
2021     45      1057.00
2021     46       350.00
2021     47       142.00
2021     48        33.00
2021     49        15.00
2021     50         5.00
2021     51         7.00
2021     52         3.00
2021     53         0.00
2021     54         2.00
2021     55+        3.00
