Netherlands, Female population exposure by calendar year and age (Lexis squares, age in completed years (ACY))
Last modified: 25/05/2021
Year    Age        Exposure
1950     12        80399.67
1950     13        78661.63
1950     14        77747.35
1950     15        78128.61
1950     16        77917.01
1950     17        79296.24
1950     18        80775.98
1950     19        81497.16
1950     20        80499.10
1950     21        79711.85
1950     22        79009.41
1950     23        78112.25
1950     24        78140.12
1950     25        79490.17
1950     26        80321.92
1950     27        80616.02
1950     28        79952.75
1950     29        79994.75
1950     30        78230.79
1950     31        65458.55
1950     32        67949.77
1950     33        69068.82
1950     34        68339.91
1950     35        70277.38
1950     36        71587.30
1950     37        71044.55
1950     38        68018.18
1950     39        66749.01
1950     40        67801.15
1950     41        67446.29
1950     42        66993.97
1950     43        65598.27
1950     44        64607.13
1950     45        63670.47
1950     46        61943.57
1950     47        61424.15
1950     48        59961.02
1950     49        57396.67
1950     50        55942.77
1950     51        54450.94
1950     52        53780.15
1950     53        53102.43
1950     54        50988.99
1950     55        49388.39
1951     12        82333.73
1951     13        80492.45
1951     14        78732.72
1951     15        77842.82
1951     16        78195.32
1951     17        77973.92
1951     18        79332.54
1951     19        80803.13
1951     20        81493.77
1951     21        80372.57
1951     22        79569.17
1951     23        78796.69
1951     24        77918.55
1951     25        77945.30
1951     26        79294.05
1951     27        80117.16
1951     28        80435.98
1951     29        79834.23
1951     30        79910.42
1951     31        78204.67
1951     32        65425.63
1951     33        67915.82
1951     34        69024.76
1951     35        68298.67
1951     36        70213.74
1951     37        71536.02
1951     38        70958.01
1951     39        67993.80
1951     40        66737.25
1951     41        67742.88
1951     42        67385.70
1951     43        66948.90
1951     44        65525.01
1951     45        64514.21
1951     46        63578.22
1951     47        61851.70
1951     48        61314.39
1951     49        59844.75
1951     50        57288.82
1951     51        55807.11
1951     52        54294.91
1951     53        53565.46
1951     54        52877.94
1951     55        50750.77
1952     12        84179.58
1952     13        82160.83
1952     14        80307.06
1952     15        78548.75
1952     16        77674.56
1952     17        78036.72
1952     18        77775.23
1952     19        79095.79
1952     20        80438.24
1952     21        81000.58
1952     22        79800.27
1952     23        78946.47
1952     24        78141.75
1952     25        77300.55
1952     26        77388.97
1952     27        78735.52
1952     28        79590.29
1952     29        79916.22
1952     30        79367.98
1952     31        79511.55
1952     32        77772.32
1952     33        65081.31
1952     34        67527.89
1952     35        68654.14
1952     36        67952.69
1952     37        69894.10
1952     38        71153.53
1952     39        70636.01
1952     40        67720.03
1952     41        66450.44
1952     42        67394.50
1952     43        67117.87
1952     44        66682.65
1952     45        65278.01
1952     46        64259.27
1952     47        63350.67
1952     48        61620.13
1952     49        61064.73
1952     50        59562.94
1952     51        57053.85
1952     52        55561.21
1952     53        53990.43
1952     54        53267.39
1952     55        52566.10
1953     12        84358.68
1953     13        83959.48
1953     14        81933.33
1953     15        80043.93
1953     16        78295.27
1953     17        77429.86
1953     18        77769.33
1953     19        77466.07
1953     20        78665.26
1953     21        79785.13
1953     22        80258.33
1953     23        79032.19
1953     24        78177.72
1953     25        77406.48
1953     26        76639.44
1953     27        76798.01
1953     28        78174.09
1953     29        79012.14
1953     30        79405.01
1953     31        78896.84
1953     32        79027.91
1953     33        77279.87
1953     34        64689.59
1953     35        67117.99
1953     36        68267.83
1953     37        67601.50
1953     38        69512.70
1953     39        70771.94
1953     40        70300.91
1953     41        67395.17
1953     42        66081.74
1953     43        67095.34
1953     44        66775.89
1953     45        66399.33
1953     46        64942.31
1953     47        63966.20
1953     48        63029.51
1953     49        61327.62
1953     50        60706.63
1953     51        59264.36
1953     52        56754.37
1953     53        55233.27
1953     54        53654.09
1953     55        52905.36
1954     12        83496.12
1954     13        84215.03
1954     14        83819.57
1954     15        81778.76
1954     16        79900.19
1954     17        78129.34
1954     18        77241.34
1954     19        77554.48
1954     20        77191.52
1954     21        78097.95
1954     22        79154.88
1954     23        79590.26
1954     24        78381.87
1954     25        77593.52
1954     26        76862.59
1954     27        76226.71
1954     28        76372.39
1954     29        77755.81
1954     30        78640.83
1954     31        79067.83
1954     32        78575.31
1954     33        78684.65
1954     34        76966.89
1954     35        64440.52
1954     36        66854.43
1954     37        68045.87
1954     38        67347.06
1954     39        69259.81
1954     40        70513.39
1954     41        70043.44
1954     42        67170.23
1954     43        65836.13
1954     44        66834.13
1954     45        66551.60
1954     46        66108.11
1954     47        64719.35
1954     48        63692.70
1954     49        62784.82
1954     50        61015.42
1954     51        60413.44
1954     52        58989.82
1954     53        56455.68
1954     54        54922.50
1954     55        53310.54
1955     12        89035.70
1955     13        83421.90
1955     14        84147.64
1955     15        83764.98
1955     16        81745.19
1955     17        79868.72
1955     18        78039.07
1955     19        77143.21
1955     20        77393.43
1955     21        76792.38
1955     22        77645.12
1955     23        78690.95
1955     24        79083.43
1955     25        77977.07
1955     26        77196.34
1955     27        76571.35
1955     28        75953.53
1955     29        76137.35
1955     30        77561.92
1955     31        78453.49
1955     32        78920.56
1955     33        78433.94
1955     34        78478.11
1955     35        76812.69
1955     36        64312.64
1955     37        66748.89
1955     38        67898.26
1955     39        67210.58
1955     40        69083.46
1955     41        70333.52
1955     42        69882.70
1955     43        66998.34
1955     44        65668.96
1955     45        66655.20
1955     46        66347.79
1955     47        65961.08
1955     48        64542.91
1955     49        63508.16
1955     50        62525.62
1955     51        60785.07
1955     52        60180.91
1955     53        58724.65
1955     54        56194.13
1955     55        54646.21
1956     12        96170.41
1956     13        88952.45
1956     14        83390.16
1956     15        84106.58
1956     16        83778.48
1956     17        81772.02
1956     18        79852.43
1956     19        77992.92
1956     20        77016.69
1956     21        77095.06
1956     22        76418.47
1956     23        77218.26
1956     24        78251.70
1956     25        78692.59
1956     26        77637.47
1956     27        76867.98
1956     28        76335.14
1956     29        75744.77
1956     30        75961.19
1956     31        77386.61
1956     32        78314.99
1956     33        78762.58
1956     34        78228.51
1956     35        78336.41
1956     36        76638.56
1956     37        64196.29
1956     38        66643.81
1956     39        67750.99
1956     40        67077.43
1956     41        68921.22
1956     42        70201.05
1956     43        69737.78
1956     44        66843.69
1956     45        65503.67
1956     46        66467.68
1956     47        66197.75
1956     48        65803.68
1956     49        64339.20
1956     50        63259.55
1956     51        62310.06
1956     52        60558.19
1956     53        59961.16
1956     54        58486.66
1956     55        55931.16
1957     12        97897.97
1957     13        96055.01
1957     14        88875.63
1957     15        83346.73
1957     16        84105.82
1957     17        83785.29
1957     18        81774.66
1957     19        79789.49
1957     20        77831.72
1957     21        76703.83
1957     22        76679.18
1957     23        75933.82
1957     24        76761.38
1957     25        77829.13
1957     26        78332.94
1957     27        77302.27
1957     28        76573.59
1957     29        76056.69
1957     30        75473.59
1957     31        75714.86
1957     32        77192.40
1957     33        78085.99
1957     34        78522.31
1957     35        78054.19
1957     36        78088.81
1957     37        76464.64
1957     38        64072.66
1957     39        66459.54
1957     40        67653.26
1957     41        66892.64
1957     42        68795.71
1957     43        70046.45
1957     44        69588.98
1957     45        66698.01
1957     46        65328.99
1957     47        66305.96
1957     48        66024.28
1957     49        65605.71
1957     50        64112.84
1957     51        63046.37
1957     52        62073.99
1957     53        60341.49
1957     54        59703.43
1957     55        58210.89
1958     12       107466.76
1958     13        97901.65
1958     14        96019.05
1958     15        88893.89
1958     16        83420.89
1958     17        84197.52
1958     18        83826.83
1958     19        81765.30
1958     20        79667.28
1958     21        77563.94
1958     22        76340.81
1958     23        76281.98
1958     24        75580.63
1958     25        76485.83
1958     26        77578.74
1958     27        78168.88
1958     28        77152.55
1958     29        76450.49
1958     30        76005.71
1958     31        75473.24
1958     32        75757.96
1958     33        77198.55
1958     34        78073.76
1958     35        78550.75
1958     36        78027.21
1958     37        78119.67
1958     38        76507.85
1958     39        64090.81
1958     40        66530.96
1958     41        67646.07
1958     42        66909.35
1958     43        68788.50
1958     44        70028.10
1958     45        69577.18
1958     46        66655.38
1958     47        65274.99
1958     48        66231.98
1958     49        65942.31
1958     50        65498.22
1958     51        63972.70
1958     52        62892.39
1958     53        61936.77
1958     54        60115.69
1958     55        59510.16
1959     12       127484.91
1959     13       107418.53
1959     14        97865.16
1959     15        95996.59
1959     16        88934.32
1959     17        83457.92
1959     18        84179.08
1959     19        83770.28
1959     20        81615.55
1959     21        79401.71
1959     22        77196.60
1959     23        75971.65
1959     24        75955.73
1959     25        75337.32
1959     26        76266.96
1959     27        77401.23
1959     28        78016.31
1959     29        77045.65
1959     30        76429.77
1959     31        75993.53
1959     32        75501.60
1959     33        75749.79
1959     34        77153.12
1959     35        78088.61
1959     36        78555.83
1959     37        78027.98
1959     38        78103.66
1959     39        76512.39
1959     40        64095.94
1959     41        66523.33
1959     42        67640.17
1959     43        66864.40
1959     44        68747.77
1959     45        69989.14
1959     46        69490.69
1959     47        66582.64
1959     48        65194.99
1959     49        66117.44
1959     50        65839.05
1959     51        65324.72
1959     52        63812.18
1959     53        62731.79
1959     54        61700.81
1959     55        59893.58
1960     12       118707.30
1960     13       127482.76
1960     14       107311.42
1960     15        97956.84
1960     16        96272.32
1960     17        88909.35
1960     18        83351.70
1960     19        84062.54
1960     20        83412.60
1960     21        81232.50
1960     22        78956.83
1960     23        76634.13
1960     24        75503.55
1960     25        75526.54
1960     26        74996.08
1960     27        75904.72
1960     28        77019.27
1960     29        77719.69
1960     30        77003.82
1960     31        76270.95
1960     32        75842.47
1960     33        75164.19
1960     34        75494.12
1960     35        76930.55
1960     36        77870.17
1960     37        78339.99
1960     38        77717.23
1960     39        77932.44
1960     40        76416.39
1960     41        64060.65
1960     42        66447.00
1960     43        67374.73
1960     44        66760.59
1960     45        68609.71
1960     46        69713.01
1960     47        69351.79
1960     48        66357.84
1960     49        64993.63
1960     50        66040.20
1960     51        65624.08
1960     52        65061.89
1960     53        63388.92
1960     54        62451.04
1960     55        61446.71
1961     12       112714.01
1961     13       118830.71
1961     14       127451.88
1961     15       107460.23
1961     16        98284.65
1961     17        96313.17
1961     18        88827.97
1961     19        83285.27
1961     20        83768.33
1961     21        83100.06
1961     22        80900.99
1961     23        78501.19
1961     24        76265.73
1961     25        75156.97
1961     26        75256.83
1961     27        74694.51
1961     28        75614.23
1961     29        76825.24
1961     30        77726.93
1961     31        76951.54
1961     32        76186.85
1961     33        75605.33
1961     34        75033.39
1961     35        75345.41
1961     36        76776.80
1961     37        77757.17
1961     38        78113.73
1961     39        77635.27
1961     40        77891.49
1961     41        76443.90
1961     42        64041.15
1961     43        66241.43
1961     44        67305.89
1961     45        66674.35
1961     46        68418.23
1961     47        69591.54
1961     48        69132.73
1961     49        66153.90
1961     50        64939.95
1961     51        65855.71
1961     52        65371.81
1961     53        64655.45
1961     54        63104.57
1961     55        62209.79
1962     12       108498.24
1962     13       112823.81
1962     14       118904.29
1962     15       127534.49
1962     16       107480.86
1962     17        98336.01
1962     18        96266.75
1962     19        88788.72
1962     20        83181.79
1962     21        83562.61
1962     22        82886.50
1962     23        80647.80
1962     24        78320.73
1962     25        76096.97
1962     26        75083.41
1962     27        75195.79
1962     28        74622.87
1962     29        75604.20
1962     30        76802.87
1962     31        77700.19
1962     32        76945.48
1962     33        76155.08
1962     34        75611.46
1962     35        75025.50
1962     36        75346.31
1962     37        76793.80
1962     38        77727.20
1962     39        78107.15
1962     40        77601.82
1962     41        77873.31
1962     42        76399.00
1962     43        63973.73
1962     44        66189.03
1962     45        67237.42
1962     46        66591.88
1962     47        68292.13
1962     48        69466.57
1962     49        68943.99
1962     50        66006.13
1962     51        64756.00
1962     52        65633.02
1962     53        65152.53
1962     54        64380.05
1962     55        62832.24
1963     12       106706.74
1963     13       108545.59
1963     14       112830.46
1963     15       118944.59
1963     16       127528.99
1963     17       107496.77
1963     18        98293.92
1963     19        96192.34
1963     20        88624.13
1963     21        82910.46
1963     22        83293.77
1963     23        82545.89
1963     24        80342.64
1963     25        78097.39
1963     26        76015.81
1963     27        75032.59
1963     28        75092.69
1963     29        74568.87
1963     30        75563.98
1963     31        76763.60
1963     32        77667.15
1963     33        76883.08
1963     34        76131.42
1963     35        75592.58
1963     36        74994.03
1963     37        75326.23
1963     38        76722.85
1963     39        77675.13
1963     40        78071.54
1963     41        77547.52
1963     42        77764.13
1963     43        76296.27
1963     44        63879.82
1963     45        66082.97
1963     46        67103.44
1963     47        66462.29
1963     48        68155.07
1963     49        69275.52
1963     50        68720.59
1963     51        65760.18
1963     52        64515.21
1963     53        65381.59
1963     54        64868.22
1963     55        64077.63
1964     12       107625.21
1964     13       106710.97
1964     14       108522.56
1964     15       112821.54
1964     16       118963.79
1964     17       127527.18
1964     18       107425.04
1964     19        98188.62
1964     20        95957.10
1964     21        88277.80
1964     22        82556.09
1964     23        82875.67
1964     24        82204.33
1964     25        80093.43
1964     26        77951.60
1964     27        75922.33
1964     28        74889.80
1964     29        75009.58
1964     30        74464.87
1964     31        75501.31
1964     32        76695.59
1964     33        77627.49
1964     34        76816.06
1964     35        76080.16
1964     36        75519.26
1964     37        74931.75
1964     38        75270.88
1964     39        76667.26
1964     40        77600.45
1964     41        77986.90
1964     42        77435.91
1964     43        77667.83
1964     44        76131.12
1964     45        63765.23
1964     46        65944.42
1964     47        66965.37
1964     48        66303.36
1964     49        67942.33
1964     50        69044.23
1964     51        68455.82
1964     52        65515.61
1964     53        64244.70
1964     54        65077.37
1964     55        64560.34
1965     12       108623.01
1965     13       107667.69
1965     14       106767.76
1965     15       108579.36
1965     16       112903.05
1965     17       119008.94
1965     18       127478.23
1965     19       107341.25
1965     20        97991.38
1965     21        95647.24
1965     22        87937.34
1965     23        82155.87
1965     24        82656.18
1965     25        82006.33
1965     26        79992.01
1965     27        77859.87
1965     28        75824.28
1965     29        74844.21
1965     30        74921.25
1965     31        74440.35
1965     32        75493.62
1965     33        76711.46
1965     34        77590.57
1965     35        76800.50
1965     36        76036.08
1965     37        75486.49
1965     38        74937.89
1965     39        75252.14
1965     40        76633.28
1965     41        77556.87
1965     42        77923.96
1965     43        77379.77
1965     44        77545.42
1965     45        76029.29
1965     46        63664.03
1965     47        65812.69
1965     48        66826.98
1965     49        66129.01
1965     50        67770.24
1965     51        68840.84
1965     52        68228.02
1965     53        65266.02
1965     54        63968.67
1965     55        64797.49
1966     12       107613.09
1966     13       108694.24
1966     14       107723.85
1966     15       106855.43
1966     16       108663.79
1966     17       112981.69
1966     18       119066.30
1966     19       127440.04
1966     20       107210.57
1966     21        97753.80
1966     22        95344.01
1966     23        87589.46
1966     24        81979.47
1966     25        82477.98
1966     26        81947.51
1966     27        79880.05
1966     28        77797.09
1966     29        75778.42
1966     30        74838.14
1966     31        74924.28
1966     32        74427.53
1966     33        75493.43
1966     34        76676.16
1966     35        77608.30
1966     36        76779.51
1966     37        76002.35
1966     38        75477.59
1966     39        74917.60
1966     40        75222.23
1966     41        76588.11
1966     42        77497.61
1966     43        77860.47
1966     44        77286.92
1966     45        77430.21
1966     46        75927.43
1966     47        63548.42
1966     48        65661.97
1966     49        66676.65
1966     50        65953.87
1966     51        67563.04
1966     52        68599.69
1966     53        67961.12
1966     54        65025.94
1966     55        63691.88
1967     12       108663.80
1967     13       107675.19
1967     14       108727.78
1967     15       107794.23
1967     16       106925.28
1967     17       108730.83
1967     18       113089.77
1967     19       119074.35
1967     20       127300.14
1967     21       106925.15
1967     22        97424.43
1967     23        95011.09
1967     24        87308.85
1967     25        81753.66
1967     26        82311.05
1967     27        81813.70
1967     28        79770.45
1967     29        77683.17
1967     30        75746.89
1967     31        74769.34
1967     32        74853.94
1967     33        74385.01
1967     34        75420.08
1967     35        76662.32
1967     36        77554.06
1967     37        76709.91
1967     38        75977.46
1967     39        75432.84
1967     40        74829.37
1967     41        75161.65
1967     42        76511.46
1967     43        77412.97
1967     44        77750.55
1967     45        77145.67
1967     46        77307.70
1967     47        75770.99
1967     48        63379.72
1967     49        65501.74
1967     50        66498.49
1967     51        65733.14
1967     52        67327.72
1967     53        68336.74
1967     54        67705.34
1967     55        64736.16
1968     12       109840.26
1968     13       108689.29
1968     14       107716.71
1968     15       108785.82
1968     16       107889.17
1968     17       107002.39
1968     18       108838.98
1968     19       113137.67
1968     20       118994.18
1968     21       126963.08
1968     22       106559.99
1968     23        97147.68
1968     24        94713.68
1968     25        87106.26
1968     26        81584.12
1968     27        82174.33
1968     28        81726.75
1968     29        79644.74
1968     30        77605.58
1968     31        75649.73
1968     32        74686.61
1968     33        74824.18
1968     34        74338.40
1968     35        75377.34
1968     36        76595.26
1968     37        77494.82
1968     38        76688.85
1968     39        75904.65
1968     40        75350.55
1968     41        74748.57
1968     42        75073.62
1968     43        76425.00
1968     44        77280.78
1968     45        77615.59
1968     46        77020.26
1968     47        77115.69
1968     48        75571.51
1968     49        63215.13
1968     50        65327.57
1968     51        66279.78
1968     52        65509.40
1968     53        67083.85
1968     54        68066.05
1968     55        67388.12
1969     12       110882.38
1969     13       109906.36
1969     14       108752.94
1969     15       107790.29
1969     16       108911.20
1969     17       108014.82
1969     18       107166.76
1969     19       108980.99
1969     20       113183.51
1969     21       118869.19
1969     22       126685.30
1969     23       106362.70
1969     24        97021.64
1969     25        94622.42
1969     26        87083.35
1969     27        81537.12
1969     28        82178.92
1969     29        81684.97
1969     30        79664.74
1969     31        77588.73
1969     32        75649.00
1969     33        74684.38
1969     34        74799.14
1969     35        74311.54
1969     36        75378.32
1969     37        76592.25
1969     38        77472.32
1969     39        76635.73
1969     40        75862.75
1969     41        75281.44
1969     42        74687.69
1969     43        74998.29
1969     44        76326.23
1969     45        77182.04
1969     46        77511.17
1969     47        76861.14
1969     48        76941.69
1969     49        75398.11
1969     50        63040.87
1969     51        65117.55
1969     52        66040.33
1969     53        65270.09
1969     54        66807.01
1969     55        67716.26
1970     12       112442.13
1970     13       111026.90
1970     14       110025.52
1970     15       108888.99
1970     16       107947.17
1970     17       109116.53
1970     18       108306.86
1970     19       107454.17
1970     20       109200.60
1970     21       113279.47
1970     22       118849.89
1970     23       126597.13
1970     24       106321.61
1970     25        97110.35
1970     26        94619.96
1970     27        87154.65
1970     28        81599.86
1970     29        82181.37
1970     30        81769.65
1970     31        79757.48
1970     32        77668.38
1970     33        75695.93
1970     34        74719.55
1970     35        74821.96
1970     36        74368.54
1970     37        75414.09
1970     38        76603.45
1970     39        77454.62
1970     40        76600.91
1970     41        75831.10
1970     42        75236.51
1970     43        74644.67
1970     44        74920.96
1970     45        76214.96
1970     46        77070.28
1970     47        77372.73
1970     48        76708.13
1970     49        76792.75
1970     50        75186.70
1970     51        62844.29
1970     52        64898.95
1970     53        65789.04
1970     54        64981.45
1970     55        66465.93
1971     12       115954.43
1971     13       112655.88
1971     14       111210.61
1971     15       110216.30
1971     16       109119.58
1971     17       108242.43
1971     18       109577.60
1971     19       108839.24
1971     20       107875.47
1971     21       109457.82
1971     22       113441.36
1971     23       118960.74
1971     24       126630.74
1971     25       106385.24
1971     26        97205.54
1971     27        94797.70
1971     28        87284.12
1971     29        81708.55
1971     30        82340.65
1971     31        81946.01
1971     32        79901.49
1971     33        77818.06
1971     34        75847.19
1971     35        74854.01
1971     36        74944.34
1971     37        74501.30
1971     38        75525.26
1971     39        76671.77
1971     40        77493.97
1971     41        76635.03
1971     42        75842.60
1971     43        75243.40
1971     44        74607.31
1971     45        74853.95
1971     46        76162.04
1971     47        76969.46
1971     48        77242.91
1971     49        76573.15
1971     50        76571.82
1971     51        74971.04
1971     52        62639.95
1971     53        64659.57
1971     54        65527.52
1971     55        64675.25
1972     12       115386.95
1972     13       116201.96
1972     14       112858.44
1972     15       111420.06
1972     16       110490.41
1972     17       109442.10
1972     18       108771.29
1972     19       110184.34
1972     20       109272.64
1972     21       108162.99
1972     22       109697.34
1972     23       113663.89
1972     24       119125.55
1972     25       126693.42
1972     26       106518.97
1972     27        97377.51
1972     28        94968.91
1972     29        87446.42
1972     30        81850.02
1972     31        82490.06
1972     32        82089.86
1972     33        80055.68
1972     34        77986.32
1972     35        75989.20
1972     36        74984.51
1972     37        75102.19
1972     38        74607.39
1972     39        75607.73
1972     40        76739.94
1972     41        77572.80
1972     42        76687.18
1972     43        75841.07
1972     44        75207.68
1972     45        74591.42
1972     46        74813.65
1972     47        76088.26
1972     48        76828.28
1972     49        77093.53
1972     50        76361.48
1972     51        76350.54
1972     52        74705.81
1972     53        62414.03
1972     54        64414.00
1972     55        65239.48
1973     12       117769.87
1973     13       115647.93
1973     14       116405.14
1973     15       113052.39
1973     16       111689.22
1973     17       110834.31
1973     18       109974.61
1973     19       109336.02
1973     20       110605.35
1973     21       109497.50
1973     22       108371.37
1973     23       109924.55
1973     24       113842.29
1973     25       119261.74
1973     26       126750.05
1973     27       106535.58
1973     28        97544.39
1973     29        95050.64
1973     30        87488.18
1973     31        81908.82
1973     32        82542.66
1973     33        82207.63
1973     34        80157.32
1973     35        78043.56
1973     36        76080.69
1973     37        75020.24
1973     38        75135.80
1973     39        74639.76
1973     40        75617.32
1973     41        76780.21
1973     42        77581.28
1973     43        76652.71
1973     44        75775.71
1973     45        75152.29
1973     46        74475.73
1973     47        74726.22
1973     48        75920.04
1973     49        76665.01
1973     50        76881.72
1973     51        76166.51
1973     52        76091.78
1973     53        74434.84
1973     54        62161.65
1973     55        64118.61
1974     12       119508.98
1974     13       118091.90
1974     14       115916.16
1974     15       116702.07
1974     16       113396.67
1974     17       112123.79
1974     18       111447.12
1974     19       110650.18
1974     20       109896.43
1974     21       111013.93
1974     22       109737.71
1974     23       108591.81
1974     24       110134.76
1974     25       114003.77
1974     26       119346.88
1974     27       126805.89
1974     28       106656.22
1974     29        97612.89
1974     30        95125.01
1974     31        87535.25
1974     32        82013.35
1974     33        82678.94
1974     34        82290.32
1974     35        80216.96
1974     36        78139.73
1974     37        76127.82
1974     38        75062.56
1974     39        75183.80
1974     40        74669.40
1974     41        75638.56
1974     42        76769.00
1974     43        77573.79
1974     44        76615.70
1974     45        75745.57
1974     46        75037.30
1974     47        74377.99
1974     48        74601.70
1974     49        75761.39
1974     50        76458.81
1974     51        76699.59
1974     52        75916.52
1974     53        75841.34
1974     54        74145.51
1974     55        61874.81
1975     12       120575.87
1975     13       120019.34
1975     14       118570.93
1975     15       116496.50
1975     16       117219.43
1975     17       114059.78
1975     18       113015.54
1975     19       112278.51
1975     20       111669.04
1975     21       110575.35
1975     22       111449.81
1975     23       110185.19
1975     24       109138.03
1975     25       110519.03
1975     26       114319.51
1975     27       119509.56
1975     28       126984.89
1975     29       106908.92
1975     30        97730.54
1975     31        95171.44
1975     32        87723.33
1975     33        82089.07
1975     34        82944.59
1975     35        82409.49
1975     36        80478.58
1975     37        78364.23
1975     38        76347.70
1975     39        75241.42
1975     40        75421.35
1975     41        74819.74
1975     42        75857.38
1975     43        76797.57
1975     44        77775.27
1975     45        76559.88
1975     46        75804.37
1975     47        74989.85
1975     48        74261.78
1975     49        74476.45
1975     50        75658.96
1975     51        76381.40
1975     52        76476.23
1975     53        75846.69
1975     54        75701.35
1975     55        73867.11
1976     12       122096.12
1976     13       121005.73
1976     14       120419.59
1976     15       119056.90
1976     16       116847.33
1976     17       117777.21
1976     18       114835.07
1976     19       113696.52
1976     20       113196.57
1976     21       112242.85
1976     22       111052.68
1976     23       111956.82
1976     24       110745.37
1976     25       109558.33
1976     26       110852.04
1976     27       114441.83
1976     28       119634.84
1976     29       127165.05
1976     30       106974.14
1976     31        97738.28
1976     32        95272.85
1976     33        87735.21
1976     34        82291.95
1976     35        83047.01
1976     36        82619.70
1976     37        80663.96
1976     38        78548.09
1976     39        76505.37
1976     40        75443.88
1976     41        75555.81
1976     42        74993.82
1976     43        75810.43
1976     44        76940.47
1976     45        77659.31
1976     46        76521.90
1976     47        75657.00
1976     48        74808.60
1976     49        74101.45
1976     50        74347.06
1976     51        75540.85
1976     52        76147.23
1976     53        76378.93
1976     54        75683.74
1976     55        75408.99
1977     12       121576.76
1977     13       122371.17
1977     14       121211.47
1977     15       120688.83
1977     16       119205.59
1977     17       117202.06
1977     18       118261.94
1977     19       115384.45
1977     20       114196.89
1977     21       113596.45
1977     22       112615.85
1977     23       111401.54
1977     24       112273.77
1977     25       111029.41
1977     26       109734.31
1977     27       111028.49
1977     28       114527.38
1977     29       119676.32
1977     30       127221.67
1977     31       106939.04
1977     32        97777.03
1977     33        95293.01
1977     34        87744.63
1977     35        82344.51
1977     36        83080.95
1977     37        82682.16
1977     38        80695.11
1977     39        78611.87
1977     40        76504.69
1977     41        75456.85
1977     42        75519.88
1977     43        74925.80
1977     44        75733.75
1977     45        76843.72
1977     46        77395.62
1977     47        76299.31
1977     48        75451.80
1977     49        74616.07
1977     50        73882.55
1977     51        74083.21
1977     52        75273.51
1977     53        75880.63
1977     54        76075.72
1977     55        75356.04
1978     12       119448.36
1978     13       121869.09
1978     14       122630.91
1978     15       121533.68
1978     16       120946.50
1978     17       119631.36
1978     18       117811.32
1978     19       118928.77
1978     20       115986.64
1978     21       114638.41
1978     22       114080.16
1978     23       113025.82
1978     24       111788.07
1978     25       112504.85
1978     26       111250.86
1978     27       109916.97
1978     28       111175.65
1978     29       114613.21
1978     30       119736.24
1978     31       127238.10
1978     32       106978.37
1978     33        97818.42
1978     34        95311.64
1978     35        87768.50
1978     36        82435.86
1978     37        83129.48
1978     38        82774.47
1978     39        80764.35
1978     40        78648.91
1978     41        76531.40
1978     42        75464.46
1978     43        75496.17
1978     44        74895.53
1978     45        75666.72
1978     46        76593.33
1978     47        77258.24
1978     48        76120.73
1978     49        75258.38
1978     50        74422.02
1978     51        73649.62
1978     52        73854.76
1978     53        74990.87
1978     54        75571.63
1978     55        75735.31
1979     12       117696.50
1979     13       119792.41
1979     14       122252.14
1979     15       123073.34
1979     16       121913.34
1979     17       121510.08
1979     18       120363.62
1979     19       118663.75
1979     20       119725.73
1979     21       116639.96
1979     22       115360.43
1979     23       114622.73
1979     24       113551.47
1979     25       112202.11
1979     26       112847.90
1979     27       111474.45
1979     28       110121.05
1979     29       111349.79
1979     30       114719.86
1979     31       119875.20
1979     32       127326.07
1979     33       107054.85
1979     34        97899.25
1979     35        95381.48
1979     36        87895.04
1979     37        82519.43
1979     38        83281.27
1979     39        82878.41
1979     40        80865.10
1979     41        78711.54
1979     42        76572.30
1979     43        75481.14
1979     44        75502.12
1979     45        74857.26
1979     46        75445.58
1979     47        76484.54
1979     48        77109.78
1979     49        75928.85
1979     50        75087.92
1979     51        74224.17
1979     52        73448.23
1979     53        73594.35
1979     54        74698.46
1979     55        75221.31
1980     12       117378.68
1980     13       118159.67
1980     14       120331.61
1980     15       122872.32
1980     16       123635.48
1980     17       122715.79
1980     18       122395.49
1980     19       121392.83
1980     20       119750.89
1980     21       120604.86
1980     22       117470.77
1980     23       115982.36
1980     24       115275.06
1980     25       114167.37
1980     26       112609.59
1980     27       113203.98
1980     28       111793.03
1980     29       110387.23
1980     30       111536.61
1980     31       114923.87
1980     32       120015.82
1980     33       127472.13
1980     34       107191.12
1980     35        98079.49
1980     36        95522.98
1980     37        88016.14
1980     38        82697.09
1980     39        83423.94
1980     40        83036.60
1980     41        80996.71
1980     42        78817.63
1980     43        76616.14
1980     44        75527.18
1980     45        75511.29
1980     46        74665.53
1980     47        75378.83
1980     48        76393.39
1980     49        76980.77
1980     50        75796.59
1980     51        74907.14
1980     52        74055.84
1980     53        73203.10
1980     54        73367.93
1980     55        74390.24
1981     12       121174.03
1981     13       117718.76
1981     14       118558.59
1981     15       120805.49
1981     16       123343.76
1981     17       124314.86
1981     18       123461.52
1981     19       123186.46
1981     20       122284.90
1981     21       120417.36
1981     22       121156.73
1981     23       117892.44
1981     24       116463.16
1981     25       115658.03
1981     26       114382.68
1981     27       112802.37
1981     28       113405.09
1981     29       111914.49
1981     30       110427.33
1981     31       111622.49
1981     32       114966.94
1981     33       120087.33
1981     34       127478.41
1981     35       107277.95
1981     36        98153.62
1981     37        95567.94
1981     38        88121.50
1981     39        82764.76
1981     40        83518.98
1981     41        83116.00
1981     42        81059.54
1981     43        78805.94
1981     44        76631.05
1981     45        75516.38
1981     46        75271.82
1981     47        74584.84
1981     48        75275.01
1981     49        76261.01
1981     50        76808.05
1981     51        75601.49
1981     52        74707.45
1981     53        73795.73
1981     54        72963.40
1981     55        73083.68
1982     12       121928.74
1982     13       121265.98
1982     14       117853.83
1982     15       118717.07
1982     16       120964.40
1982     17       123687.88
1982     18       124685.44
1982     19       124008.03
1982     20       123752.01
1982     21       122673.35
1982     22       120736.76
1982     23       121321.62
1982     24       118116.84
1982     25       116602.03
1982     26       115732.28
1982     27       114312.71
1982     28       112839.40
1982     29       113306.99
1982     30       111730.75
1982     31       110196.03
1982     32       111593.62
1982     33       114831.04
1982     34       120026.47
1982     35       127306.54
1982     36       107098.91
1982     37        98082.77
1982     38        95504.16
1982     39        87967.53
1982     40        82749.79
1982     41        83437.93
1982     42        83098.52
1982     43        80900.95
1982     44        78721.23
1982     45        76551.16
1982     46        75287.44
1982     47        75187.87
1982     48        74538.19
1982     49        75216.31
1982     50        76128.43
1982     51        76630.33
1982     52        75392.10
1982     53        74465.44
1982     54        73513.19
1982     55        72653.78
1983     12       116917.68
1983     13       121904.43
1983     14       121295.53
1983     15       117885.34
1983     16       118769.28
1983     17       121217.40
1983     18       123981.52
1983     19       125143.16
1983     20       124497.60
1983     21       124088.14
1983     22       123015.90
1983     23       120848.48
1983     24       121500.74
1983     25       118260.18
1983     26       116659.60
1983     27       115734.24
1983     28       114344.50
1983     29       112713.05
1983     30       113190.80
1983     31       111532.08
1983     32       110196.65
1983     33       111435.59
1983     34       114786.20
1983     35       119808.44
1983     36       127080.91
1983     37       107052.36
1983     38        97991.36
1983     39        95303.90
1983     40        87902.12
1983     41        82658.79
1983     42        83363.56
1983     43        82936.85
1983     44        80763.08
1983     45        78614.70
1983     46        76390.95
1983     47        75168.86
1983     48        75128.14
1983     49        74450.93
1983     50        75076.21
1983     51        75939.86
1983     52        76418.43
1983     53        75142.12
1983     54        74155.53
1983     55        73202.21
1984     12       110807.58
1984     13       116869.76
1984     14       121889.86
1984     15       121286.33
1984     16       117924.69
1984     17       118995.86
1984     18       121473.19
1984     19       124342.80
1984     20       125496.77
1984     21       124835.67
1984     22       124366.50
1984     23       123157.15
1984     24       121038.68
1984     25       121671.17
1984     26       118348.61
1984     27       116743.72
1984     28       115753.28
1984     29       114341.31
1984     30       112721.83
1984     31       113204.63
1984     32       111493.83
1984     33       110075.41
1984     34       111339.36
1984     35       114725.62
1984     36       119708.45
1984     37       127044.05
1984     38       106993.28
1984     39        97928.57
1984     40        95213.70
1984     41        87845.58
1984     42        82528.35
1984     43        83277.02
1984     44        82814.23
1984     45        80636.54
1984     46        78445.84
1984     47        76207.64
1984     48        74982.52
1984     49        74928.60
1984     50        74248.08
1984     51        74831.50
1984     52        75680.40
1984     53        76146.72
1984     54        74819.56
1984     55        73814.51
1985     12       103170.02
1985     13       110827.39
1985     14       116943.65
1985     15       121958.16
1985     16       121423.74
1985     17       118184.66
1985     18       119285.33
1985     19       121939.98
1985     20       124824.13
1985     21       125921.45
1985     22       125147.92
1985     23       124682.90
1985     24       123396.12
1985     25       121239.67
1985     26       121872.53
1985     27       118456.89
1985     28       116829.21
1985     29       115873.23
1985     30       114393.66
1985     31       112759.84
1985     32       113176.57
1985     33       111454.56
1985     34       110057.38
1985     35       111338.92
1985     36       114673.59
1985     37       119702.58
1985     38       126977.20
1985     39       106955.13
1985     40        97882.95
1985     41        95127.09
1985     42        87721.52
1985     43        82443.98
1985     44        83211.16
1985     45        82688.02
1985     46        80501.04
1985     47        78295.84
1985     48        76059.51
1985     49        74799.84
1985     50        74766.51
1985     51        74015.60
1985     52        74583.12
1985     53        75381.12
1985     54        75831.61
1985     55        74464.69
1986     12        94654.17
1986     13       103269.68
1986     14       110987.75
1986     15       117186.02
1986     16       122381.34
1986     17       121845.61
1986     18       118757.06
1986     19       119934.59
1986     20       122615.35
1986     21       125397.66
1986     22       126411.99
1986     23       125565.63
1986     24       124941.27
1986     25       123706.07
1986     26       121480.39
1986     27       122031.99
1986     28       118597.55
1986     29       116995.02
1986     30       115933.00
1986     31       114467.01
1986     32       112760.43
1986     33       113221.33
1986     34       111486.62
1986     35       110050.22
1986     36       111306.05
1986     37       114705.21
1986     38       119661.87
1986     39       127004.03
1986     40       106989.30
1986     41        97821.38
1986     42        95116.28
1986     43        87731.31
1986     44        82402.64
1986     45        83157.24
1986     46        82578.96
1986     47        80393.86
1986     48        78206.68
1986     49        75888.34
1986     50        74655.60
1986     51        74601.03
1986     52        73770.21
1986     53        74285.35
1986     54        75061.54
1986     55        75500.12
1987     12        91783.54
1987     13        94848.13
1987     14       103444.93
1987     15       111331.06
1987     16       117739.74
1987     17       122925.84
1987     18       122627.32
1987     19       119589.86
1987     20       120726.70
1987     21       123337.81
1987     22       126041.42
1987     23       126918.49
1987     24       125990.55
1987     25       125387.08
1987     26       124053.60
1987     27       121759.89
1987     28       122281.95
1987     29       118792.93
1987     30       117163.48
1987     31       116075.67
1987     32       114549.92
1987     33       112857.78
1987     34       113285.07
1987     35       111512.31
1987     36       110098.46
1987     37       111347.95
1987     38       114729.18
1987     39       119747.27
1987     40       127015.72
1987     41       106985.19
1987     42        97867.06
1987     43        95107.40
1987     44        87673.76
1987     45        82366.84
1987     46        83035.05
1987     47        82483.05
1987     48        80278.89
1987     49        78054.76
1987     50        75755.15
1987     51        74514.43
1987     52        74364.29
1987     53        73526.24
1987     54        73985.83
1987     55        74746.17
1988     12        87845.33
1988     13        92025.41
1988     14        95033.54
1988     15       103818.95
1988     16       111806.78
1988     17       118381.52
1988     18       123775.17
1988     19       123569.02
1988     20       120503.53
1988     21       121482.82
1988     22       123995.89
1988     23       126585.69
1988     24       127476.40
1988     25       126449.56
1988     26       125822.25
1988     27       124411.28
1988     28       122134.31
1988     29       122555.06
1988     30       119002.96
1988     31       117260.18
1988     32       116255.18
1988     33       114717.93
1988     34       112944.89
1988     35       113353.78
1988     36       111644.59
1988     37       110172.12
1988     38       111434.33
1988     39       114797.16
1988     40       119686.47
1988     41       126976.84
1988     42       106925.76
1988     43        97785.92
1988     44        95029.37
1988     45        87571.10
1988     46        82254.28
1988     47        82926.70
1988     48        82318.62
1988     49        80099.77
1988     50        77865.53
1988     51        75566.40
1988     52        74287.45
1988     53        74129.13
1988     54        73297.77
1988     55        73682.48
1989     12        86992.92
1989     13        88114.06
1989     14        92313.31
1989     15        95465.24
1989     16       104395.88
1989     17       112566.05
1989     18       119334.17
1989     19       124677.34
1989     20       124443.52
1989     21       121118.74
1989     22       121989.58
1989     23       124430.61
1989     24       127013.38
1989     25       127826.93
1989     26       126762.00
1989     27       126049.20
1989     28       124629.45
1989     29       122302.92
1989     30       122594.26
1989     31       119024.98
1989     32       117406.94
1989     33       116311.12
1989     34       114721.20
1989     35       112975.57
1989     36       113424.04
1989     37       111663.38
1989     38       110188.22
1989     39       111485.82
1989     40       114802.29
1989     41       119638.16
1989     42       126931.20
1989     43       106867.39
1989     44        97721.95
1989     45        94893.88
1989     46        87471.35
1989     47        82154.82
1989     48        82784.85
1989     49        82209.30
1989     50        79918.79
1989     51        77678.42
1989     52        75337.45
1989     53        74033.50
1989     54        73922.22
1989     55        72991.37
1990     12        87564.02
1990     13        87312.23
1990     14        88458.95
1990     15        92764.90
1990     16        96098.61
1990     17       105137.55
1990     18       113539.25
1990     19       120319.78
1990     20       125598.55
1990     21       125200.72
1990     22       121737.53
1990     23       122560.78
1990     24       124928.97
1990     25       127541.96
1990     26       128231.21
1990     27       127163.89
1990     28       126329.40
1990     29       124850.50
1990     30       122517.55
1990     31       122852.13
1990     32       119285.84
1990     33       117543.23
1990     34       116432.03
1990     35       114846.99
1990     36       113101.89
1990     37       113524.08
1990     38       111692.31
1990     39       110277.64
1990     40       111576.55
1990     41       114794.38
1990     42       119683.10
1990     43       126877.71
1990     44       106820.83
1990     45        97614.66
1990     46        94823.33
1990     47        87368.18
1990     48        82056.19
1990     49        82712.42
1990     50        82086.42
1990     51        79758.09
1990     52        77450.15
1990     53        75095.21
1990     54        73801.61
1990     55        73631.55
1991     12        87568.13
1991     13        87910.84
1991     14        87647.98
1991     15        88865.60
1991     16        93341.62
1991     17        96796.26
1991     18       106142.46
1991     19       114748.26
1991     20       121413.38
1991     21       126614.10
1991     22       126067.57
1991     23       122557.42
1991     24       123312.20
1991     25       125624.91
1991     26       128181.00
1991     27       128889.05
1991     28       127660.33
1991     29       126791.30
1991     30       125312.57
1991     31       122963.46
1991     32       123256.96
1991     33       119631.76
1991     34       117831.41
1991     35       116692.20
1991     36       115083.60
1991     37       113291.67
1991     38       113668.51
1991     39       111813.84
1991     40       110431.62
1991     41       111619.48
1991     42       114884.57
1991     43       119655.74
1991     44       126840.82
1991     45       106760.24
1991     46        97555.52
1991     47        94706.46
1991     48        87291.23
1991     49        81922.28
1991     50        82582.54
1991     51        81930.70
1991     52        79534.80
1991     53        77253.45
1991     54        74882.52
1991     55        73564.71
1992     12        88738.14
1992     13        87923.34
1992     14        88227.07
1992     15        88039.11
1992     16        89399.56
1992     17        94044.04
1992     18        97769.73
1992     19       107391.31
1992     20       115795.32
1992     21       122420.57
1992     22       127532.45
1992     23       126982.94
1992     24       123439.65
1992     25       124035.41
1992     26       126279.28
1992     27       128844.62
1992     28       129475.81
1992     29       128281.02
1992     30       127244.35
1992     31       125770.18
1992     32       123365.51
1992     33       123559.58
1992     34       119935.70
1992     35       118090.09
1992     36       116940.85
1992     37       115228.32
1992     38       113442.69
1992     39       113791.30
1992     40       111950.91
1992     41       110493.56
1992     42       111711.21
1992     43       114863.73
1992     44       119633.00
1992     45       126757.41
1992     46       106666.44
1992     47        97447.06
1992     48        94604.31
1992     49        87102.29
1992     50        81769.21
1992     51        82395.72
1992     52        81717.06
1992     53        79314.63
1992     54        77009.25
1992     55        74626.34
1993     12        90816.17
1993     13        89101.05
1993     14        88252.06
1993     15        88631.32
1993     16        88558.01
1993     17        90042.39
1993     18        94973.26
1993     19        98868.48
1993     20       108433.56
1993     21       116821.61
1993     22       123348.21
1993     23       128469.96
1993     24       127844.70
1993     25       124224.61
1993     26       124669.65
1993     27       126929.77
1993     28       129511.25
1993     29       130152.96
1993     30       128735.06
1993     31       127698.42
1993     32       126106.33
1993     33       123703.53
1993     34       123880.72
1993     35       120223.31
1993     36       118384.22
1993     37       117096.33
1993     38       115352.23
1993     39       113584.49
1993     40       113872.99
1993     41       112045.87
1993     42       110537.99
1993     43       111695.66
1993     44       114840.98
1993     45       119546.85
1993     46       126646.62
1993     47       106500.66
1993     48        97293.75
1993     49        94388.66
1993     50        86891.97
1993     51        81578.22
1993     52        82173.52
1993     53        81460.04
1993     54        79058.50
1993     55        76711.91
1994     12        88208.74
1994     13        91150.70
1994     14        89434.57
1994     15        88589.72
1994     16        89071.88
1994     17        89094.11
1994     18        90784.74
1994     19        95868.38
1994     20        99722.55
1994     21       109209.78
1994     22       117455.73
1994     23       123993.76
1994     24       128969.89
1994     25       128378.07
1994     26       124595.72
1994     27       125026.94
1994     28       127290.18
1994     29       129884.95
1994     30       130413.58
1994     31       128982.51
1994     32       127856.33
1994     33       126357.82
1994     34       123885.98
1994     35       124057.36
1994     36       120398.40
1994     37       118477.92
1994     38       117176.34
1994     39       115426.03
1994     40       113606.38
1994     41       113906.36
1994     42       112018.63
1994     43       110452.07
1994     44       111630.66
1994     45       114720.01
1994     46       119381.34
1994     47       126385.41
1994     48       106285.08
1994     49        97066.76
1994     50        94105.16
1994     51        86669.80
1994     52        81301.91
1994     53        81920.75
1994     54        81152.12
1994     55        78736.09
1995     12        86187.80
1995     13        88417.71
1995     14        91398.72
1995     15        89655.27
1995     16        88913.99
1995     17        89430.69
1995     18        89624.43
1995     19        91472.58
1995     20        96490.15
1995     21       100264.63
1995     22       109618.92
1995     23       117843.55
1995     24       124289.98
1995     25       129230.48
1995     26       128529.08
1995     27       124709.86
1995     28       125171.49
1995     29       127384.75
1995     30       129928.64
1995     31       130474.34
1995     32       128991.00
1995     33       127895.97
1995     34       126355.66
1995     35       123943.08
1995     36       124073.51
1995     37       120422.46
1995     38       118470.36
1995     39       117143.54
1995     40       115378.36
1995     41       113533.78
1995     42       113786.66
1995     43       111874.54
1995     44       110328.12
1995     45       111452.60
1995     46       114493.57
1995     47       119132.41
1995     48       126099.97
1995     49       105985.46
1995     50        96745.64
1995     51        93780.87
1995     52        86344.32
1995     53        81020.88
1995     54        81553.65
1995     55        80825.89
1996     12        87635.51
1996     13        86369.81
1996     14        88663.79
1996     15        91608.07
1996     16        89951.05
1996     17        89201.44
1996     18        90038.54
1996     19        90552.72
1996     20        92207.90
1996     21        97236.02
1996     22       100934.80
1996     23       110265.65
1996     24       118454.01
1996     25       124732.48
1996     26       129604.75
1996     27       128853.68
1996     28       124971.60
1996     29       125351.66
1996     30       127478.81
1996     31       129989.93
1996     32       130527.80
1996     33       129071.28
1996     34       127909.83
1996     35       126448.44
1996     36       123986.79
1996     37       124076.04
1996     38       120370.10
1996     39       118424.58
1996     40       117069.81
1996     41       115314.90
1996     42       113387.18
1996     43       113627.02
1996     44       111721.69
1996     45       110122.06
1996     46       111248.45
1996     47       114253.40
1996     48       118851.14
1996     49       125712.43
1996     50       105627.52
1996     51        96428.45
1996     52        93419.27
1996     53        86002.52
1996     54        80696.30
1996     55        81201.97
1997     12        89329.35
1997     13        87899.86
1997     14        86638.43
1997     15        88978.16
1997     16        91951.30
1997     17        90336.37
1997     18        89969.28
1997     19        91225.59
1997     20        91460.32
1997     21        93169.95
1997     22        98192.23
1997     23       101831.23
1997     24       111063.52
1997     25       119145.88
1997     26       125264.41
1997     27       130149.08
1997     28       129256.95
1997     29       125283.87
1997     30       125648.75
1997     31       127653.88
1997     32       130192.98
1997     33       130709.62
1997     34       129221.65
1997     35       128042.56
1997     36       126502.32
1997     37       124028.82
1997     38       124081.24
1997     39       120360.81
1997     40       118372.63
1997     41       117019.94
1997     42       115214.80
1997     43       113276.63
1997     44       113468.42
1997     45       111536.89
1997     46       109924.86
1997     47       111018.76
1997     48       113998.97
1997     49       118512.38
1997     50       125325.71
1997     51       105331.60
1997     52        96081.04
1997     53        93073.66
1997     54        85672.59
1997     55        80352.95
1998     12        92748.33
1998     13        89669.64
1998     14        88222.50
1998     15        87034.18
1998     16        89449.43
1998     17        92477.20
1998     18        91201.36
1998     19        91190.35
1998     20        92205.37
1998     21        92576.71
1998     22        94207.10
1998     23        99259.06
1998     24       102758.70
1998     25       111900.69
1998     26       119834.52
1998     27       125909.83
1998     28       130772.07
1998     29       129684.69
1998     30       125765.31
1998     31       126032.60
1998     32       127995.58
1998     33       130515.13
1998     34       131021.47
1998     35       129404.94
1998     36       128225.24
1998     37       126645.86
1998     38       124161.88
1998     39       124134.58
1998     40       120397.59
1998     41       118375.10
1998     42       116987.98
1998     43       115196.42
1998     44       113140.80
1998     45       113343.46
1998     46       111388.21
1998     47       109728.34
1998     48       110806.62
1998     49       113698.19
1998     50       118229.65
1998     51       124993.61
1998     52       104978.11
1998     53        95747.72
1998     54        92726.60
1998     55        85366.97
1999     12        94075.00
1999     13        93109.55
1999     14        90062.70
1999     15        88645.91
1999     16        87582.94
1999     17        89997.34
1999     18        93377.38
1999     19        92476.44
1999     20        92184.03
1999     21        93355.17
1999     22        93686.54
1999     23        95243.89
1999     24       100257.22
1999     25       103650.01
1999     26       112767.20
1999     27       120564.71
1999     28       126612.08
1999     29       131295.23
1999     30       130178.54
1999     31       126220.44
1999     32       126416.29
1999     33       128393.84
1999     34       130851.77
1999     35       131244.02
1999     36       129688.50
1999     37       128414.82
1999     38       126828.32
1999     39       124286.40
1999     40       124221.74
1999     41       120443.01
1999     42       118384.60
1999     43       116979.50
1999     44       115123.18
1999     45       113041.31
1999     46       113227.38
1999     47       111228.16
1999     48       109530.80
1999     49       110520.22
1999     50       113449.62
1999     51       117938.42
1999     52       124612.12
1999     53       104602.82
1999     54        95393.64
1999     55        92365.04
2000     12        94500.10
2000     13        94444.15
2000     14        93501.34
2000     15        90531.64
2000     16        89261.83
2000     17        88163.31
2000     18        90940.10
2000     19        94755.75
2000     20        93575.12
2000     21        93350.77
2000     22        94626.35
2000     23        94773.76
2000     24        96307.48
2000     25       101263.94
2000     26       104604.95
2000     27       113675.56
2000     28       121349.23
2000     29       127291.23
2000     30       131924.57
2000     31       130701.28
2000     32       126681.55
2000     33       126843.46
2000     34       128739.03
2000     35       131220.81
2000     36       131531.32
2000     37       129893.45
2000     38       128576.72
2000     39       127019.95
2000     40       124428.67
2000     41       124343.64
2000     42       120481.10
2000     43       118420.99
2000     44       116985.85
2000     45       115021.58
2000     46       112940.73
2000     47       113074.65
2000     48       111046.81
2000     49       109321.51
2000     50       110284.50
2000     51       113190.89
2000     52       117602.05
2000     53       124210.57
2000     54       104250.60
2000     55        95020.90
2001     12        95031.25
2001     13        94850.33
2001     14        94813.57
2001     15        93969.32
2001     16        91192.34
2001     17        89976.65
2001     18        89228.66
2001     19        92424.10
2001     20        96030.39
2001     21        94875.11
2001     22        94745.45
2001     23        95955.46
2001     24        96076.96
2001     25        97494.83
2001     26       102395.49
2001     27       105624.86
2001     28       114595.90
2001     29       122157.42
2001     30       128061.55
2001     31       132543.63
2001     32       131230.37
2001     33       127128.83
2001     34       127235.25
2001     35       129165.65
2001     36       131562.90
2001     37       131701.37
2001     38       130088.82
2001     39       128749.95
2001     40       127169.01
2001     41       124552.49
2001     42       124406.64
2001     43       120533.32
2001     44       118423.15
2001     45       116894.07
2001     46       114907.52
2001     47       112774.45
2001     48       112881.80
2001     49       110857.37
2001     50       109078.89
2001     51       110035.51
2001     52       112829.83
2001     53       117232.91
2001     54       123780.14
2001     55       103874.93
2002     12        98094.97
2002     13        95296.84
2002     14        95167.99
2002     15        95230.28
2002     16        94580.76
2002     17        91893.12
2002     18        90995.01
2002     19        90663.00
2002     20        93605.84
2002     21        97378.38
2002     22        96248.10
2002     23        96029.89
2002     24        97153.29
2002     25        97243.27
2002     26        98491.57
2002     27       103236.58
2002     28       106409.66
2002     29       115249.30
2002     30       122712.95
2002     31       128484.03
2002     32       132884.25
2002     33       131489.50
2002     34       127375.15
2002     35       127479.99
2002     36       129391.75
2002     37       131643.26
2002     38       131822.11
2002     39       130125.71
2002     40       128842.30
2002     41       127178.92
2002     42       124532.81
2002     43       124378.23
2002     44       120463.18
2002     45       118295.92
2002     46       116708.56
2002     47       114725.79
2002     48       112503.46
2002     49       112636.14
2002     50       110535.01
2002     51       108776.15
2002     52       109664.57
2002     53       112416.65
2002     54       116732.05
2002     55       123279.32
2003     12       100138.81
2003     13        98259.11
2003     14        95482.19
2003     15        95418.91
2003     16        95588.29
2003     17        94992.74
2003     18        92713.08
2003     19        92307.81
2003     20        91703.71
2003     21        94803.27
2003     22        98641.76
2003     23        97281.99
2003     24        96992.66
2003     25        98054.64
2003     26        97934.29
2003     27        99002.48
2003     28       103766.62
2003     29       106801.02
2003     30       115559.87
2003     31       122939.03
2003     32       128621.16
2003     33       132947.33
2003     34       131529.04
2003     35       127452.04
2003     36       127505.06
2003     37       129355.74
2003     38       131645.54
2003     39       131758.55
2003     40       130127.67
2003     41       128732.48
2003     42       127052.88
2003     43       124370.31
2003     44       124209.19
2003     45       120261.46
2003     46       118046.25
2003     47       116471.44
2003     48       114424.71
2003     49       112188.96
2003     50       112234.63
2003     51       110152.85
2003     52       108375.37
2003     53       109201.00
2003     54       111902.69
2003     55       116185.64
2004     12        99348.00
2004     13       100150.67
2004     14        98268.71
2004     15        95539.25
2004     16        95465.21
2004     17        95748.70
2004     18        95614.09
2004     19        93784.90
2004     20        93202.03
2004     21        92729.80
2004     22        95875.42
2004     23        99498.13
2004     24        98056.90
2004     25        97615.58
2004     26        98610.98
2004     27        98250.47
2004     28        99294.84
2004     29       103989.17
2004     30       106910.14
2004     31       115638.49
2004     32       122959.27
2004     33       128568.10
2004     34       132829.22
2004     35       131454.78
2004     36       127318.41
2004     37       127327.58
2004     38       129248.97
2004     39       131486.80
2004     40       131593.71
2004     41       129911.71
2004     42       128572.06
2004     43       126786.18
2004     44       124131.16
2004     45       123926.17
2004     46       119943.41
2004     47       117744.30
2004     48       116140.49
2004     49       114029.73
2004     50       111810.78
2004     51       111810.55
2004     52       109694.27
2004     53       107899.35
2004     54       108680.93
2004     55       111374.79
2005     12        97493.19
2005     13        99246.21
2005     14       100085.03
2005     15        98232.24
2005     16        95515.92
2005     17        95582.18
2005     18        96104.41
2005     19        96257.53
2005     20        94413.59
2005     21        94045.64
2005     22        93576.71
2005     23        96598.85
2005     24       100081.23
2005     25        98498.26
2005     26        98011.75
2005     27        98848.85
2005     28        98331.13
2005     29        99331.47
2005     30       103933.74
2005     31       106797.45
2005     32       115515.99
2005     33       122728.31
2005     34       128306.90
2005     35       132589.67
2005     36       131162.83
2005     37       126994.35
2005     38       127059.42
2005     39       128956.83
2005     40       131173.07
2005     41       131325.19
2005     42       129658.15
2005     43       128271.73
2005     44       126481.67
2005     45       123789.22
2005     46       123550.85
2005     47       119565.40
2005     48       117348.36
2005     49       115696.14
2005     50       113622.27
2005     51       111375.28
2005     52       111330.62
2005     53       109201.81
2005     54       107376.72
2005     55       108147.86
2006     12        97664.80
2006     13        97363.11
2006     14        99157.83
2006     15       100018.89
2006     16        98221.24
2006     17        95575.47
2006     18        95755.88
2006     19        96495.48
2006     20        96708.72
2006     21        94980.73
2006     22        94714.33
2006     23        94198.70
2006     24        96993.84
2006     25       100321.60
2006     26        98614.00
2006     27        98141.24
2006     28        98790.48
2006     29        98194.73
2006     30        99175.78
2006     31       103707.87
2006     32       106531.45
2006     33       115152.66
2006     34       122346.05
2006     35       127961.30
2006     36       132223.38
2006     37       130753.77
2006     38       126589.57
2006     39       126701.32
2006     40       128560.93
2006     41       130846.15
2006     42       130972.25
2006     43       129344.08
2006     44       127900.30
2006     45       126132.16
2006     46       123400.65
2006     47       123121.33
2006     48       119167.79
2006     49       116897.73
2006     50       115248.89
2006     51       113173.81
2006     52       110900.47
2006     53       110798.59
2006     54       108707.31
2006     55       106798.45
2007     12        95879.26
2007     13        97582.78
2007     14        97309.61
2007     15        99134.00
2007     16       100086.69
2007     17        98287.70
2007     18        95809.66
2007     19        96356.39
2007     20        97186.77
2007     21        97457.62
2007     22        95775.22
2007     23        95431.84
2007     24        94654.28
2007     25        97403.98
2007     26       100585.63
2007     27        98876.13
2007     28        98220.56
2007     29        98875.64
2007     30        98131.82
2007     31        99088.49
2007     32       103520.80
2007     33       106299.25
2007     34       114848.24
2007     35       122081.86
2007     36       127647.44
2007     37       131897.52
2007     38       130352.30
2007     39       126308.51
2007     40       126371.02
2007     41       128251.97
2007     42       130516.19
2007     43       130656.98
2007     44       128987.50
2007     45       127593.65
2007     46       125787.19
2007     47       123040.96
2007     48       122747.51
2007     49       118754.39
2007     50       116498.58
2007     51       114820.48
2007     52       112698.51
2007     53       110385.94
2007     54       110340.15
2007     55       108139.16
2008     12        93463.55
2008     13        95920.66
2008     14        97627.05
2008     15        97358.09
2008     16        99272.18
2008     17       100251.65
2008     18        98742.79
2008     19        96795.60
2008     20        97601.84
2008     21        98522.39
2008     22        98774.10
2008     23        96946.34
2008     24        96410.44
2008     25        95630.11
2008     26        98142.30
2008     27       101197.66
2008     28        99411.72
2008     29        98678.70
2008     30        99112.09
2008     31        98389.27
2008     32        99230.76
2008     33       103629.43
2008     34       106318.04
2008     35       114856.51
2008     36       121974.65
2008     37       127556.79
2008     38       131720.04
2008     39       130233.40
2008     40       126142.88
2008     41       126162.46
2008     42       128082.96
2008     43       130299.60
2008     44       130417.04
2008     45       128758.94
2008     46       127350.15
2008     47       125540.96
2008     48       122749.32
2008     49       122385.30
2008     50       118403.85
2008     51       116133.64
2008     52       114403.97
2008     53       112238.99
2008     54       109953.94
2008     55       109858.72
2009     12        95443.00
2009     13        93601.96
2009     14        96042.44
2009     15        97782.32
2009     16        97537.67
2009     17        99505.35
2009     18       100842.59
2009     19        99955.86
2009     20        98371.41
2009     21        99318.19
2009     22       100132.39
2009     23       100245.37
2009     24        98231.43
2009     25        97612.24
2009     26        96565.70
2009     27        98924.05
2009     28       101976.02
2009     29        99988.38
2009     30        99070.64
2009     31        99544.16
2009     32        98732.51
2009     33        99498.92
2009     34       103854.97
2009     35       106502.72
2009     36       114925.35
2009     37       122070.05
2009     38       127606.28
2009     39       131712.72
2009     40       130219.15
2009     41       126073.50
2009     42       126135.40
2009     43       128010.01
2009     44       130200.25
2009     45       130307.54
2009     46       128619.00
2009     47       127172.05
2009     48       125324.38
2009     49       122495.90
2009     50       122068.24
2009     51       118085.55
2009     52       115778.34
2009     53       114007.74
2009     54       111815.31
2009     55       109511.19
2010     12        96207.69
2010     13        95595.23
2010     14        93766.21
2010     15        96247.75
2010     16        98000.45
2010     17        97782.17
2010     18       100179.65
2010     19       102151.33
2010     20       101745.10
2010     21       100285.14
2010     22       101017.12
2010     23       101676.05
2010     24       101617.43
2010     25        99392.24
2010     26        98551.71
2010     27        97315.62
2010     28        99574.18
2010     29       102490.16
2010     30       100419.40
2010     31        99443.45
2010     32        99836.44
2010     33        98965.60
2010     34        99717.56
2010     35       104006.37
2010     36       106654.18
2010     37       115092.68
2010     38       122170.11
2010     39       127648.14
2010     40       131734.29
2010     41       130228.99
2010     42       126093.26
2010     43       126095.70
2010     44       127971.36
2010     45       130126.64
2010     46       130192.87
2010     47       128443.82
2010     48       126998.54
2010     49       125131.34
2010     50       122214.75
2010     51       121726.63
2010     52       117747.30
2010     53       115421.47
2010     54       113602.54
2010     55       111349.94
2011     12        98579.56
2011     13        96321.44
2011     14        95732.34
2011     15        93941.39
2011     16        96462.30
2011     17        98249.84
2011     18        98566.42
2011     19       101638.15
2011     20       104040.79
2011     21       103697.14
2011     22       101949.82
2011     23       102532.33
2011     24       102952.57
2011     25       102634.70
2011     26       100269.23
2011     27        99141.36
2011     28        97833.28
2011     29        99950.09
2011     30       102894.65
2011     31       100668.90
2011     32        99619.76
2011     33        99987.46
2011     34        99184.63
2011     35        99788.61
2011     36       104170.76
2011     37       106817.33
2011     38       115154.85
2011     39       122179.96
2011     40       127608.73
2011     41       131761.43
2011     42       130225.94
2011     43       126053.09
2011     44       126029.28
2011     45       127902.40
2011     46       130015.29
2011     47       130015.62
2011     48       128266.98
2011     49       126787.27
2011     50       124873.91
2011     51       121888.42
2011     52       121392.94
2011     53       117370.42
2011     54       115021.21
2011     55       113149.44
2012     12       100259.09
2012     13        98663.76
2012     14        96416.30
2012     15        95856.35
2012     16        94144.86
2012     17        96695.98
2012     18        99126.35
2012     19       100182.20
2012     20       103455.09
2012     21       105745.54
2012     22       105048.51
2012     23       103103.76
2012     24       103355.83
2012     25       103550.67
2012     26       103177.15
2012     27       100628.48
2012     28        99494.99
2012     29        98103.25
2012     30       100255.64
2012     31       102991.65
2012     32       100783.72
2012     33        99744.18
2012     34       100107.85
2012     35        99217.28
2012     36        99892.00
2012     37       104226.37
2012     38       106813.41
2012     39       115144.42
2012     40       122089.69
2012     41       127619.65
2012     42       131663.26
2012     43       130152.27
2012     44       125976.08
2012     45       125959.49
2012     46       127786.61
2012     47       129794.35
2012     48       129798.09
2012     49       128079.24
2012     50       126526.54
2012     51       124545.98
2012     52       121580.73
2012     53       121009.07
2012     54       116961.20
2012     55       114556.35
2013     12       100534.18
2013     13       100356.15
2013     14        98779.79
2013     15        96526.12
2013     16        96044.35
2013     17        94348.31
2013     18        97731.48
2013     19       100853.53
2013     20       101879.52
2013     21       104911.23
2013     22       106883.17
2013     23       105873.07
2013     24       103647.61
2013     25       103643.19
2013     26       103748.33
2013     27       103416.63
2013     28       100908.88
2013     29        99700.85
2013     30        98281.41
2013     31       100283.27
2013     32       103097.33
2013     33       100871.15
2013     34        99801.96
2013     35       100132.54
2013     36        99295.43
2013     37        99859.75
2013     38       104193.10
2013     39       106802.54
2013     40       115065.13
2013     41       122089.68
2013     42       127564.59
2013     43       131588.22
2013     44       130064.83
2013     45       125854.46
2013     46       125812.52
2013     47       127589.27
2013     48       129584.86
2013     49       129592.26
2013     50       127798.98
2013     51       126209.44
2013     52       124250.48
2013     53       121225.00
2013     54       120589.22
2013     55       116514.88
2014     12        98837.16
2014     13       100713.75
2014     14       100532.32
2014     15        98941.44
2014     16        96721.85
2014     17        96290.80
2014     18        95542.17
2014     19        99619.89
2014     20       102676.65
2014     21       103253.75
2014     22       106032.23
2014     23       107658.66
2014     24       106513.25
2014     25       104046.31
2014     26       103990.82
2014     27       104141.03
2014     28       103816.71
2014     29       101269.43
2014     30        99969.24
2014     31        98484.24
2014     32       100513.88
2014     33       103255.52
2014     34       101040.21
2014     35        99940.48
2014     36       100281.85
2014     37        99361.49
2014     38        99930.74
2014     39       104255.54
2014     40       106844.29
2014     41       115100.92
2014     42       122124.87
2014     43       127575.70
2014     44       131512.03
2014     45       129978.16
2014     46       125753.05
2014     47       125669.76
2014     48       127444.01
2014     49       129359.82
2014     50       129355.12
2014     51       127517.87
2014     52       125907.21
2014     53       123906.10
2014     54       120838.24
2014     55       120184.51
2015     12        99040.25
2015     13        99121.92
2015     14       100947.34
2015     15       100789.01
2015     16        99246.95
2015     17        97110.44
2015     18        97713.09
2015     19        97654.49
2015     20       101672.13
2015     21       104208.29
2015     22       104594.56
2015     23       107169.75
2015     24       108556.04
2015     25       107146.52
2015     26       104639.63
2015     27       104607.49
2015     28       104700.87
2015     29       104443.10
2015     30       101790.56
2015     31       100392.80
2015     32        98967.66
2015     33       100833.75
2015     34       103585.23
2015     35       101319.12
2015     36       100206.81
2015     37       100470.63
2015     38        99562.48
2015     39       100134.15
2015     40       104468.65
2015     41       106929.71
2015     42       115198.91
2015     43       122181.05
2015     44       127595.26
2015     45       131509.22
2015     46       129960.55
2015     47       125646.23
2015     48       125582.14
2015     49       127281.21
2015     50       129139.53
2015     51       129091.07
2015     52       127245.74
2015     53       125560.89
2015     54       123531.45
2015     55       120416.33
2016     12        96819.09
2016     13        99415.68
2016     14        99477.46
2016     15       101348.49
2016     16       101254.97
2016     17        99816.01
2016     18        98854.76
2016     19       100233.09
2016     20       100022.67
2016     21       103546.28
2016     22       105728.13
2016     23       106120.35
2016     24       108329.40
2016     25       109393.82
2016     26       108056.65
2016     27       105493.06
2016     28       105388.17
2016     29       105489.42
2016     30       105168.49
2016     31       102396.78
2016     32       101074.40
2016     33        99455.11
2016     34       101303.71
2016     35       103970.76
2016     36       101735.27
2016     37       100538.68
2016     38       100784.16
2016     39        99856.54
2016     40       100449.10
2016     41       104683.78
2016     42       107182.37
2016     43       115357.63
2016     44       122337.62
2016     45       127669.91
2016     46       131552.80
2016     47       130000.23
2016     48       125630.05
2016     49       125535.05
2016     50       127120.37
2016     51       128906.33
2016     52       128853.75
2016     53       126935.30
2016     54       125207.10
2016     55       123132.02
2017     12        94840.92
2017     13        97245.67
2017     14        99886.07
2017     15        99969.82
2017     16       101843.66
2017     17       101890.71
2017     18       101939.30
2017     19       101913.13
2017     20       102984.03
2017     21       101993.73
2017     22       104999.54
2017     23       107419.76
2017     24       107458.08
2017     25       109399.51
2017     26       110600.24
2017     27       109094.13
2017     28       106540.97
2017     29       106352.99
2017     30       106386.20
2017     31       105957.12
2017     32       103188.17
2017     33       101808.37
2017     34       100128.99
2017     35       101826.32
2017     36       104528.33
2017     37       102241.86
2017     38       101017.80
2017     39       101171.77
2017     40       100226.79
2017     41       100793.44
2017     42       105057.29
2017     43       107474.86
2017     44       115586.09
2017     45       122533.51
2017     46       127804.97
2017     47       131702.12
2017     48       130069.74
2017     49       125682.72
2017     50       125504.16
2017     51       126998.68
2017     52       128757.18
2017     53       128611.13
2017     54       126658.39
2017     55       124860.97
2018     12        92570.43
2018     13        95268.59
2018     14        97670.03
2018     15       100308.09
2018     16       100404.91
2018     17       102407.86
2018     18       104385.33
2018     19       105524.09
2018     20       104626.36
2018     21       104894.30
2018     22       103510.07
2018     23       106686.78
2018     24       108769.42
2018     25       108601.33
2018     26       110598.79
2018     27       111784.26
2018     28       110257.71
2018     29       107705.26
2018     30       107398.70
2018     31       107362.67
2018     32       106849.46
2018     33       104051.29
2018     34       102656.00
2018     35       100784.63
2018     36       102486.35
2018     37       105112.05
2018     38       102834.92
2018     39       101527.41
2018     40       101636.64
2018     41       100715.50
2018     42       101217.89
2018     43       105415.71
2018     44       107769.12
2018     45       115905.48
2018     46       122744.82
2018     47       127952.04
2018     48       131845.84
2018     49       130118.47
2018     50       125721.10
2018     51       125484.72
2018     52       126935.00
2018     53       128560.77
2018     54       128384.78
2018     55       126342.72
2019     12        92124.72
2019     13        92988.51
2019     14        95674.85
2019     15        98042.37
2019     16       100725.21
2019     17       100997.90
2019     18       105218.89
2019     19       108436.64
2019     20       108398.87
2019     21       106471.81
2019     22       106551.54
2019     23       105220.97
2019     24       108105.21
2019     25       110151.27
2019     26       110047.13
2019     27       112115.72
2019     28       113135.32
2019     29       111629.77
2019     30       109075.00
2019     31       108585.21
2019     32       108382.73
2019     33       107933.88
2019     34       104996.49
2019     35       103526.79
2019     36       101607.34
2019     37       103230.82
2019     38       105796.99
2019     39       103544.38
2019     40       102120.17
2019     41       102280.91
2019     42       101236.68
2019     43       101645.23
2019     44       105827.53
2019     45       108187.81
2019     46       116209.11
2019     47       122949.98
2019     48       128187.58
2019     49       131972.11
2019     50       130195.13
2019     51       125712.75
2019     52       125454.34
2019     53       126813.40
2019     54       128354.25
2019     55       128133.84
