AZ: AZ, Lifetables (period 1x10), Both sexes Last modified: February 4 2025, MPv5 (May07) 

Year     	Age	mx	qx	ax	lx	dx	Lx	Tx	ex
1941-1949	0	0.06637	0.06315	0.23	100000	6315	95148	6227111	62.27
1941-1949	1	0.01087	0.01081	0.5	93685	1013	93179	6131963	65.45
1941-1949	2	0.00451	0.00450	0.5	92673	417	92464	6038784	65.16
1941-1949	3	0.00288	0.00288	0.5	92255	265	92123	5946320	64.46
1941-1949	4	0.00189	0.00189	0.5	91990	174	91903	5854197	63.64
1941-1949	5	0.00148	0.00148	0.5	91816	136	91748	5762294	62.76
1941-1949	6	0.00136	0.00136	0.5	91680	124	91618	5670546	61.85
1941-1949	7	0.00125	0.00125	0.5	91556	115	91499	5578928	60.93
1941-1949	8	0.00117	0.00117	0.5	91441	107	91388	5487429	60.01
1941-1949	9	0.00110	0.00110	0.5	91334	101	91284	5396042	59.08
1941-1949	10	0.00106	0.00106	0.5	91234	96	91186	5304758	58.14
1941-1949	11	0.00106	0.00106	0.5	91137	96	91089	5213572	57.21
1941-1949	12	0.00112	0.00112	0.5	91041	102	90990	5122483	56.27
1941-1949	13	0.00125	0.00125	0.5	90939	113	90882	5031493	55.33
1941-1949	14	0.00143	0.00143	0.5	90825	130	90760	4940611	54.40
1941-1949	15	0.00166	0.00166	0.5	90696	151	90620	4849851	53.47
1941-1949	16	0.00193	0.00193	0.5	90545	175	90458	4759230	52.56
1941-1949	17	0.00223	0.00223	0.5	90370	201	90270	4668772	51.66
1941-1949	18	0.00257	0.00257	0.5	90169	231	90053	4578503	50.78
1941-1949	19	0.00294	0.00293	0.5	89938	264	89806	4488449	49.91
1941-1949	20	0.00331	0.00331	0.5	89674	296	89526	4398644	49.05
1941-1949	21	0.00360	0.00359	0.5	89377	321	89217	4309118	48.21
1941-1949	22	0.00377	0.00376	0.5	89056	335	88888	4219901	47.38
1941-1949	23	0.00383	0.00382	0.5	88721	339	88551	4131013	46.56
1941-1949	24	0.00376	0.00375	0.5	88382	332	88216	4042461	45.74
1941-1949	25	0.00360	0.00359	0.5	88050	316	87892	3954245	44.91
1941-1949	26	0.00346	0.00345	0.5	87734	303	87583	3866353	44.07
1941-1949	27	0.00337	0.00337	0.5	87431	294	87284	3778771	43.22
1941-1949	28	0.00336	0.00336	0.5	87137	293	86991	3691487	42.36
1941-1949	29	0.00341	0.00341	0.5	86844	296	86696	3604496	41.51
1941-1949	30	0.00352	0.00351	0.5	86548	304	86396	3517800	40.65
1941-1949	31	0.00364	0.00363	0.5	86244	313	86088	3431403	39.79
1941-1949	32	0.00380	0.00379	0.5	85931	326	85768	3345315	38.93
1941-1949	33	0.00402	0.00401	0.5	85605	343	85434	3259547	38.08
1941-1949	34	0.00428	0.00427	0.5	85262	364	85080	3174113	37.23
1941-1949	35	0.00459	0.00458	0.5	84898	389	84704	3089033	36.39
1941-1949	36	0.00487	0.00486	0.5	84509	410	84304	3004329	35.55
1941-1949	37	0.00511	0.00510	0.5	84099	429	83884	2920025	34.72
1941-1949	38	0.00536	0.00534	0.5	83670	447	83446	2836141	33.90
1941-1949	39	0.00558	0.00556	0.5	83223	463	82991	2752694	33.08
1941-1949	40	0.00572	0.00571	0.5	82760	472	82524	2669703	32.26
1941-1949	41	0.00586	0.00584	0.5	82288	480	82048	2587179	31.44
1941-1949	42	0.00617	0.00615	0.5	81807	503	81556	2505131	30.62
1941-1949	43	0.00666	0.00664	0.5	81304	540	81034	2423575	29.81
1941-1949	44	0.00719	0.00717	0.5	80765	579	80475	2342541	29.00
1941-1949	45	0.00783	0.00780	0.5	80186	626	79873	2262065	28.21
1941-1949	46	0.00844	0.00840	0.5	79560	668	79226	2182192	27.43
1941-1949	47	0.00902	0.00898	0.5	78892	708	78538	2102966	26.66
1941-1949	48	0.00969	0.00964	0.5	78184	754	77807	2024429	25.89
1941-1949	49	0.01047	0.01042	0.5	77430	807	77027	1946622	25.14
1941-1949	50	0.01133	0.01126	0.5	76623	863	76192	1869595	24.40
1941-1949	51	0.01195	0.01188	0.5	75760	900	75310	1793403	23.67
1941-1949	52	0.01259	0.01251	0.5	74860	936	74392	1718093	22.95
1941-1949	53	0.01343	0.01334	0.5	73924	986	73431	1643701	22.24
1941-1949	54	0.01435	0.01425	0.5	72938	1039	72418	1570270	21.53
1941-1949	55	0.01537	0.01525	0.5	71899	1097	71350	1497852	20.83
1941-1949	56	0.01634	0.01620	0.5	70802	1147	70228	1426502	20.15
1941-1949	57	0.01733	0.01718	0.5	69655	1197	69056	1356274	19.47
1941-1949	58	0.01854	0.01837	0.5	68458	1258	67829	1287218	18.80
1941-1949	59	0.01989	0.01970	0.5	67200	1324	66538	1219389	18.15
1941-1949	60	0.02134	0.02111	0.5	65877	1391	65181	1152850	17.50
1941-1949	61	0.02261	0.02235	0.5	64486	1442	63765	1087669	16.87
1941-1949	62	0.02411	0.02382	0.5	63044	1502	62294	1023904	16.24
1941-1949	63	0.02602	0.02569	0.5	61543	1581	60752	961610	15.63
1941-1949	64	0.02787	0.02749	0.5	59962	1648	59138	900858	15.02
1941-1949	65	0.02995	0.02951	0.5	58314	1721	57453	841720	14.43
1941-1949	66	0.03196	0.03146	0.5	56593	1780	55703	784267	13.86
1941-1949	67	0.03413	0.03356	0.5	54812	1839	53893	728564	13.29
1941-1949	68	0.03716	0.03648	0.5	52973	1932	52007	674671	12.74
1941-1949	69	0.04054	0.03974	0.5	51041	2028	50027	622665	12.20
1941-1949	70	0.04417	0.04321	0.5	49012	2118	47953	572638	11.68
1941-1949	71	0.04712	0.04603	0.5	46894	2159	45815	524685	11.19
1941-1949	72	0.05041	0.04917	0.5	44736	2200	43636	478870	10.70
1941-1949	73	0.05485	0.05339	0.5	42536	2271	41401	435234	10.23
1941-1949	74	0.05959	0.05786	0.5	40265	2330	39100	393833	9.78
1941-1949	75	0.06485	0.06281	0.5	37935	2383	36744	354733	9.35
1941-1949	76	0.06929	0.06697	0.5	35552	2381	34362	317989	8.94
1941-1949	77	0.07325	0.07066	0.5	33172	2344	32000	283627	8.55
1941-1949	78	0.07882	0.07583	0.5	30828	2338	29659	251627	8.16
1941-1949	79	0.08514	0.08166	0.5	28490	2327	27327	221969	7.79
1941-1949	80	0.09291	0.08878	0.5	26163	2323	25002	194642	7.44
1941-1949	81	0.09888	0.09422	0.5	23841	2246	22717	169640	7.12
1941-1949	82	0.10520	0.09994	0.5	21594	2158	20515	146922	6.80
1941-1949	83	0.11190	0.10597	0.5	19436	2060	18406	126407	6.50
1941-1949	84	0.11899	0.11231	0.5	17376	1952	16401	108001	6.22
1941-1949	85	0.12650	0.11897	0.5	15425	1835	14507	91600	5.94
1941-1949	86	0.13443	0.12596	0.5	13590	1712	12734	77093	5.67
1941-1949	87	0.14280	0.13328	0.5	11878	1583	11086	64359	5.42
1941-1949	88	0.15163	0.14094	0.5	10295	1451	9569	53273	5.17
1941-1949	89	0.16093	0.14894	0.5	8844	1317	8185	43703	4.94
1941-1949	90	0.17072	0.15729	0.5	7527	1184	6935	35518	4.72
1941-1949	91	0.18101	0.16599	0.5	6343	1053	5816	28583	4.51
1941-1949	92	0.19181	0.17502	0.5	5290	926	4827	22767	4.30
1941-1949	93	0.20312	0.18440	0.5	4364	805	3962	17940	4.11
1941-1949	94	0.21497	0.19410	0.5	3559	691	3214	13978	3.93
1941-1949	95	0.22734	0.20414	0.5	2868	586	2576	10764	3.75
1941-1949	96	0.24024	0.21448	0.5	2283	490	2038	8188	3.59
1941-1949	97	0.25367	0.22512	0.5	1793	404	1591	6150	3.43
1941-1949	98	0.26763	0.23604	0.5	1390	328	1226	4559	3.28
1941-1949	99	0.28209	0.24722	0.5	1062	262	930	3333	3.14
1941-1949	100	0.29705	0.25864	0.5	799	207	696	2403	3.01
1941-1949	101	0.31249	0.27027	0.5	592	160	512	1707	2.88
1941-1949	102	0.32839	0.28208	0.5	432	122	371	1195	2.76
1941-1949	103	0.34473	0.29404	0.5	310	91	265	823	2.65
1941-1949	104	0.36146	0.30613	0.5	219	67	186	559	2.55
1941-1949	105	0.37856	0.31831	0.5	152	48	128	373	2.45
1941-1949	106	0.39599	0.33054	0.5	104	34	87	245	2.37
1941-1949	107	0.41370	0.34279	0.5	69	24	57	159	2.29
1941-1949	108	0.43165	0.35503	0.5	46	16	38	101	2.22
1941-1949	109	0.44980	0.36721	0.5	29	11	24	64	2.17
1941-1949	110+	0.46808	1.00000	2.14	19	19	40	40	2.14
1950-1959	0	0.04049	0.03916	0.16	100000	3916	96711	6794149	67.94
1950-1959	1	0.00422	0.00421	0.5	96084	404	95882	6697438	69.70
1950-1959	2	0.00216	0.00216	0.5	95679	207	95576	6601557	69.00
1950-1959	3	0.00142	0.00142	0.5	95473	135	95405	6505980	68.14
1950-1959	4	0.00103	0.00103	0.5	95337	98	95288	6410575	67.24
1950-1959	5	0.00087	0.00086	0.5	95239	82	95198	6315287	66.31
1950-1959	6	0.00076	0.00076	0.5	95157	72	95120	6220089	65.37
1950-1959	7	0.00068	0.00068	0.5	95084	65	95052	6124969	64.42
1950-1959	8	0.00059	0.00059	0.5	95020	56	94992	6029917	63.46
1950-1959	9	0.00053	0.00053	0.5	94964	51	94938	5934925	62.50
1950-1959	10	0.00052	0.00052	0.5	94913	49	94889	5839987	61.53
1950-1959	11	0.00057	0.00057	0.5	94864	54	94837	5745098	60.56
1950-1959	12	0.00059	0.00059	0.5	94810	55	94782	5650261	59.60
1950-1959	13	0.00065	0.00065	0.5	94755	61	94724	5555479	58.63
1950-1959	14	0.00083	0.00083	0.5	94693	78	94654	5460755	57.67
1950-1959	15	0.00103	0.00103	0.5	94615	98	94566	5366101	56.72
1950-1959	16	0.00114	0.00114	0.5	94517	108	94463	5271535	55.77
1950-1959	17	0.00132	0.00132	0.5	94409	125	94347	5177072	54.84
1950-1959	18	0.00149	0.00149	0.5	94284	141	94214	5082725	53.91
1950-1959	19	0.00166	0.00166	0.5	94144	157	94065	4988511	52.99
1950-1959	20	0.00182	0.00182	0.5	93987	171	93902	4894446	52.08
1950-1959	21	0.00188	0.00188	0.5	93816	176	93728	4800544	51.17
1950-1959	22	0.00202	0.00202	0.5	93640	189	93545	4706816	50.27
1950-1959	23	0.00198	0.00198	0.5	93451	185	93358	4613271	49.37
1950-1959	24	0.00206	0.00205	0.5	93266	191	93170	4519912	48.46
1950-1959	25	0.00211	0.00211	0.5	93075	196	92977	4426742	47.56
1950-1959	26	0.00211	0.00210	0.5	92879	195	92781	4333765	46.66
1950-1959	27	0.00211	0.00211	0.5	92683	195	92586	4240984	45.76
1950-1959	28	0.00210	0.00210	0.5	92488	194	92391	4148399	44.85
1950-1959	29	0.00210	0.00210	0.5	92294	194	92197	4056008	43.95
1950-1959	30	0.00216	0.00216	0.5	92100	199	92001	3963811	43.04
1950-1959	31	0.00224	0.00224	0.5	91901	206	91798	3871811	42.13
1950-1959	32	0.00233	0.00233	0.5	91695	214	91589	3780012	41.22
1950-1959	33	0.00237	0.00236	0.5	91482	216	91374	3688424	40.32
1950-1959	34	0.00251	0.00250	0.5	91265	228	91151	3597050	39.41
1950-1959	35	0.00271	0.00270	0.5	91037	246	90914	3505899	38.51
1950-1959	36	0.00282	0.00282	0.5	90791	256	90663	3414985	37.61
1950-1959	37	0.00307	0.00306	0.5	90535	277	90396	3324322	36.72
1950-1959	38	0.00331	0.00331	0.5	90258	298	90109	3233926	35.83
1950-1959	39	0.00364	0.00363	0.5	89959	326	89796	3143817	34.95
1950-1959	40	0.00389	0.00388	0.5	89633	348	89459	3054021	34.07
1950-1959	41	0.00418	0.00417	0.5	89285	372	89099	2964562	33.20
1950-1959	42	0.00459	0.00458	0.5	88913	407	88709	2875463	32.34
1950-1959	43	0.00486	0.00484	0.5	88506	429	88291	2786753	31.49
1950-1959	44	0.00524	0.00522	0.5	88077	460	87847	2698462	30.64
1950-1959	45	0.00572	0.00570	0.5	87617	499	87367	2610615	29.80
1950-1959	46	0.00623	0.00621	0.5	87118	541	86847	2523247	28.96
1950-1959	47	0.00676	0.00673	0.5	86577	583	86286	2436400	28.14
1950-1959	48	0.00750	0.00747	0.5	85994	643	85673	2350114	27.33
1950-1959	49	0.00799	0.00796	0.5	85351	679	85012	2264442	26.53
1950-1959	50	0.00834	0.00831	0.5	84672	704	84321	2179430	25.74
1950-1959	51	0.00908	0.00904	0.5	83969	759	83589	2095109	24.95
1950-1959	52	0.00997	0.00992	0.5	83209	825	82797	2011520	24.17
1950-1959	53	0.01108	0.01102	0.5	82384	908	81930	1928723	23.41
1950-1959	54	0.01171	0.01164	0.5	81476	948	81002	1846793	22.67
1950-1959	55	0.01263	0.01255	0.5	80528	1010	80023	1765791	21.93
1950-1959	56	0.01376	0.01367	0.5	79518	1087	78974	1685768	21.20
1950-1959	57	0.01448	0.01438	0.5	78431	1128	77867	1606794	20.49
1950-1959	58	0.01591	0.01579	0.5	77303	1220	76693	1528927	19.78
1950-1959	59	0.01673	0.01659	0.5	76083	1262	75452	1452234	19.09
1950-1959	60	0.01749	0.01734	0.5	74820	1297	74172	1376783	18.40
1950-1959	61	0.01853	0.01836	0.5	73523	1350	72849	1302611	17.72
1950-1959	62	0.02041	0.02020	0.5	72174	1458	71445	1229762	17.04
1950-1959	63	0.02196	0.02172	0.5	70716	1536	69948	1158317	16.38
1950-1959	64	0.02375	0.02348	0.5	69180	1624	68368	1088370	15.73
1950-1959	65	0.02629	0.02595	0.5	67556	1753	66679	1020002	15.10
1950-1959	66	0.02841	0.02801	0.5	65803	1843	64881	953322	14.49
1950-1959	67	0.03137	0.03088	0.5	63960	1975	62972	888441	13.89
1950-1959	68	0.03296	0.03242	0.5	61985	2010	60980	825469	13.32
1950-1959	69	0.03576	0.03514	0.5	59975	2107	58921	764489	12.75
1950-1959	70	0.03830	0.03758	0.5	57868	2175	56780	705568	12.19
1950-1959	71	0.04157	0.04072	0.5	55693	2268	54559	648788	11.65
1950-1959	72	0.04471	0.04373	0.5	53425	2337	52257	594229	11.12
1950-1959	73	0.04742	0.04632	0.5	51089	2366	49905	541972	10.61
1950-1959	74	0.05277	0.05141	0.5	48722	2505	47470	492066	10.10
1950-1959	75	0.05735	0.05575	0.5	46217	2577	44929	444597	9.62
1950-1959	76	0.06186	0.06000	0.5	43640	2619	42331	399668	9.16
1950-1959	77	0.06755	0.06534	0.5	41022	2680	39682	357337	8.71
1950-1959	78	0.07287	0.07031	0.5	38342	2696	36994	317655	8.28
1950-1959	79	0.07972	0.07666	0.5	35646	2733	34279	280661	7.87
1950-1959	80	0.08164	0.07844	0.5	32913	2582	31622	246382	7.49
1950-1959	81	0.08890	0.08512	0.5	30331	2582	29040	214760	7.08
1950-1959	82	0.09677	0.09230	0.5	27750	2561	26469	185720	6.69
1950-1959	83	0.10528	0.10002	0.5	25188	2519	23929	159251	6.32
1950-1959	84	0.11449	0.10829	0.5	22669	2455	21441	135322	5.97
1950-1959	85	0.12442	0.11713	0.5	20214	2368	19030	113881	5.63
1950-1959	86	0.13511	0.12656	0.5	17846	2259	16717	94851	5.31
1950-1959	87	0.14662	0.13660	0.5	15588	2129	14523	78133	5.01
1950-1959	88	0.15896	0.14726	0.5	13458	1982	12467	63610	4.73
1950-1959	89	0.17218	0.15853	0.5	11477	1819	10567	51143	4.46
1950-1959	90	0.18629	0.17042	0.5	9657	1646	8834	40576	4.20
1950-1959	91	0.20133	0.18291	0.5	8011	1465	7279	31742	3.96
1950-1959	92	0.21730	0.19600	0.5	6546	1283	5905	24463	3.74
1950-1959	93	0.23420	0.20965	0.5	5263	1103	4711	18559	3.53
1950-1959	94	0.25204	0.22384	0.5	4160	931	3694	13847	3.33
1950-1959	95	0.27080	0.23851	0.5	3229	770	2844	10153	3.14
1950-1959	96	0.29044	0.25361	0.5	2459	624	2147	7310	2.97
1950-1959	97	0.31093	0.26910	0.5	1835	494	1588	5163	2.81
1950-1959	98	0.33221	0.28489	0.5	1341	382	1150	3575	2.67
1950-1959	99	0.35421	0.30092	0.5	959	289	815	2425	2.53
1950-1959	100	0.37685	0.31710	0.5	671	213	564	1610	2.40
1950-1959	101	0.40004	0.33336	0.5	458	153	382	1046	2.28
1950-1959	102	0.42367	0.34961	0.5	305	107	252	664	2.18
1950-1959	103	0.44763	0.36577	0.5	199	73	162	412	2.08
1950-1959	104	0.47181	0.38175	0.5	126	48	102	250	1.98
1950-1959	105	0.49608	0.39749	0.5	78	31	62	148	1.90
1950-1959	106	0.52031	0.41290	0.5	47	19	37	86	1.83
1950-1959	107	0.54440	0.42792	0.5	28	12	22	48	1.76
1950-1959	108	0.56821	0.44250	0.5	16	7	12	27	1.70
1950-1959	109	0.59164	0.45658	0.5	9	4	7	15	1.66
1950-1959	110+	0.61459	1.00000	1.63	5	5	8	8	1.63
1960-1969	0	0.02740	0.02676	0.12	100000	2676	97657	6995510	69.96
1960-1969	1	0.00269	0.00269	0.5	97324	261	97194	6897853	70.87
1960-1969	2	0.00139	0.00139	0.5	97063	135	96995	6800659	70.06
1960-1969	3	0.00104	0.00103	0.5	96928	100	96878	6703664	69.16
1960-1969	4	0.00075	0.00075	0.5	96828	73	96791	6606786	68.23
1960-1969	5	0.00067	0.00067	0.5	96755	65	96723	6509995	67.28
1960-1969	6	0.00053	0.00053	0.5	96690	51	96665	6413272	66.33
1960-1969	7	0.00051	0.00051	0.5	96639	50	96614	6316608	65.36
1960-1969	8	0.00040	0.00040	0.5	96590	39	96570	6219993	64.40
1960-1969	9	0.00049	0.00049	0.5	96551	47	96527	6123423	63.42
1960-1969	10	0.00038	0.00038	0.5	96504	37	96486	6026895	62.45
1960-1969	11	0.00038	0.00038	0.5	96467	37	96449	5930410	61.48
1960-1969	12	0.00042	0.00042	0.5	96430	41	96410	5833961	60.50
1960-1969	13	0.00053	0.00053	0.5	96390	51	96364	5737551	59.52
1960-1969	14	0.00059	0.00059	0.5	96339	57	96310	5641187	58.56
1960-1969	15	0.00074	0.00074	0.5	96282	71	96246	5544877	57.59
1960-1969	16	0.00107	0.00107	0.5	96211	103	96159	5448631	56.63
1960-1969	17	0.00117	0.00117	0.5	96107	112	96051	5352471	55.69
1960-1969	18	0.00122	0.00122	0.5	95995	117	95937	5256420	54.76
1960-1969	19	0.00155	0.00154	0.5	95878	148	95804	5160483	53.82
1960-1969	20	0.00165	0.00165	0.5	95730	158	95651	5064679	52.91
1960-1969	21	0.00165	0.00165	0.5	95572	158	95493	4969028	51.99
1960-1969	22	0.00170	0.00169	0.5	95414	162	95333	4873534	51.08
1960-1969	23	0.00175	0.00175	0.5	95253	167	95169	4778201	50.16
1960-1969	24	0.00157	0.00157	0.5	95086	149	95011	4683032	49.25
1960-1969	25	0.00180	0.00180	0.5	94937	171	94851	4588020	48.33
1960-1969	26	0.00160	0.00160	0.5	94766	152	94690	4493169	47.41
1960-1969	27	0.00156	0.00156	0.5	94614	148	94540	4398479	46.49
1960-1969	28	0.00182	0.00181	0.5	94466	171	94381	4303939	45.56
1960-1969	29	0.00189	0.00189	0.5	94295	178	94206	4209559	44.64
1960-1969	30	0.00202	0.00201	0.5	94117	190	94022	4115353	43.73
1960-1969	31	0.00167	0.00167	0.5	93927	156	93849	4021331	42.81
1960-1969	32	0.00204	0.00204	0.5	93771	191	93675	3927482	41.88
1960-1969	33	0.00214	0.00213	0.5	93579	200	93479	3833808	40.97
1960-1969	34	0.00221	0.00221	0.5	93379	206	93276	3740328	40.06
1960-1969	35	0.00218	0.00218	0.5	93173	203	93071	3647052	39.14
1960-1969	36	0.00253	0.00253	0.5	92970	235	92852	3553980	38.23
1960-1969	37	0.00281	0.00281	0.5	92735	260	92604	3461128	37.32
1960-1969	38	0.00286	0.00286	0.5	92474	264	92342	3368524	36.43
1960-1969	39	0.00281	0.00281	0.5	92210	259	92081	3276182	35.53
1960-1969	40	0.00339	0.00338	0.5	91951	311	91796	3184101	34.63
1960-1969	41	0.00323	0.00323	0.5	91641	296	91493	3092305	33.74
1960-1969	42	0.00394	0.00393	0.5	91345	359	91165	3000812	32.85
1960-1969	43	0.00450	0.00449	0.5	90986	408	90782	2909647	31.98
1960-1969	44	0.00491	0.00490	0.5	90578	444	90356	2818865	31.12
1960-1969	45	0.00502	0.00501	0.5	90134	452	89908	2728509	30.27
1960-1969	46	0.00532	0.00531	0.5	89682	476	89444	2638601	29.42
1960-1969	47	0.00631	0.00629	0.5	89207	561	88926	2549157	28.58
1960-1969	48	0.00638	0.00636	0.5	88645	563	88364	2460231	27.75
1960-1969	49	0.00711	0.00709	0.5	88082	624	87770	2371867	26.93
1960-1969	50	0.00792	0.00789	0.5	87458	690	87113	2284097	26.12
1960-1969	51	0.00881	0.00877	0.5	86768	761	86387	2196984	25.32
1960-1969	52	0.00929	0.00925	0.5	86006	795	85609	2110597	24.54
1960-1969	53	0.01017	0.01012	0.5	85211	863	84780	2024988	23.76
1960-1969	54	0.01113	0.01106	0.5	84349	933	83882	1940209	23.00
1960-1969	55	0.01209	0.01201	0.5	83415	1002	82914	1856327	22.25
1960-1969	56	0.01257	0.01249	0.5	82413	1029	81899	1773412	21.52
1960-1969	57	0.01361	0.01351	0.5	81384	1100	80834	1691514	20.78
1960-1969	58	0.01438	0.01428	0.5	80284	1146	79711	1610679	20.06
1960-1969	59	0.01598	0.01585	0.5	79138	1255	78511	1530968	19.35
1960-1969	60	0.01688	0.01674	0.5	77883	1303	77231	1452458	18.65
1960-1969	61	0.01799	0.01783	0.5	76580	1365	75897	1375226	17.96
1960-1969	62	0.01991	0.01971	0.5	75214	1483	74473	1299329	17.27
1960-1969	63	0.02109	0.02087	0.5	73732	1539	72962	1224856	16.61
1960-1969	64	0.02285	0.02259	0.5	72193	1631	71377	1151894	15.96
1960-1969	65	0.02615	0.02581	0.5	70562	1821	69651	1080517	15.31
1960-1969	66	0.02796	0.02758	0.5	68740	1896	67792	1010866	14.71
1960-1969	67	0.02951	0.02908	0.5	66844	1944	65872	943074	14.11
1960-1969	68	0.03175	0.03126	0.5	64900	2028	63886	877202	13.52
1960-1969	69	0.03404	0.03347	0.5	62872	2104	61820	813315	12.94
1960-1969	70	0.03773	0.03703	0.5	60768	2250	59642	751495	12.37
1960-1969	71	0.03984	0.03906	0.5	58517	2286	57374	691853	11.82
1960-1969	72	0.04528	0.04428	0.5	56232	2490	54987	634478	11.28
1960-1969	73	0.04636	0.04531	0.5	53742	2435	52524	579492	10.78
1960-1969	74	0.05098	0.04971	0.5	51306	2550	50031	526968	10.27
1960-1969	75	0.05764	0.05602	0.5	48756	2731	47390	476937	9.78
1960-1969	76	0.05790	0.05627	0.5	46025	2590	44730	429546	9.33
1960-1969	77	0.06703	0.06486	0.5	43435	2817	42026	384816	8.86
1960-1969	78	0.07005	0.06768	0.5	40618	2749	39243	342790	8.44
1960-1969	79	0.07582	0.07305	0.5	37868	2766	36485	303547	8.02
1960-1969	80	0.07925	0.07623	0.5	35102	2676	33764	267062	7.61
1960-1969	81	0.08643	0.08285	0.5	32426	2687	31083	233297	7.19
1960-1969	82	0.09421	0.08998	0.5	29740	2676	28402	202214	6.80
1960-1969	83	0.10263	0.09762	0.5	27064	2642	25743	173813	6.42
1960-1969	84	0.11172	0.10581	0.5	24422	2584	23130	148070	6.06
1960-1969	85	0.12153	0.11457	0.5	21838	2502	20587	124940	5.72
1960-1969	86	0.13209	0.12391	0.5	19336	2396	18138	104353	5.40
1960-1969	87	0.14344	0.13384	0.5	16940	2267	15806	86215	5.09
1960-1969	88	0.15562	0.14438	0.5	14673	2118	13613	70409	4.80
1960-1969	89	0.16865	0.15553	0.5	12554	1953	11578	56795	4.52
1960-1969	90	0.18256	0.16729	0.5	10602	1774	9715	45217	4.27
1960-1969	91	0.19739	0.17966	0.5	8828	1586	8035	35502	4.02
1960-1969	92	0.21313	0.19260	0.5	7242	1395	6545	27467	3.79
1960-1969	93	0.22980	0.20612	0.5	5847	1205	5245	20923	3.58
1960-1969	94	0.24741	0.22017	0.5	4642	1022	4131	15678	3.38
1960-1969	95	0.26593	0.23472	0.5	3620	850	3195	11547	3.19
1960-1969	96	0.28535	0.24972	0.5	2770	692	2424	8352	3.01
1960-1969	97	0.30564	0.26513	0.5	2078	551	1803	5928	2.85
1960-1969	98	0.32676	0.28087	0.5	1527	429	1313	4125	2.70
1960-1969	99	0.34864	0.29688	0.5	1098	326	935	2812	2.56
1960-1969	100	0.37121	0.31310	0.5	772	242	651	1876	2.43
1960-1969	101	0.39440	0.32944	0.5	530	175	443	1225	2.31
1960-1969	102	0.41812	0.34582	0.5	356	123	294	782	2.20
1960-1969	103	0.44225	0.36217	0.5	233	84	191	488	2.10
1960-1969	104	0.46669	0.37840	0.5	148	56	120	297	2.00
1960-1969	105	0.49133	0.39443	0.5	92	36	74	177	1.92
1960-1969	106	0.51604	0.41020	0.5	56	23	44	103	1.84
1960-1969	107	0.54069	0.42563	0.5	33	14	26	58	1.77
1960-1969	108	0.56518	0.44065	0.5	19	8	15	32	1.71
1960-1969	109	0.58937	0.45522	0.5	11	5	8	18	1.66
1960-1969	110+	0.61315	1.00000	1.63	6	6	9	9	1.63
1970-1979	0	0.01591	0.01569	0.09	100000	1569	98576	7282136	72.82
1970-1979	1	0.00165	0.00164	0.5	98431	162	98350	7183560	72.98
1970-1979	2	0.00104	0.00104	0.5	98269	102	98219	7085210	72.10
1970-1979	3	0.00086	0.00086	0.5	98168	85	98125	6986991	71.17
1970-1979	4	0.00057	0.00057	0.5	98083	56	98055	6888866	70.24
1970-1979	5	0.00058	0.00058	0.5	98027	56	97999	6790811	69.28
1970-1979	6	0.00048	0.00048	0.5	97970	47	97947	6692812	68.31
1970-1979	7	0.00041	0.00041	0.5	97923	40	97903	6594866	67.35
1970-1979	8	0.00040	0.00040	0.5	97883	39	97863	6496962	66.37
1970-1979	9	0.00032	0.00032	0.5	97844	32	97828	6399099	65.40
1970-1979	10	0.00039	0.00039	0.5	97812	39	97793	6301271	64.42
1970-1979	11	0.00037	0.00037	0.5	97773	36	97755	6203478	63.45
1970-1979	12	0.00036	0.00036	0.5	97737	35	97720	6105723	62.47
1970-1979	13	0.00052	0.00052	0.5	97703	51	97677	6008003	61.49
1970-1979	14	0.00056	0.00056	0.5	97652	55	97625	5910325	60.52
1970-1979	15	0.00075	0.00075	0.5	97598	73	97561	5812700	59.56
1970-1979	16	0.00107	0.00107	0.5	97525	104	97473	5715139	58.60
1970-1979	17	0.00129	0.00129	0.5	97421	126	97358	5617667	57.66
1970-1979	18	0.00160	0.00160	0.5	97295	155	97218	5520309	56.74
1970-1979	19	0.00186	0.00186	0.5	97140	181	97050	5423091	55.83
1970-1979	20	0.00187	0.00186	0.5	96959	181	96869	5326041	54.93
1970-1979	21	0.00169	0.00169	0.5	96779	164	96697	5229173	54.03
1970-1979	22	0.00182	0.00182	0.5	96615	176	96527	5132476	53.12
1970-1979	23	0.00184	0.00184	0.5	96439	177	96350	5035949	52.22
1970-1979	24	0.00168	0.00168	0.5	96261	162	96180	4939599	51.31
1970-1979	25	0.00179	0.00179	0.5	96100	172	96013	4843418	50.40
1970-1979	26	0.00165	0.00165	0.5	95927	158	95848	4747405	49.49
1970-1979	27	0.00158	0.00158	0.5	95769	151	95693	4651557	48.57
1970-1979	28	0.00167	0.00167	0.5	95618	159	95538	4555863	47.65
1970-1979	29	0.00168	0.00168	0.5	95458	160	95378	4460325	46.73
1970-1979	30	0.00179	0.00179	0.5	95298	170	95213	4364947	45.80
1970-1979	31	0.00175	0.00174	0.5	95128	166	95045	4269734	44.88
1970-1979	32	0.00169	0.00169	0.5	94962	161	94882	4174688	43.96
1970-1979	33	0.00186	0.00186	0.5	94802	176	94714	4079807	43.04
1970-1979	34	0.00204	0.00204	0.5	94626	193	94529	3985093	42.11
1970-1979	35	0.00212	0.00212	0.5	94433	200	94333	3890564	41.20
1970-1979	36	0.00223	0.00222	0.5	94233	210	94128	3796231	40.29
1970-1979	37	0.00229	0.00229	0.5	94023	215	93916	3702102	39.37
1970-1979	38	0.00239	0.00239	0.5	93808	224	93696	3608187	38.46
1970-1979	39	0.00278	0.00278	0.5	93584	260	93454	3514491	37.55
1970-1979	40	0.00301	0.00301	0.5	93324	281	93184	3421037	36.66
1970-1979	41	0.00320	0.00319	0.5	93043	297	92895	3327853	35.77
1970-1979	42	0.00348	0.00347	0.5	92746	322	92585	3234958	34.88
1970-1979	43	0.00355	0.00354	0.5	92424	327	92261	3142373	34.00
1970-1979	44	0.00431	0.00430	0.5	92097	396	91899	3050113	33.12
1970-1979	45	0.00462	0.00461	0.5	91701	423	91489	2958214	32.26
1970-1979	46	0.00474	0.00473	0.5	91278	432	91062	2866724	31.41
1970-1979	47	0.00491	0.00490	0.5	90846	445	90624	2775662	30.55
1970-1979	48	0.00560	0.00558	0.5	90401	505	90149	2685038	29.70
1970-1979	49	0.00595	0.00593	0.5	89897	533	89630	2594889	28.87
1970-1979	50	0.00646	0.00644	0.5	89363	576	89075	2505260	28.03
1970-1979	51	0.00724	0.00721	0.5	88788	640	88467	2416184	27.21
1970-1979	52	0.00743	0.00740	0.5	88147	653	87821	2327717	26.41
1970-1979	53	0.00813	0.00810	0.5	87495	708	87140	2239896	25.60
1970-1979	54	0.00903	0.00899	0.5	86786	780	86396	2152755	24.81
1970-1979	55	0.00986	0.00981	0.5	86006	844	85585	2066359	24.03
1970-1979	56	0.01038	0.01032	0.5	85163	879	84723	1980775	23.26
1970-1979	57	0.01104	0.01098	0.5	84284	926	83821	1896051	22.50
1970-1979	58	0.01215	0.01208	0.5	83358	1007	82855	1812231	21.74
1970-1979	59	0.01314	0.01305	0.5	82351	1075	81814	1729376	21.00
1970-1979	60	0.01395	0.01385	0.5	81276	1126	80713	1647562	20.27
1970-1979	61	0.01534	0.01522	0.5	80150	1220	79540	1566849	19.55
1970-1979	62	0.01639	0.01626	0.5	78930	1283	78289	1487308	18.84
1970-1979	63	0.01835	0.01818	0.5	77647	1412	76941	1409020	18.15
1970-1979	64	0.01933	0.01915	0.5	76235	1460	75505	1332079	17.47
1970-1979	65	0.01973	0.01954	0.5	74775	1461	74045	1256573	16.80
1970-1979	66	0.02162	0.02139	0.5	73314	1568	72530	1182528	16.13
1970-1979	67	0.02372	0.02345	0.5	71746	1682	70905	1109998	15.47
1970-1979	68	0.02487	0.02456	0.5	70064	1721	69204	1039093	14.83
1970-1979	69	0.02787	0.02748	0.5	68343	1878	67404	969889	14.19
1970-1979	70	0.02959	0.02916	0.5	66465	1938	65496	902485	13.58
1970-1979	71	0.03223	0.03172	0.5	64527	2046	63504	836989	12.97
1970-1979	72	0.03566	0.03504	0.5	62481	2189	61386	773485	12.38
1970-1979	73	0.03678	0.03612	0.5	60292	2178	59203	712099	11.81
1970-1979	74	0.03996	0.03918	0.5	58114	2277	56975	652896	11.23
1970-1979	75	0.04515	0.04416	0.5	55837	2466	54604	595921	10.67
1970-1979	76	0.04807	0.04694	0.5	53371	2505	52119	541317	10.14
1970-1979	77	0.05297	0.05161	0.5	50866	2625	49554	489198	9.62
1970-1979	78	0.06036	0.05859	0.5	48241	2826	46828	439644	9.11
1970-1979	79	0.06404	0.06205	0.5	45415	2818	44006	392816	8.65
1970-1979	80	0.06813	0.06588	0.5	42597	2806	41193	348811	8.19
1970-1979	81	0.07478	0.07208	0.5	39790	2868	38356	307617	7.73
1970-1979	82	0.08204	0.07881	0.5	36922	2910	35467	269261	7.29
1970-1979	83	0.08997	0.08609	0.5	34012	2928	32548	233794	6.87
1970-1979	84	0.09861	0.09397	0.5	31084	2921	29623	201246	6.47
1970-1979	85	0.10800	0.10247	0.5	28163	2886	26720	171623	6.09
1970-1979	86	0.11821	0.11162	0.5	25277	2821	23866	144903	5.73
1970-1979	87	0.12928	0.12143	0.5	22456	2727	21092	121036	5.39
1970-1979	88	0.14126	0.13195	0.5	19729	2603	18427	99944	5.07
1970-1979	89	0.15420	0.14316	0.5	17126	2452	15900	81517	4.76
1970-1979	90	0.16813	0.15509	0.5	14674	2276	13536	65617	4.47
1970-1979	91	0.18309	0.16773	0.5	12398	2080	11358	52081	4.20
1970-1979	92	0.19911	0.18108	0.5	10319	1869	9384	40722	3.95
1970-1979	93	0.21621	0.19512	0.5	8450	1649	7626	31338	3.71
1970-1979	94	0.23440	0.20981	0.5	6801	1427	6088	23712	3.49
1970-1979	95	0.25367	0.22511	0.5	5374	1210	4769	17624	3.28
1970-1979	96	0.27400	0.24099	0.5	4165	1004	3663	12855	3.09
1970-1979	97	0.29537	0.25736	0.5	3161	814	2754	9192	2.91
1970-1979	98	0.31772	0.27417	0.5	2347	644	2026	6438	2.74
1970-1979	99	0.34098	0.29131	0.5	1704	496	1456	4412	2.59
1970-1979	100	0.36507	0.30872	0.5	1207	373	1021	2957	2.45
1970-1979	101	0.38988	0.32627	0.5	835	272	699	1936	2.32
1970-1979	102	0.41529	0.34389	0.5	562	193	466	1237	2.20
1970-1979	103	0.44118	0.36145	0.5	369	133	302	771	2.09
1970-1979	104	0.46740	0.37886	0.5	236	89	191	469	1.99
1970-1979	105	0.49380	0.39602	0.5	146	58	117	278	1.90
1970-1979	106	0.52023	0.41284	0.5	88	36	70	161	1.82
1970-1979	107	0.54653	0.42923	0.5	52	22	41	91	1.75
1970-1979	108	0.57255	0.44512	0.5	30	13	23	50	1.69
1970-1979	109	0.59814	0.46044	0.5	16	8	13	27	1.64
1970-1979	110+	0.62318	1.00000	1.6	9	9	14	14	1.60
1980-1989	0	0.01039	0.01029	0.08	100000	1029	99051	7534773	75.35
1980-1989	1	0.00118	0.00118	0.5	98971	117	98913	7435722	75.13
1980-1989	2	0.00082	0.00082	0.5	98854	81	98814	7336810	74.22
1980-1989	3	0.00053	0.00053	0.5	98773	53	98747	7237996	73.28
1980-1989	4	0.00043	0.00043	0.5	98721	42	98700	7139249	72.32
1980-1989	5	0.00034	0.00034	0.5	98679	34	98661	7040550	71.35
1980-1989	6	0.00034	0.00034	0.5	98644	34	98628	6941888	70.37
1980-1989	7	0.00031	0.00031	0.5	98611	31	98595	6843261	69.40
1980-1989	8	0.00035	0.00035	0.5	98580	35	98562	6744666	68.42
1980-1989	9	0.00025	0.00025	0.5	98545	25	98533	6646103	67.44
1980-1989	10	0.00027	0.00027	0.5	98520	26	98507	6547570	66.46
1980-1989	11	0.00027	0.00027	0.5	98494	27	98481	6449063	65.48
1980-1989	12	0.00026	0.00026	0.5	98467	26	98454	6350583	64.49
1980-1989	13	0.00034	0.00034	0.5	98442	34	98425	6252128	63.51
1980-1989	14	0.00048	0.00048	0.5	98408	48	98384	6153703	62.53
1980-1989	15	0.00059	0.00058	0.5	98360	58	98332	6055319	61.56
1980-1989	16	0.00094	0.00094	0.5	98303	92	98257	5956988	60.60
1980-1989	17	0.00104	0.00104	0.5	98211	102	98160	5858731	59.65
1980-1989	18	0.00123	0.00122	0.5	98109	120	98049	5760571	58.72
1980-1989	19	0.00135	0.00135	0.5	97989	132	97923	5662522	57.79
1980-1989	20	0.00125	0.00125	0.5	97856	123	97795	5564600	56.86
1980-1989	21	0.00134	0.00134	0.5	97734	131	97668	5466805	55.94
1980-1989	22	0.00133	0.00133	0.5	97603	130	97538	5369136	55.01
1980-1989	23	0.00140	0.00140	0.5	97473	136	97405	5271598	54.08
1980-1989	24	0.00136	0.00136	0.5	97337	132	97271	5174194	53.16
1980-1989	25	0.00127	0.00127	0.5	97204	123	97143	5076923	52.23
1980-1989	26	0.00134	0.00134	0.5	97081	130	97016	4979780	51.29
1980-1989	27	0.00123	0.00123	0.5	96951	119	96892	4882764	50.36
1980-1989	28	0.00142	0.00142	0.5	96832	137	96763	4785872	49.42
1980-1989	29	0.00137	0.00136	0.5	96695	132	96629	4689109	48.49
1980-1989	30	0.00132	0.00132	0.5	96563	127	96499	4592480	47.56
1980-1989	31	0.00146	0.00146	0.5	96436	141	96365	4495981	46.62
1980-1989	32	0.00144	0.00144	0.5	96295	138	96226	4399616	45.69
1980-1989	33	0.00154	0.00154	0.5	96156	148	96082	4303391	44.75
1980-1989	34	0.00156	0.00156	0.5	96008	150	95933	4207308	43.82
1980-1989	35	0.00172	0.00172	0.5	95858	165	95775	4111375	42.89
1980-1989	36	0.00180	0.00180	0.5	95693	172	95607	4015600	41.96
1980-1989	37	0.00174	0.00173	0.5	95521	166	95438	3919993	41.04
1980-1989	38	0.00205	0.00205	0.5	95355	195	95258	3824555	40.11
1980-1989	39	0.00194	0.00194	0.5	95160	184	95068	3729297	39.19
1980-1989	40	0.00221	0.00221	0.5	94976	210	94871	3634229	38.26
1980-1989	41	0.00243	0.00243	0.5	94766	230	94651	3539358	37.35
1980-1989	42	0.00249	0.00249	0.5	94536	235	94418	3444707	36.44
1980-1989	43	0.00269	0.00269	0.5	94301	254	94174	3350289	35.53
1980-1989	44	0.00282	0.00282	0.5	94047	265	93915	3256115	34.62
1980-1989	45	0.00328	0.00327	0.5	93782	307	93629	3162200	33.72
1980-1989	46	0.00364	0.00364	0.5	93475	340	93305	3068571	32.83
1980-1989	47	0.00380	0.00380	0.5	93136	354	92959	2975265	31.95
1980-1989	48	0.00429	0.00428	0.5	92782	397	92583	2882307	31.07
1980-1989	49	0.00456	0.00455	0.5	92384	420	92174	2789724	30.20
1980-1989	50	0.00496	0.00495	0.5	91965	455	91737	2697549	29.33
1980-1989	51	0.00554	0.00552	0.5	91510	505	91257	2605812	28.48
1980-1989	52	0.00629	0.00627	0.5	91004	571	90719	2514555	27.63
1980-1989	53	0.00653	0.00651	0.5	90433	589	90139	2423836	26.80
1980-1989	54	0.00740	0.00737	0.5	89844	662	89513	2333698	25.97
1980-1989	55	0.00792	0.00788	0.5	89182	703	88830	2244185	25.16
1980-1989	56	0.00864	0.00860	0.5	88479	761	88098	2155354	24.36
1980-1989	57	0.00942	0.00937	0.5	87718	822	87307	2067256	23.57
1980-1989	58	0.01068	0.01062	0.5	86896	923	86434	1979949	22.79
1980-1989	59	0.01159	0.01153	0.5	85972	991	85477	1893515	22.02
1980-1989	60	0.01169	0.01162	0.5	84981	988	84488	1808038	21.28
1980-1989	61	0.01329	0.01321	0.5	83994	1109	83439	1723551	20.52
1980-1989	62	0.01422	0.01412	0.5	82885	1170	82300	1640112	19.79
1980-1989	63	0.01564	0.01551	0.5	81714	1268	81081	1557812	19.06
1980-1989	64	0.01616	0.01603	0.5	80447	1290	79802	1476731	18.36
1980-1989	65	0.01787	0.01771	0.5	79157	1402	78456	1396930	17.65
1980-1989	66	0.01911	0.01893	0.5	77755	1472	77019	1318473	16.96
1980-1989	67	0.02009	0.01989	0.5	76283	1517	75525	1241454	16.27
1980-1989	68	0.02250	0.02225	0.5	74766	1664	73934	1165930	15.59
1980-1989	69	0.02321	0.02294	0.5	73102	1677	72264	1091996	14.94
1980-1989	70	0.02577	0.02544	0.5	71425	1817	70516	1019732	14.28
1980-1989	71	0.02875	0.02834	0.5	69608	1973	68621	949216	13.64
1980-1989	72	0.03118	0.03070	0.5	67635	2077	66597	880595	13.02
1980-1989	73	0.03412	0.03355	0.5	65558	2199	64459	813998	12.42
1980-1989	74	0.03634	0.03569	0.5	63359	2261	62228	749539	11.83
1980-1989	75	0.04010	0.03931	0.5	61098	2402	59897	687311	11.25
1980-1989	76	0.04319	0.04228	0.5	58696	2481	57455	627415	10.69
1980-1989	77	0.04708	0.04600	0.5	56214	2586	54921	569960	10.14
1980-1989	78	0.05102	0.04975	0.5	53628	2668	52294	515038	9.60
1980-1989	79	0.05619	0.05466	0.5	50960	2785	49568	462744	9.08
1980-1989	80	0.06201	0.06014	0.5	48175	2897	46726	413176	8.58
1980-1989	81	0.06829	0.06603	0.5	45278	2990	43783	366450	8.09
1980-1989	82	0.07517	0.07245	0.5	42288	3064	40756	322667	7.63
1980-1989	83	0.08271	0.07943	0.5	39224	3115	37666	281911	7.19
1980-1989	84	0.09096	0.08700	0.5	36109	3141	34538	244245	6.76
1980-1989	85	0.09997	0.09521	0.5	32967	3139	31398	209707	6.36
1980-1989	86	0.10979	0.10408	0.5	29829	3105	28276	178309	5.98
1980-1989	87	0.12049	0.11364	0.5	26724	3037	25206	150033	5.61
1980-1989	88	0.13212	0.12393	0.5	23687	2936	22219	124827	5.27
1980-1989	89	0.14472	0.13496	0.5	20751	2801	19351	102608	4.94
1980-1989	90	0.15836	0.14674	0.5	17951	2634	16634	83257	4.64
1980-1989	91	0.17308	0.15929	0.5	15317	2440	14097	66623	4.35
1980-1989	92	0.18891	0.17261	0.5	12877	2223	11766	52526	4.08
1980-1989	93	0.20590	0.18668	0.5	10654	1989	9660	40761	3.83
1980-1989	94	0.22405	0.20148	0.5	8665	1746	7792	31101	3.59
1980-1989	95	0.24338	0.21698	0.5	6919	1501	6169	23309	3.37
1980-1989	96	0.26389	0.23313	0.5	5418	1263	4786	17140	3.16
1980-1989	97	0.28555	0.24987	0.5	4155	1038	3636	12353	2.97
1980-1989	98	0.30832	0.26714	0.5	3117	833	2700	8718	2.80
1980-1989	99	0.33214	0.28484	0.5	2284	651	1959	6017	2.63
1980-1989	100	0.35693	0.30288	0.5	1634	495	1386	4058	2.48
1980-1989	101	0.38259	0.32115	0.5	1139	366	956	2672	2.35
1980-1989	102	0.40900	0.33956	0.5	773	262	642	1716	2.22
1980-1989	103	0.43602	0.35798	0.5	511	183	419	1074	2.10
1980-1989	104	0.46351	0.37630	0.5	328	123	266	655	2.00
1980-1989	105	0.49128	0.39440	0.5	204	81	164	389	1.90
1980-1989	106	0.51918	0.41218	0.5	124	51	98	225	1.82
1980-1989	107	0.54703	0.42954	0.5	73	31	57	127	1.74
1980-1989	108	0.57464	0.44638	0.5	42	19	32	70	1.68
1980-1989	109	0.60185	0.46263	0.5	23	11	18	37	1.62
1980-1989	110+	0.62849	1.00000	1.59	12	12	20	20	1.59
1990-1999	0	0.00813	0.00807	0.07	100000	807	99250	7657911	76.58
1990-1999	1	0.00080	0.00080	0.5	99193	80	99153	7558661	76.20
1990-1999	2	0.00052	0.00052	0.5	99113	52	99087	7459508	75.26
1990-1999	3	0.00034	0.00034	0.5	99062	33	99045	7360421	74.30
1990-1999	4	0.00031	0.00031	0.5	99028	31	99013	7261376	73.33
1990-1999	5	0.00023	0.00023	0.5	98998	23	98986	7162363	72.35
1990-1999	6	0.00019	0.00019	0.5	98974	19	98965	7063377	71.37
1990-1999	7	0.00021	0.00021	0.5	98956	21	98945	6964412	70.38
1990-1999	8	0.00020	0.00020	0.5	98935	20	98925	6865466	69.39
1990-1999	9	0.00017	0.00017	0.5	98915	17	98907	6766541	68.41
1990-1999	10	0.00022	0.00022	0.5	98899	22	98887	6667634	67.42
1990-1999	11	0.00021	0.00021	0.5	98876	21	98866	6568746	66.43
1990-1999	12	0.00029	0.00029	0.5	98855	29	98841	6469881	65.45
1990-1999	13	0.00032	0.00032	0.5	98826	31	98811	6371040	64.47
1990-1999	14	0.00036	0.00036	0.5	98795	36	98777	6272229	63.49
1990-1999	15	0.00054	0.00054	0.5	98759	53	98733	6173452	62.51
1990-1999	16	0.00080	0.00080	0.5	98706	79	98666	6074719	61.54
1990-1999	17	0.00094	0.00094	0.5	98627	93	98581	5976053	60.59
1990-1999	18	0.00120	0.00120	0.5	98534	118	98475	5877473	59.65
1990-1999	19	0.00114	0.00114	0.5	98416	112	98360	5778997	58.72
1990-1999	20	0.00109	0.00108	0.5	98304	107	98251	5680637	57.79
1990-1999	21	0.00128	0.00128	0.5	98198	126	98135	5582386	56.85
1990-1999	22	0.00119	0.00119	0.5	98072	117	98013	5484252	55.92
1990-1999	23	0.00118	0.00118	0.5	97955	116	97897	5386238	54.99
1990-1999	24	0.00115	0.00115	0.5	97839	112	97783	5288341	54.05
1990-1999	25	0.00116	0.00116	0.5	97727	113	97671	5190558	53.11
1990-1999	26	0.00112	0.00112	0.5	97614	110	97559	5092887	52.17
1990-1999	27	0.00113	0.00113	0.5	97505	110	97450	4995328	51.23
1990-1999	28	0.00133	0.00132	0.5	97395	129	97330	4897878	50.29
1990-1999	29	0.00133	0.00133	0.5	97266	129	97201	4800548	49.35
1990-1999	30	0.00126	0.00126	0.5	97136	122	97075	4703347	48.42
1990-1999	31	0.00150	0.00150	0.5	97014	146	96942	4606271	47.48
1990-1999	32	0.00155	0.00155	0.5	96869	150	96794	4509330	46.55
1990-1999	33	0.00156	0.00156	0.5	96719	151	96643	4412536	45.62
1990-1999	34	0.00174	0.00174	0.5	96568	168	96484	4315893	44.69
1990-1999	35	0.00175	0.00175	0.5	96400	168	96316	4219409	43.77
1990-1999	36	0.00188	0.00187	0.5	96232	180	96141	4123093	42.85
1990-1999	37	0.00199	0.00198	0.5	96051	191	95956	4026951	41.92
1990-1999	38	0.00216	0.00216	0.5	95861	207	95757	3930995	41.01
1990-1999	39	0.00209	0.00209	0.5	95654	200	95554	3835238	40.09
1990-1999	40	0.00230	0.00229	0.5	95454	219	95345	3739684	39.18
1990-1999	41	0.00270	0.00270	0.5	95235	257	95107	3644339	38.27
1990-1999	42	0.00264	0.00264	0.5	94978	250	94853	3549232	37.37
1990-1999	43	0.00304	0.00304	0.5	94728	288	94584	3454379	36.47
1990-1999	44	0.00298	0.00298	0.5	94440	281	94299	3359795	35.58
1990-1999	45	0.00330	0.00330	0.5	94159	311	94003	3265496	34.68
1990-1999	46	0.00338	0.00337	0.5	93848	317	93690	3171492	33.79
1990-1999	47	0.00365	0.00365	0.5	93532	341	93361	3077802	32.91
1990-1999	48	0.00406	0.00405	0.5	93191	378	93002	2984441	32.03
1990-1999	49	0.00409	0.00408	0.5	92813	378	92624	2891439	31.15
1990-1999	50	0.00445	0.00444	0.5	92434	410	92229	2798816	30.28
1990-1999	51	0.00493	0.00492	0.5	92024	453	91798	2706586	29.41
1990-1999	52	0.00526	0.00525	0.5	91572	481	91331	2614788	28.55
1990-1999	53	0.00607	0.00605	0.5	91091	551	90816	2523457	27.70
1990-1999	54	0.00615	0.00613	0.5	90540	555	90263	2432642	26.87
1990-1999	55	0.00669	0.00666	0.5	89985	600	89685	2342379	26.03
1990-1999	56	0.00745	0.00743	0.5	89385	664	89054	2252694	25.20
1990-1999	57	0.00813	0.00810	0.5	88722	718	88362	2163640	24.39
1990-1999	58	0.00928	0.00923	0.5	88003	813	87597	2075278	23.58
1990-1999	59	0.00981	0.00976	0.5	87191	851	86765	1987681	22.80
1990-1999	60	0.01037	0.01032	0.5	86339	891	85894	1900916	22.02
1990-1999	61	0.01196	0.01189	0.5	85449	1016	84941	1815022	21.24
1990-1999	62	0.01265	0.01257	0.5	84432	1061	83902	1730081	20.49
1990-1999	63	0.01301	0.01292	0.5	83371	1077	82833	1646179	19.75
1990-1999	64	0.01442	0.01431	0.5	82294	1178	81705	1563346	19.00
1990-1999	65	0.01501	0.01490	0.5	81116	1208	80512	1481641	18.27
1990-1999	66	0.01657	0.01643	0.5	79908	1313	79251	1401129	17.53
1990-1999	67	0.01783	0.01767	0.5	78595	1389	77901	1321878	16.82
1990-1999	68	0.01925	0.01906	0.5	77206	1472	76470	1243977	16.11
1990-1999	69	0.02100	0.02078	0.5	75735	1574	74948	1167507	15.42
1990-1999	70	0.02269	0.02243	0.5	74161	1664	73329	1092559	14.73
1990-1999	71	0.02519	0.02487	0.5	72497	1803	71595	1019230	14.06
1990-1999	72	0.02716	0.02679	0.5	70694	1894	69747	947635	13.40
1990-1999	73	0.03004	0.02959	0.5	68800	2036	67782	877888	12.76
1990-1999	74	0.03229	0.03178	0.5	66764	2122	65703	810107	12.13
1990-1999	75	0.03534	0.03472	0.5	64642	2245	63520	744404	11.52
1990-1999	76	0.03841	0.03768	0.5	62397	2351	61222	680884	10.91
1990-1999	77	0.04208	0.04121	0.5	60046	2474	58809	619663	10.32
1990-1999	78	0.04555	0.04453	0.5	57571	2564	56289	560854	9.74
1990-1999	79	0.04924	0.04806	0.5	55008	2644	53686	504565	9.17
1990-1999	80	0.05852	0.05686	0.5	52364	2977	50875	450879	8.61
1990-1999	81	0.06506	0.06301	0.5	49387	3112	47831	400004	8.10
1990-1999	82	0.07228	0.06975	0.5	46275	3228	44661	352173	7.61
1990-1999	83	0.08024	0.07715	0.5	43047	3321	41387	307512	7.14
1990-1999	84	0.08902	0.08522	0.5	39726	3386	38033	266125	6.70
1990-1999	85	0.09867	0.09403	0.5	36341	3417	34632	228092	6.28
1990-1999	86	0.10926	0.10360	0.5	32924	3411	31218	193460	5.88
1990-1999	87	0.12086	0.11397	0.5	29513	3364	27831	162242	5.50
1990-1999	88	0.13353	0.12518	0.5	26149	3273	24512	134411	5.14
1990-1999	89	0.14735	0.13724	0.5	22876	3139	21306	109898	4.80
1990-1999	90	0.16236	0.15017	0.5	19736	2964	18255	88592	4.49
1990-1999	91	0.17861	0.16397	0.5	16773	2750	15398	70338	4.19
1990-1999	92	0.19615	0.17863	0.5	14023	2505	12770	54940	3.92
1990-1999	93	0.21502	0.19414	0.5	11518	2236	10400	42170	3.66
1990-1999	94	0.23521	0.21046	0.5	9282	1953	8305	31770	3.42
1990-1999	95	0.25674	0.22753	0.5	7328	1667	6494	23465	3.20
1990-1999	96	0.27957	0.24528	0.5	5661	1388	4967	16971	3.00
1990-1999	97	0.30367	0.26364	0.5	4272	1126	3709	12004	2.81
1990-1999	98	0.32895	0.28249	0.5	3146	889	2702	8295	2.64
1990-1999	99	0.35533	0.30173	0.5	2257	681	1917	5594	2.48
1990-1999	100	0.38269	0.32123	0.5	1576	506	1323	3677	2.33
1990-1999	101	0.41088	0.34085	0.5	1070	365	888	2354	2.20
1990-1999	102	0.43973	0.36048	0.5	705	254	578	1467	2.08
1990-1999	103	0.46906	0.37995	0.5	451	171	365	888	1.97
1990-1999	104	0.49867	0.39915	0.5	280	112	224	523	1.87
1990-1999	105	0.52835	0.41794	0.5	168	70	133	299	1.78
1990-1999	106	0.55789	0.43621	0.5	98	43	76	166	1.70
1990-1999	107	0.58708	0.45386	0.5	55	25	43	90	1.63
1990-1999	108	0.61572	0.47079	0.5	30	14	23	47	1.57
1990-1999	109	0.64363	0.48693	0.5	16	8	12	24	1.52
1990-1999	110+	0.67064	1.00000	1.49	8	8	12	12	1.49
2000-2009	0	0.00695	0.00690	0.07	100000	690	99356	7788885	77.89
2000-2009	1	0.00059	0.00059	0.5	99310	59	99280	7689529	77.43
2000-2009	2	0.00039	0.00039	0.5	99251	39	99231	7590248	76.48
2000-2009	3	0.00027	0.00027	0.5	99212	27	99198	7491017	75.51
2000-2009	4	0.00022	0.00022	0.5	99185	22	99174	7391819	74.53
2000-2009	5	0.00019	0.00019	0.5	99163	18	99154	7292645	73.54
2000-2009	6	0.00017	0.00017	0.5	99144	17	99136	7193491	72.56
2000-2009	7	0.00016	0.00016	0.5	99128	16	99120	7094355	71.57
2000-2009	8	0.00014	0.00014	0.5	99112	13	99105	6995236	70.58
2000-2009	9	0.00017	0.00017	0.5	99098	17	99090	6896131	69.59
2000-2009	10	0.00015	0.00015	0.5	99082	14	99074	6797041	68.60
2000-2009	11	0.00015	0.00015	0.5	99067	15	99060	6697967	67.61
2000-2009	12	0.00018	0.00018	0.5	99052	18	99043	6598907	66.62
2000-2009	13	0.00024	0.00024	0.5	99034	23	99023	6499863	65.63
2000-2009	14	0.00031	0.00031	0.5	99011	31	98995	6400841	64.65
2000-2009	15	0.00047	0.00047	0.5	98980	47	98957	6301845	63.67
2000-2009	16	0.00060	0.00060	0.5	98933	59	98904	6202889	62.70
2000-2009	17	0.00074	0.00074	0.5	98874	73	98838	6103985	61.73
2000-2009	18	0.00105	0.00105	0.5	98801	103	98749	6005148	60.78
2000-2009	19	0.00115	0.00115	0.5	98698	113	98641	5906398	59.84
2000-2009	20	0.00117	0.00117	0.5	98585	115	98527	5807757	58.91
2000-2009	21	0.00120	0.00119	0.5	98470	118	98411	5709230	57.98
2000-2009	22	0.00118	0.00117	0.5	98352	116	98294	5610819	57.05
2000-2009	23	0.00103	0.00103	0.5	98236	101	98186	5512525	56.11
2000-2009	24	0.00110	0.00110	0.5	98135	108	98081	5414339	55.17
2000-2009	25	0.00103	0.00103	0.5	98027	101	97977	5316258	54.23
2000-2009	26	0.00108	0.00108	0.5	97927	106	97874	5218281	53.29
2000-2009	27	0.00112	0.00112	0.5	97821	109	97766	5120407	52.34
2000-2009	28	0.00108	0.00108	0.5	97711	106	97659	5022641	51.40
2000-2009	29	0.00114	0.00114	0.5	97606	111	97550	4924982	50.46
2000-2009	30	0.00118	0.00118	0.5	97495	115	97437	4827432	49.51
2000-2009	31	0.00128	0.00128	0.5	97379	125	97317	4729995	48.57
2000-2009	32	0.00122	0.00122	0.5	97254	118	97195	4632678	47.63
2000-2009	33	0.00134	0.00134	0.5	97136	130	97071	4535483	46.69
2000-2009	34	0.00143	0.00143	0.5	97006	138	96937	4438412	45.75
2000-2009	35	0.00155	0.00155	0.5	96868	150	96793	4341475	44.82
2000-2009	36	0.00157	0.00157	0.5	96718	152	96642	4244682	43.89
2000-2009	37	0.00174	0.00174	0.5	96566	168	96482	4148040	42.96
2000-2009	38	0.00182	0.00182	0.5	96398	175	96310	4051559	42.03
2000-2009	39	0.00196	0.00196	0.5	96223	188	96128	3955248	41.11
2000-2009	40	0.00216	0.00215	0.5	96034	207	95931	3859120	40.18
2000-2009	41	0.00230	0.00230	0.5	95827	220	95717	3763189	39.27
2000-2009	42	0.00250	0.00249	0.5	95607	238	95488	3667472	38.36
2000-2009	43	0.00276	0.00276	0.5	95369	263	95238	3571983	37.45
2000-2009	44	0.00295	0.00295	0.5	95106	280	94966	3476746	36.56
2000-2009	45	0.00317	0.00317	0.5	94826	300	94676	3381780	35.66
2000-2009	46	0.00335	0.00334	0.5	94526	316	94368	3287104	34.77
2000-2009	47	0.00370	0.00369	0.5	94209	348	94036	3192737	33.89
2000-2009	48	0.00402	0.00401	0.5	93862	376	93673	3098701	33.01
2000-2009	49	0.00437	0.00436	0.5	93485	408	93281	3005028	32.14
2000-2009	50	0.00460	0.00459	0.5	93078	428	92864	2911746	31.28
2000-2009	51	0.00477	0.00476	0.5	92650	441	92430	2818882	30.43
2000-2009	52	0.00527	0.00525	0.5	92209	484	91967	2726453	29.57
2000-2009	53	0.00555	0.00553	0.5	91725	507	91471	2634486	28.72
2000-2009	54	0.00588	0.00586	0.5	91217	535	90950	2543015	27.88
2000-2009	55	0.00628	0.00626	0.5	90683	568	90399	2452065	27.04
2000-2009	56	0.00660	0.00658	0.5	90115	593	89819	2361666	26.21
2000-2009	57	0.00705	0.00703	0.5	89522	629	89208	2271847	25.38
2000-2009	58	0.00763	0.00760	0.5	88893	675	88556	2182640	24.55
2000-2009	59	0.00815	0.00812	0.5	88218	716	87860	2094084	23.74
2000-2009	60	0.00871	0.00867	0.5	87502	759	87122	2006224	22.93
2000-2009	61	0.00962	0.00958	0.5	86743	831	86327	1919102	22.12
2000-2009	62	0.01028	0.01022	0.5	85912	878	85473	1832775	21.33
2000-2009	63	0.01091	0.01085	0.5	85034	923	84572	1747302	20.55
2000-2009	64	0.01223	0.01215	0.5	84111	1022	83600	1662730	19.77
2000-2009	65	0.01303	0.01294	0.5	83089	1075	82551	1579130	19.01
2000-2009	66	0.01401	0.01391	0.5	82013	1141	81443	1496579	18.25
2000-2009	67	0.01479	0.01468	0.5	80872	1188	80278	1415136	17.50
2000-2009	68	0.01583	0.01571	0.5	79685	1251	79059	1334858	16.75
2000-2009	69	0.01776	0.01760	0.5	78433	1380	77743	1255799	16.01
2000-2009	70	0.01946	0.01927	0.5	77053	1485	76310	1178056	15.29
2000-2009	71	0.02053	0.02032	0.5	75568	1536	74800	1101746	14.58
2000-2009	72	0.02315	0.02289	0.5	74032	1695	73185	1026947	13.87
2000-2009	73	0.02552	0.02520	0.5	72337	1823	71426	953762	13.18
2000-2009	74	0.02761	0.02723	0.5	70515	1920	69555	882336	12.51
2000-2009	75	0.03042	0.02997	0.5	68595	2056	67567	812781	11.85
2000-2009	76	0.03324	0.03269	0.5	66539	2175	65451	745215	11.20
2000-2009	77	0.03664	0.03598	0.5	64364	2316	63206	679763	10.56
2000-2009	78	0.04139	0.04055	0.5	62048	2516	60790	616558	9.94
2000-2009	79	0.04486	0.04387	0.5	59532	2612	58226	555768	9.34
2000-2009	80	0.05337	0.05198	0.5	56920	2959	55441	497542	8.74
2000-2009	81	0.06005	0.05830	0.5	53961	3146	52388	442101	8.19
2000-2009	82	0.06751	0.06530	0.5	50815	3318	49156	389713	7.67
2000-2009	83	0.07582	0.07305	0.5	47497	3470	45762	340557	7.17
2000-2009	84	0.08507	0.08160	0.5	44027	3592	42231	294795	6.70
2000-2009	85	0.09533	0.09099	0.5	40435	3679	38595	252564	6.25
2000-2009	86	0.10670	0.10129	0.5	36755	3723	34894	213969	5.82
2000-2009	87	0.11924	0.11253	0.5	33032	3717	31174	179075	5.42
2000-2009	88	0.13306	0.12476	0.5	29315	3657	27487	147901	5.05
2000-2009	89	0.14821	0.13799	0.5	25658	3540	23888	120415	4.69
2000-2009	90	0.16478	0.15224	0.5	22117	3367	20434	96527	4.36
2000-2009	91	0.18281	0.16750	0.5	18750	3141	17180	76093	4.06
2000-2009	92	0.20236	0.18377	0.5	15610	2869	14175	58913	3.77
2000-2009	93	0.22345	0.20100	0.5	12741	2561	11461	44738	3.51
2000-2009	94	0.24608	0.21912	0.5	10180	2231	9065	33277	3.27
2000-2009	95	0.27023	0.23807	0.5	7949	1893	7003	24212	3.05
2000-2009	96	0.29585	0.25773	0.5	6057	1561	5276	17209	2.84
2000-2009	97	0.32286	0.27798	0.5	4496	1250	3871	11933	2.65
2000-2009	98	0.35114	0.29869	0.5	3246	970	2761	8062	2.48
2000-2009	99	0.38053	0.31970	0.5	2277	728	1913	5300	2.33
2000-2009	100	0.41087	0.34085	0.5	1549	528	1285	3388	2.19
2000-2009	101	0.44194	0.36196	0.5	1021	369	836	2103	2.06
2000-2009	102	0.47351	0.38287	0.5	651	249	527	1267	1.95
2000-2009	103	0.50534	0.40341	0.5	402	162	321	740	1.84
2000-2009	104	0.53716	0.42343	0.5	240	102	189	419	1.75
2000-2009	105	0.56872	0.44280	0.5	138	61	108	230	1.67
2000-2009	106	0.59977	0.46140	0.5	77	36	59	123	1.59
2000-2009	107	0.63007	0.47913	0.5	41	20	32	63	1.53
2000-2009	108	0.65942	0.49591	0.5	22	11	16	32	1.47
2000-2009	109	0.68762	0.51169	0.5	11	6	8	16	1.43
2000-2009	110+	0.71453	1.00000	1.4	5	5	7	7	1.40
2010-2019	0	0.00564	0.00561	0.06	100000	561	99475	7926419	79.26
2010-2019	1	0.00053	0.00053	0.5	99439	53	99412	7826944	78.71
2010-2019	2	0.00032	0.00032	0.5	99386	32	99370	7727532	77.75
2010-2019	3	0.00022	0.00022	0.5	99354	22	99343	7628162	76.78
2010-2019	4	0.00018	0.00018	0.5	99332	18	99323	7528819	75.79
2010-2019	5	0.00015	0.00015	0.5	99314	15	99307	7429495	74.81
2010-2019	6	0.00011	0.00011	0.5	99299	11	99294	7330189	73.82
2010-2019	7	0.00012	0.00012	0.5	99288	11	99282	7230895	72.83
2010-2019	8	0.00010	0.00010	0.5	99277	10	99272	7131612	71.84
2010-2019	9	0.00009	0.00009	0.5	99266	9	99262	7032341	70.84
2010-2019	10	0.00011	0.00011	0.5	99257	11	99251	6933079	69.85
2010-2019	11	0.00013	0.00013	0.5	99246	12	99239	6833828	68.86
2010-2019	12	0.00015	0.00015	0.5	99233	15	99226	6734589	67.87
2010-2019	13	0.00017	0.00017	0.5	99218	17	99210	6635363	66.88
2010-2019	14	0.00023	0.00023	0.5	99201	23	99190	6536153	65.89
2010-2019	15	0.00027	0.00027	0.5	99178	27	99165	6436963	64.90
2010-2019	16	0.00036	0.00036	0.5	99151	36	99133	6337799	63.92
2010-2019	17	0.00049	0.00049	0.5	99116	49	99091	6238665	62.94
2010-2019	18	0.00075	0.00075	0.5	99067	74	99030	6139574	61.97
2010-2019	19	0.00074	0.00074	0.5	98993	73	98956	6040545	61.02
2010-2019	20	0.00087	0.00087	0.5	98920	86	98876	5941588	60.06
2010-2019	21	0.00095	0.00095	0.5	98833	93	98787	5842712	59.12
2010-2019	22	0.00104	0.00104	0.5	98740	102	98689	5743925	58.17
2010-2019	23	0.00102	0.00102	0.5	98638	101	98587	5645237	57.23
2010-2019	24	0.00108	0.00108	0.5	98537	107	98484	5546649	56.29
2010-2019	25	0.00114	0.00114	0.5	98430	112	98374	5448166	55.35
2010-2019	26	0.00116	0.00116	0.5	98318	114	98261	5349791	54.41
2010-2019	27	0.00124	0.00124	0.5	98205	122	98144	5251530	53.48
2010-2019	28	0.00120	0.00119	0.5	98083	117	98024	5153386	52.54
2010-2019	29	0.00134	0.00134	0.5	97966	132	97900	5055362	51.60
2010-2019	30	0.00129	0.00129	0.5	97834	126	97771	4957462	50.67
2010-2019	31	0.00138	0.00138	0.5	97708	134	97641	4859690	49.74
2010-2019	32	0.00138	0.00138	0.5	97574	135	97506	4762049	48.80
2010-2019	33	0.00149	0.00148	0.5	97439	145	97367	4664543	47.87
2010-2019	34	0.00153	0.00152	0.5	97294	148	97220	4567176	46.94
2010-2019	35	0.00155	0.00155	0.5	97146	151	97071	4469956	46.01
2010-2019	36	0.00166	0.00166	0.5	96995	161	96915	4372885	45.08
2010-2019	37	0.00159	0.00159	0.5	96834	154	96757	4275970	44.16
2010-2019	38	0.00174	0.00174	0.5	96680	168	96596	4179213	43.23
2010-2019	39	0.00184	0.00184	0.5	96512	178	96423	4082617	42.30
2010-2019	40	0.00193	0.00192	0.5	96334	185	96241	3986194	41.38
2010-2019	41	0.00206	0.00205	0.5	96149	197	96050	3889953	40.46
2010-2019	42	0.00211	0.00211	0.5	95951	203	95850	3793903	39.54
2010-2019	43	0.00230	0.00230	0.5	95749	220	95639	3698053	38.62
2010-2019	44	0.00247	0.00247	0.5	95528	236	95410	3602415	37.71
2010-2019	45	0.00279	0.00279	0.5	95292	266	95160	3507004	36.80
2010-2019	46	0.00298	0.00298	0.5	95027	283	94885	3411845	35.90
2010-2019	47	0.00331	0.00330	0.5	94744	313	94588	3316959	35.01
2010-2019	48	0.00357	0.00356	0.5	94431	337	94263	3222372	34.12
2010-2019	49	0.00386	0.00386	0.5	94095	363	93913	3128109	33.24
2010-2019	50	0.00420	0.00419	0.5	93732	393	93535	3034195	32.37
2010-2019	51	0.00452	0.00451	0.5	93339	421	93128	2940660	31.51
2010-2019	52	0.00481	0.00480	0.5	92918	446	92695	2847532	30.65
2010-2019	53	0.00525	0.00524	0.5	92472	484	92230	2754837	29.79
2010-2019	54	0.00586	0.00585	0.5	91987	538	91719	2662607	28.95
2010-2019	55	0.00623	0.00622	0.5	91450	568	91165	2570889	28.11
2010-2019	56	0.00669	0.00667	0.5	90881	606	90578	2479724	27.29
2010-2019	57	0.00720	0.00717	0.5	90275	648	89951	2389145	26.47
2010-2019	58	0.00768	0.00765	0.5	89628	686	89285	2299194	25.65
2010-2019	59	0.00829	0.00826	0.5	88942	734	88575	2209909	24.85
2010-2019	60	0.00883	0.00879	0.5	88208	776	87820	2121334	24.05
2010-2019	61	0.00920	0.00915	0.5	87432	800	87032	2033514	23.26
2010-2019	62	0.00974	0.00970	0.5	86632	840	86212	1946483	22.47
2010-2019	63	0.01074	0.01069	0.5	85792	917	85333	1860271	21.68
2010-2019	64	0.01112	0.01106	0.5	84875	939	84406	1774937	20.91
2010-2019	65	0.01153	0.01146	0.5	83936	962	83455	1690532	20.14
2010-2019	66	0.01261	0.01253	0.5	82974	1040	82454	1607077	19.37
2010-2019	67	0.01341	0.01332	0.5	81935	1091	81389	1524622	18.61
2010-2019	68	0.01422	0.01412	0.5	80843	1142	80273	1443233	17.85
2010-2019	69	0.01531	0.01519	0.5	79702	1211	79096	1362961	17.10
2010-2019	70	0.01639	0.01626	0.5	78491	1276	77853	1283864	16.36
2010-2019	71	0.01800	0.01784	0.5	77215	1377	76526	1206011	15.62
2010-2019	72	0.01972	0.01953	0.5	75837	1481	75097	1129485	14.89
2010-2019	73	0.02105	0.02083	0.5	74356	1549	73582	1054388	14.18
2010-2019	74	0.02361	0.02333	0.5	72808	1699	71958	980806	13.47
2010-2019	75	0.02613	0.02580	0.5	71109	1834	70192	908848	12.78
2010-2019	76	0.02834	0.02795	0.5	69275	1936	68306	838656	12.11
2010-2019	77	0.03086	0.03039	0.5	67338	2046	66315	770350	11.44
2010-2019	78	0.03425	0.03367	0.5	65292	2199	64193	704034	10.78
2010-2019	79	0.03800	0.03729	0.5	63093	2353	61917	639842	10.14
2010-2019	80	0.04235	0.04147	0.5	60741	2519	59481	577925	9.51
2010-2019	81	0.04827	0.04713	0.5	58221	2744	56849	518444	8.90
2010-2019	82	0.05496	0.05349	0.5	55477	2968	53994	461595	8.32
2010-2019	83	0.06252	0.06062	0.5	52510	3183	50918	407601	7.76
2010-2019	84	0.07103	0.06859	0.5	49327	3384	47635	356683	7.23
2010-2019	85	0.08060	0.07748	0.5	45943	3560	44163	309048	6.73
2010-2019	86	0.09133	0.08734	0.5	42384	3702	40533	264884	6.25
2010-2019	87	0.10332	0.09825	0.5	38682	3800	36782	224352	5.80
2010-2019	88	0.11668	0.11025	0.5	34881	3846	32959	187570	5.38
2010-2019	89	0.13151	0.12340	0.5	31036	3830	29121	154612	4.98
2010-2019	90	0.14791	0.13772	0.5	27206	3747	25332	125491	4.61
2010-2019	91	0.16595	0.15324	0.5	23459	3595	21662	100159	4.27
2010-2019	92	0.18571	0.16993	0.5	19864	3376	18176	78497	3.95
2010-2019	93	0.20724	0.18778	0.5	16489	3096	14940	60321	3.66
2010-2019	94	0.23055	0.20672	0.5	13392	2768	12008	45380	3.39
2010-2019	95	0.25563	0.22666	0.5	10624	2408	9420	33372	3.14
2010-2019	96	0.28244	0.24749	0.5	8216	2033	7199	23952	2.92
2010-2019	97	0.31089	0.26906	0.5	6183	1663	5351	16753	2.71
2010-2019	98	0.34084	0.29121	0.5	4519	1316	3861	11402	2.52
2010-2019	99	0.37212	0.31375	0.5	3203	1005	2701	7541	2.35
2010-2019	100	0.40452	0.33647	0.5	2198	740	1828	4841	2.20
2010-2019	101	0.43778	0.35916	0.5	1459	524	1197	3012	2.07
2010-2019	102	0.47162	0.38163	0.5	935	357	756	1816	1.94
2010-2019	103	0.50574	0.40366	0.5	578	233	461	1059	1.83
2010-2019	104	0.53982	0.42508	0.5	345	147	271	598	1.74
2010-2019	105	0.57354	0.44572	0.5	198	88	154	327	1.65
2010-2019	106	0.60661	0.46544	0.5	110	51	84	173	1.57
2010-2019	107	0.63875	0.48413	0.5	59	28	44	88	1.51
2010-2019	108	0.66971	0.50171	0.5	30	15	23	44	1.45
2010-2019	109	0.69928	0.51813	0.5	15	8	11	21	1.40
2010-2019	110+	0.72730	1.00000	1.37	7	7	10	10	1.37
2020-2022	0	0.00569	0.00566	0.06	100000	566	99470	7646644	76.47
2020-2022	1	0.00056	0.00056	0.5	99434	56	99406	7547173	75.90
2020-2022	2	0.00030	0.00030	0.5	99378	29	99363	7447768	74.94
2020-2022	3	0.00024	0.00024	0.5	99349	24	99337	7348404	73.97
2020-2022	4	0.00021	0.00021	0.5	99325	20	99314	7249068	72.98
2020-2022	5	0.00013	0.00013	0.5	99304	13	99298	7149753	72.00
2020-2022	6	0.00011	0.00011	0.5	99292	11	99286	7050456	71.01
2020-2022	7	0.00013	0.00013	0.5	99281	13	99274	6951169	70.02
2020-2022	8	0.00010	0.00010	0.5	99268	10	99263	6851895	69.02
2020-2022	9	0.00013	0.00013	0.5	99258	13	99251	6752633	68.03
2020-2022	10	0.00012	0.00012	0.5	99245	11	99239	6653382	67.04
2020-2022	11	0.00015	0.00015	0.5	99233	14	99226	6554142	66.05
2020-2022	12	0.00014	0.00014	0.5	99219	14	99212	6454916	65.06
2020-2022	13	0.00022	0.00022	0.5	99205	22	99194	6355704	64.07
2020-2022	14	0.00027	0.00027	0.5	99183	26	99170	6256510	63.08
2020-2022	15	0.00044	0.00044	0.5	99156	44	99135	6157341	62.10
2020-2022	16	0.00063	0.00063	0.5	99113	62	99082	6058206	61.12
2020-2022	17	0.00080	0.00080	0.5	99051	79	99011	5959124	60.16
2020-2022	18	0.00095	0.00095	0.5	98971	94	98924	5860113	59.21
2020-2022	19	0.00115	0.00115	0.5	98877	114	98820	5761189	58.27
2020-2022	20	0.00124	0.00124	0.5	98764	122	98702	5662369	57.33
2020-2022	21	0.00124	0.00123	0.5	98641	122	98580	5563666	56.40
2020-2022	22	0.00137	0.00137	0.5	98519	135	98452	5465086	55.47
2020-2022	23	0.00155	0.00155	0.5	98384	153	98308	5366634	54.55
2020-2022	24	0.00151	0.00151	0.5	98232	148	98158	5268326	53.63
2020-2022	25	0.00160	0.00160	0.5	98084	157	98005	5170168	52.71
2020-2022	26	0.00166	0.00166	0.5	97927	163	97846	5072163	51.80
2020-2022	27	0.00188	0.00188	0.5	97764	184	97672	4974317	50.88
2020-2022	28	0.00178	0.00178	0.5	97581	174	97494	4876645	49.98
2020-2022	29	0.00220	0.00220	0.5	97407	214	97300	4779151	49.06
2020-2022	30	0.00241	0.00241	0.5	97192	234	97075	4681852	48.17
2020-2022	31	0.00246	0.00246	0.5	96958	238	96839	4584776	47.29
2020-2022	32	0.00252	0.00252	0.5	96720	244	96598	4487937	46.40
2020-2022	33	0.00236	0.00236	0.5	96476	228	96362	4391339	45.52
2020-2022	34	0.00249	0.00249	0.5	96248	239	96129	4294977	44.62
2020-2022	35	0.00285	0.00285	0.5	96009	273	95872	4198849	43.73
2020-2022	36	0.00282	0.00282	0.5	95736	270	95601	4102976	42.86
2020-2022	37	0.00289	0.00289	0.5	95466	275	95328	4007375	41.98
2020-2022	38	0.00295	0.00294	0.5	95190	280	95050	3912047	41.10
2020-2022	39	0.00318	0.00318	0.5	94910	302	94760	3816997	40.22
2020-2022	40	0.00311	0.00311	0.5	94609	294	94462	3722237	39.34
2020-2022	41	0.00329	0.00329	0.5	94315	310	94160	3627776	38.46
2020-2022	42	0.00337	0.00336	0.5	94005	316	93847	3533616	37.59
2020-2022	43	0.00366	0.00365	0.5	93689	342	93518	3439770	36.71
2020-2022	44	0.00364	0.00363	0.5	93347	339	93177	3346252	35.85
2020-2022	45	0.00388	0.00388	0.5	93008	361	92827	3253074	34.98
2020-2022	46	0.00419	0.00418	0.5	92647	387	92454	3160247	34.11
2020-2022	47	0.00456	0.00455	0.5	92260	420	92050	3067793	33.25
2020-2022	48	0.00484	0.00483	0.5	91840	443	91618	2975744	32.40
2020-2022	49	0.00507	0.00505	0.5	91397	462	91166	2884125	31.56
2020-2022	50	0.00569	0.00567	0.5	90935	516	90677	2792960	30.71
2020-2022	51	0.00607	0.00605	0.5	90419	547	90146	2702283	29.89
2020-2022	52	0.00637	0.00635	0.5	89872	571	89587	2612137	29.06
2020-2022	53	0.00657	0.00655	0.5	89302	585	89009	2522550	28.25
2020-2022	54	0.00687	0.00685	0.5	88717	608	88413	2433541	27.43
2020-2022	55	0.00807	0.00804	0.5	88109	709	87755	2345128	26.62
2020-2022	56	0.00865	0.00861	0.5	87400	753	87024	2257373	25.83
2020-2022	57	0.00933	0.00929	0.5	86648	805	86246	2170349	25.05
2020-2022	58	0.00969	0.00964	0.5	85843	828	85429	2084104	24.28
2020-2022	59	0.01087	0.01081	0.5	85016	919	84556	1998674	23.51
2020-2022	60	0.01124	0.01118	0.5	84097	940	83627	1914118	22.76
2020-2022	61	0.01192	0.01185	0.5	83157	985	82664	1830491	22.01
2020-2022	62	0.01290	0.01281	0.5	82172	1053	81645	1747827	21.27
2020-2022	63	0.01377	0.01367	0.5	81119	1109	80564	1666182	20.54
2020-2022	64	0.01439	0.01428	0.5	80009	1143	79438	1585618	19.82
2020-2022	65	0.01528	0.01516	0.5	78867	1196	78269	1506180	19.10
2020-2022	66	0.01613	0.01600	0.5	77671	1243	77049	1427911	18.38
2020-2022	67	0.01630	0.01617	0.5	76428	1236	75810	1350862	17.67
2020-2022	68	0.01836	0.01820	0.5	75192	1368	74508	1275052	16.96
2020-2022	69	0.01964	0.01945	0.5	73824	1436	73106	1200544	16.26
2020-2022	70	0.02074	0.02053	0.5	72388	1486	71645	1127438	15.57
2020-2022	71	0.02219	0.02195	0.5	70902	1556	70124	1055793	14.89
2020-2022	72	0.02382	0.02354	0.5	69346	1633	68530	985669	14.21
2020-2022	73	0.02639	0.02604	0.5	67713	1764	66832	917139	13.54
2020-2022	74	0.02815	0.02776	0.5	65950	1831	65034	850308	12.89
2020-2022	75	0.03126	0.03078	0.5	64119	1974	63132	785273	12.25
2020-2022	76	0.03372	0.03316	0.5	62146	2061	61115	722141	11.62
2020-2022	77	0.03750	0.03681	0.5	60085	2212	58979	661026	11.00
2020-2022	78	0.04060	0.03979	0.5	57873	2303	56722	602046	10.40
2020-2022	79	0.04574	0.04471	0.5	55570	2485	54328	545325	9.81
2020-2022	80	0.04596	0.04492	0.5	53086	2385	51893	490997	9.25
2020-2022	81	0.05211	0.05079	0.5	50701	2575	49413	439103	8.66
2020-2022	82	0.05905	0.05736	0.5	48126	2760	46745	389690	8.10
2020-2022	83	0.06685	0.06468	0.5	45365	2934	43898	342945	7.56
2020-2022	84	0.07559	0.07284	0.5	42431	3091	40886	299047	7.05
2020-2022	85	0.08539	0.08189	0.5	39340	3222	37729	258161	6.56
2020-2022	86	0.09632	0.09190	0.5	36119	3319	34459	220432	6.10
2020-2022	87	0.10850	0.10291	0.5	32799	3376	31112	185973	5.67
2020-2022	88	0.12201	0.11500	0.5	29424	3384	27732	154861	5.26
2020-2022	89	0.13696	0.12819	0.5	26040	3338	24371	127129	4.88
2020-2022	90	0.15344	0.14251	0.5	22702	3235	21085	102758	4.53
2020-2022	91	0.17151	0.15797	0.5	19467	3075	17929	81673	4.20
2020-2022	92	0.19125	0.17456	0.5	16392	2861	14961	63744	3.89
2020-2022	93	0.21269	0.19225	0.5	13531	2601	12230	48783	3.61
2020-2022	94	0.23586	0.21098	0.5	10929	2306	9776	36553	3.34
2020-2022	95	0.26073	0.23066	0.5	8624	1989	7629	26776	3.11
2020-2022	96	0.28725	0.25118	0.5	6634	1666	5801	19147	2.89
2020-2022	97	0.31536	0.27240	0.5	4968	1353	4291	13346	2.69
2020-2022	98	0.34490	0.29417	0.5	3615	1063	3083	9055	2.50
2020-2022	99	0.37572	0.31630	0.5	2551	807	2148	5972	2.34
2020-2022	100	0.40761	0.33860	0.5	1744	591	1449	3824	2.19
2020-2022	101	0.44032	0.36087	0.5	1154	416	946	2375	2.06
2020-2022	102	0.47360	0.38292	0.5	737	282	596	1429	1.94
2020-2022	103	0.50713	0.40455	0.5	455	184	363	833	1.83
2020-2022	104	0.54063	0.42559	0.5	271	115	213	470	1.73
2020-2022	105	0.57379	0.44587	0.5	156	69	121	257	1.65
2020-2022	106	0.60633	0.46528	0.5	86	40	66	136	1.57
2020-2022	107	0.63798	0.48369	0.5	46	22	35	70	1.51
2020-2022	108	0.66850	0.50103	0.5	24	12	18	35	1.45
2020-2022	109	0.69768	0.51724	0.5	12	6	9	17	1.41
2020-2022	110+	0.72537	1.00000	1.38	6	6	8	8	1.38
