AZ: AZ, Lifetables (period 1x10), Females Last modified: February 4 2025, MPv5 (May07) 

Year     	Age	mx	qx	ax	lx	dx	Lx	Tx	ex
1941-1949	0	0.05916	0.05655	0.22	100000	5655	95582	6680600	66.81
1941-1949	1	0.01077	0.01071	0.5	94345	1011	93840	6585019	69.80
1941-1949	2	0.00394	0.00393	0.5	93335	367	93151	6491179	69.55
1941-1949	3	0.00300	0.00299	0.5	92967	278	92828	6398028	68.82
1941-1949	4	0.00168	0.00168	0.5	92689	155	92611	6305200	68.03
1941-1949	5	0.00123	0.00123	0.5	92534	113	92477	6212588	67.14
1941-1949	6	0.00122	0.00122	0.5	92420	112	92364	6120111	66.22
1941-1949	7	0.00119	0.00119	0.5	92308	110	92253	6027747	65.30
1941-1949	8	0.00113	0.00113	0.5	92198	104	92146	5935495	64.38
1941-1949	9	0.00104	0.00104	0.5	92094	95	92046	5843349	63.45
1941-1949	10	0.00092	0.00092	0.5	91999	85	91956	5751302	62.52
1941-1949	11	0.00087	0.00087	0.5	91914	80	91874	5659346	61.57
1941-1949	12	0.00089	0.00089	0.5	91834	82	91793	5567473	60.63
1941-1949	13	0.00099	0.00099	0.5	91752	91	91706	5475680	59.68
1941-1949	14	0.00117	0.00117	0.5	91661	108	91607	5383973	58.74
1941-1949	15	0.00142	0.00142	0.5	91553	130	91488	5292367	57.81
1941-1949	16	0.00166	0.00166	0.5	91423	152	91347	5200878	56.89
1941-1949	17	0.00188	0.00187	0.5	91271	171	91186	5109531	55.98
1941-1949	18	0.00207	0.00207	0.5	91100	188	91006	5018345	55.09
1941-1949	19	0.00224	0.00224	0.5	90912	203	90810	4927339	54.20
1941-1949	20	0.00238	0.00237	0.5	90709	215	90601	4836529	53.32
1941-1949	21	0.00247	0.00247	0.5	90494	224	90382	4745927	52.44
1941-1949	22	0.00254	0.00254	0.5	90270	229	90155	4655546	51.57
1941-1949	23	0.00258	0.00258	0.5	90041	232	89925	4565390	50.70
1941-1949	24	0.00258	0.00258	0.5	89809	231	89693	4475465	49.83
1941-1949	25	0.00255	0.00255	0.5	89578	228	89464	4385772	48.96
1941-1949	26	0.00254	0.00253	0.5	89350	226	89236	4296308	48.08
1941-1949	27	0.00255	0.00254	0.5	89123	227	89010	4207071	47.21
1941-1949	28	0.00258	0.00258	0.5	88897	229	88782	4118061	46.32
1941-1949	29	0.00264	0.00264	0.5	88667	234	88550	4029280	45.44
1941-1949	30	0.00271	0.00271	0.5	88433	240	88314	3940729	44.56
1941-1949	31	0.00282	0.00281	0.5	88194	248	88070	3852416	43.68
1941-1949	32	0.00297	0.00297	0.5	87946	261	87815	3764346	42.80
1941-1949	33	0.00319	0.00319	0.5	87685	279	87545	3676531	41.93
1941-1949	34	0.00346	0.00345	0.5	87405	302	87254	3588986	41.06
1941-1949	35	0.00378	0.00377	0.5	87103	328	86939	3501732	40.20
1941-1949	36	0.00404	0.00404	0.5	86775	350	86600	3414793	39.35
1941-1949	37	0.00424	0.00423	0.5	86425	365	86242	3328193	38.51
1941-1949	38	0.00441	0.00440	0.5	86059	379	85870	3241951	37.67
1941-1949	39	0.00454	0.00453	0.5	85681	388	85486	3156081	36.84
1941-1949	40	0.00458	0.00457	0.5	85292	390	85098	3070594	36.00
1941-1949	41	0.00454	0.00453	0.5	84903	385	84710	2985497	35.16
1941-1949	42	0.00461	0.00460	0.5	84518	389	84324	2900787	34.32
1941-1949	43	0.00479	0.00478	0.5	84130	402	83928	2816463	33.48
1941-1949	44	0.00498	0.00497	0.5	83727	416	83519	2732534	32.64
1941-1949	45	0.00523	0.00521	0.5	83311	434	83094	2649015	31.80
1941-1949	46	0.00548	0.00547	0.5	82877	453	82650	2565921	30.96
1941-1949	47	0.00580	0.00578	0.5	82424	476	82185	2483271	30.13
1941-1949	48	0.00624	0.00622	0.5	81947	510	81692	2401086	29.30
1941-1949	49	0.00681	0.00679	0.5	81438	553	81161	2319394	28.48
1941-1949	50	0.00752	0.00749	0.5	80885	606	80582	2238232	27.67
1941-1949	51	0.00804	0.00801	0.5	80279	643	79958	2157651	26.88
1941-1949	52	0.00846	0.00842	0.5	79636	671	79301	2077693	26.09
1941-1949	53	0.00890	0.00886	0.5	78965	699	78616	1998392	25.31
1941-1949	54	0.00926	0.00922	0.5	78266	721	77905	1919777	24.53
1941-1949	55	0.00960	0.00956	0.5	77545	741	77174	1841871	23.75
1941-1949	56	0.01006	0.01001	0.5	76803	769	76419	1764698	22.98
1941-1949	57	0.01070	0.01064	0.5	76035	809	75630	1688279	22.20
1941-1949	58	0.01162	0.01155	0.5	75226	869	74791	1612648	21.44
1941-1949	59	0.01283	0.01275	0.5	74357	948	73883	1537857	20.68
1941-1949	60	0.01434	0.01423	0.5	73409	1045	72886	1463974	19.94
1941-1949	61	0.01564	0.01552	0.5	72364	1123	71803	1391088	19.22
1941-1949	62	0.01689	0.01675	0.5	71241	1193	70645	1319285	18.52
1941-1949	63	0.01829	0.01812	0.5	70048	1269	69413	1248641	17.83
1941-1949	64	0.01937	0.01919	0.5	68779	1320	68119	1179227	17.15
1941-1949	65	0.02041	0.02020	0.5	67459	1363	66778	1111109	16.47
1941-1949	66	0.02147	0.02125	0.5	66096	1404	65394	1044331	15.80
1941-1949	67	0.02282	0.02256	0.5	64692	1459	63962	978937	15.13
1941-1949	68	0.02506	0.02475	0.5	63233	1565	62450	914974	14.47
1941-1949	69	0.02791	0.02752	0.5	61668	1697	60819	852524	13.82
1941-1949	70	0.03125	0.03077	0.5	59971	1845	59048	791705	13.20
1941-1949	71	0.03422	0.03364	0.5	58126	1955	57148	732657	12.60
1941-1949	72	0.03749	0.03680	0.5	56170	2067	55137	675509	12.03
1941-1949	73	0.04195	0.04109	0.5	54103	2223	52991	620372	11.47
1941-1949	74	0.04689	0.04582	0.5	51880	2377	50691	567381	10.94
1941-1949	75	0.05250	0.05116	0.5	49503	2532	48237	516689	10.44
1941-1949	76	0.05715	0.05556	0.5	46970	2610	45665	468453	9.97
1941-1949	77	0.06079	0.05900	0.5	44361	2617	43052	422787	9.53
1941-1949	78	0.06583	0.06373	0.5	41743	2660	40413	379735	9.10
1941-1949	79	0.07139	0.06893	0.5	39083	2694	37736	339322	8.68
1941-1949	80	0.07327	0.07068	0.5	36389	2572	35103	301586	8.29
1941-1949	81	0.07922	0.07620	0.5	33817	2577	32528	266483	7.88
1941-1949	82	0.08561	0.08209	0.5	31240	2565	29958	233955	7.49
1941-1949	83	0.09246	0.08837	0.5	28675	2534	27408	203997	7.11
1941-1949	84	0.09980	0.09505	0.5	26141	2485	24899	176589	6.76
1941-1949	85	0.10765	0.10215	0.5	23656	2417	22448	151690	6.41
1941-1949	86	0.11604	0.10968	0.5	21240	2330	20075	129242	6.08
1941-1949	87	0.12499	0.11764	0.5	18910	2225	17798	109167	5.77
1941-1949	88	0.13453	0.12605	0.5	16686	2103	15634	91369	5.48
1941-1949	89	0.14468	0.13492	0.5	14582	1967	13599	75735	5.19
1941-1949	90	0.15545	0.14424	0.5	12615	1820	11705	62137	4.93
1941-1949	91	0.16687	0.15402	0.5	10795	1663	9964	50431	4.67
1941-1949	92	0.17895	0.16425	0.5	9133	1500	8383	40467	4.43
1941-1949	93	0.19170	0.17493	0.5	7633	1335	6965	32085	4.20
1941-1949	94	0.20514	0.18605	0.5	6297	1172	5712	25120	3.99
1941-1949	95	0.21926	0.19760	0.5	5126	1013	4619	19408	3.79
1941-1949	96	0.23407	0.20954	0.5	4113	862	3682	14789	3.60
1941-1949	97	0.24955	0.22187	0.5	3251	721	2890	11107	3.42
1941-1949	98	0.26571	0.23455	0.5	2530	593	2233	8216	3.25
1941-1949	99	0.28252	0.24755	0.5	1936	479	1697	5983	3.09
1941-1949	100	0.29996	0.26084	0.5	1457	380	1267	4286	2.94
1941-1949	101	0.31799	0.27437	0.5	1077	295	929	3019	2.80
1941-1949	102	0.33660	0.28811	0.5	782	225	669	2090	2.67
1941-1949	103	0.35572	0.30200	0.5	556	168	472	1421	2.55
1941-1949	104	0.37531	0.31601	0.5	388	123	327	949	2.44
1941-1949	105	0.39532	0.33008	0.5	266	88	222	622	2.34
1941-1949	106	0.41569	0.34416	0.5	178	61	147	400	2.25
1941-1949	107	0.43634	0.35820	0.5	117	42	96	253	2.16
1941-1949	108	0.45723	0.37215	0.5	75	28	61	157	2.09
1941-1949	109	0.47826	0.38596	0.5	47	18	38	96	2.04
1941-1949	110+	0.49937	1.00000	2	29	29	58	58	2.00
1950-1959	0	0.03626	0.03518	0.15	100000	3518	97025	7245012	72.45
1950-1959	1	0.00412	0.00411	0.5	96482	396	96284	7147987	74.09
1950-1959	2	0.00214	0.00214	0.5	96085	206	95983	7051703	73.39
1950-1959	3	0.00127	0.00127	0.5	95880	122	95819	6955721	72.55
1950-1959	4	0.00102	0.00102	0.5	95758	98	95709	6859902	71.64
1950-1959	5	0.00084	0.00083	0.5	95660	80	95620	6764193	70.71
1950-1959	6	0.00070	0.00070	0.5	95580	67	95547	6668573	69.77
1950-1959	7	0.00051	0.00051	0.5	95514	49	95489	6573026	68.82
1950-1959	8	0.00040	0.00040	0.5	95465	38	95445	6477537	67.85
1950-1959	9	0.00039	0.00039	0.5	95426	37	95408	6382091	66.88
1950-1959	10	0.00040	0.00040	0.5	95389	38	95370	6286684	65.91
1950-1959	11	0.00045	0.00045	0.5	95352	43	95330	6191313	64.93
1950-1959	12	0.00045	0.00045	0.5	95309	43	95288	6095983	63.96
1950-1959	13	0.00053	0.00053	0.5	95266	50	95241	6000695	62.99
1950-1959	14	0.00064	0.00064	0.5	95216	61	95185	5905454	62.02
1950-1959	15	0.00077	0.00077	0.5	95155	73	95118	5810269	61.06
1950-1959	16	0.00076	0.00076	0.5	95081	72	95045	5715151	60.11
1950-1959	17	0.00083	0.00083	0.5	95009	78	94970	5620105	59.15
1950-1959	18	0.00099	0.00099	0.5	94931	94	94884	5525136	58.20
1950-1959	19	0.00098	0.00098	0.5	94837	93	94790	5430252	57.26
1950-1959	20	0.00106	0.00106	0.5	94744	101	94693	5335462	56.31
1950-1959	21	0.00100	0.00100	0.5	94643	95	94596	5240768	55.37
1950-1959	22	0.00114	0.00114	0.5	94548	107	94495	5146172	54.43
1950-1959	23	0.00115	0.00115	0.5	94441	108	94387	5051678	53.49
1950-1959	24	0.00118	0.00118	0.5	94332	111	94277	4957291	52.55
1950-1959	25	0.00130	0.00130	0.5	94221	122	94160	4863014	51.61
1950-1959	26	0.00133	0.00133	0.5	94099	125	94036	4768854	50.68
1950-1959	27	0.00144	0.00144	0.5	93974	135	93906	4674818	49.75
1950-1959	28	0.00134	0.00134	0.5	93839	126	93776	4580912	48.82
1950-1959	29	0.00141	0.00140	0.5	93713	132	93647	4487136	47.88
1950-1959	30	0.00148	0.00147	0.5	93582	138	93513	4393488	46.95
1950-1959	31	0.00159	0.00159	0.5	93444	149	93369	4299975	46.02
1950-1959	32	0.00165	0.00165	0.5	93295	154	93218	4206606	45.09
1950-1959	33	0.00168	0.00168	0.5	93141	157	93063	4113388	44.16
1950-1959	34	0.00185	0.00185	0.5	92985	172	92899	4020325	43.24
1950-1959	35	0.00198	0.00198	0.5	92813	184	92721	3927426	42.32
1950-1959	36	0.00210	0.00210	0.5	92629	194	92532	3834705	41.40
1950-1959	37	0.00223	0.00223	0.5	92435	206	92332	3742173	40.48
1950-1959	38	0.00246	0.00246	0.5	92229	227	92116	3649841	39.57
1950-1959	39	0.00258	0.00258	0.5	92003	237	91884	3557725	38.67
1950-1959	40	0.00269	0.00269	0.5	91765	246	91642	3465841	37.77
1950-1959	41	0.00293	0.00292	0.5	91519	268	91385	3374199	36.87
1950-1959	42	0.00335	0.00334	0.5	91251	305	91099	3282814	35.98
1950-1959	43	0.00343	0.00342	0.5	90946	311	90790	3191716	35.09
1950-1959	44	0.00369	0.00368	0.5	90635	334	90468	3100925	34.21
1950-1959	45	0.00396	0.00395	0.5	90301	357	90122	3010458	33.34
1950-1959	46	0.00418	0.00417	0.5	89944	375	89756	2920335	32.47
1950-1959	47	0.00447	0.00446	0.5	89569	400	89369	2830579	31.60
1950-1959	48	0.00492	0.00491	0.5	89169	438	88950	2741210	30.74
1950-1959	49	0.00534	0.00532	0.5	88731	472	88495	2652260	29.89
1950-1959	50	0.00529	0.00528	0.5	88259	466	88026	2563764	29.05
1950-1959	51	0.00598	0.00597	0.5	87793	524	87531	2475738	28.20
1950-1959	52	0.00630	0.00628	0.5	87269	548	86995	2388207	27.37
1950-1959	53	0.00712	0.00709	0.5	86721	615	86413	2301212	26.54
1950-1959	54	0.00745	0.00742	0.5	86106	639	85786	2214799	25.72
1950-1959	55	0.00790	0.00787	0.5	85467	673	85130	2129013	24.91
1950-1959	56	0.00845	0.00842	0.5	84794	714	84437	2043883	24.10
1950-1959	57	0.00891	0.00887	0.5	84080	746	83707	1959446	23.30
1950-1959	58	0.00988	0.00983	0.5	83335	819	82925	1875739	22.51
1950-1959	59	0.01024	0.01019	0.5	82515	841	82095	1792814	21.73
1950-1959	60	0.01069	0.01063	0.5	81675	868	81241	1710719	20.95
1950-1959	61	0.01098	0.01092	0.5	80806	882	80365	1629478	20.17
1950-1959	62	0.01233	0.01225	0.5	79924	979	79435	1549113	19.38
1950-1959	63	0.01374	0.01364	0.5	78945	1077	78407	1469678	18.62
1950-1959	64	0.01497	0.01486	0.5	77868	1157	77290	1391271	17.87
1950-1959	65	0.01704	0.01690	0.5	76711	1296	76063	1313982	17.13
1950-1959	66	0.01889	0.01872	0.5	75415	1412	74709	1237919	16.41
1950-1959	67	0.02096	0.02074	0.5	74003	1535	73236	1163210	15.72
1950-1959	68	0.02299	0.02273	0.5	72468	1647	71645	1089974	15.04
1950-1959	69	0.02518	0.02487	0.5	70821	1761	69941	1018329	14.38
1950-1959	70	0.02733	0.02696	0.5	69060	1862	68129	948388	13.73
1950-1959	71	0.02963	0.02920	0.5	67198	1962	66217	880259	13.10
1950-1959	72	0.03217	0.03166	0.5	65236	2066	64203	814042	12.48
1950-1959	73	0.03499	0.03439	0.5	63171	2173	62084	749838	11.87
1950-1959	74	0.03948	0.03872	0.5	60998	2362	59817	687754	11.28
1950-1959	75	0.04317	0.04226	0.5	58636	2478	57397	627937	10.71
1950-1959	76	0.04780	0.04668	0.5	56158	2622	54848	570540	10.16
1950-1959	77	0.05263	0.05128	0.5	53537	2745	52164	515692	9.63
1950-1959	78	0.05753	0.05592	0.5	50791	2840	49371	463528	9.13
1950-1959	79	0.06343	0.06148	0.5	47951	2948	46477	414157	8.64
1950-1959	80	0.06449	0.06247	0.5	45003	2811	43597	367680	8.17
1950-1959	81	0.07163	0.06915	0.5	42191	2918	40733	324083	7.68
1950-1959	82	0.07949	0.07645	0.5	39274	3003	37773	283350	7.21
1950-1959	83	0.08814	0.08442	0.5	36271	3062	34740	245578	6.77
1950-1959	84	0.09763	0.09308	0.5	33209	3091	31664	210837	6.35
1950-1959	85	0.10802	0.10248	0.5	30118	3087	28575	179174	5.95
1950-1959	86	0.11936	0.11264	0.5	27031	3045	25509	150599	5.57
1950-1959	87	0.13173	0.12359	0.5	23987	2964	22504	125090	5.22
1950-1959	88	0.14516	0.13534	0.5	21022	2845	19600	102586	4.88
1950-1959	89	0.15971	0.14790	0.5	18177	2688	16833	82986	4.57
1950-1959	90	0.17542	0.16127	0.5	15489	2498	14240	66153	4.27
1950-1959	91	0.19232	0.17545	0.5	12991	2279	11851	51914	4.00
1950-1959	92	0.21043	0.19040	0.5	10712	2039	9692	40062	3.74
1950-1959	93	0.22977	0.20609	0.5	8672	1787	7778	30371	3.50
1950-1959	94	0.25032	0.22247	0.5	6885	1532	6119	22592	3.28
1950-1959	95	0.27205	0.23948	0.5	5353	1282	4712	16473	3.08
1950-1959	96	0.29494	0.25703	0.5	4071	1046	3548	11761	2.89
1950-1959	97	0.31890	0.27504	0.5	3025	832	2609	8213	2.72
1950-1959	98	0.34386	0.29341	0.5	2193	643	1871	5604	2.56
1950-1959	99	0.36971	0.31203	0.5	1549	483	1308	3733	2.41
1950-1959	100	0.39634	0.33079	0.5	1066	353	890	2426	2.28
1950-1959	101	0.42359	0.34956	0.5	713	249	589	1536	2.15
1950-1959	102	0.45131	0.36822	0.5	464	171	379	947	2.04
1950-1959	103	0.47935	0.38667	0.5	293	113	236	569	1.94
1950-1959	104	0.50751	0.40479	0.5	180	73	143	332	1.85
1950-1959	105	0.53562	0.42248	0.5	107	45	84	189	1.77
1950-1959	106	0.56351	0.43964	0.5	62	27	48	104	1.69
1950-1959	107	0.59100	0.45620	0.5	35	16	27	56	1.62
1950-1959	108	0.61794	0.47208	0.5	19	9	14	30	1.57
1950-1959	109	0.64417	0.48724	0.5	10	5	8	15	1.52
1950-1959	110+	0.66956	1.00000	1.49	5	5	8	8	1.49
1960-1969	0	0.02363	0.02315	0.12	100000	2315	97961	7459763	74.60
1960-1969	1	0.00248	0.00247	0.5	97685	242	97564	7361801	75.36
1960-1969	2	0.00117	0.00117	0.5	97444	114	97386	7264237	74.55
1960-1969	3	0.00091	0.00091	0.5	97329	89	97285	7166851	73.64
1960-1969	4	0.00068	0.00068	0.5	97241	67	97207	7069566	72.70
1960-1969	5	0.00058	0.00058	0.5	97174	57	97146	6972358	71.75
1960-1969	6	0.00044	0.00044	0.5	97117	43	97096	6875212	70.79
1960-1969	7	0.00044	0.00044	0.5	97075	43	97053	6778116	69.82
1960-1969	8	0.00034	0.00034	0.5	97031	33	97015	6681063	68.85
1960-1969	9	0.00034	0.00034	0.5	96999	33	96982	6584048	67.88
1960-1969	10	0.00033	0.00033	0.5	96965	32	96950	6487066	66.90
1960-1969	11	0.00029	0.00029	0.5	96934	29	96920	6390117	65.92
1960-1969	12	0.00034	0.00034	0.5	96905	33	96889	6293197	64.94
1960-1969	13	0.00038	0.00038	0.5	96873	37	96854	6196308	63.96
1960-1969	14	0.00042	0.00042	0.5	96836	41	96815	6099454	62.99
1960-1969	15	0.00057	0.00057	0.5	96795	55	96767	6002639	62.01
1960-1969	16	0.00075	0.00075	0.5	96740	73	96703	5905872	61.05
1960-1969	17	0.00061	0.00061	0.5	96667	59	96637	5809168	60.09
1960-1969	18	0.00075	0.00075	0.5	96608	72	96572	5712531	59.13
1960-1969	19	0.00093	0.00093	0.5	96535	90	96490	5615959	58.18
1960-1969	20	0.00086	0.00086	0.5	96445	83	96404	5519469	57.23
1960-1969	21	0.00100	0.00100	0.5	96362	96	96314	5423065	56.28
1960-1969	22	0.00077	0.00077	0.5	96266	74	96229	5326750	55.33
1960-1969	23	0.00097	0.00097	0.5	96192	93	96146	5230521	54.38
1960-1969	24	0.00096	0.00096	0.5	96099	92	96053	5134375	53.43
1960-1969	25	0.00120	0.00120	0.5	96007	115	95950	5038322	52.48
1960-1969	26	0.00100	0.00100	0.5	95892	96	95844	4942372	51.54
1960-1969	27	0.00084	0.00084	0.5	95796	80	95756	4846528	50.59
1960-1969	28	0.00115	0.00115	0.5	95716	110	95661	4750772	49.63
1960-1969	29	0.00111	0.00111	0.5	95606	106	95553	4655111	48.69
1960-1969	30	0.00122	0.00122	0.5	95500	117	95442	4559558	47.74
1960-1969	31	0.00112	0.00112	0.5	95383	107	95330	4464116	46.80
1960-1969	32	0.00134	0.00134	0.5	95277	127	95213	4368786	45.85
1960-1969	33	0.00149	0.00149	0.5	95149	142	95078	4273573	44.91
1960-1969	34	0.00168	0.00168	0.5	95007	159	94928	4178494	43.98
1960-1969	35	0.00169	0.00169	0.5	94848	160	94768	4083567	43.05
1960-1969	36	0.00198	0.00198	0.5	94688	187	94594	3988799	42.13
1960-1969	37	0.00203	0.00202	0.5	94501	191	94405	3894205	41.21
1960-1969	38	0.00192	0.00191	0.5	94309	181	94219	3799800	40.29
1960-1969	39	0.00223	0.00223	0.5	94129	210	94024	3705581	39.37
1960-1969	40	0.00267	0.00266	0.5	93919	250	93794	3611557	38.45
1960-1969	41	0.00233	0.00233	0.5	93669	218	93560	3517763	37.56
1960-1969	42	0.00281	0.00281	0.5	93451	262	93320	3424203	36.64
1960-1969	43	0.00330	0.00330	0.5	93188	307	93035	3330884	35.74
1960-1969	44	0.00343	0.00343	0.5	92881	318	92722	3237849	34.86
1960-1969	45	0.00374	0.00373	0.5	92563	345	92390	3145127	33.98
1960-1969	46	0.00373	0.00372	0.5	92217	343	92046	3052737	33.10
1960-1969	47	0.00439	0.00438	0.5	91874	403	91673	2960691	32.23
1960-1969	48	0.00449	0.00448	0.5	91472	410	91267	2869018	31.37
1960-1969	49	0.00477	0.00476	0.5	91061	433	90845	2777751	30.50
1960-1969	50	0.00520	0.00519	0.5	90628	470	90393	2686907	29.65
1960-1969	51	0.00581	0.00579	0.5	90158	522	89897	2596514	28.80
1960-1969	52	0.00620	0.00618	0.5	89636	554	89359	2506617	27.96
1960-1969	53	0.00714	0.00712	0.5	89082	634	88764	2417259	27.14
1960-1969	54	0.00713	0.00710	0.5	88447	628	88133	2328494	26.33
1960-1969	55	0.00770	0.00767	0.5	87819	674	87482	2240361	25.51
1960-1969	56	0.00805	0.00802	0.5	87145	699	86796	2152879	24.70
1960-1969	57	0.00850	0.00847	0.5	86446	732	86080	2066083	23.90
1960-1969	58	0.00876	0.00872	0.5	85714	747	85341	1980003	23.10
1960-1969	59	0.00981	0.00976	0.5	84967	829	84553	1894662	22.30
1960-1969	60	0.00994	0.00989	0.5	84138	832	83722	1810110	21.51
1960-1969	61	0.01101	0.01094	0.5	83306	912	82850	1726388	20.72
1960-1969	62	0.01206	0.01198	0.5	82394	987	81900	1643538	19.95
1960-1969	63	0.01311	0.01303	0.5	81406	1060	80876	1561638	19.18
1960-1969	64	0.01398	0.01388	0.5	80346	1115	79788	1480762	18.43
1960-1969	65	0.01685	0.01671	0.5	79231	1324	78569	1400974	17.68
1960-1969	66	0.01794	0.01778	0.5	77907	1386	77214	1322405	16.97
1960-1969	67	0.01852	0.01835	0.5	76521	1404	75819	1245191	16.27
1960-1969	68	0.01937	0.01919	0.5	75117	1441	74397	1169372	15.57
1960-1969	69	0.02133	0.02110	0.5	73676	1555	72899	1094975	14.86
1960-1969	70	0.02440	0.02410	0.5	72121	1738	71252	1022077	14.17
1960-1969	71	0.02575	0.02543	0.5	70383	1790	69488	950825	13.51
1960-1969	72	0.03048	0.03002	0.5	68593	2059	67563	881337	12.85
1960-1969	73	0.03166	0.03117	0.5	66534	2074	65497	813773	12.23
1960-1969	74	0.03602	0.03538	0.5	64460	2281	63320	748276	11.61
1960-1969	75	0.04133	0.04049	0.5	62180	2518	60921	684956	11.02
1960-1969	76	0.04259	0.04171	0.5	59662	2488	58417	624036	10.46
1960-1969	77	0.05022	0.04899	0.5	57173	2801	55773	565618	9.89
1960-1969	78	0.05335	0.05196	0.5	54372	2825	52959	509846	9.38
1960-1969	79	0.06034	0.05858	0.5	51547	3019	50037	456886	8.86
1960-1969	80	0.06412	0.06213	0.5	48527	3015	47020	406849	8.38
1960-1969	81	0.07075	0.06833	0.5	45512	3110	43957	359829	7.91
1960-1969	82	0.07801	0.07508	0.5	42402	3184	40811	315872	7.45
1960-1969	83	0.08595	0.08240	0.5	39219	3232	37603	275061	7.01
1960-1969	84	0.09461	0.09033	0.5	35987	3251	34362	237458	6.60
1960-1969	85	0.10404	0.09889	0.5	32736	3237	31117	203097	6.20
1960-1969	86	0.11429	0.10812	0.5	29499	3189	27904	171980	5.83
1960-1969	87	0.12542	0.11802	0.5	26309	3105	24757	144075	5.48
1960-1969	88	0.13746	0.12862	0.5	23204	2984	21712	119319	5.14
1960-1969	89	0.15045	0.13993	0.5	20220	2829	18805	97606	4.83
1960-1969	90	0.16444	0.15195	0.5	17391	2643	16069	78801	4.53
1960-1969	91	0.17946	0.16468	0.5	14748	2429	13534	62732	4.25
1960-1969	92	0.19553	0.17811	0.5	12319	2194	11222	49198	3.99
1960-1969	93	0.21266	0.19222	0.5	10125	1946	9152	37976	3.75
1960-1969	94	0.23086	0.20697	0.5	8179	1693	7332	28824	3.52
1960-1969	95	0.25013	0.22232	0.5	6486	1442	5765	21491	3.31
1960-1969	96	0.27044	0.23822	0.5	5044	1202	4443	15726	3.12
1960-1969	97	0.29175	0.25461	0.5	3842	978	3353	11283	2.94
1960-1969	98	0.31402	0.27141	0.5	2864	777	2475	7930	2.77
1960-1969	99	0.33719	0.28854	0.5	2087	602	1786	5454	2.61
1960-1969	100	0.36116	0.30592	0.5	1485	454	1258	3668	2.47
1960-1969	101	0.38584	0.32344	0.5	1030	333	864	2411	2.34
1960-1969	102	0.41113	0.34103	0.5	697	238	578	1547	2.22
1960-1969	103	0.43689	0.35857	0.5	459	165	377	969	2.11
1960-1969	104	0.46300	0.37597	0.5	295	111	239	592	2.01
1960-1969	105	0.48932	0.39313	0.5	184	72	148	352	1.92
1960-1969	106	0.51569	0.40998	0.5	112	46	89	205	1.83
1960-1969	107	0.54198	0.42642	0.5	66	28	52	116	1.76
1960-1969	108	0.56803	0.44239	0.5	38	17	29	64	1.70
1960-1969	109	0.59371	0.45781	0.5	21	10	16	35	1.65
1960-1969	110+	0.61889	1.00000	1.62	11	11	18	18	1.62
1970-1979	0	0.01414	0.01396	0.09	100000	1396	98733	7721240	77.21
1970-1979	1	0.00150	0.00150	0.5	98604	148	98530	7622507	77.30
1970-1979	2	0.00090	0.00090	0.5	98456	89	98411	7523977	76.42
1970-1979	3	0.00067	0.00067	0.5	98367	66	98334	7425566	75.49
1970-1979	4	0.00051	0.00051	0.5	98301	51	98275	7327232	74.54
1970-1979	5	0.00044	0.00044	0.5	98250	44	98228	7228957	73.58
1970-1979	6	0.00041	0.00041	0.5	98206	40	98187	7130728	72.61
1970-1979	7	0.00035	0.00035	0.5	98167	34	98149	7032542	71.64
1970-1979	8	0.00037	0.00037	0.5	98132	36	98114	6934392	70.66
1970-1979	9	0.00026	0.00026	0.5	98096	26	98083	6836278	69.69
1970-1979	10	0.00027	0.00027	0.5	98071	27	98057	6738195	68.71
1970-1979	11	0.00028	0.00028	0.5	98044	27	98030	6640138	67.73
1970-1979	12	0.00026	0.00026	0.5	98017	25	98004	6542107	66.74
1970-1979	13	0.00034	0.00034	0.5	97991	34	97974	6444104	65.76
1970-1979	14	0.00037	0.00037	0.5	97958	36	97939	6346129	64.78
1970-1979	15	0.00046	0.00046	0.5	97921	45	97899	6248190	63.81
1970-1979	16	0.00062	0.00062	0.5	97876	60	97846	6150291	62.84
1970-1979	17	0.00076	0.00076	0.5	97816	74	97779	6052445	61.88
1970-1979	18	0.00084	0.00084	0.5	97742	82	97701	5954665	60.92
1970-1979	19	0.00085	0.00085	0.5	97660	83	97619	5856964	59.97
1970-1979	20	0.00084	0.00084	0.5	97577	82	97536	5759346	59.02
1970-1979	21	0.00091	0.00091	0.5	97495	89	97450	5661810	58.07
1970-1979	22	0.00086	0.00086	0.5	97406	84	97364	5564359	57.13
1970-1979	23	0.00079	0.00079	0.5	97322	77	97283	5466996	56.17
1970-1979	24	0.00075	0.00075	0.5	97245	73	97208	5369713	55.22
1970-1979	25	0.00090	0.00090	0.5	97172	88	97128	5272505	54.26
1970-1979	26	0.00091	0.00091	0.5	97084	88	97040	5175377	53.31
1970-1979	27	0.00088	0.00088	0.5	96996	85	96953	5078337	52.36
1970-1979	28	0.00095	0.00095	0.5	96910	92	96864	4981384	51.40
1970-1979	29	0.00092	0.00092	0.5	96818	89	96773	4884520	50.45
1970-1979	30	0.00112	0.00112	0.5	96729	108	96675	4787746	49.50
1970-1979	31	0.00102	0.00102	0.5	96621	98	96572	4691071	48.55
1970-1979	32	0.00102	0.00102	0.5	96523	99	96473	4594500	47.60
1970-1979	33	0.00106	0.00106	0.5	96424	102	96373	4498026	46.65
1970-1979	34	0.00148	0.00148	0.5	96322	142	96251	4401654	45.70
1970-1979	35	0.00147	0.00147	0.5	96179	141	96109	4305403	44.76
1970-1979	36	0.00158	0.00158	0.5	96038	152	95962	4209294	43.83
1970-1979	37	0.00167	0.00167	0.5	95886	160	95806	4113332	42.90
1970-1979	38	0.00152	0.00152	0.5	95726	146	95653	4017526	41.97
1970-1979	39	0.00195	0.00195	0.5	95580	187	95487	3921873	41.03
1970-1979	40	0.00215	0.00215	0.5	95394	205	95291	3826386	40.11
1970-1979	41	0.00226	0.00226	0.5	95189	215	95081	3731095	39.20
1970-1979	42	0.00257	0.00257	0.5	94974	244	94852	3636014	38.28
1970-1979	43	0.00274	0.00273	0.5	94730	259	94600	3541162	37.38
1970-1979	44	0.00329	0.00328	0.5	94471	310	94316	3446562	36.48
1970-1979	45	0.00358	0.00358	0.5	94161	337	93993	3352246	35.60
1970-1979	46	0.00328	0.00328	0.5	93824	307	93671	3258253	34.73
1970-1979	47	0.00354	0.00354	0.5	93517	331	93351	3164583	33.84
1970-1979	48	0.00403	0.00402	0.5	93186	375	92999	3071231	32.96
1970-1979	49	0.00410	0.00410	0.5	92811	380	92621	2978232	32.09
1970-1979	50	0.00464	0.00463	0.5	92431	428	92217	2885611	31.22
1970-1979	51	0.00486	0.00485	0.5	92003	446	91780	2793394	30.36
1970-1979	52	0.00518	0.00517	0.5	91557	473	91321	2701614	29.51
1970-1979	53	0.00564	0.00563	0.5	91084	512	90828	2610293	28.66
1970-1979	54	0.00566	0.00564	0.5	90572	511	90316	2519465	27.82
1970-1979	55	0.00642	0.00640	0.5	90061	577	89772	2429149	26.97
1970-1979	56	0.00690	0.00688	0.5	89484	615	89176	2339377	26.14
1970-1979	57	0.00714	0.00711	0.5	88868	632	88552	2250201	25.32
1970-1979	58	0.00815	0.00812	0.5	88236	716	87878	2161648	24.50
1970-1979	59	0.00901	0.00897	0.5	87520	785	87127	2073770	23.69
1970-1979	60	0.00920	0.00916	0.5	86735	794	86338	1986643	22.90
1970-1979	61	0.00987	0.00982	0.5	85941	844	85519	1900305	22.11
1970-1979	62	0.01064	0.01058	0.5	85097	900	84647	1814786	21.33
1970-1979	63	0.01201	0.01194	0.5	84197	1005	83694	1730139	20.55
1970-1979	64	0.01295	0.01287	0.5	83192	1071	82656	1646445	19.79
1970-1979	65	0.01316	0.01308	0.5	82121	1074	81584	1563789	19.04
1970-1979	66	0.01395	0.01385	0.5	81047	1123	80486	1482205	18.29
1970-1979	67	0.01533	0.01521	0.5	79924	1216	79316	1401719	17.54
1970-1979	68	0.01663	0.01649	0.5	78709	1298	78060	1322403	16.80
1970-1979	69	0.01869	0.01851	0.5	77411	1433	76694	1244343	16.07
1970-1979	70	0.01998	0.01978	0.5	75978	1503	75226	1167649	15.37
1970-1979	71	0.02194	0.02170	0.5	74474	1616	73666	1092423	14.67
1970-1979	72	0.02490	0.02460	0.5	72858	1792	71962	1018757	13.98
1970-1979	73	0.02609	0.02576	0.5	71066	1831	70151	946794	13.32
1970-1979	74	0.02763	0.02725	0.5	69236	1887	68292	876643	12.66
1970-1979	75	0.03259	0.03206	0.5	67349	2159	66269	808351	12.00
1970-1979	76	0.03580	0.03517	0.5	65189	2293	64043	742082	11.38
1970-1979	77	0.03968	0.03891	0.5	62897	2447	61673	678039	10.78
1970-1979	78	0.04442	0.04345	0.5	60449	2627	59136	616366	10.20
1970-1979	79	0.04841	0.04727	0.5	57823	2733	56456	557230	9.64
1970-1979	80	0.05203	0.05071	0.5	55090	2793	53693	500773	9.09
1970-1979	81	0.05812	0.05648	0.5	52296	2954	50819	447081	8.55
1970-1979	82	0.06488	0.06284	0.5	49343	3101	47792	396261	8.03
1970-1979	83	0.07237	0.06984	0.5	46242	3230	44627	348469	7.54
1970-1979	84	0.08064	0.07752	0.5	43012	3334	41345	303842	7.06
1970-1979	85	0.08977	0.08592	0.5	39678	3409	37974	262497	6.62
1970-1979	86	0.09982	0.09508	0.5	36269	3448	34545	224523	6.19
1970-1979	87	0.11086	0.10504	0.5	32821	3448	31097	189978	5.79
1970-1979	88	0.12296	0.11584	0.5	29373	3402	27672	158881	5.41
1970-1979	89	0.13617	0.12749	0.5	25971	3311	24315	131209	5.05
1970-1979	90	0.15056	0.14002	0.5	22660	3173	21073	106894	4.72
1970-1979	91	0.16617	0.15342	0.5	19487	2990	17992	85820	4.40
1970-1979	92	0.18306	0.16771	0.5	16497	2767	15114	67828	4.11
1970-1979	93	0.20124	0.18285	0.5	13731	2511	12475	52714	3.84
1970-1979	94	0.22075	0.19881	0.5	11220	2231	10105	40239	3.59
1970-1979	95	0.24158	0.21554	0.5	8989	1938	8021	30135	3.35
1970-1979	96	0.26370	0.23298	0.5	7052	1643	6230	22114	3.14
1970-1979	97	0.28708	0.25105	0.5	5409	1358	4730	15884	2.94
1970-1979	98	0.31166	0.26964	0.5	4051	1092	3505	11154	2.75
1970-1979	99	0.33735	0.28866	0.5	2959	854	2532	7649	2.59
1970-1979	100	0.36404	0.30798	0.5	2105	648	1781	5117	2.43
1970-1979	101	0.39159	0.32747	0.5	1456	477	1218	3337	2.29
1970-1979	102	0.41985	0.34700	0.5	979	340	810	2119	2.16
1970-1979	103	0.44864	0.36644	0.5	640	234	522	1309	2.05
1970-1979	104	0.47778	0.38565	0.5	405	156	327	787	1.94
1970-1979	105	0.50707	0.40451	0.5	249	101	199	460	1.85
1970-1979	106	0.53632	0.42291	0.5	148	63	117	261	1.76
1970-1979	107	0.56532	0.44074	0.5	86	38	67	144	1.69
1970-1979	108	0.59388	0.45791	0.5	48	22	37	78	1.62
1970-1979	109	0.62181	0.47434	0.5	26	12	20	41	1.57
1970-1979	110+	0.64896	1.00000	1.54	14	14	21	21	1.54
1980-1989	0	0.00909	0.00902	0.08	100000	902	99169	7911833	79.12
1980-1989	1	0.00105	0.00105	0.5	99098	104	99046	7812664	78.84
1980-1989	2	0.00069	0.00069	0.5	98994	68	98960	7713617	77.92
1980-1989	3	0.00046	0.00046	0.5	98926	45	98903	7614658	76.97
1980-1989	4	0.00031	0.00031	0.5	98880	30	98865	7515755	76.01
1980-1989	5	0.00026	0.00026	0.5	98850	26	98837	7416889	75.03
1980-1989	6	0.00028	0.00028	0.5	98825	28	98811	7318052	74.05
1980-1989	7	0.00029	0.00029	0.5	98797	29	98782	7219241	73.07
1980-1989	8	0.00028	0.00028	0.5	98768	27	98754	7120459	72.09
1980-1989	9	0.00019	0.00019	0.5	98740	19	98731	7021705	71.11
1980-1989	10	0.00018	0.00018	0.5	98722	17	98713	6922974	70.13
1980-1989	11	0.00023	0.00023	0.5	98704	23	98693	6824261	69.14
1980-1989	12	0.00020	0.00020	0.5	98682	20	98672	6725568	68.15
1980-1989	13	0.00026	0.00026	0.5	98662	26	98649	6626896	67.17
1980-1989	14	0.00036	0.00036	0.5	98636	35	98618	6528247	66.19
1980-1989	15	0.00040	0.00040	0.5	98601	40	98581	6429629	65.21
1980-1989	16	0.00062	0.00062	0.5	98561	61	98530	6331048	64.24
1980-1989	17	0.00058	0.00058	0.5	98499	57	98471	6232518	63.27
1980-1989	18	0.00062	0.00062	0.5	98442	61	98411	6134048	62.31
1980-1989	19	0.00070	0.00070	0.5	98381	69	98346	6035637	61.35
1980-1989	20	0.00065	0.00065	0.5	98312	63	98280	5937290	60.39
1980-1989	21	0.00065	0.00065	0.5	98248	64	98216	5839011	59.43
1980-1989	22	0.00061	0.00061	0.5	98184	59	98154	5740795	58.47
1980-1989	23	0.00067	0.00067	0.5	98124	66	98091	5642640	57.50
1980-1989	24	0.00073	0.00073	0.5	98058	71	98023	5544549	56.54
1980-1989	25	0.00065	0.00065	0.5	97987	63	97955	5446526	55.58
1980-1989	26	0.00079	0.00079	0.5	97924	77	97885	5348571	54.62
1980-1989	27	0.00057	0.00057	0.5	97846	56	97818	5250686	53.66
1980-1989	28	0.00070	0.00070	0.5	97790	68	97756	5152868	52.69
1980-1989	29	0.00074	0.00074	0.5	97722	72	97686	5055111	51.73
1980-1989	30	0.00066	0.00066	0.5	97650	64	97618	4957425	50.77
1980-1989	31	0.00079	0.00079	0.5	97586	77	97547	4859807	49.80
1980-1989	32	0.00082	0.00082	0.5	97509	80	97469	4762260	48.84
1980-1989	33	0.00090	0.00090	0.5	97429	88	97385	4664791	47.88
1980-1989	34	0.00091	0.00091	0.5	97341	89	97297	4567406	46.92
1980-1989	35	0.00099	0.00099	0.5	97252	96	97204	4470109	45.96
1980-1989	36	0.00112	0.00112	0.5	97156	109	97102	4372905	45.01
1980-1989	37	0.00104	0.00104	0.5	97048	101	96997	4275803	44.06
1980-1989	38	0.00123	0.00123	0.5	96947	119	96887	4178806	43.10
1980-1989	39	0.00126	0.00126	0.5	96827	122	96766	4081919	42.16
1980-1989	40	0.00158	0.00158	0.5	96705	153	96629	3985153	41.21
1980-1989	41	0.00158	0.00158	0.5	96552	152	96476	3888524	40.27
1980-1989	42	0.00164	0.00163	0.5	96400	157	96321	3792048	39.34
1980-1989	43	0.00200	0.00200	0.5	96242	193	96146	3695727	38.40
1980-1989	44	0.00214	0.00214	0.5	96050	205	95947	3599580	37.48
1980-1989	45	0.00229	0.00229	0.5	95845	219	95735	3503633	36.56
1980-1989	46	0.00239	0.00239	0.5	95625	228	95511	3407898	35.64
1980-1989	47	0.00261	0.00261	0.5	95397	249	95273	3312387	34.72
1980-1989	48	0.00300	0.00299	0.5	95148	285	95006	3217115	33.81
1980-1989	49	0.00325	0.00325	0.5	94864	308	94710	3122109	32.91
1980-1989	50	0.00362	0.00361	0.5	94556	342	94385	3027399	32.02
1980-1989	51	0.00370	0.00370	0.5	94214	348	94040	2933014	31.13
1980-1989	52	0.00445	0.00444	0.5	93866	417	93657	2838974	30.25
1980-1989	53	0.00474	0.00472	0.5	93449	441	93228	2745317	29.38
1980-1989	54	0.00532	0.00531	0.5	93007	494	92760	2652089	28.51
1980-1989	55	0.00551	0.00549	0.5	92514	508	92260	2559329	27.66
1980-1989	56	0.00618	0.00616	0.5	92006	567	91722	2467069	26.81
1980-1989	57	0.00662	0.00659	0.5	91439	603	91137	2375347	25.98
1980-1989	58	0.00760	0.00757	0.5	90836	688	90491	2284210	25.15
1980-1989	59	0.00845	0.00841	0.5	90147	758	89768	2193719	24.33
1980-1989	60	0.00841	0.00838	0.5	89389	749	89015	2103951	23.54
1980-1989	61	0.00959	0.00955	0.5	88640	846	88217	2014936	22.73
1980-1989	62	0.01022	0.01017	0.5	87794	893	87348	1926719	21.95
1980-1989	63	0.01131	0.01125	0.5	86901	977	86413	1839371	21.17
1980-1989	64	0.01132	0.01126	0.5	85924	968	85440	1752959	20.40
1980-1989	65	0.01259	0.01251	0.5	84956	1063	84425	1667519	19.63
1980-1989	66	0.01350	0.01341	0.5	83893	1125	83331	1583094	18.87
1980-1989	67	0.01470	0.01459	0.5	82768	1207	82165	1499763	18.12
1980-1989	68	0.01639	0.01625	0.5	81561	1326	80898	1417598	17.38
1980-1989	69	0.01622	0.01609	0.5	80235	1291	79590	1336700	16.66
1980-1989	70	0.01877	0.01859	0.5	78944	1468	78210	1257111	15.92
1980-1989	71	0.02014	0.01994	0.5	77476	1545	76704	1178900	15.22
1980-1989	72	0.02307	0.02280	0.5	75932	1731	75066	1102196	14.52
1980-1989	73	0.02460	0.02430	0.5	74200	1803	73299	1027131	13.84
1980-1989	74	0.02733	0.02696	0.5	72397	1952	71421	953832	13.17
1980-1989	75	0.02980	0.02937	0.5	70446	2069	69411	882411	12.53
1980-1989	76	0.03317	0.03263	0.5	68377	2231	67261	812999	11.89
1980-1989	77	0.03502	0.03441	0.5	66146	2276	65008	745738	11.27
1980-1989	78	0.03817	0.03746	0.5	63869	2392	62673	680730	10.66
1980-1989	79	0.04285	0.04196	0.5	61477	2579	60187	618057	10.05
1980-1989	80	0.04831	0.04717	0.5	58898	2778	57509	557870	9.47
1980-1989	81	0.05398	0.05256	0.5	56120	2950	54645	500361	8.92
1980-1989	82	0.06027	0.05851	0.5	53170	3111	51614	445717	8.38
1980-1989	83	0.06725	0.06506	0.5	50059	3257	48430	394102	7.87
1980-1989	84	0.07497	0.07226	0.5	46802	3382	45111	345672	7.39
1980-1989	85	0.08349	0.08014	0.5	43420	3480	41680	300561	6.92
1980-1989	86	0.09289	0.08876	0.5	39940	3545	38168	258880	6.48
1980-1989	87	0.10322	0.09815	0.5	36395	3572	34609	220713	6.06
1980-1989	88	0.11456	0.10835	0.5	32823	3556	31045	186104	5.67
1980-1989	89	0.12697	0.11939	0.5	29266	3494	27519	155059	5.30
1980-1989	90	0.14051	0.13128	0.5	25772	3383	24081	127540	4.95
1980-1989	91	0.15523	0.14405	0.5	22389	3225	20776	103459	4.62
1980-1989	92	0.17119	0.15770	0.5	19164	3022	17653	82683	4.31
1980-1989	93	0.18843	0.17221	0.5	16142	2780	14752	65030	4.03
1980-1989	94	0.20697	0.18756	0.5	13362	2506	12109	50278	3.76
1980-1989	95	0.22682	0.20372	0.5	10856	2212	9750	38170	3.52
1980-1989	96	0.24799	0.22063	0.5	8644	1907	7691	28420	3.29
1980-1989	97	0.27043	0.23822	0.5	6737	1605	5935	20729	3.08
1980-1989	98	0.29412	0.25641	0.5	5132	1316	4474	14794	2.88
1980-1989	99	0.31897	0.27509	0.5	3816	1050	3291	10320	2.70
1980-1989	100	0.34489	0.29416	0.5	2766	814	2360	7029	2.54
1980-1989	101	0.37177	0.31350	0.5	1953	612	1647	4669	2.39
1980-1989	102	0.39947	0.33297	0.5	1340	446	1117	3023	2.25
1980-1989	103	0.42783	0.35244	0.5	894	315	737	1905	2.13
1980-1989	104	0.45667	0.37178	0.5	579	215	471	1169	2.02
1980-1989	105	0.48580	0.39086	0.5	364	142	293	697	1.92
1980-1989	106	0.51503	0.40956	0.5	222	91	176	405	1.83
1980-1989	107	0.54416	0.42777	0.5	131	56	103	228	1.75
1980-1989	108	0.57298	0.44538	0.5	75	33	58	126	1.68
1980-1989	109	0.60132	0.46232	0.5	42	19	32	67	1.62
1980-1989	110+	0.62900	1.00000	1.59	22	22	35	35	1.59
1990-1999	0	0.00710	0.00706	0.07	100000	706	99346	7990609	79.91
1990-1999	1	0.00076	0.00076	0.5	99294	75	99257	7891264	79.47
1990-1999	2	0.00044	0.00044	0.5	99219	43	99198	7792007	78.53
1990-1999	3	0.00032	0.00032	0.5	99176	31	99160	7692809	77.57
1990-1999	4	0.00022	0.00022	0.5	99144	22	99133	7593649	76.59
1990-1999	5	0.00020	0.00020	0.5	99123	19	99113	7494516	75.61
1990-1999	6	0.00019	0.00019	0.5	99103	19	99094	7395403	74.62
1990-1999	7	0.00017	0.00017	0.5	99084	17	99075	7296309	73.64
1990-1999	8	0.00017	0.00017	0.5	99067	17	99059	7197234	72.65
1990-1999	9	0.00013	0.00013	0.5	99050	13	99044	7098175	71.66
1990-1999	10	0.00018	0.00018	0.5	99037	18	99028	6999131	70.67
1990-1999	11	0.00016	0.00016	0.5	99019	16	99011	6900103	69.68
1990-1999	12	0.00023	0.00023	0.5	99003	23	98991	6801093	68.70
1990-1999	13	0.00025	0.00025	0.5	98980	25	98967	6702102	67.71
1990-1999	14	0.00027	0.00027	0.5	98955	27	98942	6603134	66.73
1990-1999	15	0.00032	0.00032	0.5	98928	32	98912	6504193	65.75
1990-1999	16	0.00038	0.00038	0.5	98896	37	98877	6405281	64.77
1990-1999	17	0.00049	0.00049	0.5	98859	48	98834	6306403	63.79
1990-1999	18	0.00057	0.00057	0.5	98810	56	98782	6207569	62.82
1990-1999	19	0.00056	0.00056	0.5	98754	55	98727	6108787	61.86
1990-1999	20	0.00046	0.00046	0.5	98699	45	98676	6010060	60.89
1990-1999	21	0.00058	0.00058	0.5	98654	58	98625	5911384	59.92
1990-1999	22	0.00047	0.00047	0.5	98596	47	98573	5812759	58.96
1990-1999	23	0.00056	0.00056	0.5	98549	55	98522	5714186	57.98
1990-1999	24	0.00060	0.00059	0.5	98494	59	98465	5615664	57.02
1990-1999	25	0.00049	0.00049	0.5	98436	48	98412	5517199	56.05
1990-1999	26	0.00054	0.00054	0.5	98388	53	98361	5418788	55.08
1990-1999	27	0.00057	0.00057	0.5	98335	56	98307	5320426	54.11
1990-1999	28	0.00061	0.00061	0.5	98279	60	98249	5222119	53.14
1990-1999	29	0.00067	0.00067	0.5	98220	66	98186	5123870	52.17
1990-1999	30	0.00062	0.00062	0.5	98153	61	98123	5025684	51.20
1990-1999	31	0.00090	0.00090	0.5	98092	88	98048	4927561	50.23
1990-1999	32	0.00075	0.00075	0.5	98004	73	97968	4829513	49.28
1990-1999	33	0.00087	0.00087	0.5	97931	85	97888	4731545	48.32
1990-1999	34	0.00098	0.00098	0.5	97845	96	97797	4633657	47.36
1990-1999	35	0.00096	0.00096	0.5	97749	93	97703	4535860	46.40
1990-1999	36	0.00112	0.00112	0.5	97656	109	97602	4438157	45.45
1990-1999	37	0.00115	0.00115	0.5	97547	112	97491	4340555	44.50
1990-1999	38	0.00135	0.00135	0.5	97435	132	97369	4243064	43.55
1990-1999	39	0.00135	0.00135	0.5	97304	131	97238	4145695	42.61
1990-1999	40	0.00145	0.00145	0.5	97172	140	97102	4048457	41.66
1990-1999	41	0.00180	0.00180	0.5	97032	174	96945	3951355	40.72
1990-1999	42	0.00159	0.00159	0.5	96857	154	96781	3854410	39.79
1990-1999	43	0.00185	0.00185	0.5	96704	179	96614	3757630	38.86
1990-1999	44	0.00192	0.00191	0.5	96525	185	96433	3661015	37.93
1990-1999	45	0.00208	0.00207	0.5	96340	200	96240	3564583	37.00
1990-1999	46	0.00218	0.00218	0.5	96140	210	96035	3468343	36.08
1990-1999	47	0.00237	0.00237	0.5	95931	227	95817	3372307	35.15
1990-1999	48	0.00282	0.00282	0.5	95703	269	95569	3276490	34.24
1990-1999	49	0.00283	0.00283	0.5	95434	270	95299	3180922	33.33
1990-1999	50	0.00335	0.00334	0.5	95164	318	95005	3085623	32.42
1990-1999	51	0.00353	0.00353	0.5	94846	334	94678	2990618	31.53
1990-1999	52	0.00387	0.00386	0.5	94511	365	94329	2895939	30.64
1990-1999	53	0.00433	0.00432	0.5	94146	407	93943	2801611	29.76
1990-1999	54	0.00449	0.00448	0.5	93740	420	93530	2707668	28.88
1990-1999	55	0.00495	0.00494	0.5	93320	461	93089	2614138	28.01
1990-1999	56	0.00537	0.00536	0.5	92859	497	92610	2521049	27.15
1990-1999	57	0.00605	0.00603	0.5	92361	557	92083	2428439	26.29
1990-1999	58	0.00648	0.00646	0.5	91804	593	91508	2336356	25.45
1990-1999	59	0.00723	0.00721	0.5	91211	657	90882	2244848	24.61
1990-1999	60	0.00767	0.00764	0.5	90554	692	90208	2153966	23.79
1990-1999	61	0.00891	0.00887	0.5	89862	797	89464	2063758	22.97
1990-1999	62	0.00937	0.00933	0.5	89065	831	88650	1974294	22.17
1990-1999	63	0.00946	0.00942	0.5	88234	831	87819	1885644	21.37
1990-1999	64	0.01068	0.01062	0.5	87403	928	86939	1797825	20.57
1990-1999	65	0.01169	0.01162	0.5	86475	1005	85973	1710886	19.78
1990-1999	66	0.01230	0.01223	0.5	85470	1045	84948	1624913	19.01
1990-1999	67	0.01345	0.01336	0.5	84425	1128	83861	1539966	18.24
1990-1999	68	0.01444	0.01434	0.5	83298	1195	82700	1456104	17.48
1990-1999	69	0.01559	0.01547	0.5	82103	1270	81468	1373404	16.73
1990-1999	70	0.01750	0.01735	0.5	80833	1403	80132	1291936	15.98
1990-1999	71	0.01923	0.01904	0.5	79431	1513	78674	1211804	15.26
1990-1999	72	0.02175	0.02152	0.5	77918	1677	77080	1133129	14.54
1990-1999	73	0.02334	0.02307	0.5	76241	1759	75362	1056050	13.85
1990-1999	74	0.02551	0.02518	0.5	74482	1876	73544	980688	13.17
1990-1999	75	0.02878	0.02838	0.5	72606	2060	71576	907144	12.49
1990-1999	76	0.03144	0.03095	0.5	70546	2183	69454	835568	11.84
1990-1999	77	0.03329	0.03274	0.5	68363	2238	67243	766114	11.21
1990-1999	78	0.03639	0.03574	0.5	66124	2363	64943	698870	10.57
1990-1999	79	0.04073	0.03992	0.5	63761	2545	62489	633928	9.94
1990-1999	80	0.04791	0.04679	0.5	61216	2864	59784	571439	9.33
1990-1999	81	0.05383	0.05242	0.5	58352	3059	56822	511655	8.77
1990-1999	82	0.06044	0.05866	0.5	55293	3244	53671	454833	8.23
1990-1999	83	0.06779	0.06557	0.5	52049	3413	50343	401162	7.71
1990-1999	84	0.07597	0.07319	0.5	48636	3560	46856	350819	7.21
1990-1999	85	0.08505	0.08158	0.5	45076	3677	43238	303963	6.74
1990-1999	86	0.09510	0.09078	0.5	41399	3758	39520	260725	6.30
1990-1999	87	0.10620	0.10084	0.5	37641	3796	35743	221205	5.88
1990-1999	88	0.11842	0.11180	0.5	33845	3784	31953	185462	5.48
1990-1999	89	0.13184	0.12369	0.5	30061	3718	28202	153509	5.11
1990-1999	90	0.14654	0.13653	0.5	26343	3597	24545	125307	4.76
1990-1999	91	0.16256	0.15034	0.5	22746	3420	21036	100762	4.43
1990-1999	92	0.17997	0.16511	0.5	19327	3191	17731	79726	4.13
1990-1999	93	0.19879	0.18082	0.5	16136	2918	14677	61995	3.84
1990-1999	94	0.21906	0.19744	0.5	13218	2610	11913	47318	3.58
1990-1999	95	0.24078	0.21491	0.5	10608	2280	9468	35405	3.34
1990-1999	96	0.26392	0.23316	0.5	8328	1942	7357	25937	3.11
1990-1999	97	0.28844	0.25209	0.5	6387	1610	5582	18579	2.91
1990-1999	98	0.31427	0.27159	0.5	4777	1297	4128	12998	2.72
1990-1999	99	0.34130	0.29155	0.5	3479	1014	2972	8870	2.55
1990-1999	100	0.36940	0.31181	0.5	2465	769	2081	5898	2.39
1990-1999	101	0.39842	0.33223	0.5	1696	564	1415	3817	2.25
1990-1999	102	0.42817	0.35267	0.5	1133	399	933	2403	2.12
1990-1999	103	0.45844	0.37295	0.5	733	273	597	1470	2.00
1990-1999	104	0.48903	0.39295	0.5	460	181	369	873	1.90
1990-1999	105	0.51970	0.41251	0.5	279	115	222	504	1.80
1990-1999	106	0.55022	0.43151	0.5	164	71	129	282	1.72
1990-1999	107	0.58037	0.44983	0.5	93	42	72	153	1.65
1990-1999	108	0.60993	0.46739	0.5	51	24	39	81	1.58
1990-1999	109	0.63870	0.48410	0.5	27	13	21	42	1.53
1990-1999	110+	0.66651	1.00000	1.5	14	14	21	21	1.50
2000-2009	0	0.00620	0.00616	0.07	100000	616	99427	8058949	80.59
2000-2009	1	0.00055	0.00055	0.5	99384	54	99357	7959522	80.09
2000-2009	2	0.00038	0.00038	0.5	99330	38	99311	7860165	79.13
2000-2009	3	0.00025	0.00025	0.5	99292	25	99279	7760854	78.16
2000-2009	4	0.00020	0.00020	0.5	99267	20	99257	7661575	77.18
2000-2009	5	0.00016	0.00016	0.5	99247	16	99239	7562318	76.20
2000-2009	6	0.00016	0.00016	0.5	99231	16	99223	7463080	75.21
2000-2009	7	0.00015	0.00015	0.5	99216	15	99208	7363856	74.22
2000-2009	8	0.00013	0.00013	0.5	99201	13	99194	7264648	73.23
2000-2009	9	0.00015	0.00015	0.5	99188	14	99181	7165454	72.24
2000-2009	10	0.00012	0.00012	0.5	99173	12	99167	7066273	71.25
2000-2009	11	0.00011	0.00011	0.5	99162	11	99156	6967106	70.26
2000-2009	12	0.00014	0.00014	0.5	99151	14	99144	6867949	69.27
2000-2009	13	0.00019	0.00019	0.5	99137	19	99128	6768805	68.28
2000-2009	14	0.00025	0.00025	0.5	99118	25	99106	6669677	67.29
2000-2009	15	0.00034	0.00034	0.5	99093	33	99077	6570572	66.31
2000-2009	16	0.00042	0.00042	0.5	99060	42	99039	6471495	65.33
2000-2009	17	0.00045	0.00045	0.5	99018	44	98996	6372456	64.36
2000-2009	18	0.00054	0.00054	0.5	98974	53	98947	6273459	63.38
2000-2009	19	0.00058	0.00058	0.5	98921	58	98892	6174512	62.42
2000-2009	20	0.00057	0.00057	0.5	98863	56	98835	6075620	61.45
2000-2009	21	0.00052	0.00052	0.5	98807	51	98781	5976785	60.49
2000-2009	22	0.00050	0.00050	0.5	98756	49	98731	5878004	59.52
2000-2009	23	0.00046	0.00046	0.5	98707	45	98684	5779272	58.55
2000-2009	24	0.00054	0.00054	0.5	98662	53	98635	5680588	57.58
2000-2009	25	0.00051	0.00051	0.5	98609	51	98583	5581953	56.61
2000-2009	26	0.00051	0.00051	0.5	98558	50	98533	5483370	55.64
2000-2009	27	0.00059	0.00059	0.5	98508	58	98479	5384837	54.66
2000-2009	28	0.00061	0.00061	0.5	98450	60	98420	5286358	53.70
2000-2009	29	0.00060	0.00060	0.5	98390	59	98361	5187938	52.73
2000-2009	30	0.00071	0.00071	0.5	98331	70	98296	5089577	51.76
2000-2009	31	0.00078	0.00078	0.5	98261	77	98222	4991281	50.80
2000-2009	32	0.00071	0.00071	0.5	98184	70	98149	4893059	49.84
2000-2009	33	0.00083	0.00083	0.5	98114	81	98073	4794910	48.87
2000-2009	34	0.00087	0.00086	0.5	98033	85	97990	4696836	47.91
2000-2009	35	0.00096	0.00096	0.5	97948	94	97901	4598846	46.95
2000-2009	36	0.00103	0.00103	0.5	97854	101	97803	4500945	46.00
2000-2009	37	0.00115	0.00115	0.5	97753	113	97696	4403141	45.04
2000-2009	38	0.00129	0.00129	0.5	97640	126	97577	4305445	44.09
2000-2009	39	0.00134	0.00133	0.5	97514	130	97449	4207868	43.15
2000-2009	40	0.00142	0.00142	0.5	97384	139	97315	4110419	42.21
2000-2009	41	0.00151	0.00151	0.5	97245	146	97172	4013104	41.27
2000-2009	42	0.00171	0.00170	0.5	97099	165	97016	3915932	40.33
2000-2009	43	0.00198	0.00198	0.5	96933	192	96837	3818916	39.40
2000-2009	44	0.00219	0.00218	0.5	96741	211	96636	3722079	38.47
2000-2009	45	0.00226	0.00226	0.5	96530	218	96421	3625443	37.56
2000-2009	46	0.00237	0.00237	0.5	96312	228	96198	3529022	36.64
2000-2009	47	0.00258	0.00258	0.5	96084	248	95960	3432825	35.73
2000-2009	48	0.00281	0.00280	0.5	95836	269	95702	3336865	34.82
2000-2009	49	0.00309	0.00309	0.5	95568	295	95420	3241163	33.91
2000-2009	50	0.00312	0.00311	0.5	95273	296	95124	3145743	33.02
2000-2009	51	0.00344	0.00344	0.5	94976	326	94813	3050618	32.12
2000-2009	52	0.00378	0.00377	0.5	94650	357	94471	2955805	31.23
2000-2009	53	0.00401	0.00400	0.5	94293	377	94104	2861334	30.35
2000-2009	54	0.00421	0.00420	0.5	93916	395	93718	2767230	29.47
2000-2009	55	0.00466	0.00465	0.5	93521	435	93303	2673512	28.59
2000-2009	56	0.00467	0.00466	0.5	93086	434	92869	2580209	27.72
2000-2009	57	0.00523	0.00521	0.5	92652	483	92411	2487340	26.85
2000-2009	58	0.00571	0.00569	0.5	92169	525	91907	2394929	25.98
2000-2009	59	0.00591	0.00589	0.5	91644	540	91375	2303022	25.13
2000-2009	60	0.00651	0.00648	0.5	91105	591	90809	2211648	24.28
2000-2009	61	0.00736	0.00733	0.5	90514	664	90182	2120838	23.43
2000-2009	62	0.00790	0.00787	0.5	89850	707	89497	2030656	22.60
2000-2009	63	0.00854	0.00850	0.5	89144	758	88765	1941159	21.78
2000-2009	64	0.00936	0.00931	0.5	88386	823	87974	1852395	20.96
2000-2009	65	0.01026	0.01020	0.5	87562	893	87116	1764421	20.15
2000-2009	66	0.01075	0.01070	0.5	86669	927	86206	1677305	19.35
2000-2009	67	0.01163	0.01156	0.5	85742	991	85246	1591099	18.56
2000-2009	68	0.01264	0.01256	0.5	84751	1065	84219	1505853	17.77
2000-2009	69	0.01410	0.01400	0.5	83686	1172	83100	1421634	16.99
2000-2009	70	0.01575	0.01562	0.5	82514	1289	81870	1338534	16.22
2000-2009	71	0.01686	0.01672	0.5	81225	1358	80546	1256665	15.47
2000-2009	72	0.01872	0.01855	0.5	79867	1481	79127	1176118	14.73
2000-2009	73	0.02103	0.02081	0.5	78386	1631	77570	1096992	13.99
2000-2009	74	0.02283	0.02257	0.5	76755	1732	75888	1019422	13.28
2000-2009	75	0.02517	0.02485	0.5	75022	1865	74090	943533	12.58
2000-2009	76	0.02850	0.02810	0.5	73157	2056	72129	869444	11.88
2000-2009	77	0.03121	0.03073	0.5	71102	2185	70009	797314	11.21
2000-2009	78	0.03518	0.03457	0.5	68917	2383	67725	727305	10.55
2000-2009	79	0.03902	0.03827	0.5	66534	2546	65261	659580	9.91
2000-2009	80	0.04610	0.04506	0.5	63988	2884	62546	594319	9.29
2000-2009	81	0.05220	0.05087	0.5	61104	3109	59550	531773	8.70
2000-2009	82	0.05906	0.05736	0.5	57995	3327	56332	472223	8.14
2000-2009	83	0.06675	0.06459	0.5	54669	3531	52903	415892	7.61
2000-2009	84	0.07536	0.07263	0.5	51137	3714	49280	362989	7.10
2000-2009	85	0.08499	0.08152	0.5	47423	3866	45490	313708	6.62
2000-2009	86	0.09571	0.09134	0.5	43557	3979	41568	268218	6.16
2000-2009	87	0.10763	0.10213	0.5	39579	4042	37558	226650	5.73
2000-2009	88	0.12084	0.11395	0.5	35536	4049	33512	189092	5.32
2000-2009	89	0.13542	0.12683	0.5	31487	3993	29490	155580	4.94
2000-2009	90	0.15145	0.14079	0.5	27494	3871	25558	126090	4.59
2000-2009	91	0.16902	0.15585	0.5	23623	3682	21782	100532	4.26
2000-2009	92	0.18817	0.17199	0.5	19941	3430	18226	78750	3.95
2000-2009	93	0.20894	0.18918	0.5	16512	3124	14950	60524	3.67
2000-2009	94	0.23135	0.20737	0.5	13388	2776	12000	45574	3.40
2000-2009	95	0.25539	0.22647	0.5	10612	2403	9410	33574	3.16
2000-2009	96	0.28102	0.24640	0.5	8208	2023	7197	24164	2.94
2000-2009	97	0.30815	0.26701	0.5	6186	1652	5360	16967	2.74
2000-2009	98	0.33668	0.28817	0.5	4534	1307	3881	11607	2.56
2000-2009	99	0.36645	0.30970	0.5	3228	1000	2728	7726	2.39
2000-2009	100	0.39727	0.33144	0.5	2228	738	1859	4998	2.24
2000-2009	101	0.42893	0.35319	0.5	1490	526	1227	3139	2.11
2000-2009	102	0.46119	0.37477	0.5	963	361	783	1913	1.99
2000-2009	103	0.49377	0.39600	0.5	602	239	483	1130	1.88
2000-2009	104	0.52641	0.41672	0.5	364	152	288	647	1.78
2000-2009	105	0.55882	0.43678	0.5	212	93	166	359	1.69
2000-2009	106	0.59074	0.45604	0.5	120	55	92	193	1.61
2000-2009	107	0.62191	0.47439	0.5	65	31	50	100	1.54
2000-2009	108	0.65210	0.49176	0.5	34	17	26	51	1.49
2000-2009	109	0.68112	0.50809	0.5	17	9	13	25	1.44
2000-2009	110+	0.70880	1.00000	1.41	9	9	12	12	1.41
2010-2019	0	0.00517	0.00514	0.07	100000	514	99521	8178946	81.79
2010-2019	1	0.00045	0.00045	0.5	99486	45	99464	8079425	81.21
2010-2019	2	0.00027	0.00027	0.5	99441	26	99428	7979962	80.25
2010-2019	3	0.00018	0.00018	0.5	99415	18	99406	7880534	79.27
2010-2019	4	0.00017	0.00017	0.5	99397	16	99389	7781128	78.28
2010-2019	5	0.00015	0.00015	0.5	99380	15	99373	7681739	77.30
2010-2019	6	0.00008	0.00008	0.5	99365	8	99361	7582366	76.31
2010-2019	7	0.00010	0.00010	0.5	99357	10	99352	7483005	75.31
2010-2019	8	0.00009	0.00009	0.5	99347	9	99342	7383654	74.32
2010-2019	9	0.00008	0.00008	0.5	99338	8	99334	7284311	73.33
2010-2019	10	0.00009	0.00009	0.5	99330	9	99326	7184977	72.33
2010-2019	11	0.00010	0.00010	0.5	99321	10	99316	7085651	71.34
2010-2019	12	0.00013	0.00013	0.5	99311	13	99305	6986335	70.35
2010-2019	13	0.00013	0.00013	0.5	99299	13	99292	6887030	69.36
2010-2019	14	0.00022	0.00022	0.5	99286	21	99275	6787738	68.37
2010-2019	15	0.00019	0.00019	0.5	99264	19	99255	6688463	67.38
2010-2019	16	0.00022	0.00022	0.5	99246	22	99235	6589208	66.39
2010-2019	17	0.00029	0.00029	0.5	99223	28	99209	6489974	65.41
2010-2019	18	0.00040	0.00040	0.5	99195	40	99175	6390764	64.43
2010-2019	19	0.00041	0.00041	0.5	99156	41	99135	6291589	63.45
2010-2019	20	0.00044	0.00044	0.5	99115	44	99093	6192454	62.48
2010-2019	21	0.00049	0.00049	0.5	99072	49	99047	6093360	61.50
2010-2019	22	0.00051	0.00051	0.5	99023	50	98998	5994313	60.53
2010-2019	23	0.00055	0.00055	0.5	98973	54	98946	5895315	59.57
2010-2019	24	0.00058	0.00058	0.5	98919	57	98890	5796370	58.60
2010-2019	25	0.00063	0.00063	0.5	98861	62	98830	5697480	57.63
2010-2019	26	0.00057	0.00057	0.5	98799	56	98771	5598650	56.67
2010-2019	27	0.00066	0.00066	0.5	98742	65	98710	5499879	55.70
2010-2019	28	0.00071	0.00070	0.5	98677	70	98642	5401170	54.74
2010-2019	29	0.00078	0.00078	0.5	98607	76	98569	5302528	53.77
2010-2019	30	0.00081	0.00081	0.5	98531	80	98491	5203958	52.82
2010-2019	31	0.00088	0.00088	0.5	98451	86	98408	5105468	51.86
2010-2019	32	0.00091	0.00091	0.5	98365	89	98320	5007060	50.90
2010-2019	33	0.00097	0.00097	0.5	98275	96	98228	4908740	49.95
2010-2019	34	0.00101	0.00101	0.5	98180	99	98130	4810512	49.00
2010-2019	35	0.00111	0.00111	0.5	98081	109	98026	4712382	48.05
2010-2019	36	0.00114	0.00114	0.5	97972	112	97916	4614356	47.10
2010-2019	37	0.00115	0.00115	0.5	97860	113	97804	4516439	46.15
2010-2019	38	0.00121	0.00121	0.5	97747	118	97688	4418636	45.20
2010-2019	39	0.00138	0.00138	0.5	97629	135	97562	4320948	44.26
2010-2019	40	0.00139	0.00139	0.5	97494	136	97426	4223386	43.32
2010-2019	41	0.00155	0.00155	0.5	97358	151	97283	4125959	42.38
2010-2019	42	0.00157	0.00157	0.5	97208	153	97131	4028676	41.44
2010-2019	43	0.00177	0.00177	0.5	97055	171	96969	3931545	40.51
2010-2019	44	0.00180	0.00180	0.5	96884	175	96796	3834575	39.58
2010-2019	45	0.00196	0.00195	0.5	96709	189	96615	3737779	38.65
2010-2019	46	0.00227	0.00227	0.5	96520	219	96411	3641165	37.72
2010-2019	47	0.00247	0.00246	0.5	96301	237	96182	3544754	36.81
2010-2019	48	0.00265	0.00265	0.5	96064	255	95937	3448572	35.90
2010-2019	49	0.00294	0.00293	0.5	95809	281	95669	3352635	34.99
2010-2019	50	0.00309	0.00308	0.5	95528	294	95381	3256966	34.09
2010-2019	51	0.00350	0.00349	0.5	95234	333	95068	3161585	33.20
2010-2019	52	0.00355	0.00354	0.5	94901	336	94733	3066518	32.31
2010-2019	53	0.00376	0.00375	0.5	94565	355	94388	2971784	31.43
2010-2019	54	0.00427	0.00426	0.5	94210	401	94010	2877396	30.54
2010-2019	55	0.00447	0.00446	0.5	93809	419	93600	2783387	29.67
2010-2019	56	0.00499	0.00498	0.5	93391	465	93158	2689787	28.80
2010-2019	57	0.00522	0.00520	0.5	92926	483	92684	2596629	27.94
2010-2019	58	0.00574	0.00573	0.5	92443	529	92178	2503944	27.09
2010-2019	59	0.00602	0.00600	0.5	91913	552	91637	2411766	26.24
2010-2019	60	0.00630	0.00628	0.5	91362	574	91075	2320129	25.40
2010-2019	61	0.00668	0.00666	0.5	90788	605	90485	2229054	24.55
2010-2019	62	0.00722	0.00719	0.5	90183	649	89859	2138569	23.71
2010-2019	63	0.00814	0.00810	0.5	89534	725	89172	2048711	22.88
2010-2019	64	0.00820	0.00816	0.5	88809	725	88446	1959539	22.06
2010-2019	65	0.00845	0.00841	0.5	88084	741	87713	1871093	21.24
2010-2019	66	0.00932	0.00928	0.5	87343	810	86938	1783379	20.42
2010-2019	67	0.01029	0.01024	0.5	86533	886	86090	1696442	19.60
2010-2019	68	0.01107	0.01101	0.5	85647	943	85176	1610352	18.80
2010-2019	69	0.01200	0.01193	0.5	84704	1011	84199	1525176	18.01
2010-2019	70	0.01297	0.01289	0.5	83693	1079	83154	1440977	17.22
2010-2019	71	0.01452	0.01442	0.5	82615	1191	82019	1357823	16.44
2010-2019	72	0.01590	0.01577	0.5	81424	1284	80781	1275804	15.67
2010-2019	73	0.01733	0.01719	0.5	80139	1377	79451	1195023	14.91
2010-2019	74	0.01962	0.01943	0.5	78762	1530	77997	1115572	14.16
2010-2019	75	0.02181	0.02157	0.5	77232	1666	76399	1037575	13.43
2010-2019	76	0.02335	0.02308	0.5	75566	1744	74694	961177	12.72
2010-2019	77	0.02603	0.02569	0.5	73821	1897	72873	886483	12.01
2010-2019	78	0.02950	0.02907	0.5	71925	2091	70879	813610	11.31
2010-2019	79	0.03318	0.03264	0.5	69834	2279	68694	742730	10.64
2010-2019	80	0.03786	0.03716	0.5	67555	2510	66300	674036	9.98
2010-2019	81	0.04327	0.04235	0.5	65045	2755	63667	607737	9.34
2010-2019	82	0.04941	0.04822	0.5	62290	3004	60788	544070	8.73
2010-2019	83	0.05637	0.05483	0.5	59286	3251	57661	483282	8.15
2010-2019	84	0.06425	0.06225	0.5	56036	3488	54292	425621	7.60
2010-2019	85	0.07314	0.07056	0.5	52547	3708	50693	371329	7.07
2010-2019	86	0.08316	0.07984	0.5	48840	3899	46890	320636	6.57
2010-2019	87	0.09440	0.09015	0.5	44940	4051	42915	273746	6.09
2010-2019	88	0.10699	0.10156	0.5	40889	4153	38813	230831	5.65
2010-2019	89	0.12104	0.11413	0.5	36736	4193	34640	192019	5.23
2010-2019	90	0.13664	0.12790	0.5	32544	4162	30462	157379	4.84
2010-2019	91	0.15390	0.14291	0.5	28381	4056	26353	126916	4.47
2010-2019	92	0.17291	0.15915	0.5	24325	3871	22390	100563	4.13
2010-2019	93	0.19373	0.17662	0.5	20454	3613	18648	78173	3.82
2010-2019	94	0.21640	0.19527	0.5	16841	3289	15197	59526	3.53
2010-2019	95	0.24093	0.21503	0.5	13553	2914	12096	44329	3.27
2010-2019	96	0.26729	0.23578	0.5	10638	2508	9384	32233	3.03
2010-2019	97	0.29542	0.25740	0.5	8130	2093	7084	22849	2.81
2010-2019	98	0.32519	0.27971	0.5	6037	1689	5193	15765	2.61
2010-2019	99	0.35644	0.30252	0.5	4349	1316	3691	10572	2.43
2010-2019	100	0.38896	0.32563	0.5	3033	988	2539	6881	2.27
2010-2019	101	0.42251	0.34882	0.5	2045	713	1689	4342	2.12
2010-2019	102	0.45678	0.37185	0.5	1332	495	1084	2653	1.99
2010-2019	103	0.49147	0.39452	0.5	837	330	672	1569	1.88
2010-2019	104	0.52624	0.41662	0.5	507	211	401	897	1.77
2010-2019	105	0.56075	0.43796	0.5	296	129	231	496	1.68
2010-2019	106	0.59469	0.45839	0.5	166	76	128	265	1.60
2010-2019	107	0.62775	0.47779	0.5	90	43	68	137	1.53
2010-2019	108	0.65966	0.49605	0.5	47	23	35	69	1.47
2010-2019	109	0.69018	0.51311	0.5	24	12	18	34	1.42
2010-2019	110+	0.71913	1.00000	1.39	12	12	16	16	1.39
2020-2022	0	0.00515	0.00513	0.07	100000	513	99522	7963341	79.63
2020-2022	1	0.00042	0.00042	0.5	99487	42	99466	7863819	79.04
2020-2022	2	0.00033	0.00033	0.5	99445	33	99429	7764353	78.08
2020-2022	3	0.00019	0.00019	0.5	99412	19	99403	7664924	77.10
2020-2022	4	0.00024	0.00024	0.5	99393	24	99381	7565521	76.12
2020-2022	5	0.00010	0.00010	0.5	99369	10	99364	7466140	75.14
2020-2022	6	0.00008	0.00008	0.5	99359	8	99355	7366776	74.14
2020-2022	7	0.00010	0.00010	0.5	99351	10	99346	7267421	73.15
2020-2022	8	0.00011	0.00011	0.5	99341	11	99336	7168075	72.16
2020-2022	9	0.00012	0.00012	0.5	99331	11	99325	7068739	71.16
2020-2022	10	0.00011	0.00011	0.5	99319	11	99314	6969414	70.17
2020-2022	11	0.00017	0.00017	0.5	99309	17	99300	6870100	69.18
2020-2022	12	0.00013	0.00013	0.5	99292	13	99285	6770800	68.19
2020-2022	13	0.00023	0.00023	0.5	99279	22	99268	6671514	67.20
2020-2022	14	0.00022	0.00022	0.5	99256	22	99245	6572247	66.21
2020-2022	15	0.00029	0.00029	0.5	99234	29	99220	6473001	65.23
2020-2022	16	0.00039	0.00039	0.5	99206	38	99187	6373781	64.25
2020-2022	17	0.00040	0.00040	0.5	99167	40	99147	6274595	63.27
2020-2022	18	0.00050	0.00050	0.5	99127	50	99103	6175447	62.30
2020-2022	19	0.00055	0.00055	0.5	99078	54	99051	6076345	61.33
2020-2022	20	0.00064	0.00064	0.5	99024	63	98992	5977294	60.36
2020-2022	21	0.00064	0.00064	0.5	98961	63	98929	5878302	59.40
2020-2022	22	0.00070	0.00070	0.5	98898	69	98863	5779373	58.44
2020-2022	23	0.00089	0.00089	0.5	98828	88	98784	5680510	57.48
2020-2022	24	0.00071	0.00071	0.5	98740	70	98705	5581725	56.53
2020-2022	25	0.00090	0.00090	0.5	98671	88	98626	5483020	55.57
2020-2022	26	0.00098	0.00098	0.5	98582	96	98534	5384393	54.62
2020-2022	27	0.00102	0.00102	0.5	98486	100	98436	5285859	53.67
2020-2022	28	0.00095	0.00095	0.5	98385	94	98339	5187424	52.73
2020-2022	29	0.00116	0.00116	0.5	98292	114	98235	5089085	51.78
2020-2022	30	0.00148	0.00148	0.5	98177	145	98105	4990851	50.83
2020-2022	31	0.00151	0.00151	0.5	98032	148	97958	4892746	49.91
2020-2022	32	0.00154	0.00154	0.5	97884	151	97808	4794788	48.98
2020-2022	33	0.00151	0.00151	0.5	97733	147	97659	4696980	48.06
2020-2022	34	0.00142	0.00142	0.5	97586	139	97516	4599320	47.13
2020-2022	35	0.00177	0.00177	0.5	97447	172	97361	4501804	46.20
2020-2022	36	0.00171	0.00171	0.5	97274	166	97191	4404444	45.28
2020-2022	37	0.00187	0.00187	0.5	97108	181	97018	4307252	44.36
2020-2022	38	0.00213	0.00212	0.5	96927	206	96824	4210235	43.44
2020-2022	39	0.00208	0.00208	0.5	96721	201	96621	4113411	42.53
2020-2022	40	0.00198	0.00198	0.5	96520	191	96425	4016790	41.62
2020-2022	41	0.00218	0.00218	0.5	96330	210	96225	3920365	40.70
2020-2022	42	0.00242	0.00242	0.5	96120	233	96003	3824140	39.79
2020-2022	43	0.00241	0.00240	0.5	95887	230	95772	3728137	38.88
2020-2022	44	0.00241	0.00241	0.5	95657	231	95541	3632365	37.97
2020-2022	45	0.00260	0.00260	0.5	95426	248	95302	3536824	37.06
2020-2022	46	0.00296	0.00295	0.5	95178	281	95038	3441522	36.16
2020-2022	47	0.00341	0.00341	0.5	94897	323	94736	3346484	35.26
2020-2022	48	0.00349	0.00349	0.5	94574	330	94409	3251748	34.38
2020-2022	49	0.00343	0.00343	0.5	94244	323	94083	3157339	33.50
2020-2022	50	0.00436	0.00435	0.5	93921	409	93717	3063256	32.62
2020-2022	51	0.00453	0.00452	0.5	93513	423	93301	2969539	31.76
2020-2022	52	0.00461	0.00460	0.5	93090	428	92876	2876238	30.90
2020-2022	53	0.00467	0.00466	0.5	92662	431	92446	2783362	30.04
2020-2022	54	0.00503	0.00502	0.5	92231	463	91999	2690915	29.18
2020-2022	55	0.00578	0.00576	0.5	91768	529	91503	2598916	28.32
2020-2022	56	0.00662	0.00660	0.5	91239	602	90938	2507413	27.48
2020-2022	57	0.00703	0.00701	0.5	90637	635	90319	2416476	26.66
2020-2022	58	0.00719	0.00716	0.5	90002	644	89680	2326156	25.85
2020-2022	59	0.00818	0.00815	0.5	89357	728	88993	2236477	25.03
2020-2022	60	0.00849	0.00845	0.5	88629	749	88255	2147483	24.23
2020-2022	61	0.00887	0.00883	0.5	87880	776	87492	2059229	23.43
2020-2022	62	0.00953	0.00949	0.5	87104	826	86691	1971737	22.64
2020-2022	63	0.01014	0.01008	0.5	86278	870	85843	1885046	21.85
2020-2022	64	0.01054	0.01049	0.5	85408	896	84960	1799203	21.07
2020-2022	65	0.01167	0.01160	0.5	84512	981	84022	1714243	20.28
2020-2022	66	0.01204	0.01197	0.5	83531	1000	83032	1630221	19.52
2020-2022	67	0.01252	0.01244	0.5	82532	1027	82018	1547189	18.75
2020-2022	68	0.01397	0.01387	0.5	81505	1131	80940	1465171	17.98
2020-2022	69	0.01497	0.01486	0.5	80375	1194	79777	1384231	17.22
2020-2022	70	0.01670	0.01656	0.5	79180	1311	78524	1304454	16.47
2020-2022	71	0.01743	0.01728	0.5	77869	1346	77196	1225929	15.74
2020-2022	72	0.01879	0.01861	0.5	76523	1424	75811	1148734	15.01
2020-2022	73	0.02108	0.02086	0.5	75099	1567	74315	1072923	14.29
2020-2022	74	0.02286	0.02260	0.5	73532	1662	72701	998608	13.58
2020-2022	75	0.02538	0.02506	0.5	71870	1801	70970	925907	12.88
2020-2022	76	0.02807	0.02768	0.5	70069	1940	69099	854937	12.20
2020-2022	77	0.03050	0.03004	0.5	68129	2047	67106	785838	11.53
2020-2022	78	0.03386	0.03330	0.5	66082	2200	64982	718733	10.88
2020-2022	79	0.03890	0.03815	0.5	63882	2437	62663	653750	10.23
2020-2022	80	0.04148	0.04063	0.5	61445	2497	60196	591087	9.62
2020-2022	81	0.04726	0.04617	0.5	58948	2722	57587	530891	9.01
2020-2022	82	0.05380	0.05239	0.5	56226	2946	54753	473304	8.42
2020-2022	83	0.06119	0.05938	0.5	53280	3164	51699	418551	7.86
2020-2022	84	0.06952	0.06719	0.5	50117	3367	48433	366852	7.32
2020-2022	85	0.07889	0.07590	0.5	46750	3548	44975	318419	6.81
2020-2022	86	0.08941	0.08558	0.5	43201	3697	41353	273443	6.33
2020-2022	87	0.10116	0.09629	0.5	39504	3804	37602	232091	5.88
2020-2022	88	0.11428	0.10810	0.5	35700	3859	33771	194488	5.45
2020-2022	89	0.12884	0.12104	0.5	31841	3854	29914	160718	5.05
2020-2022	90	0.14496	0.13517	0.5	27987	3783	26095	130804	4.67
2020-2022	91	0.16272	0.15048	0.5	24204	3642	22383	104709	4.33
2020-2022	92	0.18219	0.16698	0.5	20562	3433	18845	82326	4.00
2020-2022	93	0.20343	0.18465	0.5	17128	3163	15547	63481	3.71
2020-2022	94	0.22645	0.20342	0.5	13966	2841	12545	47934	3.43
2020-2022	95	0.25126	0.22322	0.5	11125	2483	9883	35389	3.18
2020-2022	96	0.27782	0.24393	0.5	8641	2108	7587	25506	2.95
2020-2022	97	0.30603	0.26541	0.5	6534	1734	5666	17918	2.74
2020-2022	98	0.33577	0.28750	0.5	4799	1380	4110	12252	2.55
2020-2022	99	0.36687	0.31001	0.5	3420	1060	2890	8142	2.38
2020-2022	100	0.39913	0.33273	0.5	2359	785	1967	5252	2.23
2020-2022	101	0.43229	0.35546	0.5	1574	560	1295	3285	2.09
2020-2022	102	0.46606	0.37798	0.5	1015	384	823	1991	1.96
2020-2022	103	0.50015	0.40009	0.5	631	253	505	1168	1.85
2020-2022	104	0.53423	0.42161	0.5	379	160	299	663	1.75
2020-2022	105	0.56800	0.44237	0.5	219	97	171	364	1.66
2020-2022	106	0.60115	0.46222	0.5	122	56	94	194	1.58
2020-2022	107	0.63340	0.48105	0.5	66	32	50	100	1.52
2020-2022	108	0.66449	0.49878	0.5	34	17	26	50	1.46
2020-2022	109	0.69422	0.51534	0.5	17	9	13	24	1.41
2020-2022	110+	0.72242	1.00000	1.38	8	8	11	11	1.38
