ND: ND, Lifetables (period 1x10), Males Last modified: February 4 2025, MPv5 (May07) 

Year     	Age	mx	qx	ax	lx	dx	Lx	Tx	ex
1941-1949	0	0.03966	0.03836	0.15	100000	3836	96745	6691133	66.91
1941-1949	1	0.00319	0.00318	0.5	96164	306	96011	6594389	68.57
1941-1949	2	0.00212	0.00211	0.5	95858	203	95756	6498378	67.79
1941-1949	3	0.00148	0.00148	0.5	95655	142	95584	6402622	66.93
1941-1949	4	0.00117	0.00117	0.5	95513	112	95457	6307038	66.03
1941-1949	5	0.00108	0.00108	0.5	95401	103	95350	6211581	65.11
1941-1949	6	0.00103	0.00103	0.5	95299	98	95250	6116231	64.18
1941-1949	7	0.00098	0.00098	0.5	95201	93	95154	6020981	63.25
1941-1949	8	0.00093	0.00093	0.5	95107	88	95063	5925827	62.31
1941-1949	9	0.00087	0.00087	0.5	95019	82	94978	5830764	61.36
1941-1949	10	0.00081	0.00081	0.5	94937	77	94898	5735786	60.42
1941-1949	11	0.00080	0.00080	0.5	94860	76	94822	5640888	59.47
1941-1949	12	0.00086	0.00086	0.5	94784	81	94743	5546066	58.51
1941-1949	13	0.00097	0.00097	0.5	94703	92	94657	5451323	57.56
1941-1949	14	0.00115	0.00115	0.5	94611	109	94556	5356666	56.62
1941-1949	15	0.00137	0.00137	0.5	94502	129	94437	5262110	55.68
1941-1949	16	0.00155	0.00155	0.5	94373	146	94300	5167672	54.76
1941-1949	17	0.00167	0.00167	0.5	94226	157	94148	5073373	53.84
1941-1949	18	0.00172	0.00172	0.5	94069	162	93988	4979225	52.93
1941-1949	19	0.00170	0.00170	0.5	93907	160	93827	4885237	52.02
1941-1949	20	0.00164	0.00164	0.5	93747	154	93671	4791410	51.11
1941-1949	21	0.00161	0.00161	0.5	93594	150	93519	4697739	50.19
1941-1949	22	0.00162	0.00161	0.5	93443	151	93368	4604220	49.27
1941-1949	23	0.00166	0.00166	0.5	93293	155	93215	4510852	48.35
1941-1949	24	0.00174	0.00174	0.5	93138	162	93057	4417637	47.43
1941-1949	25	0.00186	0.00185	0.5	92976	172	92890	4324580	46.51
1941-1949	26	0.00196	0.00195	0.5	92803	181	92713	4231691	45.60
1941-1949	27	0.00201	0.00201	0.5	92622	186	92529	4138978	44.69
1941-1949	28	0.00204	0.00204	0.5	92436	189	92341	4046449	43.78
1941-1949	29	0.00203	0.00203	0.5	92247	187	92153	3954108	42.86
1941-1949	30	0.00200	0.00199	0.5	92059	184	91968	3861955	41.95
1941-1949	31	0.00200	0.00200	0.5	91876	184	91784	3769987	41.03
1941-1949	32	0.00209	0.00208	0.5	91692	191	91596	3678203	40.11
1941-1949	33	0.00224	0.00224	0.5	91501	205	91398	3586607	39.20
1941-1949	34	0.00248	0.00247	0.5	91296	226	91183	3495209	38.28
1941-1949	35	0.00278	0.00278	0.5	91070	253	90944	3404026	37.38
1941-1949	36	0.00305	0.00305	0.5	90817	277	90679	3313082	36.48
1941-1949	37	0.00327	0.00327	0.5	90540	296	90392	3222403	35.59
1941-1949	38	0.00344	0.00343	0.5	90245	310	90090	3132011	34.71
1941-1949	39	0.00356	0.00355	0.5	89935	319	89775	3041921	33.82
1941-1949	40	0.00363	0.00363	0.5	89616	325	89453	2952146	32.94
1941-1949	41	0.00375	0.00374	0.5	89290	334	89123	2862693	32.06
1941-1949	42	0.00396	0.00395	0.5	88956	351	88781	2773569	31.18
1941-1949	43	0.00425	0.00424	0.5	88605	376	88417	2684789	30.30
1941-1949	44	0.00458	0.00457	0.5	88229	404	88027	2596371	29.43
1941-1949	45	0.00501	0.00500	0.5	87826	439	87606	2508344	28.56
1941-1949	46	0.00548	0.00546	0.5	87386	477	87148	2420738	27.70
1941-1949	47	0.00592	0.00591	0.5	86909	513	86653	2333590	26.85
1941-1949	48	0.00636	0.00634	0.5	86396	547	86122	2246937	26.01
1941-1949	49	0.00682	0.00680	0.5	85849	584	85557	2160815	25.17
1941-1949	50	0.00732	0.00730	0.5	85265	622	84954	2075258	24.34
1941-1949	51	0.00790	0.00787	0.5	84643	666	84310	1990304	23.51
1941-1949	52	0.00865	0.00861	0.5	83977	723	83615	1905994	22.70
1941-1949	53	0.00964	0.00959	0.5	83254	799	82854	1822379	21.89
1941-1949	54	0.01083	0.01077	0.5	82455	888	82011	1739524	21.10
1941-1949	55	0.01216	0.01208	0.5	81567	986	81074	1657513	20.32
1941-1949	56	0.01346	0.01337	0.5	80581	1077	80043	1576439	19.56
1941-1949	57	0.01479	0.01468	0.5	79504	1167	78921	1496396	18.82
1941-1949	58	0.01609	0.01596	0.5	78337	1250	77712	1417476	18.09
1941-1949	59	0.01736	0.01721	0.5	77087	1327	76423	1339764	17.38
1941-1949	60	0.01866	0.01849	0.5	75760	1400	75060	1263341	16.68
1941-1949	61	0.02003	0.01983	0.5	74360	1475	73622	1188281	15.98
1941-1949	62	0.02171	0.02147	0.5	72885	1565	72102	1114659	15.29
1941-1949	63	0.02375	0.02347	0.5	71320	1674	70483	1042557	14.62
1941-1949	64	0.02609	0.02575	0.5	69646	1793	68749	972074	13.96
1941-1949	65	0.02880	0.02839	0.5	67852	1926	66889	903325	13.31
1941-1949	66	0.03173	0.03124	0.5	65926	2059	64896	836436	12.69
1941-1949	67	0.03489	0.03429	0.5	63867	2190	62772	771539	12.08
1941-1949	68	0.03824	0.03752	0.5	61677	2314	60520	708767	11.49
1941-1949	69	0.04182	0.04097	0.5	59363	2432	58147	648248	10.92
1941-1949	70	0.04559	0.04458	0.5	56931	2538	55662	590101	10.37
1941-1949	71	0.04944	0.04824	0.5	54393	2624	53081	534439	9.83
1941-1949	72	0.05421	0.05278	0.5	51769	2732	50403	481358	9.30
1941-1949	73	0.05962	0.05789	0.5	49037	2839	47617	430955	8.79
1941-1949	74	0.06539	0.06332	0.5	46198	2925	44735	383338	8.30
1941-1949	75	0.07224	0.06972	0.5	43273	3017	41764	338603	7.82
1941-1949	76	0.07925	0.07623	0.5	40256	3069	38721	296838	7.37
1941-1949	77	0.08616	0.08261	0.5	37187	3072	35651	258117	6.94
1941-1949	78	0.09326	0.08910	0.5	34115	3040	32595	222466	6.52
1941-1949	79	0.10131	0.09642	0.5	31075	2996	29577	189871	6.11
1941-1949	80	0.11682	0.11037	0.5	28079	3099	26529	160293	5.71
1941-1949	81	0.12846	0.12071	0.5	24980	3015	23472	133764	5.35
1941-1949	82	0.14108	0.13178	0.5	21965	2895	20517	110292	5.02
1941-1949	83	0.15472	0.14361	0.5	19070	2739	17701	89774	4.71
1941-1949	84	0.16941	0.15618	0.5	16331	2551	15056	72074	4.41
1941-1949	85	0.18520	0.16950	0.5	13781	2336	12613	57018	4.14
1941-1949	86	0.20209	0.18355	0.5	11445	2101	10395	44405	3.88
1941-1949	87	0.22012	0.19829	0.5	9344	1853	8418	34010	3.64
1941-1949	88	0.23926	0.21370	0.5	7491	1601	6691	25592	3.42
1941-1949	89	0.25952	0.22971	0.5	5890	1353	5214	18902	3.21
1941-1949	90	0.28086	0.24628	0.5	4537	1117	3979	13688	3.02
1941-1949	91	0.30324	0.26332	0.5	3420	901	2970	9709	2.84
1941-1949	92	0.32659	0.28075	0.5	2519	707	2166	6739	2.68
1941-1949	93	0.35083	0.29848	0.5	1812	541	1542	4574	2.52
1941-1949	94	0.37587	0.31641	0.5	1271	402	1070	3032	2.39
1941-1949	95	0.40159	0.33444	0.5	869	291	724	1962	2.26
1941-1949	96	0.42786	0.35246	0.5	578	204	476	1238	2.14
1941-1949	97	0.45455	0.37037	0.5	375	139	305	762	2.03
1941-1949	98	0.48150	0.38807	0.5	236	92	190	457	1.94
1941-1949	99	0.50856	0.40546	0.5	144	59	115	267	1.85
1941-1949	100	0.53557	0.42244	0.5	86	36	68	152	1.77
1941-1949	101	0.56237	0.43894	0.5	50	22	39	84	1.69
1941-1949	102	0.58881	0.45489	0.5	28	13	21	45	1.63
1941-1949	103	0.61475	0.47022	0.5	15	7	12	24	1.56
1941-1949	104	0.64005	0.48488	0.5	8	4	6	12	1.51
1941-1949	105	0.66460	0.49884	0.5	4	2	3	6	1.46
1941-1949	106	0.68829	0.51206	0.5	2	1	2	3	1.41
1941-1949	107	0.71103	0.52455	0.5	1	1	1	1	1.37
1941-1949	108	0.73276	0.53628	0.5	0	0	0	1	1.34
1941-1949	109	0.75342	0.54726	0.5	0	0	0	0	1.31
1941-1949	110+	0.77298	1.00000	1.29	0	0	0	0	1.29
1950-1959	0	0.02960	0.02885	0.12	100000	2885	97474	6848348	68.48
1950-1959	1	0.00243	0.00243	0.5	97115	236	96997	6750874	69.51
1950-1959	2	0.00129	0.00129	0.5	96879	125	96817	6653877	68.68
1950-1959	3	0.00090	0.00090	0.5	96754	87	96711	6557060	67.77
1950-1959	4	0.00068	0.00068	0.5	96667	65	96634	6460349	66.83
1950-1959	5	0.00054	0.00054	0.5	96602	52	96576	6363715	65.88
1950-1959	6	0.00057	0.00057	0.5	96549	55	96522	6267139	64.91
1950-1959	7	0.00060	0.00060	0.5	96494	58	96465	6170617	63.95
1950-1959	8	0.00061	0.00061	0.5	96436	59	96407	6074152	62.99
1950-1959	9	0.00060	0.00060	0.5	96378	58	96348	5977745	62.02
1950-1959	10	0.00051	0.00051	0.5	96319	49	96295	5881397	61.06
1950-1959	11	0.00053	0.00053	0.5	96270	51	96245	5785102	60.09
1950-1959	12	0.00061	0.00061	0.5	96219	58	96190	5688858	59.12
1950-1959	13	0.00075	0.00075	0.5	96161	73	96125	5592668	58.16
1950-1959	14	0.00084	0.00084	0.5	96088	81	96048	5496543	57.20
1950-1959	15	0.00106	0.00106	0.5	96007	101	95957	5400495	56.25
1950-1959	16	0.00134	0.00134	0.5	95906	128	95842	5304539	55.31
1950-1959	17	0.00150	0.00150	0.5	95777	144	95706	5208697	54.38
1950-1959	18	0.00161	0.00161	0.5	95634	154	95557	5112992	53.46
1950-1959	19	0.00190	0.00190	0.5	95480	181	95389	5017435	52.55
1950-1959	20	0.00190	0.00190	0.5	95298	181	95208	4922046	51.65
1950-1959	21	0.00197	0.00197	0.5	95117	187	95024	4826838	50.75
1950-1959	22	0.00207	0.00207	0.5	94930	196	94832	4731814	49.85
1950-1959	23	0.00198	0.00198	0.5	94734	188	94640	4636982	48.95
1950-1959	24	0.00190	0.00190	0.5	94546	179	94457	4542342	48.04
1950-1959	25	0.00191	0.00190	0.5	94367	180	94277	4447885	47.13
1950-1959	26	0.00180	0.00180	0.5	94187	170	94102	4353608	46.22
1950-1959	27	0.00176	0.00176	0.5	94018	165	93935	4259506	45.31
1950-1959	28	0.00182	0.00182	0.5	93852	171	93767	4165571	44.38
1950-1959	29	0.00176	0.00176	0.5	93681	165	93599	4071804	43.46
1950-1959	30	0.00185	0.00185	0.5	93516	173	93430	3978206	42.54
1950-1959	31	0.00181	0.00181	0.5	93343	169	93259	3884776	41.62
1950-1959	32	0.00196	0.00196	0.5	93175	183	93083	3791517	40.69
1950-1959	33	0.00214	0.00214	0.5	92992	199	92892	3698434	39.77
1950-1959	34	0.00207	0.00207	0.5	92793	192	92697	3605541	38.86
1950-1959	35	0.00224	0.00224	0.5	92601	207	92498	3512844	37.94
1950-1959	36	0.00239	0.00239	0.5	92394	221	92284	3420347	37.02
1950-1959	37	0.00263	0.00262	0.5	92173	242	92053	3328063	36.11
1950-1959	38	0.00286	0.00286	0.5	91932	263	91800	3236011	35.20
1950-1959	39	0.00294	0.00294	0.5	91669	269	91534	3144210	34.30
1950-1959	40	0.00306	0.00306	0.5	91400	280	91260	3052676	33.40
1950-1959	41	0.00358	0.00358	0.5	91120	326	90957	2961416	32.50
1950-1959	42	0.00369	0.00369	0.5	90794	335	90627	2870459	31.61
1950-1959	43	0.00412	0.00411	0.5	90459	372	90273	2779832	30.73
1950-1959	44	0.00437	0.00436	0.5	90087	393	89891	2689559	29.86
1950-1959	45	0.00503	0.00501	0.5	89694	450	89470	2599668	28.98
1950-1959	46	0.00531	0.00530	0.5	89245	473	89008	2510198	28.13
1950-1959	47	0.00586	0.00584	0.5	88772	518	88513	2421190	27.27
1950-1959	48	0.00611	0.00609	0.5	88254	538	87985	2332677	26.43
1950-1959	49	0.00698	0.00695	0.5	87716	610	87411	2244692	25.59
1950-1959	50	0.00748	0.00745	0.5	87106	649	86782	2157281	24.77
1950-1959	51	0.00812	0.00808	0.5	86457	699	86107	2070499	23.95
1950-1959	52	0.00890	0.00887	0.5	85758	760	85378	1984392	23.14
1950-1959	53	0.01019	0.01014	0.5	84998	862	84567	1899014	22.34
1950-1959	54	0.01081	0.01075	0.5	84136	905	83684	1814447	21.57
1950-1959	55	0.01134	0.01128	0.5	83232	939	82762	1730763	20.79
1950-1959	56	0.01238	0.01230	0.5	82293	1012	81787	1648001	20.03
1950-1959	57	0.01337	0.01328	0.5	81281	1079	80741	1566214	19.27
1950-1959	58	0.01507	0.01496	0.5	80201	1199	79602	1485473	18.52
1950-1959	59	0.01640	0.01626	0.5	79002	1285	78359	1405872	17.80
1950-1959	60	0.01808	0.01792	0.5	77717	1393	77021	1327512	17.08
1950-1959	61	0.01994	0.01974	0.5	76324	1507	75571	1250491	16.38
1950-1959	62	0.02134	0.02111	0.5	74817	1580	74028	1174920	15.70
1950-1959	63	0.02354	0.02326	0.5	73238	1704	72386	1100893	15.03
1950-1959	64	0.02585	0.02552	0.5	71534	1826	70621	1028507	14.38
1950-1959	65	0.02785	0.02747	0.5	69708	1915	68751	957886	13.74
1950-1959	66	0.02998	0.02954	0.5	67794	2003	66792	889135	13.12
1950-1959	67	0.03184	0.03134	0.5	65791	2062	64760	822343	12.50
1950-1959	68	0.03666	0.03600	0.5	63729	2294	62582	757583	11.89
1950-1959	69	0.03857	0.03784	0.5	61435	2324	60272	695001	11.31
1950-1959	70	0.04187	0.04101	0.5	59110	2424	57898	634729	10.74
1950-1959	71	0.04702	0.04594	0.5	56686	2604	55384	576831	10.18
1950-1959	72	0.05191	0.05059	0.5	54082	2736	52714	521446	9.64
1950-1959	73	0.05672	0.05516	0.5	51346	2832	49930	468732	9.13
1950-1959	74	0.06387	0.06189	0.5	48514	3003	47013	418802	8.63
1950-1959	75	0.06876	0.06647	0.5	45511	3025	43999	371790	8.17
1950-1959	76	0.07456	0.07188	0.5	42486	3054	40959	327791	7.72
1950-1959	77	0.08126	0.07809	0.5	39432	3079	37893	286832	7.27
1950-1959	78	0.09027	0.08637	0.5	36353	3140	34783	248939	6.85
1950-1959	79	0.10025	0.09547	0.5	33213	3171	31628	214156	6.45
1950-1959	80	0.10867	0.10307	0.5	30042	3097	28494	182529	6.08
1950-1959	81	0.11899	0.11231	0.5	26946	3026	25433	154035	5.72
1950-1959	82	0.13015	0.12220	0.5	23920	2923	22458	128602	5.38
1950-1959	83	0.14219	0.13275	0.5	20997	2787	19603	106144	5.06
1950-1959	84	0.15514	0.14397	0.5	18209	2622	16898	86541	4.75
1950-1959	85	0.16904	0.15587	0.5	15588	2430	14373	69643	4.47
1950-1959	86	0.18391	0.16842	0.5	13158	2216	12050	55270	4.20
1950-1959	87	0.19978	0.18163	0.5	10942	1987	9948	43220	3.95
1950-1959	88	0.21665	0.19548	0.5	8954	1750	8079	33272	3.72
1950-1959	89	0.23453	0.20991	0.5	7204	1512	6448	25192	3.50
1950-1959	90	0.25341	0.22491	0.5	5692	1280	5052	18744	3.29
1950-1959	91	0.27326	0.24041	0.5	4412	1061	3881	13693	3.10
1950-1959	92	0.29406	0.25637	0.5	3351	859	2922	9811	2.93
1950-1959	93	0.31575	0.27270	0.5	2492	680	2152	6890	2.76
1950-1959	94	0.33828	0.28934	0.5	1812	524	1550	4738	2.61
1950-1959	95	0.36156	0.30620	0.5	1288	394	1091	3187	2.47
1950-1959	96	0.38551	0.32321	0.5	894	289	749	2097	2.35
1950-1959	97	0.41003	0.34027	0.5	605	206	502	1347	2.23
1950-1959	98	0.43501	0.35730	0.5	399	143	328	846	2.12
1950-1959	99	0.46032	0.37419	0.5	256	96	208	518	2.02
1950-1959	100	0.48584	0.39088	0.5	160	63	129	309	1.93
1950-1959	101	0.51143	0.40728	0.5	98	40	78	180	1.84
1950-1959	102	0.53696	0.42331	0.5	58	25	46	102	1.77
1950-1959	103	0.56230	0.43890	0.5	33	15	26	57	1.70
1950-1959	104	0.58731	0.45399	0.5	19	9	14	31	1.63
1950-1959	105	0.61189	0.46854	0.5	10	5	8	16	1.57
1950-1959	106	0.63591	0.48250	0.5	5	3	4	8	1.52
1950-1959	107	0.65927	0.49583	0.5	3	1	2	4	1.48
1950-1959	108	0.68188	0.50851	0.5	1	1	1	2	1.43
1950-1959	109	0.70366	0.52053	0.5	1	0	1	1	1.40
1950-1959	110+	0.72456	1.00000	1.38	0	0	0	0	1.38
1960-1969	0	0.02527	0.02471	0.11	100000	2471	97807	6880965	68.81
1960-1969	1	0.00153	0.00153	0.5	97529	149	97454	6783157	69.55
1960-1969	2	0.00115	0.00115	0.5	97379	112	97323	6685703	68.66
1960-1969	3	0.00066	0.00066	0.5	97267	64	97235	6588380	67.74
1960-1969	4	0.00078	0.00078	0.5	97203	76	97165	6491145	66.78
1960-1969	5	0.00046	0.00046	0.5	97127	44	97105	6393980	65.83
1960-1969	6	0.00060	0.00060	0.5	97083	58	97053	6296876	64.86
1960-1969	7	0.00053	0.00053	0.5	97024	52	96998	6199822	63.90
1960-1969	8	0.00039	0.00039	0.5	96973	38	96954	6102824	62.93
1960-1969	9	0.00053	0.00053	0.5	96935	51	96909	6005870	61.96
1960-1969	10	0.00044	0.00044	0.5	96884	43	96862	5908961	60.99
1960-1969	11	0.00038	0.00038	0.5	96841	37	96823	5812098	60.02
1960-1969	12	0.00047	0.00047	0.5	96804	46	96781	5715276	59.04
1960-1969	13	0.00045	0.00045	0.5	96759	44	96737	5618494	58.07
1960-1969	14	0.00081	0.00081	0.5	96715	79	96676	5521758	57.09
1960-1969	15	0.00083	0.00083	0.5	96636	80	96596	5425082	56.14
1960-1969	16	0.00131	0.00131	0.5	96556	127	96493	5328486	55.19
1960-1969	17	0.00152	0.00152	0.5	96430	146	96357	5231993	54.26
1960-1969	18	0.00171	0.00171	0.5	96284	165	96201	5135636	53.34
1960-1969	19	0.00217	0.00217	0.5	96119	208	96015	5039435	52.43
1960-1969	20	0.00216	0.00216	0.5	95911	207	95807	4943420	51.54
1960-1969	21	0.00233	0.00233	0.5	95704	223	95592	4847613	50.65
1960-1969	22	0.00204	0.00204	0.5	95481	194	95384	4752020	49.77
1960-1969	23	0.00190	0.00190	0.5	95286	181	95196	4656637	48.87
1960-1969	24	0.00189	0.00188	0.5	95106	179	95016	4561441	47.96
1960-1969	25	0.00199	0.00198	0.5	94926	188	94832	4466425	47.05
1960-1969	26	0.00206	0.00206	0.5	94738	195	94640	4371593	46.14
1960-1969	27	0.00191	0.00191	0.5	94543	180	94453	4276952	45.24
1960-1969	28	0.00182	0.00182	0.5	94362	171	94277	4182500	44.32
1960-1969	29	0.00157	0.00156	0.5	94191	147	94117	4088223	43.40
1960-1969	30	0.00162	0.00162	0.5	94044	153	93967	3994105	42.47
1960-1969	31	0.00179	0.00179	0.5	93891	168	93807	3900138	41.54
1960-1969	32	0.00203	0.00203	0.5	93723	190	93628	3806331	40.61
1960-1969	33	0.00213	0.00213	0.5	93533	199	93434	3712702	39.69
1960-1969	34	0.00183	0.00183	0.5	93334	171	93249	3619269	38.78
1960-1969	35	0.00222	0.00222	0.5	93164	207	93060	3526020	37.85
1960-1969	36	0.00179	0.00179	0.5	92957	166	92874	3432960	36.93
1960-1969	37	0.00227	0.00227	0.5	92790	210	92685	3340086	36.00
1960-1969	38	0.00280	0.00280	0.5	92580	259	92450	3247401	35.08
1960-1969	39	0.00280	0.00279	0.5	92321	258	92192	3154950	34.17
1960-1969	40	0.00295	0.00295	0.5	92063	271	91927	3062758	33.27
1960-1969	41	0.00324	0.00323	0.5	91792	297	91643	2970831	32.36
1960-1969	42	0.00434	0.00433	0.5	91495	396	91297	2879188	31.47
1960-1969	43	0.00414	0.00413	0.5	91099	376	90911	2787890	30.60
1960-1969	44	0.00460	0.00459	0.5	90723	417	90515	2696979	29.73
1960-1969	45	0.00552	0.00551	0.5	90306	497	90058	2606465	28.86
1960-1969	46	0.00571	0.00569	0.5	89809	511	89553	2516407	28.02
1960-1969	47	0.00584	0.00583	0.5	89298	520	89037	2426854	27.18
1960-1969	48	0.00641	0.00639	0.5	88777	567	88494	2337817	26.33
1960-1969	49	0.00702	0.00700	0.5	88210	617	87902	2249323	25.50
1960-1969	50	0.00755	0.00752	0.5	87593	658	87264	2161421	24.68
1960-1969	51	0.00843	0.00839	0.5	86935	729	86570	2074157	23.86
1960-1969	52	0.00967	0.00962	0.5	86205	829	85791	1987587	23.06
1960-1969	53	0.01101	0.01095	0.5	85376	935	84909	1901797	22.28
1960-1969	54	0.01123	0.01117	0.5	84441	943	83970	1816888	21.52
1960-1969	55	0.01267	0.01259	0.5	83498	1052	82972	1732918	20.75
1960-1969	56	0.01316	0.01308	0.5	82446	1078	81907	1649946	20.01
1960-1969	57	0.01465	0.01455	0.5	81368	1184	80777	1568039	19.27
1960-1969	58	0.01516	0.01504	0.5	80185	1206	79582	1487262	18.55
1960-1969	59	0.01645	0.01631	0.5	78979	1288	78334	1407680	17.82
1960-1969	60	0.01963	0.01943	0.5	77690	1510	76935	1329346	17.11
1960-1969	61	0.02029	0.02008	0.5	76180	1530	75415	1252411	16.44
1960-1969	62	0.02248	0.02223	0.5	74651	1659	73821	1176995	15.77
1960-1969	63	0.02413	0.02384	0.5	72991	1740	72121	1103174	15.11
1960-1969	64	0.02713	0.02676	0.5	71251	1907	70298	1031053	14.47
1960-1969	65	0.02791	0.02753	0.5	69344	1909	68390	960756	13.85
1960-1969	66	0.03085	0.03038	0.5	67435	2049	66411	892366	13.23
1960-1969	67	0.03442	0.03384	0.5	65386	2213	64280	825955	12.63
1960-1969	68	0.03840	0.03768	0.5	63174	2380	61984	761675	12.06
1960-1969	69	0.03925	0.03850	0.5	60793	2340	59623	699692	11.51
1960-1969	70	0.04293	0.04202	0.5	58453	2456	57225	640069	10.95
1960-1969	71	0.04726	0.04616	0.5	55997	2585	54704	582844	10.41
1960-1969	72	0.05072	0.04946	0.5	53411	2642	52090	528140	9.89
1960-1969	73	0.05582	0.05430	0.5	50770	2757	49391	476050	9.38
1960-1969	74	0.06257	0.06067	0.5	48013	2913	46556	426658	8.89
1960-1969	75	0.06788	0.06565	0.5	45099	2961	43619	380102	8.43
1960-1969	76	0.07072	0.06831	0.5	42139	2878	40700	336483	7.99
1960-1969	77	0.07712	0.07426	0.5	39260	2915	37803	295784	7.53
1960-1969	78	0.07992	0.07685	0.5	36345	2793	34948	257981	7.10
1960-1969	79	0.08974	0.08588	0.5	33552	2882	32111	223033	6.65
1960-1969	80	0.10367	0.09856	0.5	30670	3023	29159	190922	6.23
1960-1969	81	0.11385	0.10772	0.5	27647	2978	26158	161763	5.85
1960-1969	82	0.12489	0.11755	0.5	24669	2900	23219	135605	5.50
1960-1969	83	0.13684	0.12808	0.5	21769	2788	20375	112386	5.16
1960-1969	84	0.14974	0.13931	0.5	18981	2644	17659	92011	4.85
1960-1969	85	0.16362	0.15124	0.5	16337	2471	15101	74352	4.55
1960-1969	86	0.17851	0.16388	0.5	13866	2272	12730	59251	4.27
1960-1969	87	0.19445	0.17722	0.5	11594	2055	10566	46521	4.01
1960-1969	88	0.21144	0.19122	0.5	9539	1824	8627	35955	3.77
1960-1969	89	0.22949	0.20587	0.5	7715	1588	6921	27328	3.54
1960-1969	90	0.24861	0.22112	0.5	6127	1355	5449	20407	3.33
1960-1969	91	0.26875	0.23692	0.5	4772	1131	4207	14958	3.13
1960-1969	92	0.28990	0.25320	0.5	3641	922	3180	10751	2.95
1960-1969	93	0.31201	0.26990	0.5	2719	734	2352	7571	2.78
1960-1969	94	0.33500	0.28694	0.5	1985	570	1701	5218	2.63
1960-1969	95	0.35880	0.30423	0.5	1416	431	1200	3518	2.48
1960-1969	96	0.38333	0.32167	0.5	985	317	827	2317	2.35
1960-1969	97	0.40846	0.33918	0.5	668	227	555	1491	2.23
1960-1969	98	0.43407	0.35666	0.5	442	157	363	936	2.12
1960-1969	99	0.46005	0.37402	0.5	284	106	231	573	2.02
1960-1969	100	0.48624	0.39115	0.5	178	70	143	342	1.92
1960-1969	101	0.51251	0.40797	0.5	108	44	86	199	1.84
1960-1969	102	0.53871	0.42440	0.5	64	27	50	113	1.76
1960-1969	103	0.56470	0.44036	0.5	37	16	29	62	1.69
1960-1969	104	0.59034	0.45580	0.5	21	9	16	34	1.62
1960-1969	105	0.61549	0.47065	0.5	11	5	9	18	1.57
1960-1969	106	0.64005	0.48487	0.5	6	3	5	9	1.51
1960-1969	107	0.66389	0.49843	0.5	3	2	2	4	1.47
1960-1969	108	0.68692	0.51131	0.5	2	1	1	2	1.42
1960-1969	109	0.70907	0.52348	0.5	1	0	1	1	1.39
1960-1969	110+	0.73026	1.00000	1.37	0	0	0	0	1.37
1970-1979	0	0.01618	0.01594	0.09	100000	1594	98547	7052196	70.52
1970-1979	1	0.00105	0.00105	0.5	98406	103	98354	6953649	70.66
1970-1979	2	0.00070	0.00070	0.5	98302	69	98268	6855295	69.74
1970-1979	3	0.00073	0.00073	0.5	98233	72	98197	6757027	68.79
1970-1979	4	0.00061	0.00061	0.5	98161	60	98131	6658830	67.84
1970-1979	5	0.00051	0.00051	0.5	98101	50	98077	6560699	66.88
1970-1979	6	0.00040	0.00040	0.5	98052	39	98032	6462622	65.91
1970-1979	7	0.00055	0.00055	0.5	98012	54	97985	6364590	64.94
1970-1979	8	0.00034	0.00034	0.5	97958	34	97942	6266604	63.97
1970-1979	9	0.00033	0.00033	0.5	97925	33	97908	6168663	62.99
1970-1979	10	0.00023	0.00023	0.5	97892	23	97881	6070755	62.01
1970-1979	11	0.00043	0.00043	0.5	97869	42	97848	5972874	61.03
1970-1979	12	0.00037	0.00037	0.5	97827	36	97809	5875026	60.06
1970-1979	13	0.00051	0.00051	0.5	97791	50	97766	5777216	59.08
1970-1979	14	0.00080	0.00080	0.5	97742	78	97702	5679450	58.11
1970-1979	15	0.00098	0.00098	0.5	97663	96	97616	5581748	57.15
1970-1979	16	0.00133	0.00133	0.5	97568	130	97503	5484132	56.21
1970-1979	17	0.00144	0.00144	0.5	97438	140	97368	5386629	55.28
1970-1979	18	0.00215	0.00215	0.5	97298	209	97193	5289261	54.36
1970-1979	19	0.00234	0.00234	0.5	97089	227	96975	5192068	53.48
1970-1979	20	0.00172	0.00172	0.5	96861	166	96778	5095093	52.60
1970-1979	21	0.00215	0.00214	0.5	96695	207	96591	4998314	51.69
1970-1979	22	0.00159	0.00159	0.5	96488	153	96411	4901723	50.80
1970-1979	23	0.00202	0.00202	0.5	96335	195	96237	4805312	49.88
1970-1979	24	0.00166	0.00166	0.5	96140	159	96060	4709075	48.98
1970-1979	25	0.00148	0.00148	0.5	95981	142	95910	4613014	48.06
1970-1979	26	0.00145	0.00145	0.5	95839	139	95769	4517104	47.13
1970-1979	27	0.00144	0.00144	0.5	95699	137	95631	4421335	46.20
1970-1979	28	0.00142	0.00142	0.5	95562	135	95494	4325705	45.27
1970-1979	29	0.00178	0.00178	0.5	95427	170	95341	4230211	44.33
1970-1979	30	0.00151	0.00151	0.5	95256	144	95185	4134869	43.41
1970-1979	31	0.00180	0.00180	0.5	95113	171	95027	4039684	42.47
1970-1979	32	0.00127	0.00127	0.5	94942	121	94881	3944657	41.55
1970-1979	33	0.00176	0.00175	0.5	94821	166	94738	3849776	40.60
1970-1979	34	0.00161	0.00161	0.5	94654	152	94578	3755038	39.67
1970-1979	35	0.00213	0.00213	0.5	94502	201	94402	3660460	38.73
1970-1979	36	0.00265	0.00264	0.5	94301	249	94176	3566058	37.82
1970-1979	37	0.00235	0.00235	0.5	94052	221	93941	3471882	36.91
1970-1979	38	0.00193	0.00193	0.5	93831	181	93740	3377941	36.00
1970-1979	39	0.00247	0.00246	0.5	93650	231	93534	3284201	35.07
1970-1979	40	0.00308	0.00308	0.5	93419	288	93275	3190667	34.15
1970-1979	41	0.00232	0.00232	0.5	93131	216	93023	3097392	33.26
1970-1979	42	0.00354	0.00354	0.5	92916	329	92751	3004368	32.33
1970-1979	43	0.00370	0.00369	0.5	92587	342	92416	2911617	31.45
1970-1979	44	0.00446	0.00445	0.5	92246	411	92040	2819200	30.56
1970-1979	45	0.00421	0.00420	0.5	91835	385	91642	2727160	29.70
1970-1979	46	0.00454	0.00453	0.5	91449	414	91242	2635518	28.82
1970-1979	47	0.00548	0.00547	0.5	91035	498	90786	2544276	27.95
1970-1979	48	0.00616	0.00614	0.5	90537	556	90260	2453490	27.10
1970-1979	49	0.00670	0.00668	0.5	89982	601	89681	2363230	26.26
1970-1979	50	0.00646	0.00643	0.5	89381	575	89093	2273549	25.44
1970-1979	51	0.00763	0.00760	0.5	88805	675	88468	2184456	24.60
1970-1979	52	0.00861	0.00858	0.5	88130	756	87752	2095989	23.78
1970-1979	53	0.00857	0.00853	0.5	87374	746	87001	2008236	22.98
1970-1979	54	0.01166	0.01160	0.5	86628	1005	86126	1921235	22.18
1970-1979	55	0.01119	0.01113	0.5	85624	953	85147	1835109	21.43
1970-1979	56	0.01260	0.01252	0.5	84671	1060	84141	1749961	20.67
1970-1979	57	0.01334	0.01325	0.5	83611	1108	83057	1665821	19.92
1970-1979	58	0.01420	0.01410	0.5	82503	1163	81922	1582763	19.18
1970-1979	59	0.01640	0.01626	0.5	81340	1323	80679	1500841	18.45
1970-1979	60	0.01677	0.01663	0.5	80018	1331	79352	1420162	17.75
1970-1979	61	0.01994	0.01975	0.5	78687	1554	77910	1340810	17.04
1970-1979	62	0.02069	0.02047	0.5	77133	1579	76343	1262900	16.37
1970-1979	63	0.02310	0.02284	0.5	75554	1726	74691	1186557	15.70
1970-1979	64	0.02562	0.02529	0.5	73828	1867	72895	1111866	15.06
1970-1979	65	0.02797	0.02759	0.5	71961	1985	70968	1038971	14.44
1970-1979	66	0.02932	0.02890	0.5	69976	2022	68965	968003	13.83
1970-1979	67	0.02988	0.02944	0.5	67954	2001	66953	899038	13.23
1970-1979	68	0.03676	0.03609	0.5	65953	2381	64762	832085	12.62
1970-1979	69	0.03744	0.03676	0.5	63572	2337	62404	767323	12.07
1970-1979	70	0.04102	0.04019	0.5	61236	2461	60005	704919	11.51
1970-1979	71	0.04587	0.04484	0.5	58774	2636	57457	644914	10.97
1970-1979	72	0.04890	0.04774	0.5	56139	2680	54799	587457	10.46
1970-1979	73	0.05371	0.05231	0.5	53459	2796	52061	532658	9.96
1970-1979	74	0.05692	0.05534	0.5	50663	2804	49261	480598	9.49
1970-1979	75	0.05798	0.05634	0.5	47859	2697	46511	431337	9.01
1970-1979	76	0.06744	0.06524	0.5	45162	2946	43689	384826	8.52
1970-1979	77	0.07046	0.06806	0.5	42216	2873	40779	341137	8.08
1970-1979	78	0.07341	0.07081	0.5	39343	2786	37950	300358	7.63
1970-1979	79	0.08745	0.08379	0.5	36557	3063	35025	262408	7.18
1970-1979	80	0.09469	0.09041	0.5	33494	3028	31980	227383	6.79
1970-1979	81	0.10314	0.09809	0.5	30466	2988	28972	195403	6.41
1970-1979	82	0.11226	0.10630	0.5	27477	2921	26017	166432	6.06
1970-1979	83	0.12208	0.11506	0.5	24557	2825	23144	140414	5.72
1970-1979	84	0.13263	0.12438	0.5	21731	2703	20380	117271	5.40
1970-1979	85	0.14394	0.13428	0.5	19028	2555	17751	96891	5.09
1970-1979	86	0.15604	0.14475	0.5	16473	2384	15281	79140	4.80
1970-1979	87	0.16896	0.15580	0.5	14089	2195	12991	63859	4.53
1970-1979	88	0.18271	0.16742	0.5	11894	1991	10898	50868	4.28
1970-1979	89	0.19732	0.17960	0.5	9903	1779	9013	39970	4.04
1970-1979	90	0.21279	0.19233	0.5	8124	1562	7343	30956	3.81
1970-1979	91	0.22913	0.20558	0.5	6562	1349	5887	23613	3.60
1970-1979	92	0.24633	0.21932	0.5	5213	1143	4641	17726	3.40
1970-1979	93	0.26438	0.23351	0.5	4069	950	3594	13085	3.22
1970-1979	94	0.28326	0.24812	0.5	3119	774	2732	9491	3.04
1970-1979	95	0.30293	0.26308	0.5	2345	617	2037	6759	2.88
1970-1979	96	0.32334	0.27834	0.5	1728	481	1488	4722	2.73
1970-1979	97	0.34446	0.29385	0.5	1247	366	1064	3234	2.59
1970-1979	98	0.36620	0.30953	0.5	881	273	744	2170	2.46
1970-1979	99	0.38851	0.32531	0.5	608	198	509	1426	2.34
1970-1979	100	0.41129	0.34114	0.5	410	140	340	917	2.23
1970-1979	101	0.43446	0.35692	0.5	270	96	222	576	2.13
1970-1979	102	0.45792	0.37261	0.5	174	65	141	354	2.04
1970-1979	103	0.48157	0.38811	0.5	109	42	88	213	1.95
1970-1979	104	0.50530	0.40338	0.5	67	27	53	125	1.87
1970-1979	105	0.52900	0.41835	0.5	40	17	31	72	1.80
1970-1979	106	0.55258	0.43296	0.5	23	10	18	40	1.73
1970-1979	107	0.57592	0.44716	0.5	13	6	10	22	1.67
1970-1979	108	0.59893	0.46090	0.5	7	3	6	12	1.62
1970-1979	109	0.62151	0.47416	0.5	4	2	3	6	1.58
1970-1979	110+	0.64357	1.00000	1.55	2	2	3	3	1.55
1980-1989	0	0.01091	0.01081	0.07	100000	1081	99000	7336541	73.37
1980-1989	1	0.00093	0.00093	0.5	98919	92	98873	7237541	73.17
1980-1989	2	0.00055	0.00055	0.5	98827	55	98800	7138667	72.23
1980-1989	3	0.00049	0.00049	0.5	98773	48	98749	7039867	71.27
1980-1989	4	0.00041	0.00041	0.5	98725	41	98704	6941118	70.31
1980-1989	5	0.00031	0.00031	0.5	98684	30	98669	6842414	69.34
1980-1989	6	0.00039	0.00039	0.5	98654	38	98634	6743745	68.36
1980-1989	7	0.00017	0.00017	0.5	98615	17	98607	6645111	67.38
1980-1989	8	0.00030	0.00030	0.5	98599	29	98584	6546504	66.40
1980-1989	9	0.00028	0.00028	0.5	98569	28	98555	6447920	65.42
1980-1989	10	0.00017	0.00017	0.5	98541	17	98533	6349364	64.43
1980-1989	11	0.00032	0.00032	0.5	98524	31	98509	6250831	63.44
1980-1989	12	0.00042	0.00042	0.5	98493	42	98472	6152323	62.46
1980-1989	13	0.00047	0.00047	0.5	98451	46	98428	6053850	61.49
1980-1989	14	0.00041	0.00041	0.5	98405	40	98385	5955422	60.52
1980-1989	15	0.00066	0.00066	0.5	98365	65	98332	5857037	59.54
1980-1989	16	0.00087	0.00087	0.5	98300	86	98257	5758705	58.58
1980-1989	17	0.00114	0.00114	0.5	98214	112	98158	5660449	57.63
1980-1989	18	0.00180	0.00180	0.5	98102	177	98014	5562291	56.70
1980-1989	19	0.00140	0.00140	0.5	97925	137	97857	5464277	55.80
1980-1989	20	0.00141	0.00140	0.5	97788	137	97719	5366420	54.88
1980-1989	21	0.00160	0.00160	0.5	97651	156	97573	5268701	53.95
1980-1989	22	0.00133	0.00133	0.5	97495	130	97430	5171128	53.04
1980-1989	23	0.00152	0.00152	0.5	97365	148	97291	5073698	52.11
1980-1989	24	0.00179	0.00179	0.5	97217	174	97130	4976407	51.19
1980-1989	25	0.00127	0.00127	0.5	97043	123	96981	4879278	50.28
1980-1989	26	0.00104	0.00104	0.5	96919	101	96869	4782297	49.34
1980-1989	27	0.00131	0.00130	0.5	96818	126	96755	4685428	48.39
1980-1989	28	0.00116	0.00116	0.5	96692	112	96636	4588673	47.46
1980-1989	29	0.00117	0.00117	0.5	96580	113	96523	4492037	46.51
1980-1989	30	0.00124	0.00124	0.5	96467	119	96407	4395514	45.57
1980-1989	31	0.00112	0.00111	0.5	96347	107	96294	4299107	44.62
1980-1989	32	0.00126	0.00126	0.5	96240	121	96179	4202813	43.67
1980-1989	33	0.00100	0.00100	0.5	96119	96	96071	4106634	42.72
1980-1989	34	0.00126	0.00126	0.5	96022	121	95962	4010563	41.77
1980-1989	35	0.00140	0.00140	0.5	95901	135	95834	3914601	40.82
1980-1989	36	0.00142	0.00142	0.5	95767	136	95699	3818767	39.88
1980-1989	37	0.00137	0.00137	0.5	95631	131	95565	3723068	38.93
1980-1989	38	0.00146	0.00146	0.5	95500	139	95430	3627503	37.98
1980-1989	39	0.00168	0.00168	0.5	95361	160	95281	3532073	37.04
1980-1989	40	0.00210	0.00210	0.5	95201	200	95101	3436792	36.10
1980-1989	41	0.00204	0.00204	0.5	95001	194	94905	3341691	35.18
1980-1989	42	0.00259	0.00258	0.5	94808	245	94685	3246786	34.25
1980-1989	43	0.00278	0.00278	0.5	94563	263	94432	3152101	33.33
1980-1989	44	0.00237	0.00236	0.5	94300	223	94189	3057669	32.42
1980-1989	45	0.00330	0.00329	0.5	94077	310	93923	2963481	31.50
1980-1989	46	0.00330	0.00329	0.5	93768	309	93613	2869558	30.60
1980-1989	47	0.00412	0.00411	0.5	93459	384	93267	2775945	29.70
1980-1989	48	0.00494	0.00492	0.5	93075	458	92846	2682678	28.82
1980-1989	49	0.00456	0.00455	0.5	92616	421	92406	2589833	27.96
1980-1989	50	0.00600	0.00598	0.5	92195	552	91920	2497427	27.09
1980-1989	51	0.00587	0.00585	0.5	91644	536	91376	2405507	26.25
1980-1989	52	0.00708	0.00705	0.5	91108	643	90786	2314132	25.40
1980-1989	53	0.00677	0.00674	0.5	90465	610	90160	2223345	24.58
1980-1989	54	0.00822	0.00819	0.5	89855	735	89487	2133185	23.74
1980-1989	55	0.00814	0.00811	0.5	89119	723	88758	2043698	22.93
1980-1989	56	0.00995	0.00990	0.5	88397	875	87959	1954940	22.12
1980-1989	57	0.00977	0.00972	0.5	87522	851	87096	1866980	21.33
1980-1989	58	0.01105	0.01099	0.5	86671	953	86195	1779884	20.54
1980-1989	59	0.01176	0.01169	0.5	85718	1002	85217	1693689	19.76
1980-1989	60	0.01382	0.01373	0.5	84717	1163	84135	1608472	18.99
1980-1989	61	0.01640	0.01626	0.5	83554	1359	82874	1524337	18.24
1980-1989	62	0.01735	0.01720	0.5	82195	1413	81488	1441462	17.54
1980-1989	63	0.01819	0.01802	0.5	80781	1456	80053	1359975	16.84
1980-1989	64	0.01985	0.01966	0.5	79325	1559	78545	1279921	16.14
1980-1989	65	0.02198	0.02174	0.5	77766	1691	76920	1201376	15.45
1980-1989	66	0.02488	0.02457	0.5	76075	1869	75140	1124456	14.78
1980-1989	67	0.02632	0.02598	0.5	74206	1928	73242	1049315	14.14
1980-1989	68	0.02982	0.02938	0.5	72278	2123	71216	976074	13.50
1980-1989	69	0.03188	0.03138	0.5	70154	2201	69054	904858	12.90
1980-1989	70	0.03616	0.03552	0.5	67953	2414	66746	835805	12.30
1980-1989	71	0.03775	0.03705	0.5	65539	2428	64325	769058	11.73
1980-1989	72	0.04043	0.03963	0.5	63111	2501	61860	704733	11.17
1980-1989	73	0.04763	0.04652	0.5	60610	2820	59200	642873	10.61
1980-1989	74	0.05086	0.04960	0.5	57790	2866	56357	583673	10.10
1980-1989	75	0.05052	0.04928	0.5	54924	2706	53571	527316	9.60
1980-1989	76	0.05885	0.05717	0.5	52217	2985	50725	473745	9.07
1980-1989	77	0.06705	0.06487	0.5	49232	3194	47635	423020	8.59
1980-1989	78	0.06407	0.06208	0.5	46039	2858	44610	375385	8.15
1980-1989	79	0.08088	0.07773	0.5	43181	3357	41502	330775	7.66
1980-1989	80	0.08210	0.07886	0.5	39824	3141	38254	289273	7.26
1980-1989	81	0.09023	0.08633	0.5	36683	3167	35100	251019	6.84
1980-1989	82	0.09907	0.09440	0.5	33516	3164	31934	215920	6.44
1980-1989	83	0.10868	0.10308	0.5	30352	3129	28788	183985	6.06
1980-1989	84	0.11910	0.11241	0.5	27224	3060	25694	155197	5.70
1980-1989	85	0.13037	0.12239	0.5	24163	2957	22685	129504	5.36
1980-1989	86	0.14253	0.13305	0.5	21206	2822	19795	106819	5.04
1980-1989	87	0.15563	0.14439	0.5	18385	2655	17057	87024	4.73
1980-1989	88	0.16969	0.15642	0.5	15730	2460	14500	69967	4.45
1980-1989	89	0.18474	0.16912	0.5	13269	2244	12147	55467	4.18
1980-1989	90	0.20081	0.18249	0.5	11025	2012	10019	43319	3.93
1980-1989	91	0.21790	0.19649	0.5	9013	1771	8128	33300	3.69
1980-1989	92	0.23601	0.21110	0.5	7242	1529	6478	25172	3.48
1980-1989	93	0.25514	0.22627	0.5	5713	1293	5067	18694	3.27
1980-1989	94	0.27526	0.24196	0.5	4421	1070	3886	13627	3.08
1980-1989	95	0.29633	0.25809	0.5	3351	865	2919	9741	2.91
1980-1989	96	0.31832	0.27461	0.5	2486	683	2145	6823	2.74
1980-1989	97	0.34114	0.29143	0.5	1803	526	1541	4678	2.59
1980-1989	98	0.36472	0.30847	0.5	1278	394	1081	3137	2.46
1980-1989	99	0.38897	0.32563	0.5	884	288	740	2057	2.33
1980-1989	100	0.41378	0.34285	0.5	596	204	494	1317	2.21
1980-1989	101	0.43903	0.36001	0.5	392	141	321	823	2.10
1980-1989	102	0.46461	0.37702	0.5	251	94	203	502	2.00
1980-1989	103	0.49037	0.39381	0.5	156	61	125	299	1.91
1980-1989	104	0.51619	0.41029	0.5	95	39	75	173	1.83
1980-1989	105	0.54192	0.42638	0.5	56	24	44	98	1.75
1980-1989	106	0.56742	0.44202	0.5	32	14	25	54	1.69
1980-1989	107	0.59258	0.45713	0.5	18	8	14	29	1.63
1980-1989	108	0.61726	0.47168	0.5	10	5	7	15	1.57
1980-1989	109	0.64135	0.48562	0.5	5	2	4	8	1.53
1980-1989	110+	0.66474	1.00000	1.5	3	3	4	4	1.50
1990-1999	0	0.00832	0.00825	0.07	100000	825	99230	7484824	74.85
1990-1999	1	0.00064	0.00064	0.5	99175	64	99143	7385594	74.47
1990-1999	2	0.00034	0.00034	0.5	99111	34	99094	7286451	73.52
1990-1999	3	0.00037	0.00037	0.5	99077	36	99059	7187357	72.54
1990-1999	4	0.00035	0.00035	0.5	99041	35	99023	7088298	71.57
1990-1999	5	0.00026	0.00026	0.5	99006	26	98993	6989275	70.59
1990-1999	6	0.00030	0.00030	0.5	98980	29	98965	6890282	69.61
1990-1999	7	0.00004	0.00004	0.5	98951	4	98949	6791316	68.63
1990-1999	8	0.00022	0.00022	0.5	98947	22	98935	6692368	67.64
1990-1999	9	0.00021	0.00021	0.5	98924	21	98914	6593432	66.65
1990-1999	10	0.00031	0.00031	0.5	98903	30	98888	6494518	65.67
1990-1999	11	0.00026	0.00026	0.5	98873	25	98860	6395630	64.69
1990-1999	12	0.00025	0.00025	0.5	98848	25	98835	6296770	63.70
1990-1999	13	0.00037	0.00037	0.5	98823	37	98805	6197935	62.72
1990-1999	14	0.00056	0.00056	0.5	98787	55	98759	6099130	61.74
1990-1999	15	0.00084	0.00084	0.5	98731	83	98690	6000371	60.77
1990-1999	16	0.00058	0.00058	0.5	98648	57	98620	5901681	59.83
1990-1999	17	0.00118	0.00118	0.5	98592	116	98533	5803061	58.86
1990-1999	18	0.00107	0.00107	0.5	98475	105	98422	5704528	57.93
1990-1999	19	0.00110	0.00110	0.5	98370	108	98315	5606106	56.99
1990-1999	20	0.00100	0.00100	0.5	98261	98	98212	5507790	56.05
1990-1999	21	0.00124	0.00124	0.5	98163	122	98102	5409578	55.11
1990-1999	22	0.00126	0.00126	0.5	98041	123	97980	5311476	54.18
1990-1999	23	0.00124	0.00124	0.5	97918	121	97858	5213496	53.24
1990-1999	24	0.00118	0.00118	0.5	97797	115	97740	5115638	52.31
1990-1999	25	0.00103	0.00103	0.5	97682	100	97632	5017899	51.37
1990-1999	26	0.00100	0.00100	0.5	97582	98	97533	4920267	50.42
1990-1999	27	0.00074	0.00074	0.5	97484	72	97448	4822734	49.47
1990-1999	28	0.00088	0.00088	0.5	97412	86	97370	4725285	48.51
1990-1999	29	0.00111	0.00111	0.5	97327	108	97273	4627916	47.55
1990-1999	30	0.00112	0.00112	0.5	97218	109	97164	4530643	46.60
1990-1999	31	0.00132	0.00132	0.5	97110	128	97046	4433479	45.65
1990-1999	32	0.00139	0.00139	0.5	96982	135	96914	4336433	44.71
1990-1999	33	0.00124	0.00123	0.5	96847	120	96787	4239519	43.78
1990-1999	34	0.00124	0.00124	0.5	96727	120	96667	4142732	42.83
1990-1999	35	0.00120	0.00120	0.5	96607	116	96550	4046065	41.88
1990-1999	36	0.00156	0.00156	0.5	96492	150	96417	3949515	40.93
1990-1999	37	0.00143	0.00143	0.5	96342	138	96273	3853098	39.99
1990-1999	38	0.00169	0.00169	0.5	96204	162	96123	3756825	39.05
1990-1999	39	0.00156	0.00156	0.5	96041	150	95966	3660703	38.12
1990-1999	40	0.00144	0.00144	0.5	95891	138	95822	3564737	37.17
1990-1999	41	0.00173	0.00173	0.5	95753	165	95670	3468915	36.23
1990-1999	42	0.00195	0.00194	0.5	95587	186	95495	3373244	35.29
1990-1999	43	0.00256	0.00256	0.5	95402	244	95280	3277750	34.36
1990-1999	44	0.00274	0.00274	0.5	95157	260	95027	3182470	33.44
1990-1999	45	0.00271	0.00271	0.5	94897	257	94769	3087443	32.53
1990-1999	46	0.00320	0.00319	0.5	94640	302	94489	2992675	31.62
1990-1999	47	0.00295	0.00295	0.5	94338	278	94199	2898185	30.72
1990-1999	48	0.00454	0.00453	0.5	94060	426	93847	2803986	29.81
1990-1999	49	0.00385	0.00384	0.5	93634	359	93455	2710139	28.94
1990-1999	50	0.00464	0.00463	0.5	93275	432	93059	2616685	28.05
1990-1999	51	0.00490	0.00489	0.5	92843	454	92617	2523625	27.18
1990-1999	52	0.00514	0.00512	0.5	92390	473	92153	2431009	26.31
1990-1999	53	0.00557	0.00556	0.5	91916	511	91661	2338856	25.45
1990-1999	54	0.00713	0.00711	0.5	91405	650	91081	2247195	24.58
1990-1999	55	0.00735	0.00732	0.5	90756	665	90423	2156115	23.76
1990-1999	56	0.00824	0.00821	0.5	90091	739	89721	2065691	22.93
1990-1999	57	0.00966	0.00961	0.5	89351	859	88922	1975970	22.11
1990-1999	58	0.01167	0.01160	0.5	88492	1027	87979	1887048	21.32
1990-1999	59	0.01010	0.01005	0.5	87466	879	87026	1799069	20.57
1990-1999	60	0.01217	0.01210	0.5	86587	1048	86063	1712043	19.77
1990-1999	61	0.01373	0.01364	0.5	85539	1166	84956	1625980	19.01
1990-1999	62	0.01531	0.01519	0.5	84373	1282	83732	1541025	18.26
1990-1999	63	0.01691	0.01676	0.5	83091	1393	82394	1457293	17.54
1990-1999	64	0.01678	0.01664	0.5	81698	1359	81018	1374899	16.83
1990-1999	65	0.02022	0.02002	0.5	80338	1608	79534	1293881	16.11
1990-1999	66	0.02231	0.02206	0.5	78730	1737	77861	1214347	15.42
1990-1999	67	0.02384	0.02356	0.5	76993	1814	76086	1136486	14.76
1990-1999	68	0.02638	0.02604	0.5	75179	1958	74200	1060400	14.11
1990-1999	69	0.02730	0.02693	0.5	73221	1972	72235	986200	13.47
1990-1999	70	0.03064	0.03018	0.5	71249	2150	70174	913964	12.83
1990-1999	71	0.03401	0.03344	0.5	69099	2310	67944	843790	12.21
1990-1999	72	0.03408	0.03351	0.5	66789	2238	65670	775846	11.62
1990-1999	73	0.03676	0.03610	0.5	64550	2330	63385	710176	11.00
1990-1999	74	0.04481	0.04382	0.5	62220	2727	60857	646791	10.40
1990-1999	75	0.04931	0.04812	0.5	59493	2863	58062	585934	9.85
1990-1999	76	0.04979	0.04858	0.5	56631	2751	55255	527872	9.32
1990-1999	77	0.05883	0.05715	0.5	53879	3079	52340	472617	8.77
1990-1999	78	0.06309	0.06116	0.5	50800	3107	49247	420278	8.27
1990-1999	79	0.07567	0.07291	0.5	47693	3477	45955	371031	7.78
1990-1999	80	0.07620	0.07340	0.5	44216	3245	42593	325076	7.35
1990-1999	81	0.08470	0.08126	0.5	40971	3329	39306	282483	6.89
1990-1999	82	0.09407	0.08984	0.5	37641	3382	35950	243177	6.46
1990-1999	83	0.10434	0.09917	0.5	34259	3398	32561	207227	6.05
1990-1999	84	0.11560	0.10929	0.5	30862	3373	29176	174666	5.66
1990-1999	85	0.12790	0.12021	0.5	27489	3305	25837	145490	5.29
1990-1999	86	0.14130	0.13198	0.5	24185	3192	22589	119654	4.95
1990-1999	87	0.15585	0.14459	0.5	20993	3035	19475	97065	4.62
1990-1999	88	0.17160	0.15804	0.5	17958	2838	16538	77590	4.32
1990-1999	89	0.18859	0.17234	0.5	15119	2606	13817	61051	4.04
1990-1999	90	0.20684	0.18745	0.5	12514	2346	11341	47235	3.77
1990-1999	91	0.22636	0.20335	0.5	10168	2068	9134	35894	3.53
1990-1999	92	0.24715	0.21997	0.5	8100	1782	7209	26759	3.30
1990-1999	93	0.26919	0.23726	0.5	6319	1499	5569	19550	3.09
1990-1999	94	0.29243	0.25512	0.5	4819	1230	4205	13981	2.90
1990-1999	95	0.31680	0.27348	0.5	3590	982	3099	9776	2.72
1990-1999	96	0.34222	0.29222	0.5	2608	762	2227	6677	2.56
1990-1999	97	0.36858	0.31123	0.5	1846	575	1559	4450	2.41
1990-1999	98	0.39575	0.33038	0.5	1271	420	1061	2892	2.27
1990-1999	99	0.42358	0.34955	0.5	851	298	703	1830	2.15
1990-1999	100	0.45191	0.36862	0.5	554	204	452	1128	2.04
1990-1999	101	0.48055	0.38745	0.5	350	135	282	676	1.93
1990-1999	102	0.50931	0.40594	0.5	214	87	171	394	1.84
1990-1999	103	0.53802	0.42397	0.5	127	54	100	223	1.75
1990-1999	104	0.56648	0.44144	0.5	73	32	57	123	1.68
1990-1999	105	0.59450	0.45828	0.5	41	19	32	66	1.61
1990-1999	106	0.62192	0.47440	0.5	22	11	17	34	1.55
1990-1999	107	0.64858	0.48976	0.5	12	6	9	17	1.49
1990-1999	108	0.67435	0.50431	0.5	6	3	4	9	1.45
1990-1999	109	0.69911	0.51803	0.5	3	2	2	4	1.41
1990-1999	110+	0.72275	1.00000	1.38	1	1	2	2	1.38
2000-2009	0	0.00729	0.00724	0.06	100000	724	99323	7640056	76.40
2000-2009	1	0.00054	0.00054	0.5	99276	53	99250	7540734	75.96
2000-2009	2	0.00027	0.00027	0.5	99223	27	99210	7441484	75.00
2000-2009	3	0.00017	0.00017	0.5	99196	17	99188	7342274	74.02
2000-2009	4	0.00018	0.00018	0.5	99179	18	99170	7243087	73.03
2000-2009	5	0.00015	0.00015	0.5	99161	15	99154	7143916	72.04
2000-2009	6	0.00017	0.00017	0.5	99147	17	99138	7044762	71.05
2000-2009	7	0.00025	0.00025	0.5	99129	25	99117	6945624	70.07
2000-2009	8	0.00022	0.00022	0.5	99105	22	99094	6846507	69.08
2000-2009	9	0.00012	0.00012	0.5	99083	12	99077	6747413	68.10
2000-2009	10	0.00009	0.00009	0.5	99071	9	99067	6648336	67.11
2000-2009	11	0.00021	0.00021	0.5	99062	21	99052	6549270	66.11
2000-2009	12	0.00016	0.00016	0.5	99041	15	99034	6450218	65.13
2000-2009	13	0.00022	0.00022	0.5	99026	22	99015	6351185	64.14
2000-2009	14	0.00048	0.00048	0.5	99004	47	98981	6252170	63.15
2000-2009	15	0.00051	0.00051	0.5	98957	51	98932	6153189	62.18
2000-2009	16	0.00072	0.00072	0.5	98906	71	98871	6054257	61.21
2000-2009	17	0.00101	0.00101	0.5	98835	100	98785	5955386	60.26
2000-2009	18	0.00110	0.00110	0.5	98736	109	98681	5856601	59.32
2000-2009	19	0.00091	0.00091	0.5	98627	90	98582	5757920	58.38
2000-2009	20	0.00076	0.00076	0.5	98537	75	98499	5659338	57.43
2000-2009	21	0.00102	0.00102	0.5	98461	100	98411	5560839	56.48
2000-2009	22	0.00091	0.00091	0.5	98361	90	98317	5462428	55.53
2000-2009	23	0.00099	0.00099	0.5	98272	97	98223	5364111	54.58
2000-2009	24	0.00137	0.00137	0.5	98174	135	98107	5265888	53.64
2000-2009	25	0.00129	0.00128	0.5	98040	126	97977	5167781	52.71
2000-2009	26	0.00151	0.00151	0.5	97914	148	97840	5069804	51.78
2000-2009	27	0.00140	0.00140	0.5	97766	137	97697	4971964	50.86
2000-2009	28	0.00119	0.00119	0.5	97629	117	97571	4874267	49.93
2000-2009	29	0.00138	0.00138	0.5	97512	134	97445	4776697	48.99
2000-2009	30	0.00121	0.00121	0.5	97378	118	97319	4679252	48.05
2000-2009	31	0.00137	0.00137	0.5	97260	133	97193	4581933	47.11
2000-2009	32	0.00119	0.00119	0.5	97126	116	97069	4484740	46.17
2000-2009	33	0.00118	0.00118	0.5	97011	114	96954	4387671	45.23
2000-2009	34	0.00115	0.00115	0.5	96897	111	96841	4290717	44.28
2000-2009	35	0.00140	0.00139	0.5	96785	135	96718	4193876	43.33
2000-2009	36	0.00136	0.00136	0.5	96650	131	96585	4097159	42.39
2000-2009	37	0.00149	0.00149	0.5	96519	144	96447	4000574	41.45
2000-2009	38	0.00188	0.00188	0.5	96375	181	96285	3904127	40.51
2000-2009	39	0.00174	0.00174	0.5	96194	168	96110	3807842	39.58
2000-2009	40	0.00210	0.00210	0.5	96027	202	95926	3711731	38.65
2000-2009	41	0.00240	0.00240	0.5	95825	230	95710	3615806	37.73
2000-2009	42	0.00246	0.00246	0.5	95595	235	95477	3520096	36.82
2000-2009	43	0.00269	0.00268	0.5	95360	256	95232	3424618	35.91
2000-2009	44	0.00289	0.00289	0.5	95104	275	94967	3329386	35.01
2000-2009	45	0.00324	0.00323	0.5	94829	306	94676	3234419	34.11
2000-2009	46	0.00305	0.00304	0.5	94523	288	94379	3139743	33.22
2000-2009	47	0.00310	0.00310	0.5	94235	292	94089	3045364	32.32
2000-2009	48	0.00365	0.00365	0.5	93943	343	93772	2951274	31.42
2000-2009	49	0.00417	0.00417	0.5	93601	390	93406	2857502	30.53
2000-2009	50	0.00440	0.00439	0.5	93211	409	93006	2764097	29.65
2000-2009	51	0.00409	0.00408	0.5	92802	379	92612	2671090	28.78
2000-2009	52	0.00491	0.00490	0.5	92423	453	92197	2578478	27.90
2000-2009	53	0.00514	0.00512	0.5	91970	471	91735	2486281	27.03
2000-2009	54	0.00576	0.00574	0.5	91499	525	91237	2394546	26.17
2000-2009	55	0.00606	0.00604	0.5	90974	549	90700	2303309	25.32
2000-2009	56	0.00709	0.00707	0.5	90425	639	90105	2212610	24.47
2000-2009	57	0.00720	0.00717	0.5	89786	644	89464	2122504	23.64
2000-2009	58	0.00750	0.00747	0.5	89142	666	88809	2033041	22.81
2000-2009	59	0.00871	0.00867	0.5	88476	767	88092	1944232	21.97
2000-2009	60	0.01049	0.01043	0.5	87709	915	87251	1856139	21.16
2000-2009	61	0.01103	0.01097	0.5	86794	952	86318	1768888	20.38
2000-2009	62	0.01200	0.01193	0.5	85842	1024	85330	1682571	19.60
2000-2009	63	0.01244	0.01237	0.5	84818	1049	84293	1597241	18.83
2000-2009	64	0.01460	0.01450	0.5	83769	1215	83161	1512948	18.06
2000-2009	65	0.01534	0.01523	0.5	82554	1257	81926	1429786	17.32
2000-2009	66	0.01659	0.01646	0.5	81297	1338	80628	1347861	16.58
2000-2009	67	0.01959	0.01940	0.5	79959	1551	79184	1267232	15.85
2000-2009	68	0.02210	0.02186	0.5	78408	1714	77551	1188048	15.15
2000-2009	69	0.02335	0.02308	0.5	76694	1770	75809	1110497	14.48
2000-2009	70	0.02456	0.02426	0.5	74924	1818	74016	1034688	13.81
2000-2009	71	0.02555	0.02523	0.5	73107	1844	72185	960673	13.14
2000-2009	72	0.03113	0.03066	0.5	71262	2185	70170	888488	12.47
2000-2009	73	0.03475	0.03416	0.5	69078	2360	67898	818318	11.85
2000-2009	74	0.03826	0.03755	0.5	66718	2505	65466	750420	11.25
2000-2009	75	0.03919	0.03843	0.5	64213	2468	62979	684954	10.67
2000-2009	76	0.04086	0.04004	0.5	61745	2472	60509	621975	10.07
2000-2009	77	0.04749	0.04639	0.5	59273	2750	57898	561466	9.47
2000-2009	78	0.05343	0.05204	0.5	56523	2941	55053	503568	8.91
2000-2009	79	0.05801	0.05637	0.5	53582	3021	52072	448515	8.37
2000-2009	80	0.06470	0.06267	0.5	50561	3169	48977	396444	7.84
2000-2009	81	0.07276	0.07021	0.5	47392	3327	45729	347467	7.33
2000-2009	82	0.08174	0.07853	0.5	44065	3460	42335	301738	6.85
2000-2009	83	0.09171	0.08769	0.5	40605	3561	38824	259403	6.39
2000-2009	84	0.10277	0.09775	0.5	37044	3621	35233	220579	5.95
2000-2009	85	0.11499	0.10874	0.5	33423	3634	31606	185346	5.55
2000-2009	86	0.12845	0.12070	0.5	29789	3595	27991	153740	5.16
2000-2009	87	0.14324	0.13366	0.5	26193	3501	24443	125749	4.80
2000-2009	88	0.15941	0.14764	0.5	22692	3350	21017	101306	4.46
2000-2009	89	0.17704	0.16264	0.5	19342	3146	17769	80289	4.15
2000-2009	90	0.19616	0.17864	0.5	16196	2893	14749	62520	3.86
2000-2009	91	0.21680	0.19559	0.5	13303	2602	12002	47771	3.59
2000-2009	92	0.23896	0.21346	0.5	10701	2284	9559	35769	3.34
2000-2009	93	0.26264	0.23215	0.5	8417	1954	7440	26210	3.11
2000-2009	94	0.28777	0.25157	0.5	6463	1626	5650	18770	2.90
2000-2009	95	0.31428	0.27160	0.5	4837	1314	4180	13120	2.71
2000-2009	96	0.34206	0.29210	0.5	3523	1029	3009	8940	2.54
2000-2009	97	0.37096	0.31292	0.5	2494	780	2104	5932	2.38
2000-2009	98	0.40082	0.33391	0.5	1714	572	1428	3828	2.23
2000-2009	99	0.43144	0.35489	0.5	1141	405	939	2400	2.10
2000-2009	100	0.46259	0.37569	0.5	736	277	598	1461	1.98
2000-2009	101	0.49404	0.39617	0.5	460	182	369	863	1.88
2000-2009	102	0.52553	0.41617	0.5	278	116	220	495	1.78
2000-2009	103	0.55682	0.43556	0.5	162	71	127	275	1.70
2000-2009	104	0.58766	0.45420	0.5	91	42	71	148	1.62
2000-2009	105	0.61784	0.47202	0.5	50	24	38	77	1.55
2000-2009	106	0.64713	0.48893	0.5	26	13	20	39	1.49
2000-2009	107	0.67535	0.50487	0.5	13	7	10	19	1.44
2000-2009	108	0.70236	0.51981	0.5	7	3	5	9	1.39
2000-2009	109	0.72802	0.53374	0.5	3	2	2	4	1.35
2000-2009	110+	0.75225	1.00000	1.33	1	1	2	2	1.33
2010-2019	0	0.00674	0.00670	0.06	100000	670	99372	7695311	76.95
2010-2019	1	0.00040	0.00040	0.5	99330	40	99310	7595938	76.47
2010-2019	2	0.00025	0.00025	0.5	99290	25	99278	7496628	75.50
2010-2019	3	0.00014	0.00014	0.5	99266	13	99259	7397350	74.52
2010-2019	4	0.00026	0.00026	0.5	99252	25	99239	7298091	73.53
2010-2019	5	0.00016	0.00016	0.5	99227	16	99219	7198852	72.55
2010-2019	6	0.00020	0.00020	0.5	99211	20	99201	7099633	71.56
2010-2019	7	0.00006	0.00006	0.5	99191	6	99188	7000432	70.58
2010-2019	8	0.00021	0.00021	0.5	99184	21	99174	6901245	69.58
2010-2019	9	0.00019	0.00019	0.5	99164	19	99154	6802071	68.59
2010-2019	10	0.00015	0.00015	0.5	99144	15	99137	6702917	67.61
2010-2019	11	0.00011	0.00011	0.5	99129	11	99124	6603780	66.62
2010-2019	12	0.00018	0.00018	0.5	99118	18	99110	6504656	65.63
2010-2019	13	0.00023	0.00023	0.5	99101	22	99090	6405546	64.64
2010-2019	14	0.00014	0.00014	0.5	99078	14	99072	6306457	63.65
2010-2019	15	0.00053	0.00053	0.5	99065	52	99039	6207385	62.66
2010-2019	16	0.00073	0.00073	0.5	99013	72	98976	6108346	61.69
2010-2019	17	0.00093	0.00092	0.5	98940	91	98895	6009370	60.74
2010-2019	18	0.00094	0.00094	0.5	98849	93	98803	5910475	59.79
2010-2019	19	0.00097	0.00097	0.5	98756	96	98708	5811672	58.85
2010-2019	20	0.00100	0.00100	0.5	98661	99	98611	5712964	57.91
2010-2019	21	0.00116	0.00116	0.5	98562	114	98505	5614353	56.96
2010-2019	22	0.00110	0.00110	0.5	98447	108	98393	5515848	56.03
2010-2019	23	0.00132	0.00132	0.5	98339	130	98274	5417455	55.09
2010-2019	24	0.00142	0.00141	0.5	98209	139	98140	5319180	54.16
2010-2019	25	0.00107	0.00107	0.5	98071	105	98018	5221040	53.24
2010-2019	26	0.00128	0.00128	0.5	97966	125	97903	5123022	52.29
2010-2019	27	0.00122	0.00122	0.5	97840	119	97781	5025119	51.36
2010-2019	28	0.00159	0.00159	0.5	97721	155	97644	4927338	50.42
2010-2019	29	0.00150	0.00150	0.5	97566	146	97493	4829694	49.50
2010-2019	30	0.00178	0.00178	0.5	97420	173	97333	4732201	48.58
2010-2019	31	0.00164	0.00163	0.5	97246	159	97167	4634868	47.66
2010-2019	32	0.00176	0.00176	0.5	97088	171	97002	4537701	46.74
2010-2019	33	0.00200	0.00199	0.5	96917	193	96820	4440699	45.82
2010-2019	34	0.00176	0.00176	0.5	96724	170	96639	4343879	44.91
2010-2019	35	0.00173	0.00173	0.5	96554	167	96470	4247240	43.99
2010-2019	36	0.00177	0.00177	0.5	96386	171	96301	4150770	43.06
2010-2019	37	0.00229	0.00229	0.5	96216	220	96106	4054469	42.14
2010-2019	38	0.00228	0.00228	0.5	95995	218	95886	3958364	41.23
2010-2019	39	0.00191	0.00191	0.5	95777	183	95685	3862478	40.33
2010-2019	40	0.00252	0.00252	0.5	95594	241	95474	3766792	39.40
2010-2019	41	0.00249	0.00249	0.5	95353	238	95235	3671318	38.50
2010-2019	42	0.00233	0.00233	0.5	95116	221	95005	3576084	37.60
2010-2019	43	0.00316	0.00315	0.5	94894	299	94745	3481079	36.68
2010-2019	44	0.00300	0.00299	0.5	94595	283	94454	3386334	35.80
2010-2019	45	0.00304	0.00303	0.5	94312	286	94169	3291880	34.90
2010-2019	46	0.00296	0.00295	0.5	94026	278	93887	3197711	34.01
2010-2019	47	0.00412	0.00411	0.5	93748	386	93555	3103824	33.11
2010-2019	48	0.00410	0.00409	0.5	93363	382	93172	3010269	32.24
2010-2019	49	0.00441	0.00440	0.5	92981	409	92776	2917097	31.37
2010-2019	50	0.00472	0.00471	0.5	92572	436	92354	2824321	30.51
2010-2019	51	0.00451	0.00450	0.5	92136	415	91928	2731967	29.65
2010-2019	52	0.00549	0.00548	0.5	91721	502	91470	2640038	28.78
2010-2019	53	0.00569	0.00567	0.5	91219	517	90960	2548568	27.94
2010-2019	54	0.00643	0.00641	0.5	90702	582	90411	2457608	27.10
2010-2019	55	0.00683	0.00680	0.5	90120	613	89813	2367197	26.27
2010-2019	56	0.00750	0.00748	0.5	89507	669	89172	2277384	25.44
2010-2019	57	0.00784	0.00781	0.5	88838	693	88491	2188212	24.63
2010-2019	58	0.00835	0.00831	0.5	88144	733	87778	2099721	23.82
2010-2019	59	0.00927	0.00923	0.5	87412	807	87008	2011943	23.02
2010-2019	60	0.00942	0.00938	0.5	86605	812	86199	1924935	22.23
2010-2019	61	0.01004	0.00999	0.5	85792	857	85364	1838736	21.43
2010-2019	62	0.01152	0.01146	0.5	84935	973	84449	1753372	20.64
2010-2019	63	0.01240	0.01232	0.5	83962	1034	83445	1668923	19.88
2010-2019	64	0.01328	0.01319	0.5	82928	1094	82381	1585478	19.12
2010-2019	65	0.01392	0.01383	0.5	81834	1131	81268	1503098	18.37
2010-2019	66	0.01500	0.01489	0.5	80703	1201	80102	1421829	17.62
2010-2019	67	0.01719	0.01704	0.5	79501	1355	78824	1341727	16.88
2010-2019	68	0.01823	0.01806	0.5	78147	1412	77441	1262903	16.16
2010-2019	69	0.02042	0.02022	0.5	76735	1551	75959	1185463	15.45
2010-2019	70	0.02257	0.02232	0.5	75184	1678	74345	1109503	14.76
2010-2019	71	0.02166	0.02143	0.5	73506	1575	72718	1035158	14.08
2010-2019	72	0.02543	0.02511	0.5	71931	1806	71028	962440	13.38
2010-2019	73	0.02973	0.02930	0.5	70125	2054	69097	891412	12.71
2010-2019	74	0.03182	0.03132	0.5	68070	2132	67004	822315	12.08
2010-2019	75	0.03481	0.03421	0.5	65938	2256	64810	755311	11.45
2010-2019	76	0.03725	0.03657	0.5	63682	2329	62518	690501	10.84
2010-2019	77	0.04108	0.04026	0.5	61353	2470	60119	627983	10.24
2010-2019	78	0.04691	0.04583	0.5	58884	2699	57534	567864	9.64
2010-2019	79	0.05214	0.05081	0.5	56185	2855	54757	510330	9.08
2010-2019	80	0.05291	0.05155	0.5	53330	2749	51955	455573	8.54
2010-2019	81	0.06007	0.05832	0.5	50581	2950	49106	403618	7.98
2010-2019	82	0.06813	0.06589	0.5	47631	3138	46062	354512	7.44
2010-2019	83	0.07719	0.07432	0.5	44492	3307	42839	308450	6.93
2010-2019	84	0.08733	0.08368	0.5	41186	3446	39463	265611	6.45
2010-2019	85	0.09866	0.09402	0.5	37740	3548	35965	226149	5.99
2010-2019	86	0.11129	0.10542	0.5	34191	3604	32389	190183	5.56
2010-2019	87	0.12530	0.11791	0.5	30587	3607	28783	157794	5.16
2010-2019	88	0.14080	0.13154	0.5	26980	3549	25206	129011	4.78
2010-2019	89	0.15787	0.14632	0.5	23431	3429	21717	103806	4.43
2010-2019	90	0.17659	0.16226	0.5	20003	3246	18380	82089	4.10
2010-2019	91	0.19701	0.17934	0.5	16757	3005	15254	63709	3.80
2010-2019	92	0.21915	0.19751	0.5	13752	2716	12394	48455	3.52
2010-2019	93	0.24304	0.21671	0.5	11036	2391	9840	36061	3.27
2010-2019	94	0.26863	0.23682	0.5	8644	2047	7621	26221	3.03
2010-2019	95	0.29587	0.25774	0.5	6597	1700	5747	18601	2.82
2010-2019	96	0.32464	0.27930	0.5	4897	1368	4213	12854	2.63
2010-2019	97	0.35479	0.30134	0.5	3529	1063	2997	8641	2.45
2010-2019	98	0.38615	0.32366	0.5	2466	798	2067	5644	2.29
2010-2019	99	0.41848	0.34607	0.5	1668	577	1379	3577	2.15
2010-2019	100	0.45153	0.36836	0.5	1090	402	890	2198	2.02
2010-2019	101	0.48501	0.39035	0.5	689	269	554	1309	1.90
2010-2019	102	0.51862	0.41183	0.5	420	173	333	754	1.80
2010-2019	103	0.55207	0.43264	0.5	247	107	194	421	1.70
2010-2019	104	0.58505	0.45264	0.5	140	63	108	227	1.62
2010-2019	105	0.61729	0.47170	0.5	77	36	59	119	1.55
2010-2019	106	0.64853	0.48973	0.5	41	20	31	60	1.48
2010-2019	107	0.67854	0.50665	0.5	21	10	15	30	1.43
2010-2019	108	0.70715	0.52243	0.5	10	5	8	14	1.38
2010-2019	109	0.73421	0.53706	0.5	5	3	4	7	1.34
2010-2019	110+	0.75962	1.00000	1.32	2	2	3	3	1.32
2020-2022	0	0.00510	0.00508	0.06	100000	508	99522	7507393	75.07
2020-2022	1	0.00039	0.00039	0.5	99492	39	99473	7407871	74.46
2020-2022	2	0.00031	0.00031	0.5	99454	31	99438	7308398	73.49
2020-2022	3	0.00043	0.00043	0.5	99423	43	99401	7208959	72.51
2020-2022	4	0.00018	0.00018	0.5	99380	18	99371	7109558	71.54
2020-2022	5	0.00012	0.00012	0.5	99362	12	99356	7010188	70.55
2020-2022	6	0.00012	0.00012	0.5	99350	12	99344	6910832	69.56
2020-2022	7	0.00031	0.00031	0.5	99338	31	99322	6811489	68.57
2020-2022	8	0.00006	0.00006	0.5	99307	6	99304	6712166	67.59
2020-2022	9	0.00019	0.00019	0.5	99301	19	99291	6612863	66.59
2020-2022	10	0.00006	0.00006	0.5	99282	6	99279	6513571	65.61
2020-2022	11	0.00013	0.00013	0.5	99275	13	99269	6414293	64.61
2020-2022	12	0.00006	0.00006	0.5	99263	6	99259	6315024	63.62
2020-2022	13	0.00025	0.00025	0.5	99256	25	99244	6215764	62.62
2020-2022	14	0.00051	0.00051	0.5	99231	51	99206	6116521	61.64
2020-2022	15	0.00124	0.00124	0.5	99180	123	99119	6017315	60.67
2020-2022	16	0.00054	0.00054	0.5	99057	53	99031	5918196	59.75
2020-2022	17	0.00062	0.00062	0.5	99004	61	98974	5819165	58.78
2020-2022	18	0.00127	0.00126	0.5	98943	125	98880	5720192	57.81
2020-2022	19	0.00090	0.00090	0.5	98818	89	98774	5621311	56.89
2020-2022	20	0.00131	0.00131	0.5	98729	130	98664	5522538	55.94
2020-2022	21	0.00129	0.00129	0.5	98600	127	98536	5423873	55.01
2020-2022	22	0.00119	0.00119	0.5	98473	117	98414	5325337	54.08
2020-2022	23	0.00148	0.00148	0.5	98356	145	98283	5226923	53.14
2020-2022	24	0.00197	0.00197	0.5	98211	193	98114	5128640	52.22
2020-2022	25	0.00199	0.00198	0.5	98017	195	97920	5030526	51.32
2020-2022	26	0.00223	0.00223	0.5	97823	218	97714	4932606	50.42
2020-2022	27	0.00199	0.00199	0.5	97605	194	97508	4834892	49.54
2020-2022	28	0.00184	0.00184	0.5	97411	179	97321	4737384	48.63
2020-2022	29	0.00257	0.00256	0.5	97231	249	97107	4640063	47.72
2020-2022	30	0.00234	0.00233	0.5	96982	226	96869	4542956	46.84
2020-2022	31	0.00247	0.00247	0.5	96756	239	96636	4446087	45.95
2020-2022	32	0.00248	0.00248	0.5	96517	240	96397	4349450	45.06
2020-2022	33	0.00246	0.00245	0.5	96277	236	96159	4253053	44.17
2020-2022	34	0.00275	0.00275	0.5	96041	264	95909	4156894	43.28
2020-2022	35	0.00242	0.00242	0.5	95777	231	95662	4060985	42.40
2020-2022	36	0.00266	0.00265	0.5	95546	254	95419	3965323	41.50
2020-2022	37	0.00322	0.00321	0.5	95292	306	95139	3869904	40.61
2020-2022	38	0.00315	0.00315	0.5	94986	299	94837	3774764	39.74
2020-2022	39	0.00353	0.00353	0.5	94688	334	94521	3679927	38.86
2020-2022	40	0.00362	0.00361	0.5	94354	341	94183	3585407	38.00
2020-2022	41	0.00303	0.00302	0.5	94013	284	93871	3491224	37.14
2020-2022	42	0.00309	0.00309	0.5	93728	289	93584	3397353	36.25
2020-2022	43	0.00448	0.00447	0.5	93439	418	93230	3303769	35.36
2020-2022	44	0.00416	0.00415	0.5	93022	386	92829	3210539	34.51
2020-2022	45	0.00448	0.00447	0.5	92636	414	92429	3117710	33.66
2020-2022	46	0.00508	0.00507	0.5	92222	467	91988	3025282	32.80
2020-2022	47	0.00545	0.00543	0.5	91754	498	91505	2933294	31.97
2020-2022	48	0.00553	0.00552	0.5	91256	503	91004	2841789	31.14
2020-2022	49	0.00518	0.00517	0.5	90753	469	90518	2750784	30.31
2020-2022	50	0.00585	0.00583	0.5	90283	526	90020	2660266	29.47
2020-2022	51	0.00543	0.00542	0.5	89757	486	89514	2570246	28.64
2020-2022	52	0.00575	0.00573	0.5	89271	512	89015	2480732	27.79
2020-2022	53	0.00651	0.00649	0.5	88759	576	88471	2391717	26.95
2020-2022	54	0.00716	0.00713	0.5	88183	629	87868	2303247	26.12
2020-2022	55	0.00904	0.00900	0.5	87554	788	87160	2215378	25.30
2020-2022	56	0.01065	0.01060	0.5	86766	919	86306	2128218	24.53
2020-2022	57	0.00888	0.00884	0.5	85846	759	85467	2041912	23.79
2020-2022	58	0.00995	0.00990	0.5	85087	842	84666	1956446	22.99
2020-2022	59	0.01048	0.01042	0.5	84245	878	83806	1871779	22.22
2020-2022	60	0.01207	0.01200	0.5	83367	1000	82867	1787973	21.45
2020-2022	61	0.01237	0.01230	0.5	82367	1013	81861	1705106	20.70
2020-2022	62	0.01496	0.01485	0.5	81354	1208	80750	1623245	19.95
2020-2022	63	0.01298	0.01289	0.5	80146	1033	79630	1542495	19.25
2020-2022	64	0.01355	0.01346	0.5	79113	1065	78580	1462865	18.49
2020-2022	65	0.01660	0.01646	0.5	78048	1285	77405	1384285	17.74
2020-2022	66	0.01775	0.01760	0.5	76763	1351	76088	1306879	17.02
2020-2022	67	0.01466	0.01455	0.5	75412	1097	74864	1230792	16.32
2020-2022	68	0.02351	0.02324	0.5	74315	1727	73451	1155928	15.55
2020-2022	69	0.02339	0.02312	0.5	72588	1678	71749	1082477	14.91
2020-2022	70	0.02332	0.02306	0.5	70910	1635	70093	1010728	14.25
2020-2022	71	0.02500	0.02469	0.5	69275	1710	68420	940635	13.58
2020-2022	72	0.02559	0.02527	0.5	67565	1707	66711	872215	12.91
2020-2022	73	0.02997	0.02953	0.5	65858	1944	64886	805504	12.23
2020-2022	74	0.03385	0.03329	0.5	63913	2127	62850	740618	11.59
2020-2022	75	0.03987	0.03909	0.5	61786	2415	60578	677768	10.97
2020-2022	76	0.03803	0.03732	0.5	59371	2216	58263	617190	10.40
2020-2022	77	0.04955	0.04835	0.5	57155	2764	55773	558927	9.78
2020-2022	78	0.04862	0.04747	0.5	54391	2582	53100	503154	9.25
2020-2022	79	0.05833	0.05667	0.5	51809	2936	50341	450054	8.69
2020-2022	80	0.05702	0.05543	0.5	48873	2709	47519	399712	8.18
2020-2022	81	0.06477	0.06274	0.5	46164	2896	44716	352194	7.63
2020-2022	82	0.07350	0.07090	0.5	43268	3068	41734	307478	7.11
2020-2022	83	0.08331	0.07997	0.5	40200	3215	38593	265744	6.61
2020-2022	84	0.09428	0.09004	0.5	36985	3330	35320	227151	6.14
2020-2022	85	0.10654	0.10115	0.5	33655	3404	31953	191831	5.70
2020-2022	86	0.12017	0.11336	0.5	30251	3429	28536	159878	5.29
2020-2022	87	0.13529	0.12672	0.5	26822	3399	25122	131342	4.90
2020-2022	88	0.15198	0.14125	0.5	23423	3308	21769	106220	4.53
2020-2022	89	0.17033	0.15696	0.5	20114	3157	18536	84451	4.20
2020-2022	90	0.19039	0.17384	0.5	16957	2948	15483	65916	3.89
2020-2022	91	0.21221	0.19185	0.5	14009	2688	12666	50432	3.60
2020-2022	92	0.23580	0.21093	0.5	11322	2388	10128	37767	3.34
2020-2022	93	0.26115	0.23099	0.5	8934	2064	7902	27639	3.09
2020-2022	94	0.28819	0.25189	0.5	6870	1731	6005	19737	2.87
2020-2022	95	0.31683	0.27350	0.5	5140	1406	4437	13733	2.67
2020-2022	96	0.34693	0.29565	0.5	3734	1104	3182	9296	2.49
2020-2022	97	0.37831	0.31813	0.5	2630	837	2212	6114	2.32
2020-2022	98	0.41074	0.34076	0.5	1793	611	1488	3902	2.18
2020-2022	99	0.44397	0.36332	0.5	1182	430	967	2415	2.04
2020-2022	100	0.47770	0.38560	0.5	753	290	608	1447	1.92
2020-2022	101	0.51164	0.40742	0.5	462	188	368	840	1.82
2020-2022	102	0.54547	0.42858	0.5	274	117	215	471	1.72
2020-2022	103	0.57889	0.44894	0.5	157	70	121	256	1.63
2020-2022	104	0.61160	0.46837	0.5	86	40	66	135	1.56
2020-2022	105	0.64333	0.48676	0.5	46	22	35	68	1.49
2020-2022	106	0.67386	0.50403	0.5	24	12	18	34	1.43
2020-2022	107	0.70298	0.52015	0.5	12	6	9	16	1.38
2020-2022	108	0.73053	0.53509	0.5	6	3	4	8	1.34
2020-2022	109	0.75642	0.54884	0.5	3	1	2	3	1.30
2020-2022	110+	0.78057	1.00000	1.28	1	1	2	2	1.28
