KS: KS, Lifetables (period 1x10), Females Last modified: February 4 2025, MPv5 (May07) 

Year     	Age	mx	qx	ax	lx	dx	Lx	Tx	ex
1941-1949	0	0.02815	0.02748	0.13	100000	2748	97614	7138993	71.39
1941-1949	1	0.00303	0.00303	0.5	97252	295	97105	7041378	72.40
1941-1949	2	0.00146	0.00146	0.5	96957	141	96887	6944274	71.62
1941-1949	3	0.00102	0.00102	0.5	96816	99	96767	6847387	70.73
1941-1949	4	0.00089	0.00089	0.5	96717	86	96674	6750620	69.80
1941-1949	5	0.00078	0.00078	0.5	96631	75	96594	6653946	68.86
1941-1949	6	0.00071	0.00071	0.5	96556	68	96522	6557352	67.91
1941-1949	7	0.00065	0.00065	0.5	96488	62	96457	6460830	66.96
1941-1949	8	0.00060	0.00060	0.5	96426	58	96397	6364373	66.00
1941-1949	9	0.00057	0.00057	0.5	96368	55	96340	6267976	65.04
1941-1949	10	0.00055	0.00055	0.5	96313	53	96287	6171636	64.08
1941-1949	11	0.00055	0.00055	0.5	96260	53	96234	6075349	63.11
1941-1949	12	0.00059	0.00059	0.5	96207	56	96179	5979116	62.15
1941-1949	13	0.00064	0.00064	0.5	96151	62	96120	5882937	61.18
1941-1949	14	0.00072	0.00072	0.5	96089	69	96054	5786817	60.22
1941-1949	15	0.00082	0.00082	0.5	96019	79	95980	5690763	59.27
1941-1949	16	0.00090	0.00090	0.5	95941	86	95898	5594783	58.31
1941-1949	17	0.00096	0.00096	0.5	95855	92	95809	5498885	57.37
1941-1949	18	0.00101	0.00101	0.5	95763	97	95714	5403076	56.42
1941-1949	19	0.00104	0.00104	0.5	95666	99	95616	5307362	55.48
1941-1949	20	0.00106	0.00106	0.5	95566	101	95516	5211746	54.54
1941-1949	21	0.00109	0.00109	0.5	95465	104	95413	5116230	53.59
1941-1949	22	0.00112	0.00112	0.5	95361	107	95308	5020817	52.65
1941-1949	23	0.00116	0.00116	0.5	95255	111	95199	4925509	51.71
1941-1949	24	0.00121	0.00121	0.5	95144	115	95086	4830310	50.77
1941-1949	25	0.00127	0.00127	0.5	95028	120	94968	4735224	49.83
1941-1949	26	0.00132	0.00132	0.5	94908	125	94845	4640255	48.89
1941-1949	27	0.00137	0.00137	0.5	94783	130	94717	4545410	47.96
1941-1949	28	0.00143	0.00143	0.5	94652	135	94585	4450693	47.02
1941-1949	29	0.00148	0.00147	0.5	94517	139	94448	4356108	46.09
1941-1949	30	0.00152	0.00152	0.5	94378	143	94306	4261660	45.16
1941-1949	31	0.00158	0.00158	0.5	94235	149	94160	4167353	44.22
1941-1949	32	0.00166	0.00166	0.5	94086	156	94008	4073193	43.29
1941-1949	33	0.00176	0.00176	0.5	93930	165	93848	3979185	42.36
1941-1949	34	0.00189	0.00189	0.5	93765	177	93676	3885337	41.44
1941-1949	35	0.00205	0.00205	0.5	93587	192	93491	3791661	40.51
1941-1949	36	0.00221	0.00221	0.5	93396	206	93292	3698170	39.60
1941-1949	37	0.00237	0.00237	0.5	93189	221	93079	3604877	38.68
1941-1949	38	0.00254	0.00253	0.5	92968	236	92851	3511799	37.77
1941-1949	39	0.00270	0.00270	0.5	92733	250	92608	3418948	36.87
1941-1949	40	0.00287	0.00286	0.5	92482	265	92350	3326340	35.97
1941-1949	41	0.00304	0.00303	0.5	92218	280	92078	3233990	35.07
1941-1949	42	0.00325	0.00325	0.5	91938	298	91789	3141912	34.17
1941-1949	43	0.00349	0.00349	0.5	91640	320	91480	3050123	33.28
1941-1949	44	0.00373	0.00373	0.5	91320	340	91150	2958644	32.40
1941-1949	45	0.00400	0.00400	0.5	90980	364	90798	2867494	31.52
1941-1949	46	0.00429	0.00428	0.5	90616	388	90422	2776696	30.64
1941-1949	47	0.00460	0.00459	0.5	90228	414	90021	2686273	29.77
1941-1949	48	0.00493	0.00492	0.5	89814	442	89593	2596252	28.91
1941-1949	49	0.00529	0.00528	0.5	89372	471	89136	2506660	28.05
1941-1949	50	0.00570	0.00569	0.5	88901	505	88648	2417523	27.19
1941-1949	51	0.00611	0.00609	0.5	88395	539	88126	2328875	26.35
1941-1949	52	0.00658	0.00656	0.5	87856	576	87568	2240750	25.50
1941-1949	53	0.00713	0.00711	0.5	87280	620	86970	2153181	24.67
1941-1949	54	0.00773	0.00770	0.5	86660	668	86326	2066211	23.84
1941-1949	55	0.00841	0.00837	0.5	85993	720	85633	1979885	23.02
1941-1949	56	0.00911	0.00907	0.5	85272	774	84886	1894252	22.21
1941-1949	57	0.00988	0.00984	0.5	84499	831	84083	1809367	21.41
1941-1949	58	0.01074	0.01068	0.5	83668	894	83221	1725283	20.62
1941-1949	59	0.01161	0.01154	0.5	82774	955	82296	1642062	19.84
1941-1949	60	0.01253	0.01245	0.5	81819	1019	81309	1559766	19.06
1941-1949	61	0.01355	0.01346	0.5	80800	1087	80256	1478457	18.30
1941-1949	62	0.01476	0.01466	0.5	79713	1168	79128	1398200	17.54
1941-1949	63	0.01622	0.01609	0.5	78544	1264	77913	1319072	16.79
1941-1949	64	0.01777	0.01761	0.5	77281	1361	76600	1241159	16.06
1941-1949	65	0.01958	0.01939	0.5	75920	1472	75184	1164559	15.34
1941-1949	66	0.02161	0.02138	0.5	74448	1592	73652	1089375	14.63
1941-1949	67	0.02396	0.02368	0.5	72856	1725	71994	1015723	13.94
1941-1949	68	0.02677	0.02642	0.5	71131	1879	70192	943729	13.27
1941-1949	69	0.02979	0.02935	0.5	69252	2033	68235	873538	12.61
1941-1949	70	0.03313	0.03259	0.5	67219	2190	66124	805302	11.98
1941-1949	71	0.03653	0.03587	0.5	65029	2333	63862	739179	11.37
1941-1949	72	0.04036	0.03956	0.5	62696	2480	61456	675316	10.77
1941-1949	73	0.04490	0.04391	0.5	60216	2644	58893	613861	10.19
1941-1949	74	0.04981	0.04860	0.5	57571	2798	56173	554967	9.64
1941-1949	75	0.05551	0.05401	0.5	54774	2958	53295	498795	9.11
1941-1949	76	0.06151	0.05968	0.5	51815	3092	50269	445500	8.60
1941-1949	77	0.06776	0.06554	0.5	48723	3193	47127	395231	8.11
1941-1949	78	0.07507	0.07235	0.5	45530	3294	43883	348104	7.65
1941-1949	79	0.08291	0.07961	0.5	42236	3362	40554	304222	7.20
1941-1949	80	0.08968	0.08583	0.5	38873	3337	37205	263667	6.78
1941-1949	81	0.09898	0.09431	0.5	35537	3352	33861	226462	6.37
1941-1949	82	0.10902	0.10339	0.5	32185	3328	30521	192602	5.98
1941-1949	83	0.11999	0.11319	0.5	28857	3267	27224	162080	5.62
1941-1949	84	0.13206	0.12388	0.5	25591	3170	24006	134856	5.27
1941-1949	85	0.14548	0.13561	0.5	22421	3041	20901	110850	4.94
1941-1949	86	0.16055	0.14862	0.5	19380	2880	17940	89950	4.64
1941-1949	87	0.17759	0.16311	0.5	16500	2691	15154	72010	4.36
1941-1949	88	0.18804	0.17188	0.5	13809	2373	12622	56855	4.12
1941-1949	89	0.20452	0.18554	0.5	11435	2122	10374	44233	3.87
1941-1949	90	0.22204	0.19986	0.5	9314	1861	8383	33859	3.64
1941-1949	91	0.24062	0.21478	0.5	7452	1601	6652	25476	3.42
1941-1949	92	0.26023	0.23027	0.5	5852	1347	5178	18824	3.22
1941-1949	93	0.28085	0.24627	0.5	4504	1109	3950	13646	3.03
1941-1949	94	0.30243	0.26271	0.5	3395	892	2949	9697	2.86
1941-1949	95	0.32493	0.27952	0.5	2503	700	2153	6748	2.70
1941-1949	96	0.34826	0.29661	0.5	1803	535	1536	4594	2.55
1941-1949	97	0.37234	0.31390	0.5	1269	398	1069	3058	2.41
1941-1949	98	0.39707	0.33130	0.5	870	288	726	1989	2.29
1941-1949	99	0.42234	0.34871	0.5	582	203	481	1263	2.17
1941-1949	100	0.44803	0.36603	0.5	379	139	310	782	2.06
1941-1949	101	0.47399	0.38318	0.5	240	92	194	473	1.97
1941-1949	102	0.50009	0.40006	0.5	148	59	119	278	1.88
1941-1949	103	0.52620	0.41659	0.5	89	37	70	160	1.80
1941-1949	104	0.55216	0.43270	0.5	52	22	41	89	1.72
1941-1949	105	0.57784	0.44831	0.5	29	13	23	49	1.66
1941-1949	106	0.60311	0.46338	0.5	16	8	12	26	1.60
1941-1949	107	0.62784	0.47784	0.5	9	4	7	13	1.54
1941-1949	108	0.65191	0.49166	0.5	5	2	3	7	1.49
1941-1949	109	0.67524	0.50481	0.5	2	1	2	3	1.46
1941-1949	110+	0.69773	1.00000	1.43	1	1	2	2	1.43
1950-1959	0	0.02129	0.02090	0.11	100000	2090	98145	7459504	74.60
1950-1959	1	0.00168	0.00168	0.5	97910	164	97828	7361359	75.18
1950-1959	2	0.00093	0.00093	0.5	97746	91	97700	7263531	74.31
1950-1959	3	0.00067	0.00067	0.5	97654	65	97622	7165831	73.38
1950-1959	4	0.00065	0.00065	0.5	97589	63	97557	7068209	72.43
1950-1959	5	0.00059	0.00059	0.5	97526	58	97497	6970652	71.47
1950-1959	6	0.00049	0.00049	0.5	97468	48	97444	6873154	70.52
1950-1959	7	0.00040	0.00040	0.5	97420	39	97401	6775710	69.55
1950-1959	8	0.00034	0.00034	0.5	97381	33	97365	6678309	68.58
1950-1959	9	0.00033	0.00033	0.5	97348	32	97332	6580944	67.60
1950-1959	10	0.00033	0.00033	0.5	97316	32	97300	6483612	66.62
1950-1959	11	0.00038	0.00038	0.5	97284	37	97266	6386312	65.65
1950-1959	12	0.00039	0.00039	0.5	97247	38	97228	6289046	64.67
1950-1959	13	0.00042	0.00042	0.5	97209	41	97189	6191818	63.70
1950-1959	14	0.00048	0.00048	0.5	97168	46	97145	6094629	62.72
1950-1959	15	0.00053	0.00053	0.5	97122	52	97096	5997484	61.75
1950-1959	16	0.00061	0.00061	0.5	97070	59	97040	5900388	60.78
1950-1959	17	0.00063	0.00063	0.5	97011	61	96981	5803348	59.82
1950-1959	18	0.00070	0.00070	0.5	96950	68	96916	5706368	58.86
1950-1959	19	0.00073	0.00073	0.5	96882	70	96847	5609451	57.90
1950-1959	20	0.00077	0.00077	0.5	96812	74	96775	5512604	56.94
1950-1959	21	0.00081	0.00081	0.5	96738	78	96699	5415829	55.98
1950-1959	22	0.00085	0.00085	0.5	96659	82	96618	5319131	55.03
1950-1959	23	0.00088	0.00088	0.5	96577	85	96535	5222513	54.08
1950-1959	24	0.00088	0.00087	0.5	96492	84	96450	5125978	53.12
1950-1959	25	0.00090	0.00090	0.5	96408	86	96365	5029528	52.17
1950-1959	26	0.00089	0.00089	0.5	96322	86	96278	4933163	51.22
1950-1959	27	0.00091	0.00091	0.5	96235	87	96192	4836885	50.26
1950-1959	28	0.00092	0.00092	0.5	96148	88	96104	4740693	49.31
1950-1959	29	0.00098	0.00098	0.5	96060	94	96013	4644589	48.35
1950-1959	30	0.00098	0.00098	0.5	95966	94	95919	4548576	47.40
1950-1959	31	0.00106	0.00105	0.5	95873	101	95822	4452656	46.44
1950-1959	32	0.00107	0.00107	0.5	95771	103	95720	4356834	45.49
1950-1959	33	0.00118	0.00118	0.5	95669	113	95612	4261114	44.54
1950-1959	34	0.00121	0.00121	0.5	95556	115	95498	4165501	43.59
1950-1959	35	0.00127	0.00127	0.5	95441	121	95380	4070003	42.64
1950-1959	36	0.00137	0.00137	0.5	95319	131	95254	3974623	41.70
1950-1959	37	0.00151	0.00151	0.5	95189	144	95117	3879370	40.75
1950-1959	38	0.00163	0.00163	0.5	95045	155	94967	3784253	39.82
1950-1959	39	0.00181	0.00181	0.5	94890	172	94804	3689285	38.88
1950-1959	40	0.00205	0.00205	0.5	94718	194	94621	3594481	37.95
1950-1959	41	0.00214	0.00214	0.5	94525	202	94423	3499860	37.03
1950-1959	42	0.00238	0.00237	0.5	94322	224	94210	3405436	36.10
1950-1959	43	0.00251	0.00251	0.5	94098	236	93980	3311226	35.19
1950-1959	44	0.00277	0.00277	0.5	93862	260	93732	3217246	34.28
1950-1959	45	0.00297	0.00297	0.5	93602	278	93463	3123514	33.37
1950-1959	46	0.00325	0.00324	0.5	93324	302	93173	3030051	32.47
1950-1959	47	0.00356	0.00355	0.5	93022	330	92857	2936878	31.57
1950-1959	48	0.00391	0.00390	0.5	92692	362	92511	2844021	30.68
1950-1959	49	0.00426	0.00425	0.5	92330	393	92134	2751510	29.80
1950-1959	50	0.00444	0.00443	0.5	91938	407	91734	2659376	28.93
1950-1959	51	0.00476	0.00475	0.5	91531	435	91313	2567642	28.05
1950-1959	52	0.00522	0.00521	0.5	91096	474	90859	2476329	27.18
1950-1959	53	0.00566	0.00565	0.5	90621	512	90366	2385470	26.32
1950-1959	54	0.00593	0.00591	0.5	90110	533	89843	2295105	25.47
1950-1959	55	0.00632	0.00630	0.5	89577	565	89295	2205261	24.62
1950-1959	56	0.00692	0.00690	0.5	89012	614	88705	2115967	23.77
1950-1959	57	0.00727	0.00724	0.5	88398	640	88078	2027261	22.93
1950-1959	58	0.00814	0.00811	0.5	87758	711	87403	1939183	22.10
1950-1959	59	0.00878	0.00874	0.5	87047	761	86667	1851780	21.27
1950-1959	60	0.00978	0.00973	0.5	86286	840	85867	1765114	20.46
1950-1959	61	0.01059	0.01053	0.5	85447	900	84997	1679247	19.65
1950-1959	62	0.01184	0.01177	0.5	84547	995	84049	1594250	18.86
1950-1959	63	0.01282	0.01274	0.5	83552	1064	83020	1510201	18.08
1950-1959	64	0.01404	0.01394	0.5	82488	1150	81913	1427181	17.30
1950-1959	65	0.01553	0.01541	0.5	81338	1253	80711	1345269	16.54
1950-1959	66	0.01721	0.01706	0.5	80084	1366	79401	1264558	15.79
1950-1959	67	0.01910	0.01892	0.5	78718	1489	77973	1185157	15.06
1950-1959	68	0.02133	0.02111	0.5	77229	1630	76414	1107184	14.34
1950-1959	69	0.02390	0.02362	0.5	75599	1786	74706	1030770	13.63
1950-1959	70	0.02649	0.02615	0.5	73813	1930	72848	956064	12.95
1950-1959	71	0.02992	0.02948	0.5	71883	2119	70824	883216	12.29
1950-1959	72	0.03366	0.03310	0.5	69764	2310	68609	812393	11.64
1950-1959	73	0.03725	0.03656	0.5	67454	2466	66221	743783	11.03
1950-1959	74	0.04119	0.04036	0.5	64988	2623	63677	677562	10.43
1950-1959	75	0.04618	0.04514	0.5	62365	2815	60958	613886	9.84
1950-1959	76	0.05105	0.04978	0.5	59550	2964	58068	552928	9.29
1950-1959	77	0.05713	0.05554	0.5	56586	3143	55014	494860	8.75
1950-1959	78	0.06333	0.06138	0.5	53443	3280	51803	439845	8.23
1950-1959	79	0.07070	0.06829	0.5	50163	3426	48450	388043	7.74
1950-1959	80	0.07739	0.07451	0.5	46737	3482	44996	339593	7.27
1950-1959	81	0.08587	0.08233	0.5	43255	3561	41474	294597	6.81
1950-1959	82	0.09673	0.09227	0.5	39694	3662	37863	253122	6.38
1950-1959	83	0.10840	0.10282	0.5	36031	3705	34179	215260	5.97
1950-1959	84	0.11921	0.11250	0.5	32326	3637	30508	181081	5.60
1950-1959	85	0.13006	0.12211	0.5	28690	3503	26938	150573	5.25
1950-1959	86	0.14479	0.13502	0.5	25186	3401	23486	123635	4.91
1950-1959	87	0.16091	0.14893	0.5	21786	3245	20163	100149	4.60
1950-1959	88	0.17326	0.15945	0.5	18541	2956	17063	79986	4.31
1950-1959	89	0.18990	0.17343	0.5	15585	2703	14233	62923	4.04
1950-1959	90	0.20774	0.18819	0.5	12882	2424	11670	48690	3.78
1950-1959	91	0.22678	0.20368	0.5	10458	2130	9393	37020	3.54
1950-1959	92	0.24703	0.21987	0.5	8328	1831	7412	27627	3.32
1950-1959	93	0.26845	0.23668	0.5	6497	1538	5728	20215	3.11
1950-1959	94	0.29102	0.25405	0.5	4959	1260	4329	14487	2.92
1950-1959	95	0.31466	0.27189	0.5	3699	1006	3196	10158	2.75
1950-1959	96	0.33931	0.29009	0.5	2693	781	2303	6962	2.58
1950-1959	97	0.36486	0.30857	0.5	1912	590	1617	4659	2.44
1950-1959	98	0.39120	0.32720	0.5	1322	433	1106	3042	2.30
1950-1959	99	0.41818	0.34586	0.5	889	308	736	1937	2.18
1950-1959	100	0.44566	0.36445	0.5	582	212	476	1201	2.06
1950-1959	101	0.47348	0.38285	0.5	370	142	299	725	1.96
1950-1959	102	0.50147	0.40094	0.5	228	92	182	426	1.87
1950-1959	103	0.52945	0.41863	0.5	137	57	108	244	1.78
1950-1959	104	0.55724	0.43581	0.5	79	35	62	135	1.70
1950-1959	105	0.58468	0.45242	0.5	45	20	35	73	1.63
1950-1959	106	0.61160	0.46837	0.5	25	12	19	39	1.57
1950-1959	107	0.63786	0.48362	0.5	13	6	10	20	1.52
1950-1959	108	0.66332	0.49812	0.5	7	3	5	10	1.47
1950-1959	109	0.68787	0.51183	0.5	3	2	3	5	1.43
1950-1959	110+	0.71141	1.00000	1.41	2	2	2	2	1.41
1960-1969	0	0.01785	0.01757	0.1	100000	1757	98424	7587856	75.88
1960-1969	1	0.00133	0.00133	0.5	98243	130	98178	7489432	76.23
1960-1969	2	0.00070	0.00070	0.5	98112	68	98078	7391254	75.33
1960-1969	3	0.00062	0.00062	0.5	98044	61	98014	7293176	74.39
1960-1969	4	0.00050	0.00050	0.5	97983	49	97959	7195162	73.43
1960-1969	5	0.00047	0.00047	0.5	97934	46	97911	7097204	72.47
1960-1969	6	0.00038	0.00038	0.5	97888	37	97869	6999293	71.50
1960-1969	7	0.00029	0.00029	0.5	97851	29	97836	6901424	70.53
1960-1969	8	0.00028	0.00028	0.5	97822	28	97808	6803588	69.55
1960-1969	9	0.00023	0.00023	0.5	97794	23	97783	6705779	68.57
1960-1969	10	0.00030	0.00030	0.5	97772	29	97757	6607996	67.59
1960-1969	11	0.00028	0.00028	0.5	97742	27	97729	6510239	66.61
1960-1969	12	0.00030	0.00030	0.5	97716	30	97701	6412510	65.62
1960-1969	13	0.00037	0.00037	0.5	97686	36	97668	6314810	64.64
1960-1969	14	0.00034	0.00033	0.5	97650	33	97633	6217142	63.67
1960-1969	15	0.00047	0.00047	0.5	97617	46	97594	6119508	62.69
1960-1969	16	0.00049	0.00049	0.5	97571	47	97547	6021914	61.72
1960-1969	17	0.00068	0.00068	0.5	97524	66	97491	5924367	60.75
1960-1969	18	0.00069	0.00069	0.5	97457	67	97424	5826876	59.79
1960-1969	19	0.00077	0.00077	0.5	97390	75	97353	5729452	58.83
1960-1969	20	0.00086	0.00086	0.5	97315	84	97273	5632100	57.87
1960-1969	21	0.00069	0.00069	0.5	97231	67	97198	5534826	56.92
1960-1969	22	0.00074	0.00074	0.5	97164	72	97128	5437629	55.96
1960-1969	23	0.00063	0.00063	0.5	97092	62	97061	5340500	55.00
1960-1969	24	0.00073	0.00073	0.5	97031	71	96995	5243439	54.04
1960-1969	25	0.00081	0.00081	0.5	96960	79	96921	5146444	53.08
1960-1969	26	0.00075	0.00075	0.5	96881	73	96845	5049523	52.12
1960-1969	27	0.00067	0.00066	0.5	96809	64	96776	4952678	51.16
1960-1969	28	0.00085	0.00085	0.5	96744	82	96703	4855901	50.19
1960-1969	29	0.00084	0.00084	0.5	96662	81	96622	4759198	49.24
1960-1969	30	0.00092	0.00092	0.5	96581	89	96537	4662576	48.28
1960-1969	31	0.00086	0.00086	0.5	96492	83	96451	4566039	47.32
1960-1969	32	0.00101	0.00101	0.5	96410	97	96361	4469589	46.36
1960-1969	33	0.00096	0.00096	0.5	96313	92	96267	4373227	45.41
1960-1969	34	0.00117	0.00117	0.5	96221	113	96164	4276961	44.45
1960-1969	35	0.00141	0.00141	0.5	96108	135	96040	4180797	43.50
1960-1969	36	0.00127	0.00127	0.5	95973	122	95912	4084756	42.56
1960-1969	37	0.00139	0.00139	0.5	95851	133	95784	3988844	41.62
1960-1969	38	0.00153	0.00153	0.5	95718	147	95644	3893060	40.67
1960-1969	39	0.00173	0.00173	0.5	95571	165	95488	3797416	39.73
1960-1969	40	0.00196	0.00196	0.5	95406	187	95312	3701927	38.80
1960-1969	41	0.00194	0.00194	0.5	95219	185	95126	3606615	37.88
1960-1969	42	0.00226	0.00225	0.5	95034	214	94927	3511489	36.95
1960-1969	43	0.00228	0.00228	0.5	94820	216	94712	3416562	36.03
1960-1969	44	0.00259	0.00259	0.5	94604	245	94482	3321850	35.11
1960-1969	45	0.00283	0.00283	0.5	94359	267	94226	3227368	34.20
1960-1969	46	0.00295	0.00295	0.5	94093	277	93954	3133142	33.30
1960-1969	47	0.00328	0.00327	0.5	93816	307	93662	3039188	32.40
1960-1969	48	0.00349	0.00348	0.5	93509	326	93346	2945525	31.50
1960-1969	49	0.00376	0.00375	0.5	93183	349	93009	2852180	30.61
1960-1969	50	0.00463	0.00462	0.5	92834	429	92620	2759171	29.72
1960-1969	51	0.00436	0.00435	0.5	92405	402	92204	2666551	28.86
1960-1969	52	0.00540	0.00538	0.5	92003	495	91756	2574347	27.98
1960-1969	53	0.00486	0.00485	0.5	91508	443	91286	2482591	27.13
1960-1969	54	0.00567	0.00565	0.5	91065	515	90807	2391305	26.26
1960-1969	55	0.00574	0.00572	0.5	90550	518	90291	2300498	25.41
1960-1969	56	0.00657	0.00655	0.5	90032	589	89737	2210207	24.55
1960-1969	57	0.00719	0.00716	0.5	89443	641	89123	2120469	23.71
1960-1969	58	0.00765	0.00762	0.5	88802	677	88464	2031347	22.87
1960-1969	59	0.00819	0.00816	0.5	88126	719	87766	1942883	22.05
1960-1969	60	0.00889	0.00885	0.5	87407	774	87020	1855117	21.22
1960-1969	61	0.00969	0.00964	0.5	86633	835	86215	1768097	20.41
1960-1969	62	0.01139	0.01133	0.5	85798	972	85312	1681882	19.60
1960-1969	63	0.01138	0.01131	0.5	84826	959	84346	1596570	18.82
1960-1969	64	0.01332	0.01323	0.5	83866	1110	83311	1512224	18.03
1960-1969	65	0.01440	0.01429	0.5	82756	1183	82165	1428912	17.27
1960-1969	66	0.01529	0.01518	0.5	81574	1238	80955	1346747	16.51
1960-1969	67	0.01661	0.01648	0.5	80336	1324	79674	1265793	15.76
1960-1969	68	0.01903	0.01885	0.5	79012	1490	78267	1186119	15.01
1960-1969	69	0.01961	0.01942	0.5	77522	1505	76770	1107852	14.29
1960-1969	70	0.02385	0.02357	0.5	76017	1792	75121	1031082	13.56
1960-1969	71	0.02589	0.02556	0.5	74226	1897	73277	955961	12.88
1960-1969	72	0.02922	0.02880	0.5	72328	2083	71287	882684	12.20
1960-1969	73	0.03154	0.03105	0.5	70245	2181	69154	811397	11.55
1960-1969	74	0.03777	0.03707	0.5	68064	2523	66802	742243	10.91
1960-1969	75	0.04057	0.03976	0.5	65541	2606	64238	675441	10.31
1960-1969	76	0.04466	0.04368	0.5	62935	2749	61560	611203	9.71
1960-1969	77	0.05029	0.04905	0.5	60186	2952	58709	549643	9.13
1960-1969	78	0.05590	0.05438	0.5	57233	3113	55677	490934	8.58
1960-1969	79	0.06265	0.06074	0.5	54121	3288	52477	435257	8.04
1960-1969	80	0.06995	0.06758	0.5	50833	3435	49115	382780	7.53
1960-1969	81	0.08160	0.07841	0.5	47398	3716	45540	333665	7.04
1960-1969	82	0.08840	0.08466	0.5	43681	3698	41832	288125	6.60
1960-1969	83	0.09859	0.09395	0.5	39983	3757	38105	246293	6.16
1960-1969	84	0.11463	0.10842	0.5	36227	3928	34263	208187	5.75
1960-1969	85	0.12234	0.11529	0.5	32299	3724	30437	173924	5.38
1960-1969	86	0.13822	0.12928	0.5	28575	3694	26728	143487	5.02
1960-1969	87	0.15370	0.14273	0.5	24881	3551	23105	116759	4.69
1960-1969	88	0.16330	0.15097	0.5	21330	3220	19720	93654	4.39
1960-1969	89	0.18428	0.16873	0.5	18110	3056	16582	73934	4.08
1960-1969	90	0.20279	0.18412	0.5	15054	2772	13668	57352	3.81
1960-1969	91	0.22265	0.20034	0.5	12282	2461	11052	43684	3.56
1960-1969	92	0.24386	0.21735	0.5	9822	2135	8754	32632	3.32
1960-1969	93	0.26639	0.23508	0.5	7687	1807	6783	23878	3.11
1960-1969	94	0.29022	0.25344	0.5	5880	1490	5135	17095	2.91
1960-1969	95	0.31525	0.27233	0.5	4390	1195	3792	11960	2.72
1960-1969	96	0.34141	0.29163	0.5	3194	932	2728	8168	2.56
1960-1969	97	0.36857	0.31122	0.5	2263	704	1911	5440	2.40
1960-1969	98	0.39659	0.33096	0.5	1558	516	1301	3529	2.26
1960-1969	99	0.42530	0.35072	0.5	1043	366	860	2229	2.14
1960-1969	100	0.45453	0.37036	0.5	677	251	552	1369	2.02
1960-1969	101	0.48407	0.38974	0.5	426	166	343	817	1.92
1960-1969	102	0.51373	0.40874	0.5	260	106	207	474	1.82
1960-1969	103	0.54329	0.42723	0.5	154	66	121	267	1.74
1960-1969	104	0.57254	0.44512	0.5	88	39	68	146	1.66
1960-1969	105	0.60130	0.46231	0.5	49	23	38	78	1.59
1960-1969	106	0.62938	0.47873	0.5	26	13	20	40	1.53
1960-1969	107	0.65661	0.49432	0.5	14	7	10	20	1.48
1960-1969	108	0.68284	0.50904	0.5	7	4	5	10	1.43
1960-1969	109	0.70797	0.52288	0.5	3	2	3	5	1.39
1960-1969	110+	0.73188	1.00000	1.37	2	2	2	2	1.37
1970-1979	0	0.01372	0.01355	0.09	100000	1355	98769	7758971	77.59
1970-1979	1	0.00098	0.00098	0.5	98645	96	98596	7660202	77.65
1970-1979	2	0.00077	0.00077	0.5	98548	75	98511	7561606	76.73
1970-1979	3	0.00048	0.00048	0.5	98473	47	98449	7463095	75.79
1970-1979	4	0.00047	0.00047	0.5	98426	47	98402	7364646	74.82
1970-1979	5	0.00033	0.00033	0.5	98379	33	98363	7266243	73.86
1970-1979	6	0.00027	0.00027	0.5	98346	27	98333	7167881	72.88
1970-1979	7	0.00023	0.00023	0.5	98320	22	98308	7069548	71.90
1970-1979	8	0.00037	0.00037	0.5	98297	36	98279	6971239	70.92
1970-1979	9	0.00031	0.00031	0.5	98261	31	98246	6872960	69.95
1970-1979	10	0.00016	0.00016	0.5	98230	16	98222	6774714	68.97
1970-1979	11	0.00026	0.00026	0.5	98214	25	98202	6676492	67.98
1970-1979	12	0.00025	0.00025	0.5	98189	25	98177	6578290	67.00
1970-1979	13	0.00031	0.00031	0.5	98164	30	98149	6480114	66.01
1970-1979	14	0.00033	0.00033	0.5	98134	33	98118	6381964	65.03
1970-1979	15	0.00041	0.00041	0.5	98101	40	98081	6283847	64.05
1970-1979	16	0.00049	0.00049	0.5	98061	48	98037	6185766	63.08
1970-1979	17	0.00055	0.00055	0.5	98013	54	97986	6087729	62.11
1970-1979	18	0.00069	0.00069	0.5	97959	68	97926	5989742	61.15
1970-1979	19	0.00067	0.00066	0.5	97892	65	97859	5891817	60.19
1970-1979	20	0.00061	0.00061	0.5	97827	60	97797	5793958	59.23
1970-1979	21	0.00055	0.00055	0.5	97767	54	97740	5696161	58.26
1970-1979	22	0.00059	0.00059	0.5	97713	57	97684	5598421	57.29
1970-1979	23	0.00069	0.00069	0.5	97656	67	97622	5500737	56.33
1970-1979	24	0.00057	0.00057	0.5	97589	56	97561	5403115	55.37
1970-1979	25	0.00069	0.00069	0.5	97533	68	97499	5305554	54.40
1970-1979	26	0.00059	0.00059	0.5	97465	58	97436	5208055	53.44
1970-1979	27	0.00075	0.00075	0.5	97407	73	97371	5110619	52.47
1970-1979	28	0.00064	0.00064	0.5	97334	62	97303	5013249	51.51
1970-1979	29	0.00072	0.00072	0.5	97272	70	97238	4915945	50.54
1970-1979	30	0.00065	0.00065	0.5	97203	63	97171	4818708	49.57
1970-1979	31	0.00061	0.00061	0.5	97140	59	97110	4721537	48.61
1970-1979	32	0.00090	0.00090	0.5	97081	87	97037	4624426	47.63
1970-1979	33	0.00089	0.00089	0.5	96994	86	96950	4527389	46.68
1970-1979	34	0.00095	0.00095	0.5	96907	92	96861	4430439	45.72
1970-1979	35	0.00111	0.00111	0.5	96815	107	96762	4333577	44.76
1970-1979	36	0.00118	0.00118	0.5	96708	114	96651	4236816	43.81
1970-1979	37	0.00112	0.00112	0.5	96594	108	96541	4140165	42.86
1970-1979	38	0.00140	0.00140	0.5	96487	135	96419	4043624	41.91
1970-1979	39	0.00148	0.00148	0.5	96351	142	96280	3947205	40.97
1970-1979	40	0.00175	0.00175	0.5	96209	168	96125	3850925	40.03
1970-1979	41	0.00190	0.00190	0.5	96041	183	95950	3754800	39.10
1970-1979	42	0.00217	0.00217	0.5	95858	208	95754	3658850	38.17
1970-1979	43	0.00220	0.00220	0.5	95650	210	95545	3563096	37.25
1970-1979	44	0.00242	0.00242	0.5	95440	231	95324	3467551	36.33
1970-1979	45	0.00240	0.00240	0.5	95209	228	95095	3372227	35.42
1970-1979	46	0.00271	0.00270	0.5	94981	257	94853	3277132	34.50
1970-1979	47	0.00283	0.00282	0.5	94724	267	94591	3182279	33.60
1970-1979	48	0.00372	0.00372	0.5	94457	351	94281	3087688	32.69
1970-1979	49	0.00360	0.00359	0.5	94106	338	93937	2993407	31.81
1970-1979	50	0.00401	0.00400	0.5	93768	375	93580	2899470	30.92
1970-1979	51	0.00397	0.00396	0.5	93392	370	93207	2805890	30.04
1970-1979	52	0.00487	0.00486	0.5	93022	452	92796	2712683	29.16
1970-1979	53	0.00488	0.00487	0.5	92570	450	92345	2619887	28.30
1970-1979	54	0.00500	0.00499	0.5	92120	460	91890	2527542	27.44
1970-1979	55	0.00535	0.00534	0.5	91660	489	91416	2435652	26.57
1970-1979	56	0.00660	0.00658	0.5	91171	600	90871	2344236	25.71
1970-1979	57	0.00668	0.00666	0.5	90571	603	90269	2253365	24.88
1970-1979	58	0.00687	0.00685	0.5	89968	616	89660	2163096	24.04
1970-1979	59	0.00787	0.00784	0.5	89352	700	89002	2073436	23.21
1970-1979	60	0.00879	0.00875	0.5	88652	776	88264	1984435	22.38
1970-1979	61	0.00969	0.00964	0.5	87876	847	87452	1896171	21.58
1970-1979	62	0.01016	0.01011	0.5	87028	880	86588	1808719	20.78
1970-1979	63	0.01139	0.01133	0.5	86148	976	85660	1722131	19.99
1970-1979	64	0.01208	0.01201	0.5	85173	1023	84661	1636470	19.21
1970-1979	65	0.01301	0.01293	0.5	84150	1088	83606	1551809	18.44
1970-1979	66	0.01407	0.01398	0.5	83062	1161	82481	1468203	17.68
1970-1979	67	0.01639	0.01626	0.5	81901	1332	81235	1385722	16.92
1970-1979	68	0.01708	0.01694	0.5	80569	1365	79887	1304487	16.19
1970-1979	69	0.01849	0.01832	0.5	79205	1451	78479	1224600	15.46
1970-1979	70	0.02052	0.02031	0.5	77753	1579	76964	1146121	14.74
1970-1979	71	0.02126	0.02104	0.5	76174	1602	75373	1069158	14.04
1970-1979	72	0.02467	0.02437	0.5	74572	1817	73663	993785	13.33
1970-1979	73	0.02675	0.02640	0.5	72755	1921	71794	920122	12.65
1970-1979	74	0.03116	0.03068	0.5	70834	2173	69747	848327	11.98
1970-1979	75	0.03468	0.03409	0.5	68661	2341	67490	778580	11.34
1970-1979	76	0.03923	0.03847	0.5	66320	2551	65044	711089	10.72
1970-1979	77	0.04284	0.04194	0.5	63769	2675	62431	646045	10.13
1970-1979	78	0.04755	0.04644	0.5	61094	2837	59675	583614	9.55
1970-1979	79	0.05237	0.05103	0.5	58257	2973	56770	523939	8.99
1970-1979	80	0.05986	0.05812	0.5	55284	3213	53677	467169	8.45
1970-1979	81	0.06465	0.06263	0.5	52070	3261	50440	413492	7.94
1970-1979	82	0.07434	0.07167	0.5	48809	3498	47060	363052	7.44
1970-1979	83	0.08105	0.07789	0.5	45311	3529	43546	315992	6.97
1970-1979	84	0.09017	0.08628	0.5	41782	3605	39979	272446	6.52
1970-1979	85	0.10166	0.09674	0.5	38177	3693	36330	232466	6.09
1970-1979	86	0.11292	0.10689	0.5	34483	3686	32641	196136	5.69
1970-1979	87	0.12844	0.12069	0.5	30798	3717	28939	163496	5.31
1970-1979	88	0.13777	0.12889	0.5	27081	3491	25335	134556	4.97
1970-1979	89	0.15407	0.14305	0.5	23590	3375	21903	109221	4.63
1970-1979	90	0.17019	0.15685	0.5	20216	3171	18630	87318	4.32
1970-1979	91	0.18762	0.17153	0.5	17045	2924	15583	68688	4.03
1970-1979	92	0.20639	0.18709	0.5	14121	2642	12800	53105	3.76
1970-1979	93	0.22652	0.20347	0.5	11479	2336	10311	40305	3.51
1970-1979	94	0.24799	0.22064	0.5	9144	2017	8135	29993	3.28
1970-1979	95	0.27079	0.23850	0.5	7126	1700	6276	21858	3.07
1970-1979	96	0.29486	0.25698	0.5	5427	1394	4729	15582	2.87
1970-1979	97	0.32014	0.27596	0.5	4032	1113	3476	10853	2.69
1970-1979	98	0.34651	0.29534	0.5	2919	862	2488	7377	2.53
1970-1979	99	0.37386	0.31498	0.5	2057	648	1733	4889	2.38
1970-1979	100	0.40204	0.33475	0.5	1409	472	1173	3156	2.24
1970-1979	101	0.43089	0.35451	0.5	937	332	771	1982	2.11
1970-1979	102	0.46021	0.37412	0.5	605	226	492	1211	2.00
1970-1979	103	0.48981	0.39345	0.5	379	149	304	719	1.90
1970-1979	104	0.51948	0.41237	0.5	230	95	182	415	1.81
1970-1979	105	0.54902	0.43077	0.5	135	58	106	233	1.72
1970-1979	106	0.57821	0.44854	0.5	77	34	60	127	1.65
1970-1979	107	0.60687	0.46559	0.5	42	20	33	67	1.58
1970-1979	108	0.63481	0.48186	0.5	23	11	17	35	1.53
1970-1979	109	0.66187	0.49730	0.5	12	6	9	17	1.48
1970-1979	110+	0.68791	1.00000	1.45	6	6	9	9	1.45
1980-1989	0	0.00847	0.00840	0.08	100000	840	99224	7944398	79.44
1980-1989	1	0.00091	0.00091	0.5	99160	91	99115	7845174	79.12
1980-1989	2	0.00050	0.00050	0.5	99069	49	99045	7746059	78.19
1980-1989	3	0.00048	0.00048	0.5	99020	48	98996	7647015	77.23
1980-1989	4	0.00033	0.00033	0.5	98972	32	98956	7548018	76.26
1980-1989	5	0.00030	0.00030	0.5	98940	30	98925	7449062	75.29
1980-1989	6	0.00029	0.00029	0.5	98910	29	98896	7350137	74.31
1980-1989	7	0.00014	0.00014	0.5	98882	14	98875	7251241	73.33
1980-1989	8	0.00022	0.00022	0.5	98868	22	98857	7152366	72.34
1980-1989	9	0.00017	0.00017	0.5	98846	17	98837	7053509	71.36
1980-1989	10	0.00013	0.00013	0.5	98829	13	98822	6954672	70.37
1980-1989	11	0.00018	0.00018	0.5	98816	18	98807	6855850	69.38
1980-1989	12	0.00016	0.00016	0.5	98798	16	98790	6757043	68.39
1980-1989	13	0.00017	0.00017	0.5	98782	17	98773	6658253	67.40
1980-1989	14	0.00030	0.00030	0.5	98765	29	98750	6559480	66.42
1980-1989	15	0.00034	0.00034	0.5	98735	33	98719	6460730	65.43
1980-1989	16	0.00047	0.00047	0.5	98702	46	98679	6362011	64.46
1980-1989	17	0.00058	0.00058	0.5	98656	58	98627	6263332	63.49
1980-1989	18	0.00064	0.00064	0.5	98599	63	98567	6164705	62.52
1980-1989	19	0.00057	0.00057	0.5	98536	56	98508	6066138	61.56
1980-1989	20	0.00051	0.00051	0.5	98479	50	98454	5967630	60.60
1980-1989	21	0.00051	0.00051	0.5	98429	50	98404	5869176	59.63
1980-1989	22	0.00050	0.00050	0.5	98379	49	98354	5770772	58.66
1980-1989	23	0.00052	0.00052	0.5	98329	51	98304	5672418	57.69
1980-1989	24	0.00061	0.00061	0.5	98278	60	98248	5574114	56.72
1980-1989	25	0.00048	0.00048	0.5	98218	47	98195	5475866	55.75
1980-1989	26	0.00058	0.00058	0.5	98172	56	98143	5377671	54.78
1980-1989	27	0.00060	0.00060	0.5	98115	58	98086	5279528	53.81
1980-1989	28	0.00066	0.00066	0.5	98057	64	98025	5181442	52.84
1980-1989	29	0.00060	0.00060	0.5	97992	59	97963	5083417	51.88
1980-1989	30	0.00059	0.00059	0.5	97933	57	97905	4985454	50.91
1980-1989	31	0.00069	0.00069	0.5	97876	67	97843	4887549	49.94
1980-1989	32	0.00071	0.00071	0.5	97809	69	97774	4789707	48.97
1980-1989	33	0.00067	0.00067	0.5	97740	65	97707	4691933	48.00
1980-1989	34	0.00077	0.00077	0.5	97674	75	97637	4594226	47.04
1980-1989	35	0.00084	0.00084	0.5	97599	82	97558	4496589	46.07
1980-1989	36	0.00083	0.00083	0.5	97518	81	97477	4399030	45.11
1980-1989	37	0.00084	0.00084	0.5	97436	82	97395	4301553	44.15
1980-1989	38	0.00119	0.00119	0.5	97354	116	97296	4204158	43.18
1980-1989	39	0.00119	0.00119	0.5	97238	115	97180	4106862	42.24
1980-1989	40	0.00126	0.00126	0.5	97123	123	97061	4009681	41.28
1980-1989	41	0.00135	0.00135	0.5	97000	131	96935	3912620	40.34
1980-1989	42	0.00154	0.00154	0.5	96869	149	96794	3815686	39.39
1980-1989	43	0.00175	0.00174	0.5	96720	169	96635	3718891	38.45
1980-1989	44	0.00204	0.00204	0.5	96551	197	96453	3622256	37.52
1980-1989	45	0.00195	0.00195	0.5	96354	188	96260	3525803	36.59
1980-1989	46	0.00229	0.00228	0.5	96166	220	96057	3429543	35.66
1980-1989	47	0.00254	0.00254	0.5	95947	244	95825	3333486	34.74
1980-1989	48	0.00251	0.00251	0.5	95703	240	95583	3237661	33.83
1980-1989	49	0.00265	0.00264	0.5	95463	252	95337	3142078	32.91
1980-1989	50	0.00330	0.00330	0.5	95211	314	95054	3046741	32.00
1980-1989	51	0.00379	0.00378	0.5	94897	359	94718	2951687	31.10
1980-1989	52	0.00396	0.00395	0.5	94539	374	94352	2856969	30.22
1980-1989	53	0.00450	0.00449	0.5	94165	423	93953	2762617	29.34
1980-1989	54	0.00481	0.00480	0.5	93742	450	93517	2668664	28.47
1980-1989	55	0.00568	0.00566	0.5	93292	528	93027	2575147	27.60
1980-1989	56	0.00571	0.00569	0.5	92763	528	92499	2482120	26.76
1980-1989	57	0.00627	0.00625	0.5	92235	576	91947	2389621	25.91
1980-1989	58	0.00691	0.00689	0.5	91659	631	91343	2297674	25.07
1980-1989	59	0.00753	0.00750	0.5	91027	683	90686	2206331	24.24
1980-1989	60	0.00801	0.00798	0.5	90345	721	89984	2115645	23.42
1980-1989	61	0.00878	0.00874	0.5	89623	784	89232	2025661	22.60
1980-1989	62	0.01047	0.01042	0.5	88840	925	88377	1936429	21.80
1980-1989	63	0.01066	0.01061	0.5	87914	933	87448	1848052	21.02
1980-1989	64	0.01170	0.01163	0.5	86982	1011	86476	1760604	20.24
1980-1989	65	0.01245	0.01237	0.5	85970	1063	85439	1674128	19.47
1980-1989	66	0.01350	0.01341	0.5	84907	1138	84338	1588689	18.71
1980-1989	67	0.01418	0.01408	0.5	83769	1180	83179	1504351	17.96
1980-1989	68	0.01601	0.01588	0.5	82589	1311	81933	1421172	17.21
1980-1989	69	0.01771	0.01755	0.5	81278	1426	80564	1339239	16.48
1980-1989	70	0.01868	0.01851	0.5	79851	1478	79112	1258675	15.76
1980-1989	71	0.01977	0.01957	0.5	78373	1534	77606	1179563	15.05
1980-1989	72	0.02319	0.02293	0.5	76839	1762	75958	1101957	14.34
1980-1989	73	0.02516	0.02485	0.5	75077	1866	74144	1025999	13.67
1980-1989	74	0.02705	0.02669	0.5	73211	1954	72235	951854	13.00
1980-1989	75	0.03067	0.03020	0.5	71258	2152	70182	879620	12.34
1980-1989	76	0.03309	0.03255	0.5	69106	2249	67981	809438	11.71
1980-1989	77	0.03475	0.03415	0.5	66856	2283	65715	741457	11.09
1980-1989	78	0.03856	0.03783	0.5	64573	2443	63351	675743	10.46
1980-1989	79	0.04297	0.04207	0.5	62130	2614	60823	612391	9.86
1980-1989	80	0.05053	0.04929	0.5	59516	2933	58049	551568	9.27
1980-1989	81	0.05720	0.05561	0.5	56583	3147	55009	493519	8.72
1980-1989	82	0.06030	0.05853	0.5	53436	3128	51872	438510	8.21
1980-1989	83	0.06851	0.06624	0.5	50308	3332	48642	386637	7.69
1980-1989	84	0.07567	0.07291	0.5	46976	3425	45264	337995	7.20
1980-1989	85	0.08532	0.08182	0.5	43551	3564	41769	292732	6.72
1980-1989	86	0.09662	0.09217	0.5	39988	3686	38145	250962	6.28
1980-1989	87	0.10791	0.10239	0.5	36302	3717	34444	212817	5.86
1980-1989	88	0.11806	0.11148	0.5	32585	3632	30769	178374	5.47
1980-1989	89	0.13299	0.12469	0.5	28953	3610	27148	147605	5.10
1980-1989	90	0.14752	0.13739	0.5	25342	3482	23602	120457	4.75
1980-1989	91	0.16335	0.15102	0.5	21861	3301	20210	96856	4.43
1980-1989	92	0.18052	0.16558	0.5	18559	3073	17023	76646	4.13
1980-1989	93	0.19906	0.18104	0.5	15486	2804	14084	59623	3.85
1980-1989	94	0.21900	0.19739	0.5	12683	2503	11431	45539	3.59
1980-1989	95	0.24034	0.21456	0.5	10179	2184	9087	34108	3.35
1980-1989	96	0.26305	0.23248	0.5	7995	1859	7066	25021	3.13
1980-1989	97	0.28710	0.25106	0.5	6137	1541	5366	17955	2.93
1980-1989	98	0.31242	0.27021	0.5	4596	1242	3975	12589	2.74
1980-1989	99	0.33891	0.28980	0.5	3354	972	2868	8614	2.57
1980-1989	100	0.36644	0.30970	0.5	2382	738	2013	5746	2.41
1980-1989	101	0.39488	0.32977	0.5	1644	542	1373	3732	2.27
1980-1989	102	0.42405	0.34987	0.5	1102	386	909	2359	2.14
1980-1989	103	0.45376	0.36985	0.5	716	265	584	1450	2.02
1980-1989	104	0.48379	0.38956	0.5	451	176	364	866	1.92
1980-1989	105	0.51395	0.40888	0.5	276	113	219	502	1.82
1980-1989	106	0.54401	0.42768	0.5	163	70	128	283	1.74
1980-1989	107	0.57375	0.44585	0.5	93	42	72	155	1.66
1980-1989	108	0.60296	0.46329	0.5	52	24	40	83	1.60
1980-1989	109	0.63146	0.47993	0.5	28	13	21	43	1.55
1980-1989	110+	0.65907	1.00000	1.52	14	14	22	22	1.52
1990-1999	0	0.00732	0.00727	0.07	100000	727	99326	8008190	80.08
1990-1999	1	0.00054	0.00054	0.5	99273	54	99246	7908864	79.67
1990-1999	2	0.00041	0.00041	0.5	99219	41	99199	7809618	78.71
1990-1999	3	0.00027	0.00027	0.5	99178	26	99165	7710419	77.74
1990-1999	4	0.00023	0.00023	0.5	99152	22	99140	7611255	76.76
1990-1999	5	0.00017	0.00017	0.5	99129	17	99121	7512114	75.78
1990-1999	6	0.00021	0.00021	0.5	99112	21	99102	7412993	74.79
1990-1999	7	0.00016	0.00016	0.5	99092	16	99084	7313891	73.81
1990-1999	8	0.00013	0.00013	0.5	99075	13	99069	7214808	72.82
1990-1999	9	0.00010	0.00010	0.5	99062	10	99058	7115739	71.83
1990-1999	10	0.00015	0.00015	0.5	99053	15	99045	7016681	70.84
1990-1999	11	0.00015	0.00015	0.5	99038	14	99031	6917636	69.85
1990-1999	12	0.00020	0.00020	0.5	99024	20	99014	6818605	68.86
1990-1999	13	0.00020	0.00020	0.5	99004	20	98994	6719591	67.87
1990-1999	14	0.00034	0.00034	0.5	98984	34	98967	6620597	66.89
1990-1999	15	0.00036	0.00036	0.5	98950	35	98932	6521630	65.91
1990-1999	16	0.00061	0.00061	0.5	98915	60	98885	6422698	64.93
1990-1999	17	0.00047	0.00047	0.5	98855	47	98831	6323814	63.97
1990-1999	18	0.00052	0.00052	0.5	98808	52	98782	6224982	63.00
1990-1999	19	0.00057	0.00057	0.5	98756	56	98728	6126200	62.03
1990-1999	20	0.00049	0.00049	0.5	98700	49	98676	6027472	61.07
1990-1999	21	0.00043	0.00043	0.5	98652	43	98630	5928796	60.10
1990-1999	22	0.00057	0.00057	0.5	98609	56	98581	5830166	59.12
1990-1999	23	0.00044	0.00044	0.5	98553	44	98531	5731585	58.16
1990-1999	24	0.00055	0.00055	0.5	98510	54	98483	5633053	57.18
1990-1999	25	0.00045	0.00045	0.5	98456	44	98434	5534571	56.21
1990-1999	26	0.00052	0.00052	0.5	98412	52	98386	5436137	55.24
1990-1999	27	0.00056	0.00056	0.5	98360	55	98332	5337751	54.27
1990-1999	28	0.00062	0.00062	0.5	98305	61	98274	5239419	53.30
1990-1999	29	0.00059	0.00059	0.5	98244	58	98214	5141145	52.33
1990-1999	30	0.00070	0.00070	0.5	98185	68	98151	5042930	51.36
1990-1999	31	0.00058	0.00058	0.5	98117	57	98088	4944779	50.40
1990-1999	32	0.00072	0.00072	0.5	98060	71	98024	4846691	49.43
1990-1999	33	0.00067	0.00067	0.5	97989	66	97956	4748667	48.46
1990-1999	34	0.00074	0.00074	0.5	97923	72	97887	4650711	47.49
1990-1999	35	0.00075	0.00075	0.5	97851	74	97814	4552824	46.53
1990-1999	36	0.00088	0.00088	0.5	97777	86	97734	4455010	45.56
1990-1999	37	0.00106	0.00106	0.5	97691	103	97639	4357276	44.60
1990-1999	38	0.00098	0.00098	0.5	97588	96	97540	4259637	43.65
1990-1999	39	0.00116	0.00116	0.5	97492	113	97436	4162097	42.69
1990-1999	40	0.00131	0.00131	0.5	97380	128	97316	4064661	41.74
1990-1999	41	0.00109	0.00108	0.5	97252	105	97199	3967345	40.79
1990-1999	42	0.00135	0.00135	0.5	97147	131	97081	3870146	39.84
1990-1999	43	0.00144	0.00143	0.5	97015	139	96946	3773065	38.89
1990-1999	44	0.00157	0.00157	0.5	96876	152	96800	3676119	37.95
1990-1999	45	0.00196	0.00196	0.5	96724	190	96629	3579319	37.01
1990-1999	46	0.00198	0.00198	0.5	96534	191	96438	3482690	36.08
1990-1999	47	0.00218	0.00218	0.5	96343	210	96238	3386252	35.15
1990-1999	48	0.00261	0.00261	0.5	96133	251	96007	3290014	34.22
1990-1999	49	0.00266	0.00266	0.5	95882	255	95754	3194007	33.31
1990-1999	50	0.00316	0.00315	0.5	95627	302	95476	3098253	32.40
1990-1999	51	0.00335	0.00335	0.5	95325	319	95166	3002777	31.50
1990-1999	52	0.00367	0.00367	0.5	95006	348	94832	2907612	30.60
1990-1999	53	0.00408	0.00407	0.5	94658	385	94465	2812780	29.72
1990-1999	54	0.00396	0.00395	0.5	94272	372	94086	2718315	28.83
1990-1999	55	0.00482	0.00481	0.5	93900	451	93675	2624228	27.95
1990-1999	56	0.00553	0.00551	0.5	93449	515	93191	2530554	27.08
1990-1999	57	0.00600	0.00598	0.5	92934	556	92656	2437362	26.23
1990-1999	58	0.00652	0.00650	0.5	92378	600	92078	2344706	25.38
1990-1999	59	0.00658	0.00656	0.5	91778	602	91477	2252628	24.54
1990-1999	60	0.00826	0.00823	0.5	91176	750	90801	2161151	23.70
1990-1999	61	0.00879	0.00875	0.5	90426	791	90031	2070350	22.90
1990-1999	62	0.00893	0.00889	0.5	89635	797	89236	1980319	22.09
1990-1999	63	0.01062	0.01057	0.5	88838	939	88369	1891082	21.29
1990-1999	64	0.01101	0.01095	0.5	87899	963	87418	1802714	20.51
1990-1999	65	0.01162	0.01155	0.5	86937	1004	86434	1715296	19.73
1990-1999	66	0.01313	0.01305	0.5	85932	1121	85372	1628861	18.96
1990-1999	67	0.01423	0.01413	0.5	84811	1199	84211	1543490	18.20
1990-1999	68	0.01573	0.01560	0.5	83612	1305	82960	1459278	17.45
1990-1999	69	0.01703	0.01689	0.5	82307	1390	81612	1376319	16.72
1990-1999	70	0.01885	0.01868	0.5	80918	1511	80162	1294706	16.00
1990-1999	71	0.02023	0.02003	0.5	79406	1590	78611	1214544	15.30
1990-1999	72	0.02280	0.02255	0.5	77816	1755	76939	1135933	14.60
1990-1999	73	0.02428	0.02399	0.5	76061	1825	75149	1058995	13.92
1990-1999	74	0.02633	0.02599	0.5	74236	1929	73272	983846	13.25
1990-1999	75	0.02896	0.02855	0.5	72307	2064	71275	910574	12.59
1990-1999	76	0.03045	0.03000	0.5	70243	2107	69190	839299	11.95
1990-1999	77	0.03433	0.03375	0.5	68136	2300	66986	770110	11.30
1990-1999	78	0.03792	0.03721	0.5	65836	2450	64611	703124	10.68
1990-1999	79	0.04197	0.04110	0.5	63386	2605	62084	638512	10.07
1990-1999	80	0.04682	0.04575	0.5	60781	2781	59391	576428	9.48
1990-1999	81	0.05136	0.05008	0.5	58000	2905	56548	517038	8.91
1990-1999	82	0.06019	0.05843	0.5	55096	3219	53486	460490	8.36
1990-1999	83	0.06481	0.06277	0.5	51876	3256	50248	407004	7.85
1990-1999	84	0.07199	0.06948	0.5	48620	3378	46931	356756	7.34
1990-1999	85	0.08153	0.07834	0.5	45242	3544	43470	309825	6.85
1990-1999	86	0.09080	0.08686	0.5	41698	3622	39887	266356	6.39
1990-1999	87	0.10515	0.09990	0.5	38076	3804	36174	226469	5.95
1990-1999	88	0.11069	0.10488	0.5	34272	3595	32475	190295	5.55
1990-1999	89	0.12923	0.12139	0.5	30678	3724	28816	157820	5.14
1990-1999	90	0.14404	0.13436	0.5	26954	3622	25143	129005	4.79
1990-1999	91	0.16024	0.14835	0.5	23332	3461	21601	103862	4.45
1990-1999	92	0.17788	0.16335	0.5	19871	3246	18248	82260	4.14
1990-1999	93	0.19701	0.17934	0.5	16625	2982	15134	64013	3.85
1990-1999	94	0.21765	0.19629	0.5	13643	2678	12304	48879	3.58
1990-1999	95	0.23981	0.21413	0.5	10965	2348	9791	36574	3.34
1990-1999	96	0.26346	0.23279	0.5	8617	2006	7614	26783	3.11
1990-1999	97	0.28856	0.25218	0.5	6611	1667	5778	19169	2.90
1990-1999	98	0.31503	0.27216	0.5	4944	1346	4271	13391	2.71
1990-1999	99	0.34275	0.29261	0.5	3598	1053	3072	9120	2.53
1990-1999	100	0.37160	0.31337	0.5	2546	798	2147	6048	2.38
1990-1999	101	0.40139	0.33430	0.5	1748	584	1456	3901	2.23
1990-1999	102	0.43192	0.35521	0.5	1164	413	957	2446	2.10
1990-1999	103	0.46298	0.37595	0.5	750	282	609	1489	1.98
1990-1999	104	0.49433	0.39637	0.5	468	186	375	880	1.88
1990-1999	105	0.52573	0.41630	0.5	283	118	224	504	1.78
1990-1999	106	0.55692	0.43562	0.5	165	72	129	280	1.70
1990-1999	107	0.58767	0.45421	0.5	93	42	72	151	1.63
1990-1999	108	0.61776	0.47197	0.5	51	24	39	79	1.56
1990-1999	109	0.64696	0.48883	0.5	27	13	20	41	1.51
1990-1999	110+	0.67511	1.00000	1.48	14	14	20	20	1.48
2000-2009	0	0.00657	0.00653	0.07	100000	653	99393	8019284	80.19
2000-2009	1	0.00055	0.00055	0.5	99347	55	99319	7919890	79.72
2000-2009	2	0.00037	0.00037	0.5	99292	37	99274	7820571	78.76
2000-2009	3	0.00023	0.00023	0.5	99255	22	99244	7721297	77.79
2000-2009	4	0.00010	0.00010	0.5	99233	10	99228	7622053	76.81
2000-2009	5	0.00011	0.00011	0.5	99223	11	99218	7522825	75.82
2000-2009	6	0.00015	0.00015	0.5	99212	15	99204	7423607	74.83
2000-2009	7	0.00015	0.00015	0.5	99197	15	99189	7324403	73.84
2000-2009	8	0.00011	0.00011	0.5	99182	11	99176	7225214	72.85
2000-2009	9	0.00010	0.00010	0.5	99170	9	99166	7126038	71.86
2000-2009	10	0.00015	0.00015	0.5	99161	15	99153	7026872	70.86
2000-2009	11	0.00012	0.00012	0.5	99146	12	99140	6927719	69.87
2000-2009	12	0.00014	0.00014	0.5	99134	14	99127	6828579	68.88
2000-2009	13	0.00017	0.00017	0.5	99120	17	99111	6729452	67.89
2000-2009	14	0.00021	0.00021	0.5	99103	21	99093	6630341	66.90
2000-2009	15	0.00030	0.00030	0.5	99082	29	99068	6531248	65.92
2000-2009	16	0.00041	0.00041	0.5	99053	40	99033	6432181	64.94
2000-2009	17	0.00048	0.00048	0.5	99012	48	98988	6333148	63.96
2000-2009	18	0.00044	0.00044	0.5	98965	44	98943	6234160	62.99
2000-2009	19	0.00050	0.00050	0.5	98921	49	98896	6135217	62.02
2000-2009	20	0.00037	0.00037	0.5	98871	37	98853	6036321	61.05
2000-2009	21	0.00046	0.00046	0.5	98835	46	98812	5937468	60.07
2000-2009	22	0.00048	0.00048	0.5	98789	48	98765	5838656	59.10
2000-2009	23	0.00051	0.00051	0.5	98741	51	98716	5739891	58.13
2000-2009	24	0.00049	0.00049	0.5	98690	48	98666	5641175	57.16
2000-2009	25	0.00051	0.00051	0.5	98642	50	98617	5542509	56.19
2000-2009	26	0.00047	0.00047	0.5	98592	46	98569	5443892	55.22
2000-2009	27	0.00050	0.00050	0.5	98546	50	98521	5345323	54.24
2000-2009	28	0.00059	0.00059	0.5	98496	58	98468	5246802	53.27
2000-2009	29	0.00059	0.00059	0.5	98439	58	98410	5148334	52.30
2000-2009	30	0.00061	0.00061	0.5	98380	60	98350	5049925	51.33
2000-2009	31	0.00059	0.00059	0.5	98320	58	98292	4951574	50.36
2000-2009	32	0.00069	0.00069	0.5	98263	67	98229	4853283	49.39
2000-2009	33	0.00077	0.00077	0.5	98195	76	98157	4755054	48.42
2000-2009	34	0.00069	0.00069	0.5	98120	68	98086	4656896	47.46
2000-2009	35	0.00087	0.00087	0.5	98052	85	98009	4558811	46.49
2000-2009	36	0.00095	0.00095	0.5	97966	93	97920	4460802	45.53
2000-2009	37	0.00112	0.00112	0.5	97873	110	97818	4362882	44.58
2000-2009	38	0.00103	0.00103	0.5	97763	100	97713	4265064	43.63
2000-2009	39	0.00121	0.00121	0.5	97663	118	97604	4167351	42.67
2000-2009	40	0.00137	0.00137	0.5	97545	133	97478	4069747	41.72
2000-2009	41	0.00149	0.00149	0.5	97411	145	97339	3972269	40.78
2000-2009	42	0.00171	0.00171	0.5	97266	167	97183	3874930	39.84
2000-2009	43	0.00209	0.00209	0.5	97100	203	96999	3777747	38.91
2000-2009	44	0.00201	0.00200	0.5	96897	194	96800	3680748	37.99
2000-2009	45	0.00210	0.00210	0.5	96703	203	96601	3583948	37.06
2000-2009	46	0.00222	0.00222	0.5	96500	214	96393	3487346	36.14
2000-2009	47	0.00252	0.00252	0.5	96286	243	96165	3390954	35.22
2000-2009	48	0.00271	0.00270	0.5	96043	260	95913	3294789	34.31
2000-2009	49	0.00313	0.00313	0.5	95784	300	95634	3198876	33.40
2000-2009	50	0.00301	0.00300	0.5	95484	287	95341	3103242	32.50
2000-2009	51	0.00349	0.00348	0.5	95198	332	95032	3007901	31.60
2000-2009	52	0.00354	0.00353	0.5	94866	335	94698	2912869	30.71
2000-2009	53	0.00362	0.00361	0.5	94531	342	94360	2818171	29.81
2000-2009	54	0.00425	0.00424	0.5	94189	399	93990	2723811	28.92
2000-2009	55	0.00480	0.00479	0.5	93790	449	93565	2629821	28.04
2000-2009	56	0.00485	0.00484	0.5	93341	452	93115	2536256	27.17
2000-2009	57	0.00569	0.00567	0.5	92889	527	92626	2443141	26.30
2000-2009	58	0.00588	0.00587	0.5	92362	542	92091	2350515	25.45
2000-2009	59	0.00647	0.00645	0.5	91820	592	91524	2258424	24.60
2000-2009	60	0.00734	0.00732	0.5	91228	668	90895	2166899	23.75
2000-2009	61	0.00797	0.00794	0.5	90561	719	90201	2076005	22.92
2000-2009	62	0.00865	0.00862	0.5	89842	774	89455	1985803	22.10
2000-2009	63	0.00942	0.00938	0.5	89068	835	88650	1896349	21.29
2000-2009	64	0.01019	0.01013	0.5	88232	894	87785	1807699	20.49
2000-2009	65	0.01163	0.01156	0.5	87338	1010	86833	1719914	19.69
2000-2009	66	0.01251	0.01243	0.5	86328	1073	85791	1633081	18.92
2000-2009	67	0.01357	0.01348	0.5	85255	1149	84680	1547289	18.15
2000-2009	68	0.01517	0.01506	0.5	84106	1266	83473	1462609	17.39
2000-2009	69	0.01639	0.01625	0.5	82840	1347	82166	1379136	16.65
2000-2009	70	0.01796	0.01780	0.5	81493	1450	80768	1296970	15.92
2000-2009	71	0.01975	0.01955	0.5	80043	1565	79260	1216202	15.19
2000-2009	72	0.02117	0.02095	0.5	78478	1644	77656	1136941	14.49
2000-2009	73	0.02339	0.02312	0.5	76834	1777	75946	1059285	13.79
2000-2009	74	0.02697	0.02661	0.5	75058	1997	74059	983339	13.10
2000-2009	75	0.02984	0.02940	0.5	73061	2148	71987	909280	12.45
2000-2009	76	0.03177	0.03127	0.5	70913	2218	69804	837294	11.81
2000-2009	77	0.03440	0.03382	0.5	68695	2323	67533	767490	11.17
2000-2009	78	0.03731	0.03663	0.5	66372	2431	65156	699957	10.55
2000-2009	79	0.04223	0.04136	0.5	63941	2644	62619	634800	9.93
2000-2009	80	0.04775	0.04664	0.5	61296	2859	59867	572182	9.33
2000-2009	81	0.05298	0.05161	0.5	58437	3016	56929	512315	8.77
2000-2009	82	0.05830	0.05665	0.5	55422	3140	53852	455385	8.22
2000-2009	83	0.06721	0.06502	0.5	52282	3400	50582	401534	7.68
2000-2009	84	0.07407	0.07143	0.5	48882	3492	47136	350952	7.18
2000-2009	85	0.08154	0.07835	0.5	45391	3556	43613	303815	6.69
2000-2009	86	0.09224	0.08817	0.5	41834	3689	39990	260203	6.22
2000-2009	87	0.10593	0.10060	0.5	38146	3838	36227	220213	5.77
2000-2009	88	0.11657	0.11015	0.5	34308	3779	32419	183986	5.36
2000-2009	89	0.13423	0.12579	0.5	30529	3840	28609	151567	4.96
2000-2009	90	0.15022	0.13972	0.5	26689	3729	24825	122958	4.61
2000-2009	91	0.16775	0.15477	0.5	22960	3553	21183	98133	4.27
2000-2009	92	0.18687	0.17090	0.5	19407	3317	17748	76950	3.97
2000-2009	93	0.20763	0.18810	0.5	16090	3027	14577	59201	3.68
2000-2009	94	0.23004	0.20631	0.5	13064	2695	11716	44625	3.42
2000-2009	95	0.25409	0.22545	0.5	10368	2338	9200	32909	3.17
2000-2009	96	0.27975	0.24542	0.5	8031	1971	7045	23709	2.95
2000-2009	97	0.30693	0.26609	0.5	6060	1613	5254	16664	2.75
2000-2009	98	0.33552	0.28732	0.5	4447	1278	3808	11410	2.57
2000-2009	99	0.36537	0.30893	0.5	3170	979	2680	7601	2.40
2000-2009	100	0.39630	0.33076	0.5	2190	724	1828	4921	2.25
2000-2009	101	0.42807	0.35260	0.5	1466	517	1207	3093	2.11
2000-2009	102	0.46045	0.37428	0.5	949	355	771	1886	1.99
2000-2009	103	0.49317	0.39561	0.5	594	235	476	1114	1.88
2000-2009	104	0.52594	0.41643	0.5	359	149	284	638	1.78
2000-2009	105	0.55850	0.43658	0.5	209	91	164	354	1.69
2000-2009	106	0.59055	0.45593	0.5	118	54	91	190	1.61
2000-2009	107	0.62186	0.47437	0.5	64	30	49	99	1.54
2000-2009	108	0.65218	0.49181	0.5	34	17	25	50	1.49
2000-2009	109	0.68132	0.50820	0.5	17	9	13	25	1.44
2000-2009	110+	0.70910	1.00000	1.41	8	8	12	12	1.41
2010-2019	0	0.00553	0.00550	0.07	100000	550	99487	8072942	80.73
2010-2019	1	0.00045	0.00045	0.5	99450	45	99427	7973454	80.18
2010-2019	2	0.00021	0.00021	0.5	99405	21	99394	7874027	79.21
2010-2019	3	0.00013	0.00013	0.5	99384	13	99377	7774633	78.23
2010-2019	4	0.00012	0.00012	0.5	99371	12	99365	7675255	77.24
2010-2019	5	0.00020	0.00020	0.5	99359	20	99349	7575891	76.25
2010-2019	6	0.00014	0.00014	0.5	99339	14	99332	7476542	75.26
2010-2019	7	0.00013	0.00013	0.5	99325	13	99319	7377210	74.27
2010-2019	8	0.00017	0.00017	0.5	99313	17	99304	7277891	73.28
2010-2019	9	0.00016	0.00016	0.5	99296	16	99288	7178586	72.30
2010-2019	10	0.00009	0.00009	0.5	99280	9	99276	7079299	71.31
2010-2019	11	0.00014	0.00014	0.5	99271	14	99265	6980023	70.31
2010-2019	12	0.00012	0.00012	0.5	99258	12	99252	6880758	69.32
2010-2019	13	0.00016	0.00016	0.5	99246	16	99238	6781506	68.33
2010-2019	14	0.00016	0.00016	0.5	99230	16	99222	6682268	67.34
2010-2019	15	0.00025	0.00025	0.5	99214	25	99202	6583046	66.35
2010-2019	16	0.00036	0.00036	0.5	99190	35	99172	6483844	65.37
2010-2019	17	0.00031	0.00031	0.5	99154	31	99139	6384672	64.39
2010-2019	18	0.00038	0.00038	0.5	99123	37	99105	6285533	63.41
2010-2019	19	0.00045	0.00045	0.5	99086	45	99064	6186429	62.43
2010-2019	20	0.00033	0.00033	0.5	99041	33	99025	6087365	61.46
2010-2019	21	0.00038	0.00038	0.5	99009	37	98990	5988340	60.48
2010-2019	22	0.00053	0.00053	0.5	98971	53	98945	5889350	59.51
2010-2019	23	0.00042	0.00042	0.5	98919	42	98898	5790405	58.54
2010-2019	24	0.00041	0.00041	0.5	98877	41	98857	5691507	57.56
2010-2019	25	0.00054	0.00054	0.5	98836	53	98810	5592650	56.58
2010-2019	26	0.00054	0.00054	0.5	98783	53	98757	5493840	55.62
2010-2019	27	0.00059	0.00059	0.5	98730	58	98701	5395083	54.64
2010-2019	28	0.00066	0.00066	0.5	98672	66	98640	5296382	53.68
2010-2019	29	0.00073	0.00073	0.5	98607	72	98571	5197742	52.71
2010-2019	30	0.00076	0.00076	0.5	98535	75	98497	5099172	51.75
2010-2019	31	0.00083	0.00083	0.5	98459	82	98418	5000675	50.79
2010-2019	32	0.00084	0.00084	0.5	98377	83	98336	4902256	49.83
2010-2019	33	0.00076	0.00075	0.5	98294	74	98257	4803921	48.87
2010-2019	34	0.00086	0.00086	0.5	98220	84	98178	4705664	47.91
2010-2019	35	0.00090	0.00090	0.5	98135	88	98091	4607486	46.95
2010-2019	36	0.00128	0.00128	0.5	98047	126	97984	4509395	45.99
2010-2019	37	0.00113	0.00113	0.5	97922	111	97866	4411410	45.05
2010-2019	38	0.00117	0.00117	0.5	97811	115	97754	4313544	44.10
2010-2019	39	0.00117	0.00117	0.5	97696	114	97639	4215790	43.15
2010-2019	40	0.00140	0.00139	0.5	97582	136	97514	4118151	42.20
2010-2019	41	0.00149	0.00149	0.5	97446	145	97374	4020637	41.26
2010-2019	42	0.00176	0.00176	0.5	97301	171	97216	3923263	40.32
2010-2019	43	0.00180	0.00180	0.5	97130	175	97043	3826048	39.39
2010-2019	44	0.00187	0.00187	0.5	96955	181	96865	3729005	38.46
2010-2019	45	0.00229	0.00229	0.5	96774	221	96663	3632140	37.53
2010-2019	46	0.00216	0.00216	0.5	96553	208	96448	3535477	36.62
2010-2019	47	0.00242	0.00242	0.5	96344	233	96228	3439029	35.70
2010-2019	48	0.00255	0.00255	0.5	96112	245	95989	3342801	34.78
2010-2019	49	0.00319	0.00319	0.5	95867	305	95714	3246812	33.87
2010-2019	50	0.00332	0.00332	0.5	95561	317	95403	3151098	32.97
2010-2019	51	0.00336	0.00336	0.5	95244	320	95085	3055695	32.08
2010-2019	52	0.00399	0.00398	0.5	94925	378	94736	2960610	31.19
2010-2019	53	0.00414	0.00413	0.5	94547	391	94352	2865874	30.31
2010-2019	54	0.00458	0.00457	0.5	94156	430	93941	2771523	29.44
2010-2019	55	0.00488	0.00487	0.5	93726	457	93498	2677582	28.57
2010-2019	56	0.00520	0.00519	0.5	93269	484	93027	2584084	27.71
2010-2019	57	0.00576	0.00575	0.5	92785	533	92519	2491057	26.85
2010-2019	58	0.00588	0.00587	0.5	92252	541	91982	2398538	26.00
2010-2019	59	0.00646	0.00644	0.5	91711	591	91416	2306556	25.15
2010-2019	60	0.00724	0.00721	0.5	91121	657	90792	2215140	24.31
2010-2019	61	0.00787	0.00783	0.5	90463	709	90109	2124348	23.48
2010-2019	62	0.00774	0.00771	0.5	89755	692	89409	2034239	22.66
2010-2019	63	0.00934	0.00929	0.5	89063	828	88649	1944831	21.84
2010-2019	64	0.00987	0.00982	0.5	88235	867	87802	1856182	21.04
2010-2019	65	0.01020	0.01015	0.5	87369	887	86925	1768380	20.24
2010-2019	66	0.01159	0.01152	0.5	86482	997	85983	1681455	19.44
2010-2019	67	0.01248	0.01240	0.5	85485	1060	84955	1595471	18.66
2010-2019	68	0.01345	0.01336	0.5	84425	1128	83861	1510516	17.89
2010-2019	69	0.01433	0.01423	0.5	83297	1185	82705	1426655	17.13
2010-2019	70	0.01694	0.01680	0.5	82112	1380	81422	1343950	16.37
2010-2019	71	0.01825	0.01809	0.5	80733	1460	80003	1262528	15.64
2010-2019	72	0.02019	0.01999	0.5	79273	1585	78480	1182525	14.92
2010-2019	73	0.02162	0.02139	0.5	77688	1662	76857	1104045	14.21
2010-2019	74	0.02386	0.02358	0.5	76026	1793	75130	1027188	13.51
2010-2019	75	0.02679	0.02643	0.5	74233	1962	73252	952058	12.83
2010-2019	76	0.03005	0.02960	0.5	72271	2139	71201	878806	12.16
2010-2019	77	0.03173	0.03123	0.5	70132	2190	69037	807604	11.52
2010-2019	78	0.03579	0.03516	0.5	67942	2389	66747	738568	10.87
2010-2019	79	0.04037	0.03957	0.5	65553	2594	64256	671820	10.25
2010-2019	80	0.04333	0.04241	0.5	62959	2670	61624	607565	9.65
2010-2019	81	0.04900	0.04783	0.5	60289	2883	58847	545941	9.06
2010-2019	82	0.05576	0.05424	0.5	57405	3114	55848	487094	8.49
2010-2019	83	0.06131	0.05949	0.5	54292	3230	52677	431245	7.94
2010-2019	84	0.06763	0.06542	0.5	51062	3341	49391	378568	7.41
2010-2019	85	0.07949	0.07646	0.5	47721	3649	45897	329177	6.90
2010-2019	86	0.08800	0.08430	0.5	44073	3715	42215	283280	6.43
2010-2019	87	0.09857	0.09394	0.5	40357	3791	38462	241065	5.97
2010-2019	88	0.11219	0.10623	0.5	36566	3884	34624	202603	5.54
2010-2019	89	0.12543	0.11803	0.5	32682	3857	30753	167979	5.14
2010-2019	90	0.14240	0.13293	0.5	28824	3832	26909	137226	4.76
2010-2019	91	0.15940	0.14763	0.5	24993	3690	23148	110317	4.41
2010-2019	92	0.17801	0.16346	0.5	21303	3482	19562	87170	4.09
2010-2019	93	0.19828	0.18040	0.5	17821	3215	16213	67608	3.79
2010-2019	94	0.22024	0.19839	0.5	14606	2898	13157	51394	3.52
2010-2019	95	0.24389	0.21738	0.5	11708	2545	10436	38237	3.27
2010-2019	96	0.26921	0.23727	0.5	9163	2174	8076	27801	3.03
2010-2019	97	0.29612	0.25793	0.5	6989	1803	6088	19725	2.82
2010-2019	98	0.32453	0.27922	0.5	5186	1448	4462	13638	2.63
2010-2019	99	0.35430	0.30098	0.5	3738	1125	3176	9176	2.45
2010-2019	100	0.38523	0.32302	0.5	2613	844	2191	6000	2.30
2010-2019	101	0.41713	0.34514	0.5	1769	611	1464	3809	2.15
2010-2019	102	0.44973	0.36717	0.5	1158	425	946	2345	2.02
2010-2019	103	0.48277	0.38889	0.5	733	285	591	1400	1.91
2010-2019	104	0.51596	0.41015	0.5	448	184	356	809	1.81
2010-2019	105	0.54901	0.43076	0.5	264	114	207	453	1.71
2010-2019	106	0.58163	0.45059	0.5	150	68	117	246	1.63
2010-2019	107	0.61356	0.46952	0.5	83	39	63	129	1.56
2010-2019	108	0.64453	0.48745	0.5	44	21	33	66	1.50
2010-2019	109	0.67435	0.50431	0.5	22	11	17	33	1.45
2010-2019	110+	0.70281	1.00000	1.42	11	11	16	16	1.42
2020-2022	0	0.00551	0.00548	0.07	100000	548	99490	7902429	79.02
2020-2022	1	0.00041	0.00041	0.5	99452	41	99432	7802940	78.46
2020-2022	2	0.00017	0.00017	0.5	99411	17	99403	7703508	77.49
2020-2022	3	0.00024	0.00024	0.5	99394	24	99382	7604105	76.50
2020-2022	4	0.00013	0.00013	0.5	99370	13	99364	7504723	75.52
2020-2022	5	0.00021	0.00021	0.5	99358	21	99347	7405359	74.53
2020-2022	6	0.00016	0.00016	0.5	99336	16	99328	7306012	73.55
2020-2022	7	0.00012	0.00012	0.5	99321	12	99315	7206683	72.56
2020-2022	8	0.00009	0.00009	0.5	99309	9	99304	7107369	71.57
2020-2022	9	0.00009	0.00009	0.5	99300	9	99296	7008065	70.57
2020-2022	10	0.00014	0.00014	0.5	99291	14	99284	6908769	69.58
2020-2022	11	0.00010	0.00010	0.5	99278	10	99273	6809484	68.59
2020-2022	12	0.00007	0.00007	0.5	99268	7	99264	6710212	67.60
2020-2022	13	0.00023	0.00023	0.5	99261	23	99250	6610947	66.60
2020-2022	14	0.00018	0.00018	0.5	99238	18	99230	6511698	65.62
2020-2022	15	0.00031	0.00031	0.5	99221	31	99205	6412468	64.63
2020-2022	16	0.00027	0.00027	0.5	99190	26	99176	6313263	63.65
2020-2022	17	0.00049	0.00049	0.5	99163	48	99139	6214087	62.67
2020-2022	18	0.00048	0.00048	0.5	99115	47	99091	6114948	61.70
2020-2022	19	0.00055	0.00055	0.5	99067	55	99040	6015857	60.72
2020-2022	20	0.00047	0.00047	0.5	99013	46	98990	5916817	59.76
2020-2022	21	0.00036	0.00036	0.5	98967	36	98949	5817827	58.79
2020-2022	22	0.00055	0.00055	0.5	98931	54	98904	5718878	57.81
2020-2022	23	0.00066	0.00066	0.5	98876	65	98844	5619975	56.84
2020-2022	24	0.00060	0.00060	0.5	98811	60	98782	5521131	55.88
2020-2022	25	0.00070	0.00070	0.5	98752	69	98717	5422349	54.91
2020-2022	26	0.00084	0.00084	0.5	98682	82	98641	5323632	53.95
2020-2022	27	0.00062	0.00062	0.5	98600	61	98569	5224991	52.99
2020-2022	28	0.00073	0.00073	0.5	98539	72	98503	5126422	52.02
2020-2022	29	0.00092	0.00092	0.5	98467	91	98422	5027919	51.06
2020-2022	30	0.00107	0.00107	0.5	98376	105	98324	4929497	50.11
2020-2022	31	0.00113	0.00113	0.5	98272	111	98216	4831173	49.16
2020-2022	32	0.00155	0.00155	0.5	98160	152	98085	4732957	48.22
2020-2022	33	0.00104	0.00104	0.5	98009	102	97958	4634872	47.29
2020-2022	34	0.00107	0.00107	0.5	97907	104	97855	4536914	46.34
2020-2022	35	0.00119	0.00119	0.5	97802	117	97744	4439060	45.39
2020-2022	36	0.00149	0.00149	0.5	97686	146	97613	4341316	44.44
2020-2022	37	0.00166	0.00165	0.5	97540	161	97459	4243703	43.51
2020-2022	38	0.00185	0.00184	0.5	97379	180	97289	4146244	42.58
2020-2022	39	0.00176	0.00176	0.5	97199	171	97113	4048955	41.66
2020-2022	40	0.00197	0.00197	0.5	97028	191	96932	3951842	40.73
2020-2022	41	0.00226	0.00225	0.5	96837	218	96727	3854910	39.81
2020-2022	42	0.00261	0.00261	0.5	96618	252	96492	3758182	38.90
2020-2022	43	0.00242	0.00242	0.5	96367	233	96250	3661690	38.00
2020-2022	44	0.00261	0.00261	0.5	96134	251	96008	3565440	37.09
2020-2022	45	0.00276	0.00275	0.5	95883	264	95751	3469431	36.18
2020-2022	46	0.00311	0.00311	0.5	95619	297	95470	3373680	35.28
2020-2022	47	0.00314	0.00313	0.5	95322	298	95173	3278210	34.39
2020-2022	48	0.00337	0.00336	0.5	95023	320	94863	3183037	33.50
2020-2022	49	0.00360	0.00359	0.5	94704	340	94534	3088174	32.61
2020-2022	50	0.00372	0.00372	0.5	94364	351	94188	2993640	31.72
2020-2022	51	0.00420	0.00419	0.5	94013	394	93816	2899452	30.84
2020-2022	52	0.00435	0.00434	0.5	93619	406	93416	2805636	29.97
2020-2022	53	0.00506	0.00504	0.5	93213	470	92978	2712220	29.10
2020-2022	54	0.00526	0.00524	0.5	92743	486	92500	2619242	28.24
2020-2022	55	0.00528	0.00527	0.5	92257	486	92013	2526743	27.39
2020-2022	56	0.00711	0.00709	0.5	91770	651	91445	2434729	26.53
2020-2022	57	0.00665	0.00663	0.5	91120	604	90818	2343284	25.72
2020-2022	58	0.00682	0.00680	0.5	90516	615	90208	2252466	24.88
2020-2022	59	0.00825	0.00821	0.5	89901	738	89532	2162258	24.05
2020-2022	60	0.00908	0.00904	0.5	89163	806	88759	2072726	23.25
2020-2022	61	0.00921	0.00917	0.5	88356	810	87951	1983967	22.45
2020-2022	62	0.01053	0.01048	0.5	87546	917	87088	1896015	21.66
2020-2022	63	0.01153	0.01146	0.5	86629	993	86133	1808927	20.88
2020-2022	64	0.01155	0.01148	0.5	85636	983	85145	1722794	20.12
2020-2022	65	0.01258	0.01250	0.5	84653	1058	84124	1637650	19.35
2020-2022	66	0.01424	0.01414	0.5	83595	1182	83004	1553526	18.58
2020-2022	67	0.01435	0.01425	0.5	82413	1174	81826	1470522	17.84
2020-2022	68	0.01595	0.01583	0.5	81239	1286	80596	1388696	17.09
2020-2022	69	0.01559	0.01547	0.5	79953	1237	79335	1308100	16.36
2020-2022	70	0.01949	0.01930	0.5	78716	1519	77957	1228766	15.61
2020-2022	71	0.01926	0.01908	0.5	77197	1473	76461	1150809	14.91
2020-2022	72	0.02139	0.02116	0.5	75724	1602	74923	1074348	14.19
2020-2022	73	0.02398	0.02370	0.5	74122	1756	73244	999425	13.48
2020-2022	74	0.02840	0.02800	0.5	72366	2026	71353	926181	12.80
2020-2022	75	0.02999	0.02954	0.5	70340	2078	69301	854828	12.15
2020-2022	76	0.03195	0.03145	0.5	68262	2147	67188	785528	11.51
2020-2022	77	0.03867	0.03794	0.5	66115	2508	64861	718339	10.87
2020-2022	78	0.04324	0.04233	0.5	63606	2692	62260	653479	10.27
2020-2022	79	0.04398	0.04303	0.5	60914	2621	59603	591219	9.71
2020-2022	80	0.05235	0.05102	0.5	58293	2974	56806	531615	9.12
2020-2022	81	0.05422	0.05279	0.5	55319	2920	53859	474810	8.58
2020-2022	82	0.06508	0.06303	0.5	52399	3303	50747	420951	8.03
2020-2022	83	0.06746	0.06525	0.5	49096	3204	47494	370204	7.54
2020-2022	84	0.07546	0.07272	0.5	45892	3337	44224	322710	7.03
2020-2022	85	0.08595	0.08241	0.5	42555	3507	40802	278486	6.54
2020-2022	86	0.09563	0.09127	0.5	39048	3564	37266	237685	6.09
2020-2022	87	0.11075	0.10494	0.5	35484	3724	33622	200418	5.65
2020-2022	88	0.12223	0.11519	0.5	31761	3659	29931	166796	5.25
2020-2022	89	0.13306	0.12476	0.5	28102	3506	26349	136865	4.87
2020-2022	90	0.15620	0.14488	0.5	24596	3564	22814	110515	4.49
2020-2022	91	0.17417	0.16022	0.5	21033	3370	19348	87701	4.17
2020-2022	92	0.19373	0.17662	0.5	17663	3120	16103	68353	3.87
2020-2022	93	0.21492	0.19406	0.5	14543	2822	13132	52250	3.59
2020-2022	94	0.23774	0.21248	0.5	11721	2490	10476	39118	3.34
2020-2022	95	0.26218	0.23179	0.5	9230	2140	8161	28643	3.10
2020-2022	96	0.28817	0.25188	0.5	7091	1786	6198	20482	2.89
2020-2022	97	0.31565	0.27262	0.5	5305	1446	4582	14284	2.69
2020-2022	98	0.34447	0.29386	0.5	3859	1134	3292	9702	2.51
2020-2022	99	0.37449	0.31543	0.5	2725	859	2295	6411	2.35
2020-2022	100	0.40550	0.33715	0.5	1865	629	1551	4116	2.21
2020-2022	101	0.43729	0.35883	0.5	1236	444	1015	2565	2.07
2020-2022	102	0.46960	0.38031	0.5	793	301	642	1550	1.96
2020-2022	103	0.50217	0.40139	0.5	491	197	393	908	1.85
2020-2022	104	0.53472	0.42192	0.5	294	124	232	516	1.75
2020-2022	105	0.56698	0.44175	0.5	170	75	132	284	1.67
2020-2022	106	0.59867	0.46075	0.5	95	44	73	151	1.59
2020-2022	107	0.62957	0.47884	0.5	51	25	39	78	1.53
2020-2022	108	0.65944	0.49592	0.5	27	13	20	39	1.47
2020-2022	109	0.68809	0.51195	0.5	13	7	10	19	1.43
2020-2022	110+	0.71537	1.00000	1.4	7	7	9	9	1.40
