IL: IL, Lifetables (period 1x10), Males Last modified: February 4 2025, MPv5 (May07) 

Year     	Age	mx	qx	ax	lx	dx	Lx	Tx	ex
1941-1949	0	0.03646	0.03536	0.14	100000	3536	96969	6390567	63.91
1941-1949	1	0.00303	0.00302	0.5	96464	291	96318	6293598	65.24
1941-1949	2	0.00188	0.00187	0.5	96173	180	96083	6197279	64.44
1941-1949	3	0.00140	0.00140	0.5	95992	135	95925	6101197	63.56
1941-1949	4	0.00113	0.00113	0.5	95858	108	95804	6005272	62.65
1941-1949	5	0.00104	0.00104	0.5	95749	100	95700	5909468	61.72
1941-1949	6	0.00102	0.00101	0.5	95650	97	95601	5813769	60.78
1941-1949	7	0.00100	0.00100	0.5	95553	95	95505	5718167	59.84
1941-1949	8	0.00097	0.00097	0.5	95457	93	95411	5622662	58.90
1941-1949	9	0.00093	0.00093	0.5	95365	89	95320	5527251	57.96
1941-1949	10	0.00089	0.00089	0.5	95276	85	95234	5431931	57.01
1941-1949	11	0.00089	0.00089	0.5	95191	85	95149	5336698	56.06
1941-1949	12	0.00094	0.00094	0.5	95106	90	95062	5241549	55.11
1941-1949	13	0.00104	0.00104	0.5	95017	99	94967	5146487	54.16
1941-1949	14	0.00118	0.00118	0.5	94918	112	94862	5051520	53.22
1941-1949	15	0.00135	0.00135	0.5	94806	128	94742	4956658	52.28
1941-1949	16	0.00150	0.00150	0.5	94678	142	94607	4861916	51.35
1941-1949	17	0.00162	0.00162	0.5	94536	153	94459	4767309	50.43
1941-1949	18	0.00172	0.00172	0.5	94383	162	94301	4672850	49.51
1941-1949	19	0.00180	0.00179	0.5	94220	169	94136	4578548	48.59
1941-1949	20	0.00185	0.00185	0.5	94051	174	93964	4484413	47.68
1941-1949	21	0.00190	0.00189	0.5	93877	178	93788	4390448	46.77
1941-1949	22	0.00193	0.00193	0.5	93699	180	93609	4296660	45.86
1941-1949	23	0.00195	0.00194	0.5	93519	182	93428	4203051	44.94
1941-1949	24	0.00195	0.00195	0.5	93337	182	93246	4109623	44.03
1941-1949	25	0.00195	0.00195	0.5	93155	182	93064	4016376	43.11
1941-1949	26	0.00197	0.00197	0.5	92974	183	92882	3923312	42.20
1941-1949	27	0.00202	0.00202	0.5	92790	187	92697	3830430	41.28
1941-1949	28	0.00210	0.00210	0.5	92603	195	92506	3737733	40.36
1941-1949	29	0.00221	0.00221	0.5	92408	204	92306	3645228	39.45
1941-1949	30	0.00235	0.00234	0.5	92204	216	92096	3552921	38.53
1941-1949	31	0.00249	0.00249	0.5	91988	229	91873	3460826	37.62
1941-1949	32	0.00267	0.00266	0.5	91758	244	91636	3368953	36.72
1941-1949	33	0.00286	0.00286	0.5	91514	262	91383	3277316	35.81
1941-1949	34	0.00309	0.00308	0.5	91252	281	91112	3185933	34.91
1941-1949	35	0.00335	0.00334	0.5	90971	304	90819	3094821	34.02
1941-1949	36	0.00363	0.00362	0.5	90667	328	90503	3004002	33.13
1941-1949	37	0.00395	0.00394	0.5	90339	356	90161	2913500	32.25
1941-1949	38	0.00433	0.00432	0.5	89983	389	89788	2823339	31.38
1941-1949	39	0.00476	0.00475	0.5	89594	426	89381	2733551	30.51
1941-1949	40	0.00521	0.00519	0.5	89168	463	88937	2644170	29.65
1941-1949	41	0.00565	0.00564	0.5	88705	500	88455	2555233	28.81
1941-1949	42	0.00619	0.00617	0.5	88205	545	87933	2466778	27.97
1941-1949	43	0.00680	0.00677	0.5	87660	594	87364	2378846	27.14
1941-1949	44	0.00739	0.00736	0.5	87067	641	86746	2291482	26.32
1941-1949	45	0.00807	0.00804	0.5	86426	695	86078	2204736	25.51
1941-1949	46	0.00879	0.00875	0.5	85731	750	85356	2118658	24.71
1941-1949	47	0.00957	0.00953	0.5	84981	809	84576	2033302	23.93
1941-1949	48	0.01049	0.01043	0.5	84171	878	83732	1948726	23.15
1941-1949	49	0.01157	0.01151	0.5	83293	958	82814	1864994	22.39
1941-1949	50	0.01283	0.01275	0.5	82335	1050	81810	1782180	21.65
1941-1949	51	0.01394	0.01384	0.5	81285	1125	80722	1700370	20.92
1941-1949	52	0.01507	0.01496	0.5	80160	1199	79560	1619647	20.21
1941-1949	53	0.01630	0.01617	0.5	78961	1277	78322	1540087	19.50
1941-1949	54	0.01757	0.01742	0.5	77684	1353	77007	1461765	18.82
1941-1949	55	0.01900	0.01883	0.5	76331	1437	75612	1384758	18.14
1941-1949	56	0.02044	0.02023	0.5	74894	1515	74136	1309145	17.48
1941-1949	57	0.02196	0.02172	0.5	73378	1594	72581	1235009	16.83
1941-1949	58	0.02362	0.02334	0.5	71784	1675	70947	1162428	16.19
1941-1949	59	0.02534	0.02502	0.5	70109	1754	69232	1091481	15.57
1941-1949	60	0.02726	0.02690	0.5	68355	1838	67435	1022250	14.96
1941-1949	61	0.02920	0.02878	0.5	66516	1914	65559	954814	14.35
1941-1949	62	0.03144	0.03095	0.5	64602	1999	63602	889255	13.77
1941-1949	63	0.03398	0.03341	0.5	62603	2091	61557	825653	13.19
1941-1949	64	0.03652	0.03586	0.5	60511	2170	59426	764096	12.63
1941-1949	65	0.03944	0.03868	0.5	58341	2256	57213	704670	12.08
1941-1949	66	0.04237	0.04149	0.5	56085	2327	54921	647456	11.54
1941-1949	67	0.04562	0.04460	0.5	53758	2398	52559	592535	11.02
1941-1949	68	0.04945	0.04825	0.5	51360	2478	50121	539976	10.51
1941-1949	69	0.05331	0.05192	0.5	48882	2538	47613	489855	10.02
1941-1949	70	0.05761	0.05599	0.5	46344	2595	45046	442242	9.54
1941-1949	71	0.06169	0.05984	0.5	43749	2618	42440	397196	9.08
1941-1949	72	0.06643	0.06430	0.5	41131	2645	39809	354756	8.63
1941-1949	73	0.07213	0.06961	0.5	38486	2679	37147	314947	8.18
1941-1949	74	0.07806	0.07513	0.5	35807	2690	34462	277801	7.76
1941-1949	75	0.08493	0.08147	0.5	33117	2698	31768	243339	7.35
1941-1949	76	0.09180	0.08777	0.5	30419	2670	29084	211571	6.96
1941-1949	77	0.09885	0.09419	0.5	27749	2614	26442	182487	6.58
1941-1949	78	0.10763	0.10214	0.5	25135	2567	23852	156045	6.21
1941-1949	79	0.11744	0.11092	0.5	22568	2503	21316	132194	5.86
1941-1949	80	0.12659	0.11905	0.5	20065	2389	18870	110877	5.53
1941-1949	81	0.13821	0.12928	0.5	17676	2285	16533	92007	5.21
1941-1949	82	0.15079	0.14022	0.5	15391	2158	14312	75474	4.90
1941-1949	83	0.16413	0.15169	0.5	13233	2007	12229	61162	4.62
1941-1949	84	0.17783	0.16331	0.5	11226	1833	10309	48933	4.36
1941-1949	85	0.19152	0.17478	0.5	9392	1642	8572	38624	4.11
1941-1949	86	0.20658	0.18724	0.5	7751	1451	7025	30052	3.88
1941-1949	87	0.22357	0.20109	0.5	6300	1267	5666	23027	3.66
1941-1949	88	0.24238	0.21618	0.5	5033	1088	4489	17361	3.45
1941-1949	89	0.26209	0.23172	0.5	3945	914	3488	12872	3.26
1941-1949	90	0.28040	0.24592	0.5	3031	745	2658	9384	3.10
1941-1949	91	0.29572	0.25762	0.5	2285	589	1991	6726	2.94
1941-1949	92	0.31491	0.27207	0.5	1697	462	1466	4735	2.79
1941-1949	93	0.33582	0.28754	0.5	1235	355	1057	3270	2.65
1941-1949	94	0.35738	0.30320	0.5	880	267	747	2212	2.51
1941-1949	95	0.37954	0.31901	0.5	613	196	515	1466	2.39
1941-1949	96	0.40222	0.33487	0.5	418	140	348	950	2.28
1941-1949	97	0.42532	0.35073	0.5	278	97	229	603	2.17
1941-1949	98	0.44875	0.36651	0.5	180	66	147	374	2.07
1941-1949	99	0.47241	0.38215	0.5	114	44	92	226	1.98
1941-1949	100	0.49620	0.39756	0.5	71	28	57	134	1.90
1941-1949	101	0.52000	0.41270	0.5	43	18	34	78	1.82
1941-1949	102	0.54371	0.42749	0.5	25	11	20	44	1.75
1941-1949	103	0.56723	0.44190	0.5	14	6	11	24	1.69
1941-1949	104	0.59044	0.45586	0.5	8	4	6	13	1.63
1941-1949	105	0.61327	0.46935	0.5	4	2	3	7	1.58
1941-1949	106	0.63560	0.48232	0.5	2	1	2	4	1.53
1941-1949	107	0.65736	0.49475	0.5	1	1	1	2	1.48
1941-1949	108	0.67849	0.50662	0.5	1	0	0	1	1.44
1941-1949	109	0.69890	0.51792	0.5	0	0	0	0	1.41
1941-1949	110+	0.71856	1.00000	1.39	0	0	0	0	1.39
1950-1959	0	0.02938	0.02864	0.12	100000	2864	97491	6601243	66.01
1950-1959	1	0.00193	0.00193	0.5	97136	187	97042	6503752	66.96
1950-1959	2	0.00120	0.00120	0.5	96949	117	96890	6406710	66.08
1950-1959	3	0.00095	0.00095	0.5	96832	92	96786	6309819	65.16
1950-1959	4	0.00072	0.00072	0.5	96740	70	96705	6213033	64.22
1950-1959	5	0.00067	0.00067	0.5	96670	64	96638	6116328	63.27
1950-1959	6	0.00064	0.00064	0.5	96606	62	96575	6019690	62.31
1950-1959	7	0.00061	0.00061	0.5	96544	59	96515	5923115	61.35
1950-1959	8	0.00057	0.00057	0.5	96485	55	96458	5826600	60.39
1950-1959	9	0.00055	0.00055	0.5	96430	53	96404	5730142	59.42
1950-1959	10	0.00052	0.00052	0.5	96377	50	96352	5633738	58.45
1950-1959	11	0.00054	0.00054	0.5	96327	52	96301	5537386	57.49
1950-1959	12	0.00060	0.00059	0.5	96275	57	96246	5441085	56.52
1950-1959	13	0.00068	0.00068	0.5	96218	66	96185	5344839	55.55
1950-1959	14	0.00080	0.00080	0.5	96152	77	96113	5248654	54.59
1950-1959	15	0.00100	0.00100	0.5	96075	96	96027	5152540	53.63
1950-1959	16	0.00117	0.00117	0.5	95979	113	95922	5056513	52.68
1950-1959	17	0.00139	0.00138	0.5	95866	133	95800	4960591	51.75
1950-1959	18	0.00152	0.00152	0.5	95733	146	95660	4864791	50.82
1950-1959	19	0.00163	0.00163	0.5	95588	156	95509	4769131	49.89
1950-1959	20	0.00167	0.00166	0.5	95431	159	95352	4673621	48.97
1950-1959	21	0.00172	0.00172	0.5	95273	164	95191	4578269	48.05
1950-1959	22	0.00171	0.00171	0.5	95109	163	95027	4483079	47.14
1950-1959	23	0.00175	0.00175	0.5	94946	166	94863	4388052	46.22
1950-1959	24	0.00177	0.00177	0.5	94780	168	94696	4293189	45.30
1950-1959	25	0.00178	0.00178	0.5	94613	168	94528	4198492	44.38
1950-1959	26	0.00177	0.00177	0.5	94444	167	94360	4103964	43.45
1950-1959	27	0.00180	0.00180	0.5	94277	169	94192	4009604	42.53
1950-1959	28	0.00178	0.00177	0.5	94107	167	94024	3915412	41.61
1950-1959	29	0.00181	0.00181	0.5	93940	170	93855	3821388	40.68
1950-1959	30	0.00188	0.00187	0.5	93770	176	93683	3727532	39.75
1950-1959	31	0.00195	0.00195	0.5	93595	182	93503	3633850	38.83
1950-1959	32	0.00203	0.00203	0.5	93412	190	93318	3540346	37.90
1950-1959	33	0.00218	0.00218	0.5	93223	203	93121	3447029	36.98
1950-1959	34	0.00236	0.00236	0.5	93020	219	92910	3353908	36.06
1950-1959	35	0.00250	0.00250	0.5	92800	232	92684	3260997	35.14
1950-1959	36	0.00278	0.00278	0.5	92568	257	92440	3168313	34.23
1950-1959	37	0.00308	0.00307	0.5	92311	284	92170	3075873	33.32
1950-1959	38	0.00337	0.00336	0.5	92028	310	91873	2983703	32.42
1950-1959	39	0.00368	0.00367	0.5	91718	337	91550	2891830	31.53
1950-1959	40	0.00409	0.00408	0.5	91381	373	91195	2800280	30.64
1950-1959	41	0.00445	0.00444	0.5	91009	404	90807	2709085	29.77
1950-1959	42	0.00498	0.00497	0.5	90604	450	90379	2618279	28.90
1950-1959	43	0.00551	0.00550	0.5	90154	496	89907	2527899	28.04
1950-1959	44	0.00610	0.00608	0.5	89659	545	89386	2437993	27.19
1950-1959	45	0.00674	0.00672	0.5	89114	599	88814	2348606	26.36
1950-1959	46	0.00753	0.00750	0.5	88515	664	88183	2259792	25.53
1950-1959	47	0.00832	0.00828	0.5	87851	728	87487	2171609	24.72
1950-1959	48	0.00918	0.00914	0.5	87123	796	86725	2084122	23.92
1950-1959	49	0.00995	0.00990	0.5	86327	854	85900	1997397	23.14
1950-1959	50	0.01090	0.01084	0.5	85473	926	85010	1911497	22.36
1950-1959	51	0.01188	0.01181	0.5	84546	999	84047	1826487	21.60
1950-1959	52	0.01301	0.01292	0.5	83548	1080	83008	1742441	20.86
1950-1959	53	0.01418	0.01408	0.5	82468	1161	81887	1659433	20.12
1950-1959	54	0.01539	0.01527	0.5	81307	1242	80686	1577546	19.40
1950-1959	55	0.01704	0.01690	0.5	80065	1353	79388	1496860	18.70
1950-1959	56	0.01840	0.01823	0.5	78712	1435	77994	1417472	18.01
1950-1959	57	0.01990	0.01971	0.5	77276	1523	76515	1339478	17.33
1950-1959	58	0.02168	0.02145	0.5	75754	1625	74941	1262963	16.67
1950-1959	59	0.02371	0.02343	0.5	74129	1737	73260	1188022	16.03
1950-1959	60	0.02560	0.02528	0.5	72392	1830	71477	1114761	15.40
1950-1959	61	0.02757	0.02720	0.5	70562	1919	69602	1043285	14.79
1950-1959	62	0.02971	0.02927	0.5	68643	2009	67638	973682	14.18
1950-1959	63	0.03231	0.03180	0.5	66634	2119	65574	906044	13.60
1950-1959	64	0.03493	0.03433	0.5	64515	2215	63407	840470	13.03
1950-1959	65	0.03824	0.03752	0.5	62300	2337	61131	777062	12.47
1950-1959	66	0.04133	0.04049	0.5	59962	2428	58748	715932	11.94
1950-1959	67	0.04452	0.04355	0.5	57534	2506	56282	657183	11.42
1950-1959	68	0.04757	0.04647	0.5	55029	2557	53750	600902	10.92
1950-1959	69	0.05111	0.04983	0.5	52472	2615	51164	547152	10.43
1950-1959	70	0.05446	0.05302	0.5	49857	2643	48535	495987	9.95
1950-1959	71	0.05827	0.05662	0.5	47214	2673	45877	447452	9.48
1950-1959	72	0.06309	0.06116	0.5	44540	2724	43178	401575	9.02
1950-1959	73	0.06702	0.06485	0.5	41816	2712	40460	358397	8.57
1950-1959	74	0.07296	0.07039	0.5	39104	2753	37728	317937	8.13
1950-1959	75	0.07981	0.07674	0.5	36352	2790	34957	280209	7.71
1950-1959	76	0.08507	0.08160	0.5	33562	2739	32193	245252	7.31
1950-1959	77	0.09226	0.08819	0.5	30823	2718	29464	213060	6.91
1950-1959	78	0.09993	0.09517	0.5	28105	2675	26768	183596	6.53
1950-1959	79	0.10819	0.10264	0.5	25430	2610	24125	156828	6.17
1950-1959	80	0.11965	0.11290	0.5	22820	2576	21532	132703	5.82
1950-1959	81	0.12887	0.12107	0.5	20244	2451	19018	111171	5.49
1950-1959	82	0.13887	0.12985	0.5	17793	2310	16638	92153	5.18
1950-1959	83	0.15233	0.14155	0.5	15482	2192	14387	75515	4.88
1950-1959	84	0.16481	0.15226	0.5	13291	2024	12279	61129	4.60
1950-1959	85	0.17765	0.16316	0.5	11267	1838	10348	48850	4.34
1950-1959	86	0.19154	0.17480	0.5	9429	1648	8605	38502	4.08
1950-1959	87	0.20725	0.18779	0.5	7781	1461	7050	29897	3.84
1950-1959	88	0.22785	0.20455	0.5	6320	1293	5673	22847	3.62
1950-1959	89	0.24649	0.21945	0.5	5027	1103	4475	17174	3.42
1950-1959	90	0.26595	0.23473	0.5	3924	921	3463	12698	3.24
1950-1959	91	0.27930	0.24507	0.5	3003	736	2635	9235	3.08
1950-1959	92	0.29869	0.25988	0.5	2267	589	1972	6600	2.91
1950-1959	93	0.31918	0.27525	0.5	1678	462	1447	4628	2.76
1950-1959	94	0.34039	0.29089	0.5	1216	354	1039	3181	2.62
1950-1959	95	0.36227	0.30671	0.5	862	264	730	2142	2.48
1950-1959	96	0.38473	0.32266	0.5	598	193	501	1412	2.36
1950-1959	97	0.40769	0.33866	0.5	405	137	336	911	2.25
1950-1959	98	0.43106	0.35463	0.5	268	95	220	574	2.14
1950-1959	99	0.45475	0.37051	0.5	173	64	141	354	2.05
1950-1959	100	0.47864	0.38621	0.5	109	42	88	213	1.96
1950-1959	101	0.50263	0.40168	0.5	67	27	53	125	1.88
1950-1959	102	0.52661	0.41685	0.5	40	17	32	72	1.80
1950-1959	103	0.55046	0.43166	0.5	23	10	18	40	1.73
1950-1959	104	0.57409	0.44605	0.5	13	6	10	22	1.67
1950-1959	105	0.59738	0.45998	0.5	7	3	6	12	1.61
1950-1959	106	0.62024	0.47342	0.5	4	2	3	6	1.56
1950-1959	107	0.64258	0.48633	0.5	2	1	2	3	1.51
1950-1959	108	0.66431	0.49867	0.5	1	1	1	2	1.47
1950-1959	109	0.68537	0.51045	0.5	1	0	0	1	1.44
1950-1959	110+	0.70570	1.00000	1.42	0	0	0	0	1.42
1960-1969	0	0.02769	0.02703	0.12	100000	2703	97620	6633121	66.33
1960-1969	1	0.00155	0.00155	0.5	97297	150	97222	6535501	67.17
1960-1969	2	0.00106	0.00106	0.5	97147	103	97095	6438279	66.27
1960-1969	3	0.00082	0.00082	0.5	97043	80	97004	6341184	65.34
1960-1969	4	0.00071	0.00071	0.5	96964	69	96929	6244181	64.40
1960-1969	5	0.00060	0.00060	0.5	96895	58	96866	6147251	63.44
1960-1969	6	0.00052	0.00052	0.5	96837	50	96812	6050385	62.48
1960-1969	7	0.00048	0.00048	0.5	96787	46	96764	5953573	61.51
1960-1969	8	0.00046	0.00046	0.5	96741	44	96719	5856810	60.54
1960-1969	9	0.00048	0.00048	0.5	96697	46	96674	5760091	59.57
1960-1969	10	0.00038	0.00038	0.5	96650	36	96632	5663417	58.60
1960-1969	11	0.00043	0.00043	0.5	96614	41	96593	5566785	57.62
1960-1969	12	0.00049	0.00049	0.5	96573	47	96549	5470192	56.64
1960-1969	13	0.00053	0.00053	0.5	96526	51	96500	5373642	55.67
1960-1969	14	0.00067	0.00067	0.5	96475	65	96442	5277142	54.70
1960-1969	15	0.00083	0.00083	0.5	96410	80	96370	5180700	53.74
1960-1969	16	0.00114	0.00114	0.5	96329	110	96274	5084331	52.78
1960-1969	17	0.00139	0.00139	0.5	96219	134	96152	4988056	51.84
1960-1969	18	0.00158	0.00158	0.5	96086	152	96010	4891904	50.91
1960-1969	19	0.00185	0.00185	0.5	95934	178	95845	4795894	49.99
1960-1969	20	0.00182	0.00182	0.5	95756	174	95669	4700050	49.08
1960-1969	21	0.00188	0.00188	0.5	95582	180	95492	4604381	48.17
1960-1969	22	0.00187	0.00187	0.5	95402	178	95313	4508888	47.26
1960-1969	23	0.00185	0.00185	0.5	95224	176	95136	4413575	46.35
1960-1969	24	0.00180	0.00180	0.5	95048	171	94963	4318439	45.43
1960-1969	25	0.00180	0.00180	0.5	94877	170	94792	4223476	44.52
1960-1969	26	0.00182	0.00182	0.5	94707	172	94621	4128684	43.59
1960-1969	27	0.00189	0.00189	0.5	94535	178	94445	4034064	42.67
1960-1969	28	0.00186	0.00186	0.5	94356	175	94269	3939618	41.75
1960-1969	29	0.00197	0.00197	0.5	94181	185	94088	3845350	40.83
1960-1969	30	0.00195	0.00194	0.5	93996	183	93904	3751261	39.91
1960-1969	31	0.00202	0.00202	0.5	93813	190	93718	3657357	38.99
1960-1969	32	0.00220	0.00219	0.5	93623	205	93521	3563639	38.06
1960-1969	33	0.00226	0.00225	0.5	93418	211	93313	3470118	37.15
1960-1969	34	0.00248	0.00248	0.5	93207	231	93092	3376806	36.23
1960-1969	35	0.00271	0.00271	0.5	92976	252	92850	3283714	35.32
1960-1969	36	0.00298	0.00298	0.5	92725	276	92587	3190863	34.41
1960-1969	37	0.00304	0.00304	0.5	92449	281	92308	3098277	33.51
1960-1969	38	0.00346	0.00345	0.5	92168	318	92009	3005968	32.61
1960-1969	39	0.00366	0.00365	0.5	91850	335	91682	2913960	31.73
1960-1969	40	0.00426	0.00425	0.5	91515	389	91320	2822277	30.84
1960-1969	41	0.00435	0.00434	0.5	91125	396	90928	2730957	29.97
1960-1969	42	0.00487	0.00485	0.5	90730	440	90510	2640029	29.10
1960-1969	43	0.00546	0.00544	0.5	90290	492	90044	2549520	28.24
1960-1969	44	0.00569	0.00568	0.5	89798	510	89543	2459476	27.39
1960-1969	45	0.00672	0.00670	0.5	89288	598	88989	2369933	26.54
1960-1969	46	0.00683	0.00681	0.5	88690	604	88388	2280943	25.72
1960-1969	47	0.00773	0.00770	0.5	88086	678	87747	2192555	24.89
1960-1969	48	0.00854	0.00851	0.5	87408	744	87036	2104808	24.08
1960-1969	49	0.00928	0.00924	0.5	86664	801	86264	2017772	23.28
1960-1969	50	0.01104	0.01098	0.5	85864	942	85392	1931508	22.50
1960-1969	51	0.01135	0.01129	0.5	84921	959	84442	1846116	21.74
1960-1969	52	0.01279	0.01271	0.5	83963	1067	83429	1761674	20.98
1960-1969	53	0.01374	0.01365	0.5	82896	1131	82330	1678245	20.25
1960-1969	54	0.01512	0.01501	0.5	81764	1227	81151	1595914	19.52
1960-1969	55	0.01665	0.01652	0.5	80537	1330	79872	1514764	18.81
1960-1969	56	0.01774	0.01759	0.5	79207	1393	78510	1434892	18.12
1960-1969	57	0.01942	0.01924	0.5	77814	1497	77065	1356381	17.43
1960-1969	58	0.02098	0.02076	0.5	76317	1584	75525	1279316	16.76
1960-1969	59	0.02293	0.02267	0.5	74732	1694	73885	1203791	16.11
1960-1969	60	0.02575	0.02542	0.5	73038	1857	72110	1129906	15.47
1960-1969	61	0.02668	0.02633	0.5	71182	1874	70244	1057796	14.86
1960-1969	62	0.02936	0.02894	0.5	69307	2006	68304	987552	14.25
1960-1969	63	0.03202	0.03151	0.5	67302	2121	66241	919247	13.66
1960-1969	64	0.03388	0.03332	0.5	65181	2172	64095	853006	13.09
1960-1969	65	0.03854	0.03781	0.5	63009	2382	61818	788911	12.52
1960-1969	66	0.03905	0.03830	0.5	60627	2322	59466	727093	11.99
1960-1969	67	0.04351	0.04258	0.5	58304	2483	57063	667628	11.45
1960-1969	68	0.04655	0.04549	0.5	55822	2539	54552	610565	10.94
1960-1969	69	0.04877	0.04761	0.5	53282	2537	52014	556013	10.44
1960-1969	70	0.05676	0.05519	0.5	50746	2801	49345	503999	9.93
1960-1969	71	0.05717	0.05558	0.5	47945	2665	46612	454653	9.48
1960-1969	72	0.06449	0.06248	0.5	45280	2829	43866	408041	9.01
1960-1969	73	0.06834	0.06608	0.5	42451	2805	41048	364175	8.58
1960-1969	74	0.07405	0.07141	0.5	39646	2831	38230	323127	8.15
1960-1969	75	0.08208	0.07884	0.5	36815	2903	35363	284897	7.74
1960-1969	76	0.08428	0.08087	0.5	33912	2743	32541	249533	7.36
1960-1969	77	0.09208	0.08803	0.5	31170	2744	29798	216992	6.96
1960-1969	78	0.09744	0.09291	0.5	28426	2641	27105	187195	6.59
1960-1969	79	0.10457	0.09938	0.5	25785	2562	24503	160089	6.21
1960-1969	80	0.12025	0.11343	0.5	23222	2634	21905	135586	5.84
1960-1969	81	0.12433	0.11705	0.5	20588	2410	19383	113681	5.52
1960-1969	82	0.13942	0.13033	0.5	18178	2369	16994	94297	5.19
1960-1969	83	0.15283	0.14198	0.5	15809	2245	14687	77304	4.89
1960-1969	84	0.16807	0.15505	0.5	13565	2103	12513	62617	4.62
1960-1969	85	0.17702	0.16263	0.5	11461	1864	10529	50104	4.37
1960-1969	86	0.18902	0.17270	0.5	9597	1657	8769	39575	4.12
1960-1969	87	0.20756	0.18805	0.5	7940	1493	7193	30806	3.88
1960-1969	88	0.22437	0.20174	0.5	6447	1301	5797	23612	3.66
1960-1969	89	0.23722	0.21206	0.5	5146	1091	4601	17816	3.46
1960-1969	90	0.25582	0.22681	0.5	4055	920	3595	13215	3.26
1960-1969	91	0.27987	0.24551	0.5	3135	770	2750	9620	3.07
1960-1969	92	0.30417	0.26402	0.5	2365	625	2053	6870	2.90
1960-1969	93	0.31801	0.27438	0.5	1741	478	1502	4817	2.77
1960-1969	94	0.33919	0.29001	0.5	1263	366	1080	3315	2.62
1960-1969	95	0.36103	0.30583	0.5	897	274	760	2234	2.49
1960-1969	96	0.38346	0.32177	0.5	623	200	522	1475	2.37
1960-1969	97	0.40640	0.33777	0.5	422	143	351	952	2.25
1960-1969	98	0.42976	0.35375	0.5	280	99	230	601	2.15
1960-1969	99	0.45343	0.36963	0.5	181	67	147	371	2.05
1960-1969	100	0.47732	0.38535	0.5	114	44	92	224	1.96
1960-1969	101	0.50131	0.40084	0.5	70	28	56	132	1.88
1960-1969	102	0.52529	0.41602	0.5	42	17	33	76	1.81
1960-1969	103	0.54916	0.43085	0.5	25	11	19	43	1.74
1960-1969	104	0.57280	0.44527	0.5	14	6	11	23	1.67
1960-1969	105	0.59612	0.45924	0.5	8	4	6	12	1.62
1960-1969	106	0.61900	0.47270	0.5	4	2	3	7	1.56
1960-1969	107	0.64138	0.48564	0.5	2	1	2	3	1.52
1960-1969	108	0.66315	0.49802	0.5	1	1	1	2	1.47
1960-1969	109	0.68425	0.50983	0.5	1	0	0	1	1.44
1960-1969	110+	0.70462	1.00000	1.42	0	0	0	0	1.42
1970-1979	0	0.02130	0.02090	0.1	100000	2090	98124	6771466	67.71
1970-1979	1	0.00124	0.00124	0.5	97910	121	97850	6673342	68.16
1970-1979	2	0.00084	0.00084	0.5	97789	82	97748	6575493	67.24
1970-1979	3	0.00068	0.00068	0.5	97707	66	97674	6477745	66.30
1970-1979	4	0.00057	0.00057	0.5	97641	55	97613	6380071	65.34
1970-1979	5	0.00051	0.00051	0.5	97585	49	97560	6282458	64.38
1970-1979	6	0.00045	0.00045	0.5	97536	44	97514	6184898	63.41
1970-1979	7	0.00042	0.00042	0.5	97492	41	97472	6087384	62.44
1970-1979	8	0.00039	0.00039	0.5	97451	38	97432	5989912	61.47
1970-1979	9	0.00036	0.00036	0.5	97414	35	97396	5892480	60.49
1970-1979	10	0.00039	0.00039	0.5	97379	38	97360	5795083	59.51
1970-1979	11	0.00037	0.00037	0.5	97341	36	97323	5697723	58.53
1970-1979	12	0.00040	0.00040	0.5	97305	38	97286	5600400	57.55
1970-1979	13	0.00048	0.00048	0.5	97267	46	97244	5503114	56.58
1970-1979	14	0.00063	0.00063	0.5	97220	62	97190	5405870	55.60
1970-1979	15	0.00080	0.00080	0.5	97159	78	97120	5308681	54.64
1970-1979	16	0.00118	0.00118	0.5	97081	115	97024	5211561	53.68
1970-1979	17	0.00145	0.00145	0.5	96966	141	96896	5114537	52.75
1970-1979	18	0.00187	0.00186	0.5	96826	181	96735	5017641	51.82
1970-1979	19	0.00210	0.00210	0.5	96645	203	96544	4920906	50.92
1970-1979	20	0.00213	0.00213	0.5	96442	205	96339	4824362	50.02
1970-1979	21	0.00222	0.00221	0.5	96237	213	96130	4728023	49.13
1970-1979	22	0.00237	0.00237	0.5	96024	227	95910	4631893	48.24
1970-1979	23	0.00227	0.00227	0.5	95797	217	95688	4535982	47.35
1970-1979	24	0.00227	0.00227	0.5	95579	217	95471	4440295	46.46
1970-1979	25	0.00214	0.00214	0.5	95363	204	95261	4344824	45.56
1970-1979	26	0.00203	0.00202	0.5	95159	193	95063	4249563	44.66
1970-1979	27	0.00207	0.00206	0.5	94967	196	94868	4154500	43.75
1970-1979	28	0.00198	0.00198	0.5	94770	187	94677	4059631	42.84
1970-1979	29	0.00187	0.00187	0.5	94583	177	94495	3964955	41.92
1970-1979	30	0.00206	0.00205	0.5	94406	194	94309	3870460	41.00
1970-1979	31	0.00201	0.00201	0.5	94212	189	94118	3776151	40.08
1970-1979	32	0.00207	0.00206	0.5	94023	194	93926	3682033	39.16
1970-1979	33	0.00220	0.00219	0.5	93829	206	93726	3588108	38.24
1970-1979	34	0.00227	0.00227	0.5	93623	212	93517	3494382	37.32
1970-1979	35	0.00256	0.00256	0.5	93411	239	93291	3400865	36.41
1970-1979	36	0.00271	0.00271	0.5	93172	253	93046	3307574	35.50
1970-1979	37	0.00299	0.00299	0.5	92919	278	92781	3214528	34.59
1970-1979	38	0.00307	0.00307	0.5	92642	284	92500	3121748	33.70
1970-1979	39	0.00341	0.00340	0.5	92358	314	92201	3029248	32.80
1970-1979	40	0.00380	0.00379	0.5	92043	349	91869	2937048	31.91
1970-1979	41	0.00400	0.00399	0.5	91695	366	91512	2845178	31.03
1970-1979	42	0.00450	0.00449	0.5	91329	410	91124	2753666	30.15
1970-1979	43	0.00485	0.00484	0.5	90919	440	90699	2662542	29.28
1970-1979	44	0.00509	0.00508	0.5	90479	459	90249	2571843	28.42
1970-1979	45	0.00624	0.00622	0.5	90020	560	89740	2481594	27.57
1970-1979	46	0.00668	0.00666	0.5	89460	595	89162	2391854	26.74
1970-1979	47	0.00712	0.00710	0.5	88864	631	88549	2302692	25.91
1970-1979	48	0.00774	0.00771	0.5	88233	681	87893	2214144	25.09
1970-1979	49	0.00879	0.00875	0.5	87553	766	87170	2126251	24.29
1970-1979	50	0.00938	0.00934	0.5	86786	810	86381	2039081	23.50
1970-1979	51	0.01010	0.01005	0.5	85976	864	85544	1952700	22.71
1970-1979	52	0.01114	0.01107	0.5	85112	942	84641	1867156	21.94
1970-1979	53	0.01173	0.01167	0.5	84169	982	83679	1782515	21.18
1970-1979	54	0.01304	0.01296	0.5	83188	1078	82649	1698836	20.42
1970-1979	55	0.01441	0.01430	0.5	82110	1174	81523	1616188	19.68
1970-1979	56	0.01552	0.01540	0.5	80936	1246	80312	1534665	18.96
1970-1979	57	0.01692	0.01678	0.5	79689	1337	79020	1454353	18.25
1970-1979	58	0.01869	0.01851	0.5	78352	1450	77626	1375332	17.55
1970-1979	59	0.02011	0.01991	0.5	76901	1531	76136	1297706	16.87
1970-1979	60	0.02282	0.02256	0.5	75370	1701	74520	1221570	16.21
1970-1979	61	0.02318	0.02291	0.5	73669	1688	72825	1147051	15.57
1970-1979	62	0.02631	0.02597	0.5	71981	1869	71046	1074225	14.92
1970-1979	63	0.02881	0.02840	0.5	70112	1991	69116	1003179	14.31
1970-1979	64	0.03125	0.03077	0.5	68121	2096	67073	934063	13.71
1970-1979	65	0.03443	0.03384	0.5	66025	2235	64907	866990	13.13
1970-1979	66	0.03631	0.03566	0.5	63790	2275	62653	802083	12.57
1970-1979	67	0.03914	0.03839	0.5	61515	2361	60334	739430	12.02
1970-1979	68	0.04183	0.04097	0.5	59154	2424	57942	679095	11.48
1970-1979	69	0.04573	0.04471	0.5	56730	2536	55462	621154	10.95
1970-1979	70	0.05037	0.04914	0.5	54194	2663	52862	565692	10.44
1970-1979	71	0.05305	0.05168	0.5	51531	2663	50199	512830	9.95
1970-1979	72	0.05864	0.05697	0.5	48868	2784	47476	462631	9.47
1970-1979	73	0.06221	0.06033	0.5	46084	2780	44694	415155	9.01
1970-1979	74	0.06853	0.06626	0.5	43303	2869	41869	370461	8.56
1970-1979	75	0.07499	0.07228	0.5	40434	2923	38973	328593	8.13
1970-1979	76	0.07952	0.07648	0.5	37512	2869	36077	289620	7.72
1970-1979	77	0.08666	0.08306	0.5	34643	2877	33204	253542	7.32
1970-1979	78	0.09358	0.08940	0.5	31766	2840	30346	220338	6.94
1970-1979	79	0.10179	0.09686	0.5	28926	2802	27525	189993	6.57
1970-1979	80	0.11109	0.10524	0.5	26124	2749	24749	162468	6.22
1970-1979	81	0.11754	0.11102	0.5	23375	2595	22077	137718	5.89
1970-1979	82	0.12733	0.11971	0.5	20780	2487	19536	115641	5.57
1970-1979	83	0.13852	0.12955	0.5	18292	2370	17107	96105	5.25
1970-1979	84	0.14959	0.13918	0.5	15923	2216	14814	78998	4.96
1970-1979	85	0.16389	0.15147	0.5	13706	2076	12668	64183	4.68
1970-1979	86	0.17392	0.16000	0.5	11630	1861	10700	51515	4.43
1970-1979	87	0.19130	0.17460	0.5	9769	1706	8916	40815	4.18
1970-1979	88	0.20150	0.18306	0.5	8064	1476	7326	31899	3.96
1970-1979	89	0.22037	0.19849	0.5	6588	1308	5934	24573	3.73
1970-1979	90	0.23885	0.21337	0.5	5280	1127	4717	18639	3.53
1970-1979	91	0.25106	0.22306	0.5	4153	926	3690	13923	3.35
1970-1979	92	0.27023	0.23806	0.5	3227	768	2843	10233	3.17
1970-1979	93	0.28878	0.25234	0.5	2459	620	2148	7390	3.01
1970-1979	94	0.30807	0.26695	0.5	1838	491	1593	5241	2.85
1970-1979	95	0.32805	0.28182	0.5	1348	380	1158	3648	2.71
1970-1979	96	0.34867	0.29691	0.5	968	287	824	2491	2.57
1970-1979	97	0.36988	0.31215	0.5	680	212	574	1667	2.45
1970-1979	98	0.39160	0.32748	0.5	468	153	391	1092	2.33
1970-1979	99	0.41376	0.34283	0.5	315	108	261	701	2.23
1970-1979	100	0.43627	0.35815	0.5	207	74	170	440	2.13
1970-1979	101	0.45905	0.37336	0.5	133	50	108	270	2.04
1970-1979	102	0.48200	0.38840	0.5	83	32	67	162	1.95
1970-1979	103	0.50503	0.40321	0.5	51	21	41	95	1.87
1970-1979	104	0.52804	0.41774	0.5	30	13	24	55	1.80
1970-1979	105	0.55093	0.43194	0.5	18	8	14	31	1.74
1970-1979	106	0.57360	0.44576	0.5	10	4	8	17	1.68
1970-1979	107	0.59597	0.45915	0.5	6	3	4	9	1.62
1970-1979	108	0.61795	0.47208	0.5	3	1	2	5	1.58
1970-1979	109	0.63945	0.48453	0.5	2	1	1	2	1.54
1970-1979	110+	0.66041	1.00000	1.51	1	1	1	1	1.51
1980-1989	0	0.01424	0.01406	0.08	100000	1406	98711	7057651	70.58
1980-1989	1	0.00093	0.00093	0.5	98594	92	98548	6958940	70.58
1980-1989	2	0.00056	0.00056	0.5	98502	55	98475	6860392	69.65
1980-1989	3	0.00050	0.00050	0.5	98447	49	98423	6761917	68.69
1980-1989	4	0.00039	0.00039	0.5	98398	38	98379	6663494	67.72
1980-1989	5	0.00032	0.00032	0.5	98360	31	98344	6565115	66.75
1980-1989	6	0.00030	0.00030	0.5	98329	30	98314	6466771	65.77
1980-1989	7	0.00029	0.00029	0.5	98299	28	98285	6368457	64.79
1980-1989	8	0.00028	0.00028	0.5	98271	27	98257	6270172	63.80
1980-1989	9	0.00031	0.00031	0.5	98244	30	98229	6171914	62.82
1980-1989	10	0.00026	0.00026	0.5	98213	25	98201	6073686	61.84
1980-1989	11	0.00027	0.00027	0.5	98188	26	98175	5975485	60.86
1980-1989	12	0.00030	0.00030	0.5	98162	30	98147	5877310	59.87
1980-1989	13	0.00038	0.00038	0.5	98132	37	98113	5779163	58.89
1980-1989	14	0.00047	0.00047	0.5	98095	46	98072	5681050	57.91
1980-1989	15	0.00056	0.00056	0.5	98049	55	98021	5582978	56.94
1980-1989	16	0.00101	0.00101	0.5	97994	99	97945	5484957	55.97
1980-1989	17	0.00115	0.00115	0.5	97895	112	97839	5387012	55.03
1980-1989	18	0.00146	0.00145	0.5	97783	142	97712	5289173	54.09
1980-1989	19	0.00152	0.00152	0.5	97641	149	97567	5191461	53.17
1980-1989	20	0.00159	0.00159	0.5	97492	155	97415	5093895	52.25
1980-1989	21	0.00169	0.00168	0.5	97337	164	97255	4996480	51.33
1980-1989	22	0.00171	0.00171	0.5	97173	166	97091	4899224	50.42
1980-1989	23	0.00175	0.00175	0.5	97008	169	96923	4802134	49.50
1980-1989	24	0.00166	0.00166	0.5	96838	161	96758	4705211	48.59
1980-1989	25	0.00165	0.00165	0.5	96677	159	96598	4608453	47.67
1980-1989	26	0.00172	0.00171	0.5	96518	165	96435	4511856	46.75
1980-1989	27	0.00175	0.00174	0.5	96353	168	96269	4415420	45.83
1980-1989	28	0.00186	0.00186	0.5	96184	179	96095	4319152	44.90
1980-1989	29	0.00162	0.00162	0.5	96005	155	95928	4223057	43.99
1980-1989	30	0.00182	0.00182	0.5	95850	175	95763	4127129	43.06
1980-1989	31	0.00188	0.00187	0.5	95676	179	95586	4031366	42.14
1980-1989	32	0.00189	0.00189	0.5	95496	180	95406	3935780	41.21
1980-1989	33	0.00210	0.00210	0.5	95316	200	95216	3840374	40.29
1980-1989	34	0.00208	0.00208	0.5	95116	198	95017	3745158	39.37
1980-1989	35	0.00218	0.00218	0.5	94918	206	94815	3650140	38.46
1980-1989	36	0.00230	0.00230	0.5	94712	218	94603	3555325	37.54
1980-1989	37	0.00243	0.00242	0.5	94494	229	94380	3460722	36.62
1980-1989	38	0.00268	0.00267	0.5	94265	252	94139	3366342	35.71
1980-1989	39	0.00263	0.00262	0.5	94013	247	93890	3272203	34.81
1980-1989	40	0.00285	0.00285	0.5	93767	267	93633	3178313	33.90
1980-1989	41	0.00305	0.00305	0.5	93500	285	93357	3084679	32.99
1980-1989	42	0.00340	0.00339	0.5	93215	316	93057	2991322	32.09
1980-1989	43	0.00349	0.00348	0.5	92899	324	92737	2898265	31.20
1980-1989	44	0.00389	0.00388	0.5	92575	359	92395	2805528	30.31
1980-1989	45	0.00443	0.00442	0.5	92216	407	92012	2713133	29.42
1980-1989	46	0.00478	0.00477	0.5	91808	438	91589	2621121	28.55
1980-1989	47	0.00550	0.00548	0.5	91370	501	91120	2529532	27.68
1980-1989	48	0.00594	0.00593	0.5	90869	539	90600	2438412	26.83
1980-1989	49	0.00624	0.00622	0.5	90331	562	90050	2347812	25.99
1980-1989	50	0.00742	0.00740	0.5	89769	664	89437	2257762	25.15
1980-1989	51	0.00807	0.00803	0.5	89105	716	88747	2168324	24.33
1980-1989	52	0.00877	0.00873	0.5	88390	772	88003	2079577	23.53
1980-1989	53	0.00964	0.00959	0.5	87617	841	87197	1991574	22.73
1980-1989	54	0.01045	0.01040	0.5	86777	902	86326	1904376	21.95
1980-1989	55	0.01164	0.01157	0.5	85874	994	85377	1818051	21.17
1980-1989	56	0.01264	0.01256	0.5	84880	1066	84347	1732673	20.41
1980-1989	57	0.01360	0.01351	0.5	83814	1132	83248	1648326	19.67
1980-1989	58	0.01543	0.01531	0.5	82682	1266	82049	1565078	18.93
1980-1989	59	0.01649	0.01635	0.5	81416	1331	80750	1483029	18.22
1980-1989	60	0.01815	0.01798	0.5	80085	1440	79365	1402278	17.51
1980-1989	61	0.01948	0.01930	0.5	78645	1518	77886	1322914	16.82
1980-1989	62	0.02233	0.02209	0.5	77127	1703	76275	1245028	16.14
1980-1989	63	0.02395	0.02367	0.5	75424	1785	74531	1168753	15.50
1980-1989	64	0.02469	0.02439	0.5	73638	1796	72741	1094222	14.86
1980-1989	65	0.02700	0.02664	0.5	71843	1914	70886	1021481	14.22
1980-1989	66	0.02971	0.02927	0.5	69929	2047	68905	950595	13.59
1980-1989	67	0.03224	0.03172	0.5	67882	2154	66805	881690	12.99
1980-1989	68	0.03631	0.03567	0.5	65728	2344	64556	814885	12.40
1980-1989	69	0.03825	0.03753	0.5	63384	2379	62194	750329	11.84
1980-1989	70	0.04247	0.04158	0.5	61005	2537	59736	688135	11.28
1980-1989	71	0.04562	0.04460	0.5	58468	2608	57164	628399	10.75
1980-1989	72	0.05039	0.04915	0.5	55860	2746	54487	571235	10.23
1980-1989	73	0.05485	0.05339	0.5	53114	2836	51696	516748	9.73
1980-1989	74	0.05836	0.05670	0.5	50278	2851	48853	465052	9.25
1980-1989	75	0.06303	0.06111	0.5	47428	2898	45979	416199	8.78
1980-1989	76	0.06883	0.06654	0.5	44529	2963	43048	370220	8.31
1980-1989	77	0.07503	0.07231	0.5	41566	3006	40064	327172	7.87
1980-1989	78	0.08187	0.07865	0.5	38561	3033	37044	287109	7.45
1980-1989	79	0.08884	0.08506	0.5	35528	3022	34017	250064	7.04
1980-1989	80	0.09744	0.09291	0.5	32506	3020	30996	216047	6.65
1980-1989	81	0.10622	0.10087	0.5	29486	2974	27999	185052	6.28
1980-1989	82	0.11638	0.10998	0.5	26512	2916	25054	157053	5.92
1980-1989	83	0.12545	0.11804	0.5	23596	2785	22203	131999	5.59
1980-1989	84	0.13547	0.12687	0.5	20811	2640	19490	109796	5.28
1980-1989	85	0.14749	0.13736	0.5	18170	2496	16922	90306	4.97
1980-1989	86	0.16080	0.14884	0.5	15674	2333	14508	73383	4.68
1980-1989	87	0.17239	0.15871	0.5	13341	2117	12283	58876	4.41
1980-1989	88	0.19009	0.17359	0.5	11224	1948	10250	46593	4.15
1980-1989	89	0.20544	0.18630	0.5	9276	1728	8412	36343	3.92
1980-1989	90	0.21968	0.19794	0.5	7548	1494	6801	27931	3.70
1980-1989	91	0.23841	0.21302	0.5	6054	1290	5409	21131	3.49
1980-1989	92	0.25519	0.22631	0.5	4764	1078	4225	15722	3.30
1980-1989	93	0.27397	0.24096	0.5	3686	888	3242	11497	3.12
1980-1989	94	0.29359	0.25601	0.5	2798	716	2440	8255	2.95
1980-1989	95	0.31401	0.27140	0.5	2081	565	1799	5816	2.79
1980-1989	96	0.33517	0.28706	0.5	1517	435	1299	4016	2.65
1980-1989	97	0.35702	0.30294	0.5	1081	328	917	2718	2.51
1980-1989	98	0.37947	0.31896	0.5	754	240	633	1800	2.39
1980-1989	99	0.40246	0.33504	0.5	513	172	427	1167	2.27
1980-1989	100	0.42588	0.35112	0.5	341	120	281	739	2.17
1980-1989	101	0.44964	0.36711	0.5	221	81	181	458	2.07
1980-1989	102	0.47364	0.38295	0.5	140	54	113	277	1.98
1980-1989	103	0.49775	0.39856	0.5	86	34	69	164	1.89
1980-1989	104	0.52188	0.41388	0.5	52	22	41	95	1.82
1980-1989	105	0.54590	0.42885	0.5	30	13	24	53	1.75
1980-1989	106	0.56971	0.44340	0.5	17	8	14	29	1.68
1980-1989	107	0.59320	0.45751	0.5	10	4	7	16	1.63
1980-1989	108	0.61628	0.47111	0.5	5	2	4	8	1.58
1980-1989	109	0.63884	0.48418	0.5	3	1	2	4	1.54
1980-1989	110+	0.66081	1.00000	1.51	1	1	2	2	1.51
1990-1999	0	0.01082	0.01072	0.07	100000	1072	99008	7226266	72.26
1990-1999	1	0.00072	0.00072	0.5	98928	71	98893	7127258	72.04
1990-1999	2	0.00045	0.00045	0.5	98857	45	98835	7028365	71.10
1990-1999	3	0.00040	0.00040	0.5	98812	39	98793	6929530	70.13
1990-1999	4	0.00027	0.00027	0.5	98773	27	98760	6830738	69.16
1990-1999	5	0.00024	0.00024	0.5	98746	23	98734	6731978	68.17
1990-1999	6	0.00022	0.00022	0.5	98723	22	98712	6633244	67.19
1990-1999	7	0.00020	0.00020	0.5	98701	19	98691	6534532	66.21
1990-1999	8	0.00022	0.00022	0.5	98681	21	98671	6435841	65.22
1990-1999	9	0.00018	0.00018	0.5	98660	18	98651	6337170	64.23
1990-1999	10	0.00022	0.00022	0.5	98642	21	98631	6238519	63.24
1990-1999	11	0.00022	0.00022	0.5	98621	22	98610	6139888	62.26
1990-1999	12	0.00026	0.00026	0.5	98599	26	98586	6041278	61.27
1990-1999	13	0.00031	0.00031	0.5	98573	30	98558	5942692	60.29
1990-1999	14	0.00048	0.00048	0.5	98543	48	98519	5844134	59.31
1990-1999	15	0.00070	0.00070	0.5	98495	69	98461	5745616	58.33
1990-1999	16	0.00107	0.00107	0.5	98427	105	98374	5647155	57.37
1990-1999	17	0.00130	0.00130	0.5	98321	128	98257	5548781	56.44
1990-1999	18	0.00156	0.00156	0.5	98193	153	98117	5450524	55.51
1990-1999	19	0.00170	0.00170	0.5	98040	167	97957	5352407	54.59
1990-1999	20	0.00165	0.00164	0.5	97873	161	97793	5254450	53.69
1990-1999	21	0.00175	0.00175	0.5	97712	171	97627	5156658	52.77
1990-1999	22	0.00177	0.00177	0.5	97541	173	97455	5059031	51.87
1990-1999	23	0.00165	0.00165	0.5	97368	161	97288	4961576	50.96
1990-1999	24	0.00162	0.00162	0.5	97208	157	97129	4864288	50.04
1990-1999	25	0.00151	0.00151	0.5	97050	147	96977	4767159	49.12
1990-1999	26	0.00155	0.00155	0.5	96903	151	96828	4670182	48.19
1990-1999	27	0.00159	0.00159	0.5	96753	154	96676	4573354	47.27
1990-1999	28	0.00166	0.00166	0.5	96599	161	96519	4476678	46.34
1990-1999	29	0.00163	0.00162	0.5	96438	157	96360	4380160	45.42
1990-1999	30	0.00173	0.00172	0.5	96282	166	96199	4283800	44.49
1990-1999	31	0.00180	0.00179	0.5	96116	172	96029	4187601	43.57
1990-1999	32	0.00199	0.00199	0.5	95943	191	95848	4091572	42.65
1990-1999	33	0.00207	0.00207	0.5	95752	198	95653	3995724	41.73
1990-1999	34	0.00215	0.00215	0.5	95554	205	95451	3900071	40.82
1990-1999	35	0.00226	0.00226	0.5	95349	215	95241	3804620	39.90
1990-1999	36	0.00239	0.00239	0.5	95133	227	95020	3709379	38.99
1990-1999	37	0.00249	0.00249	0.5	94906	236	94788	3614359	38.08
1990-1999	38	0.00274	0.00273	0.5	94670	259	94541	3519571	37.18
1990-1999	39	0.00279	0.00279	0.5	94411	263	94279	3425030	36.28
1990-1999	40	0.00302	0.00302	0.5	94148	284	94006	3330751	35.38
1990-1999	41	0.00328	0.00328	0.5	93864	308	93710	3236745	34.48
1990-1999	42	0.00343	0.00343	0.5	93556	321	93395	3143035	33.60
1990-1999	43	0.00380	0.00379	0.5	93235	353	93058	3049640	32.71
1990-1999	44	0.00386	0.00385	0.5	92882	358	92703	2956582	31.83
1990-1999	45	0.00416	0.00415	0.5	92524	384	92332	2863879	30.95
1990-1999	46	0.00462	0.00460	0.5	92140	424	91928	2771547	30.08
1990-1999	47	0.00481	0.00480	0.5	91716	440	91495	2679619	29.22
1990-1999	48	0.00533	0.00532	0.5	91275	485	91033	2588124	28.36
1990-1999	49	0.00532	0.00530	0.5	90790	481	90549	2497091	27.50
1990-1999	50	0.00571	0.00570	0.5	90308	514	90051	2406542	26.65
1990-1999	51	0.00656	0.00654	0.5	89794	587	89500	2316491	25.80
1990-1999	52	0.00718	0.00716	0.5	89206	639	88887	2226991	24.96
1990-1999	53	0.00779	0.00776	0.5	88568	687	88224	2138103	24.14
1990-1999	54	0.00833	0.00829	0.5	87880	729	87516	2049879	23.33
1990-1999	55	0.00945	0.00940	0.5	87152	820	86742	1962363	22.52
1990-1999	56	0.01022	0.01017	0.5	86332	878	85893	1875621	21.73
1990-1999	57	0.01091	0.01085	0.5	85454	927	84991	1789728	20.94
1990-1999	58	0.01243	0.01236	0.5	84528	1044	84005	1704737	20.17
1990-1999	59	0.01330	0.01321	0.5	83483	1103	82932	1620732	19.41
1990-1999	60	0.01490	0.01479	0.5	82380	1219	81771	1537800	18.67
1990-1999	61	0.01673	0.01660	0.5	81161	1347	80488	1456029	17.94
1990-1999	62	0.01801	0.01785	0.5	79815	1425	79102	1375541	17.23
1990-1999	63	0.01930	0.01912	0.5	78390	1499	77641	1296439	16.54
1990-1999	64	0.02143	0.02120	0.5	76891	1630	76076	1218798	15.85
1990-1999	65	0.02356	0.02329	0.5	75261	1753	74385	1142722	15.18
1990-1999	66	0.02591	0.02558	0.5	73509	1880	72569	1068337	14.53
1990-1999	67	0.02762	0.02724	0.5	71628	1951	70653	995768	13.90
1990-1999	68	0.03133	0.03085	0.5	69677	2149	68603	925116	13.28
1990-1999	69	0.03312	0.03258	0.5	67528	2200	66428	856513	12.68
1990-1999	70	0.03587	0.03524	0.5	65328	2302	64177	790085	12.09
1990-1999	71	0.03975	0.03897	0.5	63026	2456	61798	725908	11.52
1990-1999	72	0.04274	0.04185	0.5	60569	2535	59302	664110	10.96
1990-1999	73	0.04620	0.04515	0.5	58035	2620	56725	604808	10.42
1990-1999	74	0.04939	0.04820	0.5	55414	2671	54079	548083	9.89
1990-1999	75	0.05245	0.05111	0.5	52743	2696	51396	494004	9.37
1990-1999	76	0.05817	0.05653	0.5	50048	2829	48633	442609	8.84
1990-1999	77	0.06546	0.06339	0.5	47219	2993	45722	393976	8.34
1990-1999	78	0.07002	0.06765	0.5	44226	2992	42730	348254	7.87
1990-1999	79	0.07667	0.07384	0.5	41234	3045	39711	305524	7.41
1990-1999	80	0.08798	0.08427	0.5	38189	3218	36580	265813	6.96
1990-1999	81	0.09666	0.09220	0.5	34971	3224	33359	229233	6.55
1990-1999	82	0.10447	0.09929	0.5	31746	3152	30170	195874	6.17
1990-1999	83	0.11612	0.10975	0.5	28594	3138	27025	165704	5.79
1990-1999	84	0.12559	0.11817	0.5	25456	3008	23952	138678	5.45
1990-1999	85	0.13803	0.12912	0.5	22448	2899	20999	114726	5.11
1990-1999	86	0.15106	0.14046	0.5	19549	2746	18176	93728	4.79
1990-1999	87	0.16692	0.15407	0.5	16804	2589	15509	75551	4.50
1990-1999	88	0.17813	0.16357	0.5	14215	2325	13052	60042	4.22
1990-1999	89	0.19600	0.17850	0.5	11890	2122	10828	46990	3.95
1990-1999	90	0.21644	0.19531	0.5	9767	1908	8814	36162	3.70
1990-1999	91	0.23498	0.21027	0.5	7860	1653	7033	27348	3.48
1990-1999	92	0.25382	0.22523	0.5	6207	1398	5508	20315	3.27
1990-1999	93	0.27446	0.24134	0.5	4809	1161	4229	14807	3.08
1990-1999	94	0.29612	0.25793	0.5	3648	941	3178	10578	2.90
1990-1999	95	0.31873	0.27492	0.5	2707	744	2335	7400	2.73
1990-1999	96	0.34223	0.29223	0.5	1963	574	1676	5065	2.58
1990-1999	97	0.36654	0.30977	0.5	1389	430	1174	3389	2.44
1990-1999	98	0.39154	0.32744	0.5	959	314	802	2215	2.31
1990-1999	99	0.41712	0.34514	0.5	645	223	534	1413	2.19
1990-1999	100	0.44316	0.36278	0.5	422	153	346	879	2.08
1990-1999	101	0.46952	0.38025	0.5	269	102	218	533	1.98
1990-1999	102	0.49604	0.39746	0.5	167	66	134	315	1.89
1990-1999	103	0.52259	0.41433	0.5	101	42	80	182	1.81
1990-1999	104	0.54901	0.43076	0.5	59	25	46	102	1.73
1990-1999	105	0.57516	0.44670	0.5	34	15	26	56	1.66
1990-1999	106	0.60089	0.46207	0.5	19	9	14	30	1.60
1990-1999	107	0.62608	0.47682	0.5	10	5	8	15	1.54
1990-1999	108	0.65060	0.49091	0.5	5	3	4	8	1.50
1990-1999	109	0.67435	0.50431	0.5	3	1	2	4	1.46
1990-1999	110+	0.69724	1.00000	1.43	1	1	2	2	1.43
2000-2009	0	0.00847	0.00841	0.07	100000	841	99216	7491509	74.92
2000-2009	1	0.00050	0.00050	0.5	99159	50	99134	7392293	74.55
2000-2009	2	0.00033	0.00033	0.5	99109	33	99093	7293159	73.59
2000-2009	3	0.00025	0.00025	0.5	99077	25	99064	7194066	72.61
2000-2009	4	0.00021	0.00021	0.5	99052	21	99041	7095002	71.63
2000-2009	5	0.00015	0.00015	0.5	99031	15	99023	6995960	70.64
2000-2009	6	0.00013	0.00013	0.5	99016	13	99009	6896937	69.66
2000-2009	7	0.00013	0.00013	0.5	99002	13	98996	6797928	68.66
2000-2009	8	0.00013	0.00013	0.5	98989	13	98983	6698932	67.67
2000-2009	9	0.00013	0.00013	0.5	98976	13	98970	6599950	66.68
2000-2009	10	0.00014	0.00014	0.5	98963	14	98956	6500980	65.69
2000-2009	11	0.00014	0.00014	0.5	98949	14	98942	6402024	64.70
2000-2009	12	0.00019	0.00019	0.5	98935	19	98925	6303082	63.71
2000-2009	13	0.00024	0.00024	0.5	98916	24	98904	6204157	62.72
2000-2009	14	0.00028	0.00028	0.5	98892	28	98878	6105253	61.74
2000-2009	15	0.00048	0.00048	0.5	98864	47	98841	6006375	60.75
2000-2009	16	0.00066	0.00066	0.5	98817	65	98785	5907534	59.78
2000-2009	17	0.00086	0.00086	0.5	98752	85	98710	5808749	58.82
2000-2009	18	0.00113	0.00113	0.5	98667	112	98611	5710040	57.87
2000-2009	19	0.00125	0.00125	0.5	98555	123	98493	5611429	56.94
2000-2009	20	0.00130	0.00130	0.5	98432	128	98368	5512935	56.01
2000-2009	21	0.00151	0.00151	0.5	98304	148	98229	5414568	55.08
2000-2009	22	0.00148	0.00147	0.5	98155	145	98083	5316338	54.16
2000-2009	23	0.00152	0.00152	0.5	98010	149	97936	5218255	53.24
2000-2009	24	0.00141	0.00140	0.5	97862	137	97793	5120319	52.32
2000-2009	25	0.00133	0.00133	0.5	97724	130	97659	5022527	51.39
2000-2009	26	0.00132	0.00132	0.5	97594	128	97530	4924868	50.46
2000-2009	27	0.00134	0.00134	0.5	97466	130	97400	4827338	49.53
2000-2009	28	0.00129	0.00129	0.5	97335	126	97272	4729938	48.59
2000-2009	29	0.00132	0.00132	0.5	97209	129	97145	4632665	47.66
2000-2009	30	0.00135	0.00135	0.5	97081	131	97016	4535520	46.72
2000-2009	31	0.00137	0.00137	0.5	96950	133	96884	4438505	45.78
2000-2009	32	0.00137	0.00137	0.5	96817	132	96751	4341621	44.84
2000-2009	33	0.00142	0.00142	0.5	96685	137	96616	4244870	43.90
2000-2009	34	0.00155	0.00155	0.5	96548	150	96473	4148254	42.97
2000-2009	35	0.00163	0.00163	0.5	96398	157	96319	4051781	42.03
2000-2009	36	0.00169	0.00169	0.5	96241	163	96160	3955462	41.10
2000-2009	37	0.00175	0.00175	0.5	96078	168	95994	3859302	40.17
2000-2009	38	0.00201	0.00201	0.5	95910	192	95814	3763308	39.24
2000-2009	39	0.00205	0.00205	0.5	95718	196	95620	3667494	38.32
2000-2009	40	0.00230	0.00229	0.5	95521	219	95412	3571874	37.39
2000-2009	41	0.00262	0.00261	0.5	95302	249	95178	3476462	36.48
2000-2009	42	0.00263	0.00263	0.5	95053	250	94928	3381284	35.57
2000-2009	43	0.00300	0.00299	0.5	94803	284	94661	3286356	34.66
2000-2009	44	0.00328	0.00327	0.5	94520	309	94365	3191695	33.77
2000-2009	45	0.00359	0.00359	0.5	94210	338	94041	3097330	32.88
2000-2009	46	0.00383	0.00382	0.5	93872	359	93693	3003288	31.99
2000-2009	47	0.00421	0.00420	0.5	93513	393	93317	2909596	31.11
2000-2009	48	0.00453	0.00452	0.5	93120	421	92910	2816279	30.24
2000-2009	49	0.00487	0.00486	0.5	92699	450	92474	2723369	29.38
2000-2009	50	0.00540	0.00539	0.5	92249	497	92000	2630895	28.52
2000-2009	51	0.00575	0.00573	0.5	91752	526	91489	2538895	27.67
2000-2009	52	0.00620	0.00618	0.5	91226	564	90944	2447406	26.83
2000-2009	53	0.00687	0.00684	0.5	90663	620	90352	2356461	25.99
2000-2009	54	0.00721	0.00718	0.5	90042	647	89719	2266109	25.17
2000-2009	55	0.00795	0.00792	0.5	89395	708	89041	2176390	24.35
2000-2009	56	0.00842	0.00839	0.5	88687	744	88315	2087348	23.54
2000-2009	57	0.00896	0.00892	0.5	87944	785	87551	1999033	22.73
2000-2009	58	0.00985	0.00980	0.5	87159	854	86732	1911482	21.93
2000-2009	59	0.01063	0.01058	0.5	86305	913	85848	1824750	21.14
2000-2009	60	0.01186	0.01179	0.5	85392	1007	84889	1738901	20.36
2000-2009	61	0.01281	0.01273	0.5	84385	1074	83848	1654013	19.60
2000-2009	62	0.01394	0.01384	0.5	83311	1153	82735	1570165	18.85
2000-2009	63	0.01544	0.01532	0.5	82158	1259	81529	1487430	18.10
2000-2009	64	0.01652	0.01638	0.5	80900	1325	80237	1405901	17.38
2000-2009	65	0.01800	0.01784	0.5	79574	1420	78864	1325664	16.66
2000-2009	66	0.01951	0.01932	0.5	78155	1510	77399	1246800	15.95
2000-2009	67	0.02136	0.02114	0.5	76644	1620	75834	1169401	15.26
2000-2009	68	0.02334	0.02307	0.5	75024	1731	74159	1093566	14.58
2000-2009	69	0.02557	0.02525	0.5	73293	1850	72368	1019407	13.91
2000-2009	70	0.02850	0.02810	0.5	71443	2007	70439	947039	13.26
2000-2009	71	0.02987	0.02943	0.5	69436	2044	68414	876600	12.62
2000-2009	72	0.03356	0.03301	0.5	67392	2225	66280	808186	11.99
2000-2009	73	0.03747	0.03678	0.5	65167	2397	63969	741907	11.38
2000-2009	74	0.03951	0.03874	0.5	62770	2432	61555	677938	10.80
2000-2009	75	0.04409	0.04314	0.5	60339	2603	59037	616383	10.22
2000-2009	76	0.04756	0.04646	0.5	57735	2682	56394	557346	9.65
2000-2009	77	0.05230	0.05097	0.5	55053	2806	53650	500952	9.10
2000-2009	78	0.05779	0.05617	0.5	52247	2935	50780	447302	8.56
2000-2009	79	0.06299	0.06107	0.5	49313	3011	47807	396522	8.04
2000-2009	80	0.07306	0.07048	0.5	46301	3263	44670	348715	7.53
2000-2009	81	0.08094	0.07779	0.5	43038	3348	41364	304046	7.06
2000-2009	82	0.08951	0.08567	0.5	39690	3400	37990	262682	6.62
2000-2009	83	0.10028	0.09550	0.5	36290	3466	34557	224692	6.19
2000-2009	84	0.10844	0.10286	0.5	32824	3376	31136	190135	5.79
2000-2009	85	0.12070	0.11383	0.5	29448	3352	27772	158999	5.40
2000-2009	86	0.13510	0.12655	0.5	26096	3302	24445	131227	5.03
2000-2009	87	0.15018	0.13969	0.5	22793	3184	21201	106783	4.68
2000-2009	88	0.16407	0.15163	0.5	19609	2973	18123	85581	4.36
2000-2009	89	0.18730	0.17126	0.5	16636	2849	15211	67458	4.05
2000-2009	90	0.20333	0.18457	0.5	13787	2545	12515	52247	3.79
2000-2009	91	0.22502	0.20226	0.5	11242	2274	10105	39732	3.53
2000-2009	92	0.24442	0.21780	0.5	8968	1953	7992	29627	3.30
2000-2009	93	0.26836	0.23661	0.5	7015	1660	6185	21635	3.08
2000-2009	94	0.29257	0.25524	0.5	5355	1367	4672	15450	2.89
2000-2009	95	0.31802	0.27439	0.5	3988	1094	3441	10779	2.70
2000-2009	96	0.34460	0.29395	0.5	2894	851	2469	7337	2.54
2000-2009	97	0.37219	0.31379	0.5	2043	641	1723	4869	2.38
2000-2009	98	0.40063	0.33377	0.5	1402	468	1168	3146	2.24
2000-2009	99	0.42977	0.35375	0.5	934	330	769	1978	2.12
2000-2009	100	0.45939	0.37358	0.5	604	226	491	1209	2.00
2000-2009	101	0.48931	0.39313	0.5	378	149	304	718	1.90
2000-2009	102	0.51930	0.41226	0.5	229	95	182	414	1.81
2000-2009	103	0.54916	0.43086	0.5	135	58	106	232	1.72
2000-2009	104	0.57867	0.44881	0.5	77	34	60	126	1.64
2000-2009	105	0.60762	0.46603	0.5	42	20	32	67	1.58
2000-2009	106	0.63584	0.48246	0.5	23	11	17	34	1.52
2000-2009	107	0.66315	0.49802	0.5	12	6	9	17	1.46
2000-2009	108	0.68941	0.51269	0.5	6	3	4	8	1.42
2000-2009	109	0.71451	0.52644	0.5	3	2	2	4	1.38
2000-2009	110+	0.73835	1.00000	1.35	1	1	2	2	1.35
2010-2019	0	0.00684	0.00679	0.06	100000	679	99364	7649513	76.50
2010-2019	1	0.00040	0.00040	0.5	99321	40	99301	7550149	76.02
2010-2019	2	0.00025	0.00025	0.5	99281	25	99269	7450848	75.05
2010-2019	3	0.00021	0.00021	0.5	99256	20	99246	7351580	74.07
2010-2019	4	0.00015	0.00015	0.5	99236	15	99228	7252334	73.08
2010-2019	5	0.00013	0.00013	0.5	99221	13	99214	7153105	72.09
2010-2019	6	0.00010	0.00010	0.5	99208	10	99203	7053891	71.10
2010-2019	7	0.00011	0.00011	0.5	99198	11	99193	6954688	70.11
2010-2019	8	0.00011	0.00011	0.5	99187	10	99182	6855495	69.12
2010-2019	9	0.00012	0.00012	0.5	99177	12	99171	6756313	68.12
2010-2019	10	0.00011	0.00011	0.5	99165	11	99159	6657143	67.13
2010-2019	11	0.00015	0.00015	0.5	99154	15	99146	6557984	66.14
2010-2019	12	0.00015	0.00015	0.5	99139	15	99132	6458837	65.15
2010-2019	13	0.00017	0.00017	0.5	99125	17	99116	6359705	64.16
2010-2019	14	0.00025	0.00025	0.5	99108	25	99095	6260589	63.17
2010-2019	15	0.00039	0.00039	0.5	99083	39	99064	6161494	62.19
2010-2019	16	0.00059	0.00059	0.5	99044	59	99015	6062430	61.21
2010-2019	17	0.00076	0.00076	0.5	98986	76	98948	5963415	60.25
2010-2019	18	0.00090	0.00090	0.5	98910	89	98865	5864468	59.29
2010-2019	19	0.00110	0.00110	0.5	98821	109	98766	5765602	58.34
2010-2019	20	0.00125	0.00125	0.5	98712	123	98650	5666836	57.41
2010-2019	21	0.00133	0.00133	0.5	98589	131	98523	5568186	56.48
2010-2019	22	0.00140	0.00140	0.5	98457	138	98389	5469663	55.55
2010-2019	23	0.00142	0.00141	0.5	98320	139	98250	5371274	54.63
2010-2019	24	0.00137	0.00137	0.5	98181	134	98114	5273024	53.71
2010-2019	25	0.00156	0.00156	0.5	98046	153	97970	5174910	52.78
2010-2019	26	0.00149	0.00149	0.5	97894	146	97821	5076940	51.86
2010-2019	27	0.00138	0.00138	0.5	97748	135	97680	4979119	50.94
2010-2019	28	0.00148	0.00148	0.5	97613	144	97541	4881439	50.01
2010-2019	29	0.00144	0.00143	0.5	97469	140	97399	4783898	49.08
2010-2019	30	0.00155	0.00155	0.5	97329	151	97253	4686499	48.15
2010-2019	31	0.00153	0.00152	0.5	97178	148	97104	4589246	47.23
2010-2019	32	0.00155	0.00155	0.5	97030	150	96954	4492142	46.30
2010-2019	33	0.00156	0.00156	0.5	96879	151	96804	4395188	45.37
2010-2019	34	0.00169	0.00168	0.5	96729	163	96647	4298384	44.44
2010-2019	35	0.00174	0.00174	0.5	96566	168	96482	4201737	43.51
2010-2019	36	0.00176	0.00176	0.5	96398	169	96313	4105255	42.59
2010-2019	37	0.00182	0.00181	0.5	96229	175	96142	4008941	41.66
2010-2019	38	0.00178	0.00178	0.5	96054	171	95969	3912800	40.74
2010-2019	39	0.00195	0.00194	0.5	95883	186	95790	3816831	39.81
2010-2019	40	0.00206	0.00206	0.5	95697	197	95598	3721041	38.88
2010-2019	41	0.00228	0.00228	0.5	95499	218	95390	3625443	37.96
2010-2019	42	0.00235	0.00235	0.5	95282	224	95170	3530052	37.05
2010-2019	43	0.00246	0.00245	0.5	95058	233	94941	3434883	36.13
2010-2019	44	0.00265	0.00265	0.5	94825	251	94699	3339942	35.22
2010-2019	45	0.00293	0.00292	0.5	94573	276	94435	3245243	34.31
2010-2019	46	0.00318	0.00317	0.5	94297	299	94148	3150807	33.41
2010-2019	47	0.00367	0.00366	0.5	93998	344	93826	3056660	32.52
2010-2019	48	0.00383	0.00382	0.5	93654	358	93475	2962834	31.64
2010-2019	49	0.00418	0.00417	0.5	93296	389	93101	2869359	30.76
2010-2019	50	0.00461	0.00460	0.5	92907	427	92693	2776258	29.88
2010-2019	51	0.00523	0.00522	0.5	92480	482	92238	2683565	29.02
2010-2019	52	0.00551	0.00549	0.5	91997	505	91744	2591327	28.17
2010-2019	53	0.00615	0.00613	0.5	91492	561	91211	2499582	27.32
2010-2019	54	0.00662	0.00660	0.5	90931	600	90631	2408371	26.49
2010-2019	55	0.00751	0.00748	0.5	90331	676	89993	2317740	25.66
2010-2019	56	0.00808	0.00805	0.5	89655	722	89294	2227747	24.85
2010-2019	57	0.00872	0.00868	0.5	88933	772	88547	2138452	24.05
2010-2019	58	0.00957	0.00952	0.5	88162	839	87742	2049905	23.25
2010-2019	59	0.01022	0.01017	0.5	87322	888	86878	1962163	22.47
2010-2019	60	0.01073	0.01067	0.5	86434	922	85973	1875285	21.70
2010-2019	61	0.01187	0.01180	0.5	85511	1009	85007	1789313	20.92
2010-2019	62	0.01247	0.01240	0.5	84502	1047	83978	1704306	20.17
2010-2019	63	0.01377	0.01368	0.5	83455	1142	82884	1620327	19.42
2010-2019	64	0.01441	0.01431	0.5	82313	1178	81724	1537444	18.68
2010-2019	65	0.01535	0.01523	0.5	81135	1236	80517	1455719	17.94
2010-2019	66	0.01676	0.01662	0.5	79900	1328	79235	1375202	17.21
2010-2019	67	0.01794	0.01778	0.5	78571	1397	77873	1295967	16.49
2010-2019	68	0.01964	0.01945	0.5	77175	1501	76424	1218094	15.78
2010-2019	69	0.02102	0.02080	0.5	75674	1574	74887	1141669	15.09
2010-2019	70	0.02324	0.02298	0.5	74099	1703	73248	1066783	14.40
2010-2019	71	0.02541	0.02509	0.5	72397	1816	71489	993534	13.72
2010-2019	72	0.02746	0.02709	0.5	70581	1912	69625	922046	13.06
2010-2019	73	0.03008	0.02964	0.5	68669	2035	67652	852421	12.41
2010-2019	74	0.03255	0.03203	0.5	66634	2134	65567	784769	11.78
2010-2019	75	0.03666	0.03600	0.5	64500	2322	63338	719202	11.15
2010-2019	76	0.03939	0.03863	0.5	62177	2402	60977	655864	10.55
2010-2019	77	0.04355	0.04262	0.5	59776	2548	58502	594887	9.95
2010-2019	78	0.04850	0.04735	0.5	57228	2710	55873	536385	9.37
2010-2019	79	0.05250	0.05116	0.5	54518	2789	53124	480512	8.81
2010-2019	80	0.06045	0.05868	0.5	51729	3035	50212	427389	8.26
2010-2019	81	0.06622	0.06410	0.5	48694	3121	47133	377177	7.75
2010-2019	82	0.07552	0.07277	0.5	45573	3316	43914	330044	7.24
2010-2019	83	0.08392	0.08054	0.5	42256	3403	40554	286130	6.77
2010-2019	84	0.09427	0.09003	0.5	38853	3498	37104	245575	6.32
2010-2019	85	0.10358	0.09848	0.5	35355	3482	33614	208471	5.90
2010-2019	86	0.11538	0.10909	0.5	31873	3477	30135	174857	5.49
2010-2019	87	0.12908	0.12125	0.5	28396	3443	26675	144723	5.10
2010-2019	88	0.14377	0.13412	0.5	24953	3347	23280	118048	4.73
2010-2019	89	0.15930	0.14754	0.5	21606	3188	20012	94769	4.39
2010-2019	90	0.18146	0.16637	0.5	18418	3064	16886	74756	4.06
2010-2019	91	0.20115	0.18276	0.5	15354	2806	13951	57870	3.77
2010-2019	92	0.22440	0.20177	0.5	12548	2532	11282	43919	3.50
2010-2019	93	0.24657	0.21951	0.5	10016	2199	8917	32637	3.26
2010-2019	94	0.27108	0.23873	0.5	7818	1866	6884	23720	3.03
2010-2019	95	0.29707	0.25865	0.5	5951	1539	5182	16836	2.83
2010-2019	96	0.32445	0.27916	0.5	4412	1232	3796	11654	2.64
2010-2019	97	0.35308	0.30010	0.5	3180	954	2703	7858	2.47
2010-2019	98	0.38280	0.32130	0.5	2226	715	1868	5155	2.32
2010-2019	99	0.41343	0.34261	0.5	1511	518	1252	3286	2.18
2010-2019	100	0.44474	0.36383	0.5	993	361	812	2035	2.05
2010-2019	101	0.47650	0.38482	0.5	632	243	510	1222	1.93
2010-2019	102	0.50844	0.40539	0.5	389	158	310	712	1.83
2010-2019	103	0.54032	0.42540	0.5	231	98	182	402	1.74
2010-2019	104	0.57188	0.44472	0.5	133	59	103	220	1.66
2010-2019	105	0.60286	0.46323	0.5	74	34	57	117	1.58
2010-2019	106	0.63303	0.48084	0.5	40	19	30	60	1.52
2010-2019	107	0.66220	0.49748	0.5	21	10	15	30	1.46
2010-2019	108	0.69018	0.51311	0.5	10	5	8	15	1.41
2010-2019	109	0.71684	0.52770	0.5	5	3	4	7	1.37
2010-2019	110+	0.74206	1.00000	1.35	2	2	3	3	1.35
2020-2022	0	0.00596	0.00593	0.06	100000	593	99443	7456887	74.57
2020-2022	1	0.00038	0.00038	0.5	99407	38	99388	7357444	74.01
2020-2022	2	0.00021	0.00021	0.5	99369	21	99359	7258055	73.04
2020-2022	3	0.00024	0.00024	0.5	99348	24	99336	7158697	72.06
2020-2022	4	0.00014	0.00014	0.5	99325	13	99318	7059360	71.07
2020-2022	5	0.00014	0.00014	0.5	99311	14	99304	6960043	70.08
2020-2022	6	0.00012	0.00012	0.5	99297	12	99291	6860738	69.09
2020-2022	7	0.00010	0.00010	0.5	99285	10	99280	6761447	68.10
2020-2022	8	0.00010	0.00010	0.5	99275	10	99271	6662167	67.11
2020-2022	9	0.00013	0.00013	0.5	99266	13	99259	6562896	66.11
2020-2022	10	0.00009	0.00009	0.5	99253	9	99248	6463637	65.12
2020-2022	11	0.00012	0.00012	0.5	99244	12	99238	6364389	64.13
2020-2022	12	0.00012	0.00012	0.5	99232	12	99226	6265151	63.14
2020-2022	13	0.00024	0.00024	0.5	99219	24	99208	6165925	62.14
2020-2022	14	0.00031	0.00031	0.5	99196	31	99181	6066718	61.16
2020-2022	15	0.00050	0.00050	0.5	99165	50	99140	5967537	60.18
2020-2022	16	0.00064	0.00064	0.5	99116	63	99084	5868397	59.21
2020-2022	17	0.00083	0.00083	0.5	99053	83	99011	5769313	58.24
2020-2022	18	0.00126	0.00126	0.5	98970	124	98908	5670301	57.29
2020-2022	19	0.00137	0.00136	0.5	98846	135	98778	5571393	56.36
2020-2022	20	0.00143	0.00143	0.5	98711	141	98640	5472615	55.44
2020-2022	21	0.00152	0.00152	0.5	98570	150	98495	5373975	54.52
2020-2022	22	0.00163	0.00163	0.5	98420	160	98340	5275480	53.60
2020-2022	23	0.00166	0.00166	0.5	98260	163	98178	5177140	52.69
2020-2022	24	0.00169	0.00169	0.5	98096	165	98014	5078963	51.78
2020-2022	25	0.00183	0.00183	0.5	97931	179	97841	4980949	50.86
2020-2022	26	0.00224	0.00224	0.5	97752	219	97642	4883108	49.95
2020-2022	27	0.00237	0.00237	0.5	97533	231	97417	4785465	49.07
2020-2022	28	0.00206	0.00206	0.5	97301	200	97201	4688049	48.18
2020-2022	29	0.00222	0.00221	0.5	97101	215	96994	4590847	47.28
2020-2022	30	0.00243	0.00243	0.5	96886	235	96769	4493854	46.38
2020-2022	31	0.00249	0.00249	0.5	96651	240	96531	4397085	45.49
2020-2022	32	0.00231	0.00230	0.5	96411	222	96300	4300554	44.61
2020-2022	33	0.00248	0.00248	0.5	96189	239	96069	4204254	43.71
2020-2022	34	0.00247	0.00246	0.5	95950	236	95832	4108185	42.82
2020-2022	35	0.00259	0.00258	0.5	95714	247	95590	4012353	41.92
2020-2022	36	0.00265	0.00265	0.5	95466	253	95340	3916763	41.03
2020-2022	37	0.00284	0.00283	0.5	95213	270	95079	3821423	40.14
2020-2022	38	0.00283	0.00283	0.5	94944	268	94809	3726345	39.25
2020-2022	39	0.00300	0.00300	0.5	94675	284	94533	3631535	38.36
2020-2022	40	0.00313	0.00312	0.5	94391	295	94244	3537002	37.47
2020-2022	41	0.00321	0.00321	0.5	94097	302	93946	3442758	36.59
2020-2022	42	0.00337	0.00336	0.5	93795	315	93637	3348812	35.70
2020-2022	43	0.00344	0.00343	0.5	93479	321	93319	3255175	34.82
2020-2022	44	0.00358	0.00357	0.5	93158	333	92992	3161856	33.94
2020-2022	45	0.00395	0.00394	0.5	92826	366	92643	3068864	33.06
2020-2022	46	0.00417	0.00416	0.5	92460	385	92268	2976221	32.19
2020-2022	47	0.00479	0.00477	0.5	92075	440	91856	2883953	31.32
2020-2022	48	0.00521	0.00520	0.5	91636	476	91398	2792098	30.47
2020-2022	49	0.00541	0.00539	0.5	91160	492	90914	2700700	29.63
2020-2022	50	0.00579	0.00578	0.5	90668	524	90406	2609786	28.78
2020-2022	51	0.00631	0.00629	0.5	90144	567	89861	2519380	27.95
2020-2022	52	0.00674	0.00672	0.5	89577	602	89276	2429519	27.12
2020-2022	53	0.00682	0.00679	0.5	88975	605	88673	2340243	26.30
2020-2022	54	0.00795	0.00791	0.5	88371	699	88021	2251570	25.48
2020-2022	55	0.00871	0.00867	0.5	87671	760	87291	2163549	24.68
2020-2022	56	0.00890	0.00886	0.5	86911	770	86526	2076258	23.89
2020-2022	57	0.01023	0.01018	0.5	86141	877	85703	1989732	23.10
2020-2022	58	0.01126	0.01120	0.5	85265	955	84787	1904029	22.33
2020-2022	59	0.01134	0.01127	0.5	84310	950	83835	1819242	21.58
2020-2022	60	0.01337	0.01328	0.5	83359	1107	82806	1735407	20.82
2020-2022	61	0.01368	0.01358	0.5	82253	1117	81694	1652601	20.09
2020-2022	62	0.01485	0.01474	0.5	81135	1196	80538	1570908	19.36
2020-2022	63	0.01643	0.01630	0.5	79940	1303	79288	1490370	18.64
2020-2022	64	0.01797	0.01781	0.5	78637	1401	77936	1411082	17.94
2020-2022	65	0.01871	0.01854	0.5	77236	1432	76520	1333146	17.26
2020-2022	66	0.01954	0.01935	0.5	75804	1467	75070	1256626	16.58
2020-2022	67	0.02093	0.02071	0.5	74337	1540	73567	1181555	15.89
2020-2022	68	0.02264	0.02239	0.5	72797	1630	71982	1107988	15.22
2020-2022	69	0.02364	0.02336	0.5	71167	1663	70336	1036006	14.56
2020-2022	70	0.02655	0.02620	0.5	69505	1821	68594	965670	13.89
2020-2022	71	0.02774	0.02736	0.5	67684	1852	66758	897076	13.25
2020-2022	72	0.03078	0.03032	0.5	65832	1996	64834	830318	12.61
2020-2022	73	0.03336	0.03281	0.5	63836	2095	62789	765483	11.99
2020-2022	74	0.03448	0.03389	0.5	61742	2093	60695	702694	11.38
2020-2022	75	0.03831	0.03759	0.5	59649	2242	58528	641999	10.76
2020-2022	76	0.04225	0.04137	0.5	57407	2375	56219	583471	10.16
2020-2022	77	0.04781	0.04670	0.5	55032	2570	53747	527252	9.58
2020-2022	78	0.05446	0.05302	0.5	52462	2782	51071	473505	9.03
2020-2022	79	0.06023	0.05847	0.5	49681	2905	48228	422433	8.50
2020-2022	80	0.06370	0.06173	0.5	46776	2888	45332	374205	8.00
2020-2022	81	0.07117	0.06872	0.5	43888	3016	42380	328873	7.49
2020-2022	82	0.08033	0.07723	0.5	40872	3157	39294	286493	7.01
2020-2022	83	0.08827	0.08454	0.5	37715	3189	36121	247199	6.55
2020-2022	84	0.09821	0.09361	0.5	34527	3232	32911	211078	6.11
2020-2022	85	0.10814	0.10260	0.5	31295	3211	29689	178167	5.69
2020-2022	86	0.12149	0.11454	0.5	28084	3217	26476	148478	5.29
2020-2022	87	0.13693	0.12816	0.5	24867	3187	23274	122002	4.91
2020-2022	88	0.14997	0.13951	0.5	21680	3025	20168	98728	4.55
2020-2022	89	0.17019	0.15684	0.5	18656	2926	17193	78560	4.21
2020-2022	90	0.18964	0.17321	0.5	15730	2725	14367	61368	3.90
2020-2022	91	0.21208	0.19175	0.5	13005	2494	11758	47000	3.61
2020-2022	92	0.23866	0.21322	0.5	10511	2241	9391	35242	3.35
2020-2022	93	0.26017	0.23022	0.5	8270	1904	7318	25851	3.13
2020-2022	94	0.28577	0.25004	0.5	6366	1592	5570	18533	2.91
2020-2022	95	0.31282	0.27051	0.5	4774	1292	4129	12962	2.71
2020-2022	96	0.34120	0.29148	0.5	3483	1015	2975	8834	2.54
2020-2022	97	0.37078	0.31279	0.5	2468	772	2082	5858	2.37
2020-2022	98	0.40135	0.33427	0.5	1696	567	1412	3777	2.23
2020-2022	99	0.43272	0.35575	0.5	1129	402	928	2364	2.09
2020-2022	100	0.46463	0.37704	0.5	727	274	590	1436	1.97
2020-2022	101	0.49683	0.39797	0.5	453	180	363	846	1.87
2020-2022	102	0.52906	0.41839	0.5	273	114	216	483	1.77
2020-2022	103	0.56105	0.43814	0.5	159	70	124	267	1.68
2020-2022	104	0.59254	0.45711	0.5	89	41	69	143	1.61
2020-2022	105	0.62329	0.47520	0.5	48	23	37	74	1.54
2020-2022	106	0.65307	0.49231	0.5	25	13	19	37	1.48
2020-2022	107	0.68171	0.50841	0.5	13	7	10	18	1.42
2020-2022	108	0.70903	0.52346	0.5	6	3	5	9	1.38
2020-2022	109	0.73492	0.53743	0.5	3	2	2	4	1.34
2020-2022	110+	0.75929	1.00000	1.32	1	1	2	2	1.32
