VA: VA, Lifetables (period 1x10), Females Last modified: February 4 2025, MPv5 (May07) 

Year     	Age	mx	qx	ax	lx	dx	Lx	Tx	ex
1941-1949	0	0.04146	0.04008	0.17	100000	4008	96670	6684358	66.84
1941-1949	1	0.00369	0.00368	0.5	95992	353	95815	6587688	68.63
1941-1949	2	0.00206	0.00206	0.5	95639	197	95540	6491873	67.88
1941-1949	3	0.00146	0.00146	0.5	95441	139	95372	6396333	67.02
1941-1949	4	0.00117	0.00117	0.5	95302	112	95247	6300961	66.12
1941-1949	5	0.00098	0.00098	0.5	95191	93	95144	6205714	65.19
1941-1949	6	0.00084	0.00084	0.5	95098	80	95058	6110570	64.26
1941-1949	7	0.00074	0.00074	0.5	95018	70	94983	6015512	63.31
1941-1949	8	0.00067	0.00067	0.5	94947	64	94916	5920529	62.36
1941-1949	9	0.00063	0.00063	0.5	94884	60	94854	5825613	61.40
1941-1949	10	0.00062	0.00062	0.5	94824	59	94795	5730759	60.44
1941-1949	11	0.00065	0.00065	0.5	94765	62	94734	5635965	59.47
1941-1949	12	0.00071	0.00071	0.5	94703	67	94669	5541231	58.51
1941-1949	13	0.00080	0.00080	0.5	94636	76	94598	5446561	57.55
1941-1949	14	0.00091	0.00091	0.5	94560	86	94517	5351963	56.60
1941-1949	15	0.00105	0.00105	0.5	94474	99	94424	5257446	55.65
1941-1949	16	0.00119	0.00119	0.5	94375	112	94319	5163022	54.71
1941-1949	17	0.00133	0.00133	0.5	94263	125	94200	5068703	53.77
1941-1949	18	0.00149	0.00148	0.5	94138	140	94068	4974503	52.84
1941-1949	19	0.00164	0.00164	0.5	93998	154	93921	4880436	51.92
1941-1949	20	0.00180	0.00180	0.5	93843	169	93759	4786515	51.01
1941-1949	21	0.00192	0.00192	0.5	93674	180	93584	4692756	50.10
1941-1949	22	0.00201	0.00201	0.5	93494	188	93401	4599172	49.19
1941-1949	23	0.00206	0.00205	0.5	93307	192	93211	4505771	48.29
1941-1949	24	0.00206	0.00206	0.5	93115	192	93019	4412560	47.39
1941-1949	25	0.00204	0.00204	0.5	92924	190	92829	4319541	46.48
1941-1949	26	0.00205	0.00204	0.5	92734	190	92639	4226712	45.58
1941-1949	27	0.00208	0.00208	0.5	92544	192	92448	4134073	44.67
1941-1949	28	0.00216	0.00216	0.5	92352	199	92252	4041625	43.76
1941-1949	29	0.00227	0.00227	0.5	92153	209	92048	3949372	42.86
1941-1949	30	0.00242	0.00241	0.5	91944	222	91833	3857324	41.95
1941-1949	31	0.00255	0.00255	0.5	91722	234	91605	3765491	41.05
1941-1949	32	0.00269	0.00268	0.5	91488	246	91365	3673886	40.16
1941-1949	33	0.00284	0.00283	0.5	91242	258	91113	3582521	39.26
1941-1949	34	0.00297	0.00297	0.5	90984	270	90849	3491408	38.37
1941-1949	35	0.00314	0.00314	0.5	90714	284	90572	3400559	37.49
1941-1949	36	0.00333	0.00332	0.5	90429	300	90279	3309987	36.60
1941-1949	37	0.00356	0.00355	0.5	90129	320	89969	3219708	35.72
1941-1949	38	0.00387	0.00387	0.5	89809	347	89636	3129739	34.85
1941-1949	39	0.00423	0.00422	0.5	89462	378	89273	3040103	33.98
1941-1949	40	0.00459	0.00458	0.5	89084	408	88880	2950830	33.12
1941-1949	41	0.00489	0.00488	0.5	88676	433	88460	2861950	32.27
1941-1949	42	0.00523	0.00522	0.5	88243	461	88013	2773490	31.43
1941-1949	43	0.00562	0.00561	0.5	87782	492	87536	2685477	30.59
1941-1949	44	0.00594	0.00593	0.5	87290	517	87032	2597941	29.76
1941-1949	45	0.00630	0.00628	0.5	86773	545	86501	2510909	28.94
1941-1949	46	0.00666	0.00664	0.5	86228	572	85942	2424409	28.12
1941-1949	47	0.00711	0.00708	0.5	85656	607	85353	2338466	27.30
1941-1949	48	0.00777	0.00774	0.5	85049	659	84720	2253114	26.49
1941-1949	49	0.00862	0.00859	0.5	84391	725	84029	2168394	25.69
1941-1949	50	0.00963	0.00958	0.5	83666	802	83265	2084365	24.91
1941-1949	51	0.01041	0.01035	0.5	82864	858	82435	2001100	24.15
1941-1949	52	0.01111	0.01105	0.5	82006	906	81553	1918665	23.40
1941-1949	53	0.01188	0.01181	0.5	81100	958	80622	1837111	22.65
1941-1949	54	0.01253	0.01245	0.5	80143	998	79644	1756490	21.92
1941-1949	55	0.01320	0.01311	0.5	79145	1038	78626	1676846	21.19
1941-1949	56	0.01385	0.01375	0.5	78107	1074	77570	1598220	20.46
1941-1949	57	0.01462	0.01452	0.5	77033	1118	76474	1520650	19.74
1941-1949	58	0.01579	0.01567	0.5	75915	1189	75320	1444176	19.02
1941-1949	59	0.01725	0.01710	0.5	74725	1278	74086	1368856	18.32
1941-1949	60	0.01898	0.01880	0.5	73447	1381	72757	1294769	17.63
1941-1949	61	0.02040	0.02020	0.5	72067	1455	71339	1222012	16.96
1941-1949	62	0.02183	0.02160	0.5	70611	1525	69849	1150673	16.30
1941-1949	63	0.02367	0.02339	0.5	69086	1616	68278	1080824	15.64
1941-1949	64	0.02553	0.02521	0.5	67470	1701	66620	1012546	15.01
1941-1949	65	0.02790	0.02752	0.5	65769	1810	64864	945926	14.38
1941-1949	66	0.03010	0.02965	0.5	63959	1896	63011	881062	13.78
1941-1949	67	0.03225	0.03173	0.5	62063	1970	61078	818051	13.18
1941-1949	68	0.03519	0.03458	0.5	60093	2078	59054	756973	12.60
1941-1949	69	0.03839	0.03767	0.5	58015	2186	56922	697918	12.03
1941-1949	70	0.04221	0.04133	0.5	55830	2308	54676	640996	11.48
1941-1949	71	0.04544	0.04443	0.5	53522	2378	52333	586320	10.95
1941-1949	72	0.04887	0.04770	0.5	51144	2440	49924	533987	10.44
1941-1949	73	0.05311	0.05174	0.5	48704	2520	47445	484063	9.94
1941-1949	74	0.05732	0.05572	0.5	46185	2574	44898	436618	9.45
1941-1949	75	0.06255	0.06066	0.5	43611	2645	42288	391720	8.98
1941-1949	76	0.06757	0.06536	0.5	40966	2678	39627	349432	8.53
1941-1949	77	0.07259	0.07005	0.5	38288	2682	36947	309805	8.09
1941-1949	78	0.07923	0.07621	0.5	35606	2714	34249	272858	7.66
1941-1949	79	0.08700	0.08337	0.5	32892	2742	31521	238609	7.25
1941-1949	80	0.09388	0.08967	0.5	30150	2704	28798	207088	6.87
1941-1949	81	0.10366	0.09855	0.5	27446	2705	26094	178290	6.50
1941-1949	82	0.11388	0.10774	0.5	24741	2666	23409	152196	6.15
1941-1949	83	0.12451	0.11721	0.5	22076	2587	20782	128787	5.83
1941-1949	84	0.13521	0.12665	0.5	19488	2468	18254	108005	5.54
1941-1949	85	0.14572	0.13583	0.5	17020	2312	15864	89751	5.27
1941-1949	86	0.15652	0.14516	0.5	14708	2135	13641	73887	5.02
1941-1949	87	0.16252	0.15031	0.5	12573	1890	11628	60246	4.79
1941-1949	88	0.17397	0.16005	0.5	10683	1710	9828	48618	4.55
1941-1949	89	0.18605	0.17022	0.5	8974	1527	8210	38789	4.32
1941-1949	90	0.19877	0.18080	0.5	7446	1346	6773	30579	4.11
1941-1949	91	0.21213	0.19179	0.5	6100	1170	5515	23806	3.90
1941-1949	92	0.22613	0.20316	0.5	4930	1002	4429	18291	3.71
1941-1949	93	0.24078	0.21490	0.5	3928	844	3506	13862	3.53
1941-1949	94	0.25606	0.22699	0.5	3084	700	2734	10356	3.36
1941-1949	95	0.27196	0.23940	0.5	2384	571	2099	7622	3.20
1941-1949	96	0.28846	0.25210	0.5	1813	457	1585	5523	3.05
1941-1949	97	0.30555	0.26506	0.5	1356	359	1176	3938	2.90
1941-1949	98	0.32319	0.27823	0.5	997	277	858	2762	2.77
1941-1949	99	0.34135	0.29159	0.5	719	210	615	1904	2.65
1941-1949	100	0.35999	0.30508	0.5	510	155	432	1289	2.53
1941-1949	101	0.37906	0.31866	0.5	354	113	298	857	2.42
1941-1949	102	0.39851	0.33230	0.5	241	80	201	560	2.32
1941-1949	103	0.41828	0.34593	0.5	161	56	133	358	2.22
1941-1949	104	0.43832	0.35953	0.5	105	38	86	225	2.14
1941-1949	105	0.45857	0.37304	0.5	67	25	55	139	2.06
1941-1949	106	0.47895	0.38641	0.5	42	16	34	84	1.98
1941-1949	107	0.49940	0.39962	0.5	26	10	21	50	1.92
1941-1949	108	0.51986	0.41261	0.5	16	6	12	29	1.86
1941-1949	109	0.54024	0.42535	0.5	9	4	7	17	1.81
1941-1949	110+	0.56050	1.00000	1.78	5	5	9	9	1.78
1950-1959	0	0.02859	0.02790	0.13	100000	2790	97581	7132993	71.33
1950-1959	1	0.00195	0.00195	0.5	97210	189	97115	7035412	72.37
1950-1959	2	0.00114	0.00114	0.5	97021	111	96965	6938297	71.51
1950-1959	3	0.00087	0.00087	0.5	96910	84	96868	6841331	70.59
1950-1959	4	0.00067	0.00067	0.5	96826	65	96793	6744464	69.66
1950-1959	5	0.00055	0.00055	0.5	96761	53	96734	6647671	68.70
1950-1959	6	0.00050	0.00050	0.5	96707	48	96683	6550937	67.74
1950-1959	7	0.00043	0.00043	0.5	96659	41	96638	6454254	66.77
1950-1959	8	0.00038	0.00038	0.5	96617	37	96599	6357616	65.80
1950-1959	9	0.00035	0.00034	0.5	96581	33	96564	6261017	64.83
1950-1959	10	0.00033	0.00033	0.5	96547	32	96532	6164453	63.85
1950-1959	11	0.00033	0.00033	0.5	96516	31	96500	6067921	62.87
1950-1959	12	0.00034	0.00034	0.5	96484	33	96468	5971421	61.89
1950-1959	13	0.00040	0.00040	0.5	96451	39	96432	5874953	60.91
1950-1959	14	0.00045	0.00045	0.5	96413	44	96391	5778521	59.94
1950-1959	15	0.00053	0.00053	0.5	96369	51	96343	5682131	58.96
1950-1959	16	0.00061	0.00061	0.5	96318	59	96288	5585787	57.99
1950-1959	17	0.00064	0.00064	0.5	96259	61	96228	5489499	57.03
1950-1959	18	0.00072	0.00072	0.5	96198	70	96163	5393271	56.06
1950-1959	19	0.00077	0.00077	0.5	96128	74	96091	5297108	55.10
1950-1959	20	0.00084	0.00084	0.5	96054	81	96014	5201017	54.15
1950-1959	21	0.00087	0.00087	0.5	95973	83	95932	5105003	53.19
1950-1959	22	0.00094	0.00094	0.5	95890	90	95845	5009072	52.24
1950-1959	23	0.00094	0.00094	0.5	95800	90	95755	4913227	51.29
1950-1959	24	0.00104	0.00103	0.5	95710	99	95660	4817472	50.33
1950-1959	25	0.00103	0.00103	0.5	95611	98	95561	4721812	49.39
1950-1959	26	0.00111	0.00111	0.5	95512	106	95459	4626250	48.44
1950-1959	27	0.00113	0.00113	0.5	95406	108	95352	4530791	47.49
1950-1959	28	0.00123	0.00123	0.5	95298	117	95239	4435439	46.54
1950-1959	29	0.00130	0.00129	0.5	95181	123	95119	4340200	45.60
1950-1959	30	0.00137	0.00137	0.5	95058	130	94993	4245080	44.66
1950-1959	31	0.00147	0.00147	0.5	94927	139	94858	4150088	43.72
1950-1959	32	0.00162	0.00161	0.5	94788	153	94712	4055230	42.78
1950-1959	33	0.00171	0.00171	0.5	94635	162	94554	3960518	41.85
1950-1959	34	0.00188	0.00187	0.5	94473	177	94385	3865964	40.92
1950-1959	35	0.00204	0.00204	0.5	94296	193	94200	3771579	40.00
1950-1959	36	0.00218	0.00217	0.5	94104	205	94002	3677379	39.08
1950-1959	37	0.00235	0.00234	0.5	93899	220	93789	3583377	38.16
1950-1959	38	0.00263	0.00263	0.5	93679	246	93556	3489588	37.25
1950-1959	39	0.00280	0.00280	0.5	93433	262	93302	3396032	36.35
1950-1959	40	0.00298	0.00298	0.5	93171	277	93033	3302729	35.45
1950-1959	41	0.00318	0.00317	0.5	92894	294	92747	3209697	34.55
1950-1959	42	0.00344	0.00343	0.5	92600	318	92441	3116950	33.66
1950-1959	43	0.00374	0.00373	0.5	92282	344	92110	3024509	32.77
1950-1959	44	0.00393	0.00392	0.5	91938	361	91757	2932399	31.90
1950-1959	45	0.00421	0.00420	0.5	91577	385	91385	2840642	31.02
1950-1959	46	0.00458	0.00457	0.5	91192	417	90984	2749257	30.15
1950-1959	47	0.00518	0.00516	0.5	90775	469	90541	2658273	29.28
1950-1959	48	0.00559	0.00557	0.5	90307	503	90055	2567733	28.43
1950-1959	49	0.00619	0.00617	0.5	89803	554	89527	2477678	27.59
1950-1959	50	0.00678	0.00675	0.5	89250	603	88948	2388151	26.76
1950-1959	51	0.00737	0.00735	0.5	88647	651	88321	2299203	25.94
1950-1959	52	0.00823	0.00819	0.5	87996	721	87635	2210882	25.12
1950-1959	53	0.00877	0.00873	0.5	87275	762	86894	2123246	24.33
1950-1959	54	0.00943	0.00939	0.5	86513	812	86107	2036353	23.54
1950-1959	55	0.00982	0.00978	0.5	85701	838	85282	1950246	22.76
1950-1959	56	0.01057	0.01051	0.5	84863	892	84417	1864964	21.98
1950-1959	57	0.01116	0.01110	0.5	83971	932	83505	1780547	21.20
1950-1959	58	0.01232	0.01224	0.5	83039	1016	82530	1697042	20.44
1950-1959	59	0.01330	0.01321	0.5	82022	1084	81480	1614512	19.68
1950-1959	60	0.01437	0.01427	0.5	80939	1155	80361	1533031	18.94
1950-1959	61	0.01535	0.01523	0.5	79784	1215	79176	1452670	18.21
1950-1959	62	0.01723	0.01708	0.5	78568	1342	77897	1373494	17.48
1950-1959	63	0.01909	0.01891	0.5	77226	1460	76496	1295597	16.78
1950-1959	64	0.02046	0.02025	0.5	75766	1534	74999	1219101	16.09
1950-1959	65	0.02274	0.02248	0.5	74232	1669	73397	1144102	15.41
1950-1959	66	0.02443	0.02413	0.5	72563	1751	71687	1070705	14.76
1950-1959	67	0.02665	0.02630	0.5	70811	1862	69880	999018	14.11
1950-1959	68	0.02915	0.02873	0.5	68949	1981	67959	929138	13.48
1950-1959	69	0.03136	0.03087	0.5	66968	2067	65934	861180	12.86
1950-1959	70	0.03512	0.03451	0.5	64901	2240	63781	795245	12.25
1950-1959	71	0.03706	0.03638	0.5	62661	2280	61521	731465	11.67
1950-1959	72	0.04187	0.04101	0.5	60381	2477	59143	669944	11.10
1950-1959	73	0.04516	0.04416	0.5	57904	2557	56626	610801	10.55
1950-1959	74	0.04997	0.04875	0.5	55347	2698	53998	554175	10.01
1950-1959	75	0.05521	0.05373	0.5	52649	2829	51235	500177	9.50
1950-1959	76	0.05943	0.05772	0.5	49821	2875	48383	448942	9.01
1950-1959	77	0.06483	0.06279	0.5	46945	2948	45471	400559	8.53
1950-1959	78	0.07185	0.06936	0.5	43997	3051	42472	355088	8.07
1950-1959	79	0.07952	0.07648	0.5	40946	3132	39380	312616	7.63
1950-1959	80	0.08356	0.08021	0.5	37814	3033	36298	273236	7.23
1950-1959	81	0.09072	0.08679	0.5	34781	3019	33272	236939	6.81
1950-1959	82	0.10070	0.09587	0.5	31763	3045	30240	203667	6.41
1950-1959	83	0.11041	0.10463	0.5	28717	3005	27215	173427	6.04
1950-1959	84	0.12155	0.11459	0.5	25713	2946	24239	146212	5.69
1950-1959	85	0.13236	0.12414	0.5	22766	2826	21353	121972	5.36
1950-1959	86	0.14401	0.13434	0.5	19940	2679	18601	100619	5.05
1950-1959	87	0.15614	0.14483	0.5	17261	2500	16011	82019	4.75
1950-1959	88	0.16980	0.15651	0.5	14761	2310	13606	66007	4.47
1950-1959	89	0.18439	0.16882	0.5	12451	2102	11400	52401	4.21
1950-1959	90	0.19993	0.18176	0.5	10349	1881	9409	41001	3.96
1950-1959	91	0.21644	0.19531	0.5	8468	1654	7641	31592	3.73
1950-1959	92	0.23391	0.20942	0.5	6814	1427	6101	23951	3.51
1950-1959	93	0.25234	0.22407	0.5	5387	1207	4784	17851	3.31
1950-1959	94	0.27171	0.23921	0.5	4180	1000	3680	13067	3.13
1950-1959	95	0.29198	0.25478	0.5	3180	810	2775	9387	2.95
1950-1959	96	0.31311	0.27073	0.5	2370	642	2049	6612	2.79
1950-1959	97	0.33505	0.28697	0.5	1728	496	1480	4563	2.64
1950-1959	98	0.35772	0.30345	0.5	1232	374	1045	3083	2.50
1950-1959	99	0.38105	0.32007	0.5	858	275	721	2037	2.37
1950-1959	100	0.40495	0.33676	0.5	584	197	485	1316	2.26
1950-1959	101	0.42930	0.35343	0.5	387	137	319	831	2.15
1950-1959	102	0.45400	0.37001	0.5	250	93	204	512	2.05
1950-1959	103	0.47892	0.38640	0.5	158	61	127	308	1.95
1950-1959	104	0.50396	0.40253	0.5	97	39	77	181	1.87
1950-1959	105	0.52897	0.41833	0.5	58	24	46	104	1.79
1950-1959	106	0.55384	0.43373	0.5	34	15	26	58	1.72
1950-1959	107	0.57844	0.44867	0.5	19	9	15	32	1.66
1950-1959	108	0.60266	0.46311	0.5	10	5	8	17	1.61
1950-1959	109	0.62638	0.47699	0.5	6	3	4	9	1.57
1950-1959	110+	0.64951	1.00000	1.54	3	3	5	5	1.54
1960-1969	0	0.02379	0.02330	0.12	100000	2330	97949	7311741	73.12
1960-1969	1	0.00148	0.00148	0.5	97670	144	97598	7213792	73.86
1960-1969	2	0.00088	0.00088	0.5	97526	86	97483	7116194	72.97
1960-1969	3	0.00072	0.00072	0.5	97440	70	97405	7018711	72.03
1960-1969	4	0.00057	0.00057	0.5	97370	55	97342	6921306	71.08
1960-1969	5	0.00046	0.00046	0.5	97315	45	97292	6823964	70.12
1960-1969	6	0.00040	0.00040	0.5	97270	39	97250	6726672	69.15
1960-1969	7	0.00038	0.00038	0.5	97231	37	97212	6629421	68.18
1960-1969	8	0.00033	0.00033	0.5	97193	32	97177	6532209	67.21
1960-1969	9	0.00027	0.00027	0.5	97161	27	97148	6435032	66.23
1960-1969	10	0.00032	0.00032	0.5	97134	31	97119	6337884	65.25
1960-1969	11	0.00028	0.00028	0.5	97104	27	97090	6240766	64.27
1960-1969	12	0.00034	0.00034	0.5	97077	33	97060	6143675	63.29
1960-1969	13	0.00026	0.00026	0.5	97043	25	97031	6046615	62.31
1960-1969	14	0.00035	0.00035	0.5	97018	34	97001	5949585	61.32
1960-1969	15	0.00045	0.00045	0.5	96984	44	96962	5852584	60.35
1960-1969	16	0.00050	0.00050	0.5	96941	49	96916	5755621	59.37
1960-1969	17	0.00054	0.00054	0.5	96892	52	96866	5658705	58.40
1960-1969	18	0.00055	0.00055	0.5	96840	54	96813	5561839	57.43
1960-1969	19	0.00060	0.00060	0.5	96786	59	96757	5465026	56.46
1960-1969	20	0.00060	0.00060	0.5	96728	58	96699	5368269	55.50
1960-1969	21	0.00068	0.00068	0.5	96670	66	96637	5271570	54.53
1960-1969	22	0.00070	0.00070	0.5	96604	67	96570	5174933	53.57
1960-1969	23	0.00076	0.00076	0.5	96536	73	96500	5078363	52.61
1960-1969	24	0.00070	0.00070	0.5	96463	68	96429	4981864	51.65
1960-1969	25	0.00081	0.00081	0.5	96395	78	96356	4885434	50.68
1960-1969	26	0.00078	0.00078	0.5	96317	75	96280	4789078	49.72
1960-1969	27	0.00084	0.00084	0.5	96242	81	96202	4692799	48.76
1960-1969	28	0.00087	0.00087	0.5	96161	83	96119	4596597	47.80
1960-1969	29	0.00101	0.00101	0.5	96078	97	96029	4500477	46.84
1960-1969	30	0.00117	0.00117	0.5	95981	112	95925	4404448	45.89
1960-1969	31	0.00116	0.00116	0.5	95869	111	95814	4308523	44.94
1960-1969	32	0.00120	0.00120	0.5	95758	115	95701	4212709	43.99
1960-1969	33	0.00142	0.00142	0.5	95643	136	95576	4117009	43.05
1960-1969	34	0.00158	0.00158	0.5	95508	151	95432	4021433	42.11
1960-1969	35	0.00170	0.00169	0.5	95357	162	95276	3926001	41.17
1960-1969	36	0.00180	0.00180	0.5	95195	172	95109	3830725	40.24
1960-1969	37	0.00188	0.00188	0.5	95023	179	94934	3735616	39.31
1960-1969	38	0.00206	0.00206	0.5	94845	195	94747	3640682	38.39
1960-1969	39	0.00237	0.00237	0.5	94650	224	94538	3545935	37.46
1960-1969	40	0.00255	0.00255	0.5	94426	241	94306	3451397	36.55
1960-1969	41	0.00271	0.00271	0.5	94185	255	94058	3357091	35.64
1960-1969	42	0.00308	0.00308	0.5	93930	289	93785	3263034	34.74
1960-1969	43	0.00342	0.00341	0.5	93641	320	93481	3169248	33.84
1960-1969	44	0.00348	0.00347	0.5	93321	324	93159	3075767	32.96
1960-1969	45	0.00372	0.00371	0.5	92997	345	92825	2982608	32.07
1960-1969	46	0.00408	0.00407	0.5	92652	377	92463	2889784	31.19
1960-1969	47	0.00453	0.00451	0.5	92275	417	92066	2797320	30.32
1960-1969	48	0.00489	0.00488	0.5	91858	448	91634	2705254	29.45
1960-1969	49	0.00538	0.00537	0.5	91410	490	91164	2613620	28.59
1960-1969	50	0.00614	0.00612	0.5	90919	557	90641	2522456	27.74
1960-1969	51	0.00604	0.00603	0.5	90362	544	90090	2431815	26.91
1960-1969	52	0.00723	0.00721	0.5	89818	647	89494	2341725	26.07
1960-1969	53	0.00783	0.00780	0.5	89171	695	88823	2252231	25.26
1960-1969	54	0.00781	0.00778	0.5	88475	689	88131	2163408	24.45
1960-1969	55	0.00841	0.00837	0.5	87787	735	87419	2075277	23.64
1960-1969	56	0.00933	0.00929	0.5	87052	809	86647	1987857	22.84
1960-1969	57	0.01001	0.00996	0.5	86243	859	85813	1901210	22.04
1960-1969	58	0.01104	0.01098	0.5	85384	938	84915	1815397	21.26
1960-1969	59	0.01107	0.01101	0.5	84446	930	83981	1730482	20.49
1960-1969	60	0.01376	0.01366	0.5	83516	1141	82945	1646501	19.71
1960-1969	61	0.01357	0.01348	0.5	82375	1111	81819	1563556	18.98
1960-1969	62	0.01563	0.01550	0.5	81264	1260	80634	1481736	18.23
1960-1969	63	0.01642	0.01629	0.5	80004	1303	79352	1401102	17.51
1960-1969	64	0.01774	0.01758	0.5	78701	1384	78009	1321750	16.79
1960-1969	65	0.02125	0.02103	0.5	77317	1626	76504	1243741	16.09
1960-1969	66	0.02129	0.02107	0.5	75691	1595	74894	1167237	15.42
1960-1969	67	0.02407	0.02379	0.5	74096	1762	73215	1092343	14.74
1960-1969	68	0.02560	0.02528	0.5	72334	1828	71420	1019128	14.09
1960-1969	69	0.02676	0.02641	0.5	70506	1862	69575	947708	13.44
1960-1969	70	0.03274	0.03221	0.5	68644	2211	67538	878133	12.79
1960-1969	71	0.03129	0.03081	0.5	66433	2047	65409	810595	12.20
1960-1969	72	0.03836	0.03764	0.5	64386	2424	63174	745186	11.57
1960-1969	73	0.04193	0.04107	0.5	61962	2545	60690	682011	11.01
1960-1969	74	0.04457	0.04359	0.5	59417	2590	58122	621322	10.46
1960-1969	75	0.05015	0.04892	0.5	56827	2780	55437	563199	9.91
1960-1969	76	0.05332	0.05194	0.5	54047	2807	52643	507762	9.39
1960-1969	77	0.05468	0.05323	0.5	51240	2727	49876	455119	8.88
1960-1969	78	0.06290	0.06098	0.5	48513	2958	47033	405243	8.35
1960-1969	79	0.06947	0.06714	0.5	45554	3058	44025	358210	7.86
1960-1969	80	0.08177	0.07856	0.5	42496	3339	40826	314185	7.39
1960-1969	81	0.08097	0.07782	0.5	39157	3047	37634	273358	6.98
1960-1969	82	0.09275	0.08864	0.5	36110	3201	34510	235725	6.53
1960-1969	83	0.10526	0.09999	0.5	32909	3291	31264	201215	6.11
1960-1969	84	0.12012	0.11332	0.5	29619	3356	27940	169951	5.74
1960-1969	85	0.12910	0.12127	0.5	26262	3185	24670	142011	5.41
1960-1969	86	0.14609	0.13615	0.5	23077	3142	21506	117341	5.08
1960-1969	87	0.15205	0.14131	0.5	19935	2817	18527	95834	4.81
1960-1969	88	0.16593	0.15322	0.5	17118	2623	15807	77307	4.52
1960-1969	89	0.18080	0.16581	0.5	14496	2404	13294	61500	4.24
1960-1969	90	0.19670	0.17908	0.5	12092	2165	11009	48207	3.99
1960-1969	91	0.21362	0.19301	0.5	9926	1916	8969	37197	3.75
1960-1969	92	0.23159	0.20755	0.5	8011	1663	7179	28229	3.52
1960-1969	93	0.25058	0.22268	0.5	6348	1414	5641	21049	3.32
1960-1969	94	0.27058	0.23833	0.5	4934	1176	4346	15408	3.12
1960-1969	95	0.29155	0.25446	0.5	3758	956	3280	11062	2.94
1960-1969	96	0.31345	0.27098	0.5	2802	759	2422	7782	2.78
1960-1969	97	0.33622	0.28783	0.5	2043	588	1749	5359	2.62
1960-1969	98	0.35978	0.30492	0.5	1455	444	1233	3610	2.48
1960-1969	99	0.38403	0.32217	0.5	1011	326	848	2378	2.35
1960-1969	100	0.40887	0.33947	0.5	685	233	569	1529	2.23
1960-1969	101	0.43418	0.35674	0.5	453	162	372	960	2.12
1960-1969	102	0.45984	0.37388	0.5	291	109	237	588	2.02
1960-1969	103	0.48572	0.39081	0.5	182	71	147	351	1.93
1960-1969	104	0.51168	0.40744	0.5	111	45	88	205	1.84
1960-1969	105	0.53757	0.42369	0.5	66	28	52	116	1.77
1960-1969	106	0.56326	0.43949	0.5	38	17	30	64	1.70
1960-1969	107	0.58861	0.45477	0.5	21	10	16	35	1.63
1960-1969	108	0.61351	0.46949	0.5	12	5	9	18	1.58
1960-1969	109	0.63782	0.48360	0.5	6	3	5	9	1.54
1960-1969	110+	0.66145	1.00000	1.51	3	3	5	5	1.51
1970-1979	0	0.01575	0.01553	0.1	100000	1553	98598	7588894	75.89
1970-1979	1	0.00088	0.00088	0.5	98447	87	98404	7490296	76.08
1970-1979	2	0.00064	0.00064	0.5	98361	63	98330	7391892	75.15
1970-1979	3	0.00042	0.00042	0.5	98298	41	98278	7293563	74.20
1970-1979	4	0.00037	0.00037	0.5	98257	37	98239	7195285	73.23
1970-1979	5	0.00033	0.00033	0.5	98221	32	98204	7097046	72.26
1970-1979	6	0.00032	0.00032	0.5	98188	31	98173	6998841	71.28
1970-1979	7	0.00027	0.00027	0.5	98157	26	98144	6900669	70.30
1970-1979	8	0.00026	0.00026	0.5	98131	25	98118	6802525	69.32
1970-1979	9	0.00025	0.00025	0.5	98106	24	98094	6704407	68.34
1970-1979	10	0.00027	0.00027	0.5	98081	26	98068	6606313	67.36
1970-1979	11	0.00021	0.00021	0.5	98055	21	98045	6508245	66.37
1970-1979	12	0.00027	0.00027	0.5	98034	27	98021	6410200	65.39
1970-1979	13	0.00027	0.00027	0.5	98008	26	97995	6312179	64.40
1970-1979	14	0.00031	0.00031	0.5	97982	31	97966	6214184	63.42
1970-1979	15	0.00043	0.00043	0.5	97951	42	97930	6116218	62.44
1970-1979	16	0.00050	0.00050	0.5	97909	49	97885	6018288	61.47
1970-1979	17	0.00047	0.00047	0.5	97860	46	97837	5920404	60.50
1970-1979	18	0.00060	0.00060	0.5	97814	59	97785	5822566	59.53
1970-1979	19	0.00060	0.00060	0.5	97756	59	97726	5724781	58.56
1970-1979	20	0.00059	0.00059	0.5	97697	57	97668	5627055	57.60
1970-1979	21	0.00062	0.00062	0.5	97640	60	97610	5529387	56.63
1970-1979	22	0.00057	0.00057	0.5	97579	56	97551	5431777	55.67
1970-1979	23	0.00055	0.00055	0.5	97524	54	97497	5334226	54.70
1970-1979	24	0.00052	0.00052	0.5	97470	51	97444	5236729	53.73
1970-1979	25	0.00057	0.00057	0.5	97419	55	97391	5139285	52.75
1970-1979	26	0.00066	0.00066	0.5	97363	64	97331	5041894	51.78
1970-1979	27	0.00069	0.00069	0.5	97300	67	97266	4944562	50.82
1970-1979	28	0.00073	0.00073	0.5	97232	71	97197	4847297	49.85
1970-1979	29	0.00077	0.00077	0.5	97161	74	97124	4750100	48.89
1970-1979	30	0.00072	0.00072	0.5	97087	70	97051	4652976	47.93
1970-1979	31	0.00091	0.00091	0.5	97016	88	96972	4555925	46.96
1970-1979	32	0.00093	0.00093	0.5	96928	90	96883	4458953	46.00
1970-1979	33	0.00101	0.00101	0.5	96838	98	96789	4362069	45.04
1970-1979	34	0.00116	0.00116	0.5	96740	112	96684	4265280	44.09
1970-1979	35	0.00118	0.00117	0.5	96628	113	96571	4168596	43.14
1970-1979	36	0.00140	0.00140	0.5	96515	135	96447	4072025	42.19
1970-1979	37	0.00154	0.00154	0.5	96379	148	96305	3975578	41.25
1970-1979	38	0.00166	0.00166	0.5	96231	160	96151	3879273	40.31
1970-1979	39	0.00187	0.00187	0.5	96071	179	95981	3783123	39.38
1970-1979	40	0.00203	0.00202	0.5	95891	194	95794	3687142	38.45
1970-1979	41	0.00217	0.00217	0.5	95697	208	95593	3591347	37.53
1970-1979	42	0.00250	0.00250	0.5	95489	239	95370	3495754	36.61
1970-1979	43	0.00290	0.00290	0.5	95251	276	95113	3400384	35.70
1970-1979	44	0.00315	0.00314	0.5	94975	298	94826	3305271	34.80
1970-1979	45	0.00329	0.00328	0.5	94677	311	94521	3210445	33.91
1970-1979	46	0.00361	0.00360	0.5	94366	340	94196	3115924	33.02
1970-1979	47	0.00389	0.00389	0.5	94026	365	93843	3021728	32.14
1970-1979	48	0.00415	0.00414	0.5	93660	388	93466	2927885	31.26
1970-1979	49	0.00456	0.00455	0.5	93273	425	93060	2834418	30.39
1970-1979	50	0.00502	0.00500	0.5	92848	465	92616	2741358	29.53
1970-1979	51	0.00562	0.00560	0.5	92383	517	92125	2648743	28.67
1970-1979	52	0.00577	0.00575	0.5	91866	528	91602	2556618	27.83
1970-1979	53	0.00645	0.00643	0.5	91338	588	91044	2465016	26.99
1970-1979	54	0.00684	0.00681	0.5	90750	618	90441	2373973	26.16
1970-1979	55	0.00738	0.00735	0.5	90132	662	89800	2283532	25.34
1970-1979	56	0.00794	0.00791	0.5	89469	708	89115	2193731	24.52
1970-1979	57	0.00871	0.00868	0.5	88761	770	88376	2104616	23.71
1970-1979	58	0.00962	0.00958	0.5	87991	843	87570	2016240	22.91
1970-1979	59	0.01008	0.01003	0.5	87149	874	86711	1928670	22.13
1970-1979	60	0.01093	0.01087	0.5	86274	938	85805	1841959	21.35
1970-1979	61	0.01189	0.01182	0.5	85336	1009	84832	1756153	20.58
1970-1979	62	0.01295	0.01286	0.5	84328	1085	83785	1671321	19.82
1970-1979	63	0.01363	0.01354	0.5	83243	1127	82679	1587536	19.07
1970-1979	64	0.01483	0.01472	0.5	82116	1209	81511	1504856	18.33
1970-1979	65	0.01632	0.01619	0.5	80907	1310	80252	1423345	17.59
1970-1979	66	0.01729	0.01714	0.5	79597	1365	78915	1343093	16.87
1970-1979	67	0.01929	0.01911	0.5	78233	1495	77485	1264178	16.16
1970-1979	68	0.02109	0.02087	0.5	76738	1601	75937	1186692	15.46
1970-1979	69	0.02190	0.02166	0.5	75136	1628	74323	1110755	14.78
1970-1979	70	0.02673	0.02638	0.5	73509	1939	72539	1036433	14.10
1970-1979	71	0.02716	0.02680	0.5	71570	1918	70611	963893	13.47
1970-1979	72	0.03178	0.03129	0.5	69651	2179	68562	893283	12.83
1970-1979	73	0.03292	0.03238	0.5	67472	2185	66380	824721	12.22
1970-1979	74	0.03701	0.03634	0.5	65287	2372	64101	758341	11.62
1970-1979	75	0.04040	0.03960	0.5	62915	2491	61669	694240	11.03
1970-1979	76	0.04280	0.04190	0.5	60423	2532	59158	632571	10.47
1970-1979	77	0.04780	0.04668	0.5	57892	2703	56540	573413	9.90
1970-1979	78	0.05376	0.05235	0.5	55189	2889	53744	516873	9.37
1970-1979	79	0.06044	0.05867	0.5	52300	3068	50765	463129	8.86
1970-1979	80	0.06541	0.06334	0.5	49231	3118	47672	412363	8.38
1970-1979	81	0.06647	0.06433	0.5	46113	2966	44630	364691	7.91
1970-1979	82	0.07627	0.07347	0.5	43146	3170	41561	320062	7.42
1970-1979	83	0.08731	0.08365	0.5	39977	3344	38304	278500	6.97
1970-1979	84	0.09534	0.09100	0.5	36632	3334	34966	240196	6.56
1970-1979	85	0.10486	0.09964	0.5	33299	3318	31640	205230	6.16
1970-1979	86	0.11353	0.10743	0.5	29981	3221	28371	173591	5.79
1970-1979	87	0.12627	0.11877	0.5	26760	3178	25171	145220	5.43
1970-1979	88	0.13862	0.12963	0.5	23582	3057	22053	120049	5.09
1970-1979	89	0.15196	0.14123	0.5	20525	2899	19076	97995	4.77
1970-1979	90	0.16634	0.15357	0.5	17626	2707	16273	78920	4.48
1970-1979	91	0.18179	0.16665	0.5	14919	2486	13676	62647	4.20
1970-1979	92	0.19834	0.18045	0.5	12433	2243	11311	48971	3.94
1970-1979	93	0.21599	0.19494	0.5	10190	1986	9196	37660	3.70
1970-1979	94	0.23476	0.21010	0.5	8203	1723	7341	28463	3.47
1970-1979	95	0.25462	0.22587	0.5	6480	1464	5748	21122	3.26
1970-1979	96	0.27556	0.24219	0.5	5016	1215	4409	15374	3.06
1970-1979	97	0.29754	0.25901	0.5	3801	985	3309	10965	2.88
1970-1979	98	0.32049	0.27623	0.5	2817	778	2428	7656	2.72
1970-1979	99	0.34435	0.29377	0.5	2039	599	1739	5228	2.56
1970-1979	100	0.36902	0.31154	0.5	1440	449	1215	3489	2.42
1970-1979	101	0.39439	0.32943	0.5	991	327	828	2274	2.29
1970-1979	102	0.42034	0.34734	0.5	665	231	549	1446	2.17
1970-1979	103	0.44674	0.36517	0.5	434	158	355	896	2.07
1970-1979	104	0.47345	0.38283	0.5	275	105	223	542	1.97
1970-1979	105	0.50031	0.40020	0.5	170	68	136	319	1.88
1970-1979	106	0.52716	0.41720	0.5	102	43	81	183	1.80
1970-1979	107	0.55386	0.43375	0.5	59	26	47	102	1.72
1970-1979	108	0.58026	0.44977	0.5	34	15	26	56	1.66
1970-1979	109	0.60620	0.46520	0.5	19	9	14	30	1.61
1970-1979	110+	0.63156	1.00000	1.58	10	10	16	16	1.58
1980-1989	0	0.01047	0.01037	0.08	100000	1037	99049	7795181	77.95
1980-1989	1	0.00079	0.00079	0.5	98963	79	98924	7696132	77.77
1980-1989	2	0.00038	0.00038	0.5	98885	37	98866	7597208	76.83
1980-1989	3	0.00030	0.00030	0.5	98848	30	98833	7498342	75.86
1980-1989	4	0.00023	0.00023	0.5	98818	23	98806	7399510	74.88
1980-1989	5	0.00029	0.00029	0.5	98794	29	98780	7300704	73.90
1980-1989	6	0.00019	0.00019	0.5	98766	19	98756	7201923	72.92
1980-1989	7	0.00020	0.00020	0.5	98747	20	98737	7103167	71.93
1980-1989	8	0.00020	0.00020	0.5	98727	19	98718	7004430	70.95
1980-1989	9	0.00015	0.00015	0.5	98708	15	98700	6905713	69.96
1980-1989	10	0.00015	0.00015	0.5	98693	15	98686	6807012	68.97
1980-1989	11	0.00015	0.00015	0.5	98678	15	98671	6708327	67.98
1980-1989	12	0.00021	0.00021	0.5	98664	21	98653	6609656	66.99
1980-1989	13	0.00017	0.00017	0.5	98643	17	98634	6511003	66.01
1980-1989	14	0.00024	0.00024	0.5	98626	24	98614	6412368	65.02
1980-1989	15	0.00032	0.00032	0.5	98602	31	98586	6313754	64.03
1980-1989	16	0.00043	0.00043	0.5	98571	43	98549	6215168	63.05
1980-1989	17	0.00046	0.00046	0.5	98528	45	98505	6116619	62.08
1980-1989	18	0.00050	0.00050	0.5	98483	49	98458	6018113	61.11
1980-1989	19	0.00049	0.00049	0.5	98433	49	98409	5919655	60.14
1980-1989	20	0.00043	0.00043	0.5	98385	43	98363	5821246	59.17
1980-1989	21	0.00055	0.00055	0.5	98342	54	98315	5722883	58.19
1980-1989	22	0.00049	0.00049	0.5	98288	48	98264	5624568	57.23
1980-1989	23	0.00049	0.00049	0.5	98240	48	98216	5526304	56.25
1980-1989	24	0.00048	0.00048	0.5	98191	47	98168	5428089	55.28
1980-1989	25	0.00059	0.00059	0.5	98144	57	98116	5329921	54.31
1980-1989	26	0.00049	0.00049	0.5	98087	48	98063	5231805	53.34
1980-1989	27	0.00062	0.00062	0.5	98039	61	98009	5133742	52.36
1980-1989	28	0.00066	0.00066	0.5	97978	65	97946	5035734	51.40
1980-1989	29	0.00050	0.00050	0.5	97913	49	97888	4937788	50.43
1980-1989	30	0.00063	0.00063	0.5	97864	62	97833	4839900	49.46
1980-1989	31	0.00070	0.00070	0.5	97802	69	97768	4742067	48.49
1980-1989	32	0.00069	0.00069	0.5	97733	67	97700	4644299	47.52
1980-1989	33	0.00075	0.00075	0.5	97666	73	97629	4546599	46.55
1980-1989	34	0.00080	0.00080	0.5	97593	78	97554	4448970	45.59
1980-1989	35	0.00093	0.00092	0.5	97514	90	97469	4351416	44.62
1980-1989	36	0.00096	0.00096	0.5	97424	94	97377	4253947	43.66
1980-1989	37	0.00096	0.00096	0.5	97331	93	97284	4156569	42.71
1980-1989	38	0.00125	0.00125	0.5	97237	121	97177	4059285	41.75
1980-1989	39	0.00111	0.00111	0.5	97116	108	97062	3962109	40.80
1980-1989	40	0.00134	0.00134	0.5	97008	130	96944	3865047	39.84
1980-1989	41	0.00161	0.00161	0.5	96879	156	96801	3768103	38.90
1980-1989	42	0.00173	0.00172	0.5	96723	167	96640	3671302	37.96
1980-1989	43	0.00187	0.00187	0.5	96556	180	96466	3574663	37.02
1980-1989	44	0.00211	0.00211	0.5	96376	203	96274	3478196	36.09
1980-1989	45	0.00239	0.00238	0.5	96173	229	96058	3381922	35.17
1980-1989	46	0.00264	0.00264	0.5	95943	253	95817	3285864	34.25
1980-1989	47	0.00273	0.00272	0.5	95690	261	95560	3190047	33.34
1980-1989	48	0.00324	0.00323	0.5	95430	309	95275	3094487	32.43
1980-1989	49	0.00357	0.00357	0.5	95121	339	94952	2999212	31.53
1980-1989	50	0.00375	0.00374	0.5	94782	355	94605	2904260	30.64
1980-1989	51	0.00447	0.00446	0.5	94427	421	94217	2809655	29.75
1980-1989	52	0.00480	0.00479	0.5	94006	450	93781	2715439	28.89
1980-1989	53	0.00526	0.00525	0.5	93557	491	93311	2621657	28.02
1980-1989	54	0.00559	0.00557	0.5	93066	519	92806	2528346	27.17
1980-1989	55	0.00633	0.00631	0.5	92547	584	92255	2435540	26.32
1980-1989	56	0.00717	0.00714	0.5	91963	657	91634	2343285	25.48
1980-1989	57	0.00729	0.00727	0.5	91306	663	90974	2251651	24.66
1980-1989	58	0.00836	0.00832	0.5	90643	754	90265	2160676	23.84
1980-1989	59	0.00889	0.00885	0.5	89888	796	89490	2070411	23.03
1980-1989	60	0.00977	0.00972	0.5	89093	866	88660	1980920	22.23
1980-1989	61	0.01060	0.01055	0.5	88227	930	87762	1892261	21.45
1980-1989	62	0.01230	0.01223	0.5	87296	1068	86763	1804499	20.67
1980-1989	63	0.01312	0.01303	0.5	86229	1124	85667	1717736	19.92
1980-1989	64	0.01310	0.01302	0.5	85105	1108	84551	1632069	19.18
1980-1989	65	0.01586	0.01573	0.5	83997	1322	83336	1547518	18.42
1980-1989	66	0.01600	0.01588	0.5	82676	1313	82019	1464182	17.71
1980-1989	67	0.01813	0.01796	0.5	81363	1461	80632	1382162	16.99
1980-1989	68	0.01957	0.01938	0.5	79901	1549	79127	1301530	16.29
1980-1989	69	0.02077	0.02055	0.5	78353	1610	77548	1222403	15.60
1980-1989	70	0.02271	0.02245	0.5	76742	1723	75881	1144855	14.92
1980-1989	71	0.02518	0.02487	0.5	75019	1866	74086	1068975	14.25
1980-1989	72	0.02773	0.02735	0.5	73154	2001	72153	994888	13.60
1980-1989	73	0.03012	0.02967	0.5	71153	2111	70097	922735	12.97
1980-1989	74	0.03227	0.03176	0.5	69042	2193	67945	852638	12.35
1980-1989	75	0.03539	0.03477	0.5	66849	2325	65687	784693	11.74
1980-1989	76	0.04060	0.03979	0.5	64524	2567	63241	719006	11.14
1980-1989	77	0.04361	0.04268	0.5	61957	2644	60635	655765	10.58
1980-1989	78	0.04702	0.04594	0.5	59313	2725	57951	595131	10.03
1980-1989	79	0.05051	0.04926	0.5	56588	2788	55195	537180	9.49
1980-1989	80	0.05613	0.05460	0.5	53801	2937	52332	481985	8.96
1980-1989	81	0.06142	0.05959	0.5	50863	3031	49348	429653	8.45
1980-1989	82	0.06757	0.06536	0.5	47833	3126	46269	380305	7.95
1980-1989	83	0.07506	0.07235	0.5	44706	3234	43089	334036	7.47
1980-1989	84	0.08296	0.07965	0.5	41472	3303	39820	290947	7.02
1980-1989	85	0.09233	0.08826	0.5	38169	3369	36484	251127	6.58
1980-1989	86	0.10307	0.09802	0.5	34800	3411	33094	214642	6.17
1980-1989	87	0.11327	0.10720	0.5	31389	3365	29706	181548	5.78
1980-1989	88	0.12496	0.11761	0.5	28024	3296	26376	151842	5.42
1980-1989	89	0.13766	0.12880	0.5	24728	3185	23135	125466	5.07
1980-1989	90	0.15143	0.14077	0.5	21543	3033	20027	102331	4.75
1980-1989	91	0.16632	0.15355	0.5	18510	2842	17089	82304	4.45
1980-1989	92	0.18235	0.16711	0.5	15668	2618	14359	65215	4.16
1980-1989	93	0.19956	0.18145	0.5	13050	2368	11866	50856	3.90
1980-1989	94	0.21796	0.19654	0.5	10682	2099	9632	38991	3.65
1980-1989	95	0.23755	0.21233	0.5	8582	1822	7671	29359	3.42
1980-1989	96	0.25832	0.22877	0.5	6760	1547	5987	21687	3.21
1980-1989	97	0.28024	0.24580	0.5	5214	1281	4573	15700	3.01
1980-1989	98	0.30326	0.26333	0.5	3932	1035	3414	11128	2.83
1980-1989	99	0.32731	0.28127	0.5	2897	815	2489	7713	2.66
1980-1989	100	0.35230	0.29954	0.5	2082	624	1770	5224	2.51
1980-1989	101	0.37813	0.31800	0.5	1458	464	1226	3454	2.37
1980-1989	102	0.40466	0.33657	0.5	995	335	827	2227	2.24
1980-1989	103	0.43177	0.35511	0.5	660	234	543	1400	2.12
1980-1989	104	0.45930	0.37352	0.5	426	159	346	857	2.01
1980-1989	105	0.48707	0.39168	0.5	267	104	214	511	1.92
1980-1989	106	0.51492	0.40949	0.5	162	66	129	297	1.83
1980-1989	107	0.54269	0.42686	0.5	96	41	75	168	1.75
1980-1989	108	0.57018	0.44369	0.5	55	24	43	93	1.69
1980-1989	109	0.59726	0.45991	0.5	31	14	24	50	1.64
1980-1989	110+	0.62375	1.00000	1.6	16	16	26	26	1.60
1990-1999	0	0.00783	0.00777	0.07	100000	777	99281	7899463	78.99
1990-1999	1	0.00049	0.00049	0.5	99223	48	99199	7800181	78.61
1990-1999	2	0.00039	0.00039	0.5	99175	39	99155	7700982	77.65
1990-1999	3	0.00025	0.00025	0.5	99136	25	99123	7601827	76.68
1990-1999	4	0.00022	0.00022	0.5	99111	22	99100	7502704	75.70
1990-1999	5	0.00015	0.00015	0.5	99089	15	99082	7403604	74.72
1990-1999	6	0.00014	0.00014	0.5	99074	14	99067	7304522	73.73
1990-1999	7	0.00017	0.00017	0.5	99060	17	99052	7205455	72.74
1990-1999	8	0.00011	0.00011	0.5	99043	11	99038	7106403	71.75
1990-1999	9	0.00014	0.00014	0.5	99032	14	99025	7007366	70.76
1990-1999	10	0.00012	0.00012	0.5	99018	12	99012	6908340	69.77
1990-1999	11	0.00017	0.00017	0.5	99006	17	98998	6809328	68.78
1990-1999	12	0.00018	0.00018	0.5	98989	18	98980	6710331	67.79
1990-1999	13	0.00019	0.00019	0.5	98971	19	98962	6611351	66.80
1990-1999	14	0.00021	0.00021	0.5	98952	20	98942	6512389	65.81
1990-1999	15	0.00028	0.00028	0.5	98932	28	98918	6413447	64.83
1990-1999	16	0.00040	0.00040	0.5	98904	39	98884	6314529	63.85
1990-1999	17	0.00043	0.00043	0.5	98864	43	98843	6215645	62.87
1990-1999	18	0.00052	0.00052	0.5	98821	52	98796	6116803	61.90
1990-1999	19	0.00043	0.00043	0.5	98770	43	98748	6018007	60.93
1990-1999	20	0.00043	0.00043	0.5	98727	42	98706	5919259	59.96
1990-1999	21	0.00041	0.00041	0.5	98685	41	98665	5820552	58.98
1990-1999	22	0.00047	0.00047	0.5	98644	46	98621	5721888	58.01
1990-1999	23	0.00044	0.00044	0.5	98598	43	98576	5623267	57.03
1990-1999	24	0.00045	0.00045	0.5	98554	45	98532	5524691	56.06
1990-1999	25	0.00052	0.00052	0.5	98510	51	98484	5426159	55.08
1990-1999	26	0.00051	0.00051	0.5	98459	50	98434	5327674	54.11
1990-1999	27	0.00053	0.00053	0.5	98409	52	98383	5229240	53.14
1990-1999	28	0.00056	0.00056	0.5	98357	55	98329	5130857	52.17
1990-1999	29	0.00055	0.00055	0.5	98301	54	98274	5032529	51.19
1990-1999	30	0.00062	0.00062	0.5	98247	61	98217	4934254	50.22
1990-1999	31	0.00070	0.00070	0.5	98187	68	98152	4836037	49.25
1990-1999	32	0.00076	0.00076	0.5	98118	74	98081	4737885	48.29
1990-1999	33	0.00076	0.00076	0.5	98044	75	98006	4639804	47.32
1990-1999	34	0.00080	0.00080	0.5	97969	78	97930	4541797	46.36
1990-1999	35	0.00094	0.00094	0.5	97891	92	97845	4443868	45.40
1990-1999	36	0.00106	0.00106	0.5	97799	104	97747	4346023	44.44
1990-1999	37	0.00112	0.00112	0.5	97695	109	97640	4248276	43.49
1990-1999	38	0.00119	0.00119	0.5	97586	116	97527	4150636	42.53
1990-1999	39	0.00119	0.00119	0.5	97469	116	97411	4053108	41.58
1990-1999	40	0.00128	0.00128	0.5	97353	124	97291	3955697	40.63
1990-1999	41	0.00147	0.00147	0.5	97229	143	97157	3858406	39.68
1990-1999	42	0.00150	0.00150	0.5	97086	145	97013	3761249	38.74
1990-1999	43	0.00181	0.00181	0.5	96941	175	96853	3664235	37.80
1990-1999	44	0.00188	0.00188	0.5	96765	182	96675	3567382	36.87
1990-1999	45	0.00195	0.00195	0.5	96584	188	96490	3470708	35.93
1990-1999	46	0.00218	0.00217	0.5	96396	209	96291	3374218	35.00
1990-1999	47	0.00242	0.00242	0.5	96186	233	96070	3277927	34.08
1990-1999	48	0.00256	0.00256	0.5	95954	246	95831	3181858	33.16
1990-1999	49	0.00268	0.00268	0.5	95708	256	95580	3086027	32.24
1990-1999	50	0.00318	0.00317	0.5	95452	303	95300	2990447	31.33
1990-1999	51	0.00358	0.00358	0.5	95149	340	94979	2895147	30.43
1990-1999	52	0.00381	0.00380	0.5	94809	360	94628	2800168	29.53
1990-1999	53	0.00447	0.00446	0.5	94448	422	94237	2705539	28.65
1990-1999	54	0.00443	0.00442	0.5	94027	415	93819	2611302	27.77
1990-1999	55	0.00545	0.00544	0.5	93611	509	93357	2517483	26.89
1990-1999	56	0.00576	0.00574	0.5	93102	535	92835	2424127	26.04
1990-1999	57	0.00622	0.00621	0.5	92567	574	92280	2331292	25.18
1990-1999	58	0.00708	0.00706	0.5	91993	649	91668	2239012	24.34
1990-1999	59	0.00762	0.00759	0.5	91344	693	90997	2147344	23.51
1990-1999	60	0.00876	0.00872	0.5	90651	790	90256	2056346	22.68
1990-1999	61	0.00986	0.00982	0.5	89861	882	89420	1966090	21.88
1990-1999	62	0.01074	0.01068	0.5	88979	950	88503	1876671	21.09
1990-1999	63	0.01169	0.01162	0.5	88028	1023	87517	1788167	20.31
1990-1999	64	0.01251	0.01244	0.5	87005	1082	86464	1700651	19.55
1990-1999	65	0.01375	0.01366	0.5	85923	1173	85336	1614187	18.79
1990-1999	66	0.01501	0.01490	0.5	84750	1263	84118	1528850	18.04
1990-1999	67	0.01546	0.01534	0.5	83487	1281	82847	1444732	17.30
1990-1999	68	0.01797	0.01781	0.5	82206	1464	81474	1361885	16.57
1990-1999	69	0.01927	0.01909	0.5	80742	1541	79971	1280412	15.86
1990-1999	70	0.02087	0.02065	0.5	79201	1636	78383	1200440	15.16
1990-1999	71	0.02426	0.02397	0.5	77565	1859	76635	1122058	14.47
1990-1999	72	0.02611	0.02577	0.5	75706	1951	74730	1045422	13.81
1990-1999	73	0.02903	0.02861	0.5	73755	2110	72700	970692	13.16
1990-1999	74	0.03051	0.03005	0.5	71644	2153	70568	897992	12.53
1990-1999	75	0.03331	0.03276	0.5	69491	2277	68353	827425	11.91
1990-1999	76	0.03663	0.03597	0.5	67215	2418	66006	759072	11.29
1990-1999	77	0.04162	0.04077	0.5	64797	2642	63476	693066	10.70
1990-1999	78	0.04440	0.04343	0.5	62155	2699	60805	629590	10.13
1990-1999	79	0.04862	0.04747	0.5	59456	2822	58045	568785	9.57
1990-1999	80	0.05304	0.05167	0.5	56633	2926	55170	510740	9.02
1990-1999	81	0.05843	0.05677	0.5	53707	3049	52183	455570	8.48
1990-1999	82	0.06611	0.06399	0.5	50658	3242	49037	403387	7.96
1990-1999	83	0.07305	0.07047	0.5	47416	3342	45746	354350	7.47
1990-1999	84	0.08109	0.07793	0.5	44075	3435	42357	308604	7.00
1990-1999	85	0.09127	0.08729	0.5	40640	3547	38866	266247	6.55
1990-1999	86	0.09952	0.09480	0.5	37093	3517	35334	227381	6.13
1990-1999	87	0.11245	0.10646	0.5	33576	3575	31789	192046	5.72
1990-1999	88	0.12482	0.11749	0.5	30002	3525	28239	160258	5.34
1990-1999	89	0.13835	0.12940	0.5	26477	3426	24764	132018	4.99
1990-1999	90	0.15308	0.14220	0.5	23051	3278	21412	107255	4.65
1990-1999	91	0.16908	0.15590	0.5	19773	3083	18232	85843	4.34
1990-1999	92	0.18638	0.17049	0.5	16690	2846	15268	67611	4.05
1990-1999	93	0.20501	0.18595	0.5	13845	2574	12558	52344	3.78
1990-1999	94	0.22499	0.20224	0.5	11270	2279	10131	39786	3.53
1990-1999	95	0.24632	0.21931	0.5	8991	1972	8005	29655	3.30
1990-1999	96	0.26896	0.23708	0.5	7019	1664	6187	21650	3.08
1990-1999	97	0.29288	0.25547	0.5	5355	1368	4671	15463	2.89
1990-1999	98	0.31800	0.27438	0.5	3987	1094	3440	10792	2.71
1990-1999	99	0.34423	0.29368	0.5	2893	850	2468	7352	2.54
1990-1999	100	0.37144	0.31326	0.5	2043	640	1723	4883	2.39
1990-1999	101	0.39949	0.33298	0.5	1403	467	1170	3160	2.25
1990-1999	102	0.42821	0.35270	0.5	936	330	771	1990	2.13
1990-1999	103	0.45743	0.37228	0.5	606	226	493	1219	2.01
1990-1999	104	0.48695	0.39160	0.5	380	149	306	726	1.91
1990-1999	105	0.51655	0.41052	0.5	231	95	184	420	1.82
1990-1999	106	0.54604	0.42893	0.5	136	59	107	237	1.73
1990-1999	107	0.57521	0.44673	0.5	78	35	60	129	1.66
1990-1999	108	0.60387	0.46382	0.5	43	20	33	69	1.60
1990-1999	109	0.63182	0.48014	0.5	23	11	18	36	1.55
1990-1999	110+	0.65893	1.00000	1.52	12	12	18	18	1.52
2000-2009	0	0.00686	0.00682	0.07	100000	682	99368	8006917	80.07
2000-2009	1	0.00039	0.00039	0.5	99318	39	99299	7907549	79.62
2000-2009	2	0.00023	0.00023	0.5	99279	22	99268	7808250	78.65
2000-2009	3	0.00017	0.00017	0.5	99257	17	99249	7708982	77.67
2000-2009	4	0.00016	0.00016	0.5	99240	16	99232	7609734	76.68
2000-2009	5	0.00015	0.00015	0.5	99224	15	99217	7510502	75.69
2000-2009	6	0.00010	0.00010	0.5	99209	10	99204	7411285	74.70
2000-2009	7	0.00009	0.00009	0.5	99199	9	99194	7312081	73.71
2000-2009	8	0.00010	0.00010	0.5	99190	10	99185	7212887	72.72
2000-2009	9	0.00013	0.00013	0.5	99180	13	99174	7113702	71.73
2000-2009	10	0.00011	0.00011	0.5	99167	11	99162	7014528	70.73
2000-2009	11	0.00010	0.00010	0.5	99156	10	99151	6915367	69.74
2000-2009	12	0.00011	0.00011	0.5	99146	11	99140	6816216	68.75
2000-2009	13	0.00013	0.00013	0.5	99135	13	99128	6717075	67.76
2000-2009	14	0.00020	0.00020	0.5	99121	19	99112	6617947	66.77
2000-2009	15	0.00020	0.00020	0.5	99102	20	99092	6518836	65.78
2000-2009	16	0.00034	0.00034	0.5	99082	34	99065	6419744	64.79
2000-2009	17	0.00036	0.00036	0.5	99048	35	99030	6320679	63.81
2000-2009	18	0.00039	0.00039	0.5	99012	38	98993	6221649	62.84
2000-2009	19	0.00044	0.00044	0.5	98974	44	98952	6122656	61.86
2000-2009	20	0.00041	0.00040	0.5	98930	40	98910	6023703	60.89
2000-2009	21	0.00050	0.00050	0.5	98890	50	98865	5924793	59.91
2000-2009	22	0.00046	0.00046	0.5	98841	46	98818	5825927	58.94
2000-2009	23	0.00048	0.00048	0.5	98795	47	98771	5727110	57.97
2000-2009	24	0.00046	0.00046	0.5	98748	45	98725	5628339	57.00
2000-2009	25	0.00045	0.00045	0.5	98702	44	98680	5529614	56.02
2000-2009	26	0.00049	0.00049	0.5	98658	49	98634	5430933	55.05
2000-2009	27	0.00057	0.00057	0.5	98609	56	98581	5332300	54.08
2000-2009	28	0.00053	0.00053	0.5	98553	52	98527	5233719	53.11
2000-2009	29	0.00056	0.00056	0.5	98501	55	98474	5135192	52.13
2000-2009	30	0.00060	0.00060	0.5	98446	59	98417	5036718	51.16
2000-2009	31	0.00056	0.00056	0.5	98388	56	98360	4938301	50.19
2000-2009	32	0.00063	0.00063	0.5	98332	62	98301	4839941	49.22
2000-2009	33	0.00071	0.00071	0.5	98270	70	98235	4741641	48.25
2000-2009	34	0.00071	0.00071	0.5	98200	69	98165	4643406	47.29
2000-2009	35	0.00084	0.00084	0.5	98131	83	98089	4545240	46.32
2000-2009	36	0.00097	0.00097	0.5	98048	95	98001	4447151	45.36
2000-2009	37	0.00106	0.00106	0.5	97953	104	97901	4349150	44.40
2000-2009	38	0.00108	0.00108	0.5	97849	106	97796	4251249	43.45
2000-2009	39	0.00122	0.00122	0.5	97743	119	97684	4153453	42.49
2000-2009	40	0.00128	0.00128	0.5	97625	125	97562	4055769	41.54
2000-2009	41	0.00148	0.00148	0.5	97500	144	97427	3958207	40.60
2000-2009	42	0.00161	0.00161	0.5	97355	156	97277	3860780	39.66
2000-2009	43	0.00179	0.00179	0.5	97199	174	97112	3763503	38.72
2000-2009	44	0.00193	0.00193	0.5	97025	187	96932	3666391	37.79
2000-2009	45	0.00201	0.00201	0.5	96838	194	96741	3569459	36.86
2000-2009	46	0.00229	0.00228	0.5	96644	221	96533	3472718	35.93
2000-2009	47	0.00237	0.00236	0.5	96423	228	96309	3376185	35.01
2000-2009	48	0.00253	0.00253	0.5	96195	243	96073	3279876	34.10
2000-2009	49	0.00266	0.00266	0.5	95952	255	95824	3183802	33.18
2000-2009	50	0.00313	0.00313	0.5	95696	299	95547	3087978	32.27
2000-2009	51	0.00332	0.00331	0.5	95397	316	95239	2992431	31.37
2000-2009	52	0.00360	0.00360	0.5	95081	342	94910	2897192	30.47
2000-2009	53	0.00375	0.00374	0.5	94739	355	94562	2802282	29.58
2000-2009	54	0.00415	0.00414	0.5	94385	391	94190	2707720	28.69
2000-2009	55	0.00456	0.00455	0.5	93994	427	93781	2613530	27.81
2000-2009	56	0.00494	0.00493	0.5	93567	462	93336	2519749	26.93
2000-2009	57	0.00537	0.00535	0.5	93105	499	92856	2426413	26.06
2000-2009	58	0.00577	0.00575	0.5	92607	533	92340	2333557	25.20
2000-2009	59	0.00643	0.00641	0.5	92074	590	91779	2241217	24.34
2000-2009	60	0.00726	0.00723	0.5	91484	661	91153	2149438	23.50
2000-2009	61	0.00757	0.00754	0.5	90822	685	90480	2058285	22.66
2000-2009	62	0.00880	0.00876	0.5	90137	790	89742	1967806	21.83
2000-2009	63	0.00965	0.00961	0.5	89347	858	88918	1878064	21.02
2000-2009	64	0.01047	0.01042	0.5	88489	922	88028	1789146	20.22
2000-2009	65	0.01151	0.01144	0.5	87567	1002	87066	1701118	19.43
2000-2009	66	0.01280	0.01272	0.5	86565	1101	86015	1614051	18.65
2000-2009	67	0.01380	0.01370	0.5	85464	1171	84879	1528037	17.88
2000-2009	68	0.01562	0.01550	0.5	84293	1307	83640	1443158	17.12
2000-2009	69	0.01676	0.01662	0.5	82986	1379	82296	1359519	16.38
2000-2009	70	0.01876	0.01859	0.5	81607	1517	80848	1277222	15.65
2000-2009	71	0.02049	0.02029	0.5	80090	1625	79277	1196374	14.94
2000-2009	72	0.02264	0.02238	0.5	78465	1756	77587	1117096	14.24
2000-2009	73	0.02428	0.02399	0.5	76709	1840	75789	1039509	13.55
2000-2009	74	0.02673	0.02637	0.5	74869	1975	73881	963721	12.87
2000-2009	75	0.02981	0.02937	0.5	72894	2141	71823	889840	12.21
2000-2009	76	0.03286	0.03233	0.5	70753	2287	69609	818016	11.56
2000-2009	77	0.03610	0.03546	0.5	68466	2428	67252	748407	10.93
2000-2009	78	0.04014	0.03935	0.5	66038	2598	64739	681155	10.31
2000-2009	79	0.04519	0.04419	0.5	63440	2803	62038	616416	9.72
2000-2009	80	0.04986	0.04865	0.5	60636	2950	59162	554378	9.14
2000-2009	81	0.05493	0.05347	0.5	57687	3084	56145	495216	8.58
2000-2009	82	0.06143	0.05960	0.5	54602	3254	52975	439071	8.04
2000-2009	83	0.06911	0.06680	0.5	51348	3430	49633	386096	7.52
2000-2009	84	0.07814	0.07520	0.5	47918	3603	46116	336463	7.02
2000-2009	85	0.08708	0.08345	0.5	44315	3698	42466	290347	6.55
2000-2009	86	0.09805	0.09347	0.5	40617	3796	38718	247881	6.10
2000-2009	87	0.10735	0.10188	0.5	36820	3751	34945	209163	5.68
2000-2009	88	0.12384	0.11662	0.5	33069	3856	31141	174218	5.27
2000-2009	89	0.13838	0.12942	0.5	29212	3781	27322	143078	4.90
2000-2009	90	0.15432	0.14326	0.5	25432	3643	23610	115755	4.55
2000-2009	91	0.17173	0.15815	0.5	21788	3446	20065	92145	4.23
2000-2009	92	0.19066	0.17407	0.5	18343	3193	16746	72080	3.93
2000-2009	93	0.21115	0.19098	0.5	15150	2893	13703	55334	3.65
2000-2009	94	0.23320	0.20885	0.5	12256	2560	10977	41631	3.40
2000-2009	95	0.25681	0.22759	0.5	9697	2207	8593	30654	3.16
2000-2009	96	0.28193	0.24710	0.5	7490	1851	6564	22061	2.95
2000-2009	97	0.30849	0.26726	0.5	5639	1507	4886	15496	2.75
2000-2009	98	0.33637	0.28794	0.5	4132	1190	3537	10611	2.57
2000-2009	99	0.36545	0.30899	0.5	2942	909	2488	7074	2.40
2000-2009	100	0.39554	0.33023	0.5	2033	671	1697	4586	2.26
2000-2009	101	0.42644	0.35150	0.5	1362	479	1122	2889	2.12
2000-2009	102	0.45793	0.37261	0.5	883	329	719	1766	2.00
2000-2009	103	0.48976	0.39342	0.5	554	218	445	1048	1.89
2000-2009	104	0.52167	0.41375	0.5	336	139	267	603	1.79
2000-2009	105	0.55340	0.43346	0.5	197	85	154	336	1.71
2000-2009	106	0.58471	0.45244	0.5	112	51	86	182	1.63
2000-2009	107	0.61535	0.47057	0.5	61	29	47	95	1.56
2000-2009	108	0.64510	0.48777	0.5	32	16	24	49	1.50
2000-2009	109	0.67376	0.50398	0.5	17	8	12	24	1.46
2000-2009	110+	0.70119	1.00000	1.43	8	8	12	12	1.43
2010-2019	0	0.00557	0.00554	0.07	100000	554	99484	8139381	81.39
2010-2019	1	0.00032	0.00032	0.5	99446	32	99430	8039897	80.85
2010-2019	2	0.00023	0.00023	0.5	99413	23	99402	7940468	79.87
2010-2019	3	0.00013	0.00013	0.5	99391	13	99384	7841066	78.89
2010-2019	4	0.00012	0.00012	0.5	99377	12	99371	7741682	77.90
2010-2019	5	0.00012	0.00012	0.5	99365	12	99359	7642310	76.91
2010-2019	6	0.00008	0.00008	0.5	99354	8	99349	7542951	75.92
2010-2019	7	0.00011	0.00011	0.5	99345	11	99340	7443601	74.93
2010-2019	8	0.00010	0.00010	0.5	99334	10	99329	7344262	73.93
2010-2019	9	0.00008	0.00008	0.5	99324	8	99320	7244933	72.94
2010-2019	10	0.00009	0.00009	0.5	99316	9	99312	7145613	71.95
2010-2019	11	0.00010	0.00010	0.5	99307	10	99302	7046301	70.95
2010-2019	12	0.00010	0.00010	0.5	99297	10	99293	6946999	69.96
2010-2019	13	0.00014	0.00014	0.5	99288	14	99281	6847706	68.97
2010-2019	14	0.00014	0.00014	0.5	99273	14	99266	6748426	67.98
2010-2019	15	0.00018	0.00018	0.5	99259	18	99250	6649159	66.99
2010-2019	16	0.00018	0.00018	0.5	99241	18	99232	6549909	66.00
2010-2019	17	0.00025	0.00025	0.5	99223	25	99210	6450677	65.01
2010-2019	18	0.00033	0.00033	0.5	99198	33	99181	6351467	64.03
2010-2019	19	0.00034	0.00034	0.5	99165	34	99148	6252286	63.05
2010-2019	20	0.00035	0.00035	0.5	99131	35	99113	6153138	62.07
2010-2019	21	0.00038	0.00038	0.5	99096	38	99077	6054025	61.09
2010-2019	22	0.00038	0.00038	0.5	99058	38	99039	5954949	60.12
2010-2019	23	0.00040	0.00040	0.5	99020	39	99000	5855910	59.14
2010-2019	24	0.00049	0.00049	0.5	98980	48	98956	5756910	58.16
2010-2019	25	0.00050	0.00050	0.5	98932	50	98907	5657954	57.19
2010-2019	26	0.00052	0.00052	0.5	98882	52	98857	5559047	56.22
2010-2019	27	0.00055	0.00055	0.5	98831	54	98804	5460190	55.25
2010-2019	28	0.00063	0.00063	0.5	98777	62	98745	5361387	54.28
2010-2019	29	0.00057	0.00057	0.5	98714	56	98686	5262642	53.31
2010-2019	30	0.00068	0.00068	0.5	98658	67	98625	5163955	52.34
2010-2019	31	0.00066	0.00066	0.5	98591	65	98558	5065331	51.38
2010-2019	32	0.00073	0.00073	0.5	98525	72	98489	4966773	50.41
2010-2019	33	0.00073	0.00073	0.5	98453	72	98417	4868283	49.45
2010-2019	34	0.00085	0.00085	0.5	98381	83	98340	4769866	48.48
2010-2019	35	0.00091	0.00091	0.5	98298	89	98253	4671526	47.52
2010-2019	36	0.00088	0.00088	0.5	98209	86	98166	4573273	46.57
2010-2019	37	0.00103	0.00103	0.5	98123	101	98072	4475107	45.61
2010-2019	38	0.00110	0.00110	0.5	98021	107	97968	4377035	44.65
2010-2019	39	0.00107	0.00107	0.5	97914	105	97862	4279067	43.70
2010-2019	40	0.00118	0.00118	0.5	97809	115	97752	4181205	42.75
2010-2019	41	0.00134	0.00134	0.5	97694	131	97628	4083454	41.80
2010-2019	42	0.00151	0.00151	0.5	97563	147	97489	3985825	40.85
2010-2019	43	0.00151	0.00151	0.5	97416	147	97342	3888336	39.91
2010-2019	44	0.00169	0.00169	0.5	97269	165	97187	3790994	38.97
2010-2019	45	0.00187	0.00187	0.5	97104	182	97013	3693807	38.04
2010-2019	46	0.00206	0.00206	0.5	96923	199	96823	3596793	37.11
2010-2019	47	0.00229	0.00228	0.5	96723	221	96613	3499970	36.19
2010-2019	48	0.00232	0.00232	0.5	96503	224	96391	3403357	35.27
2010-2019	49	0.00265	0.00264	0.5	96279	254	96152	3306967	34.35
2010-2019	50	0.00294	0.00293	0.5	96024	282	95884	3210815	33.44
2010-2019	51	0.00317	0.00316	0.5	95743	303	95591	3114931	32.53
2010-2019	52	0.00351	0.00351	0.5	95440	335	95272	3019340	31.64
2010-2019	53	0.00371	0.00371	0.5	95105	352	94929	2924068	30.75
2010-2019	54	0.00414	0.00413	0.5	94753	392	94557	2829139	29.86
2010-2019	55	0.00446	0.00445	0.5	94361	420	94151	2734582	28.98
2010-2019	56	0.00477	0.00476	0.5	93941	447	93717	2640431	28.11
2010-2019	57	0.00510	0.00509	0.5	93494	476	93256	2546714	27.24
2010-2019	58	0.00567	0.00566	0.5	93018	526	92755	2453458	26.38
2010-2019	59	0.00592	0.00591	0.5	92492	546	92219	2360703	25.52
2010-2019	60	0.00653	0.00651	0.5	91946	598	91647	2268483	24.67
2010-2019	61	0.00714	0.00712	0.5	91348	650	91023	2176837	23.83
2010-2019	62	0.00770	0.00767	0.5	90698	696	90350	2085814	23.00
2010-2019	63	0.00825	0.00822	0.5	90002	740	89632	1995464	22.17
2010-2019	64	0.00885	0.00881	0.5	89262	786	88869	1905832	21.35
2010-2019	65	0.00966	0.00962	0.5	88476	851	88051	1816963	20.54
2010-2019	66	0.01045	0.01040	0.5	87625	911	87170	1728912	19.73
2010-2019	67	0.01139	0.01132	0.5	86714	982	86223	1641743	18.93
2010-2019	68	0.01227	0.01220	0.5	85732	1046	85210	1555519	18.14
2010-2019	69	0.01374	0.01364	0.5	84687	1156	84109	1470310	17.36
2010-2019	70	0.01532	0.01521	0.5	83531	1270	82896	1386201	16.60
2010-2019	71	0.01636	0.01623	0.5	82261	1335	81593	1303305	15.84
2010-2019	72	0.01844	0.01827	0.5	80926	1479	80186	1221712	15.10
2010-2019	73	0.02065	0.02044	0.5	79447	1624	78635	1141525	14.37
2010-2019	74	0.02231	0.02207	0.5	77823	1717	76964	1062890	13.66
2010-2019	75	0.02513	0.02482	0.5	76106	1889	75161	985926	12.95
2010-2019	76	0.02706	0.02670	0.5	74216	1982	73226	910765	12.27
2010-2019	77	0.03079	0.03032	0.5	72235	2190	71140	837540	11.59
2010-2019	78	0.03386	0.03330	0.5	70044	2332	68878	766400	10.94
2010-2019	79	0.03790	0.03719	0.5	67712	2519	66453	697522	10.30
2010-2019	80	0.04433	0.04337	0.5	65194	2828	63780	631069	9.68
2010-2019	81	0.04951	0.04831	0.5	62366	3013	60860	567289	9.10
2010-2019	82	0.05546	0.05397	0.5	59353	3203	57751	506429	8.53
2010-2019	83	0.06117	0.05935	0.5	56150	3333	54484	448678	7.99
2010-2019	84	0.06856	0.06629	0.5	52817	3501	51067	394194	7.46
2010-2019	85	0.07763	0.07473	0.5	49316	3685	47473	343127	6.96
2010-2019	86	0.08710	0.08347	0.5	45631	3809	43727	295654	6.48
2010-2019	87	0.09835	0.09374	0.5	41822	3920	39862	251927	6.02
2010-2019	88	0.11191	0.10598	0.5	37902	4017	35894	212065	5.60
2010-2019	89	0.12550	0.11809	0.5	33885	4001	31884	176172	5.20
2010-2019	90	0.14048	0.13126	0.5	29884	3922	27923	144287	4.83
2010-2019	91	0.15692	0.14550	0.5	25961	3777	24073	116365	4.48
2010-2019	92	0.17490	0.16083	0.5	22184	3568	20400	92292	4.16
2010-2019	93	0.19446	0.17723	0.5	18616	3299	16966	71892	3.86
2010-2019	94	0.21564	0.19465	0.5	15317	2981	13826	54926	3.59
2010-2019	95	0.23844	0.21304	0.5	12335	2628	11021	41100	3.33
2010-2019	96	0.26285	0.23231	0.5	9707	2255	8580	30079	3.10
2010-2019	97	0.28880	0.25236	0.5	7452	1881	6512	21499	2.88
2010-2019	98	0.31622	0.27305	0.5	5572	1521	4811	14987	2.69
2010-2019	99	0.34498	0.29423	0.5	4050	1192	3454	10176	2.51
2010-2019	100	0.37492	0.31573	0.5	2859	903	2407	6722	2.35
2010-2019	101	0.40585	0.33739	0.5	1956	660	1626	4314	2.21
2010-2019	102	0.43755	0.35901	0.5	1296	465	1063	2688	2.07
2010-2019	103	0.46976	0.38041	0.5	831	316	673	1625	1.96
2010-2019	104	0.50223	0.40143	0.5	515	207	411	952	1.85
2010-2019	105	0.53468	0.42189	0.5	308	130	243	541	1.76
2010-2019	106	0.56684	0.44166	0.5	178	79	139	298	1.67
2010-2019	107	0.59844	0.46062	0.5	99	46	77	159	1.60
2010-2019	108	0.62925	0.47865	0.5	54	26	41	82	1.54
2010-2019	109	0.65904	0.49570	0.5	28	14	21	42	1.49
2010-2019	110+	0.68762	1.00000	1.45	14	14	21	21	1.45
2020-2022	0	0.00564	0.00561	0.07	100000	561	99477	8003429	80.03
2020-2022	1	0.00036	0.00036	0.5	99439	36	99421	7903952	79.49
2020-2022	2	0.00023	0.00023	0.5	99403	23	99392	7804531	78.51
2020-2022	3	0.00017	0.00017	0.5	99380	17	99372	7705140	77.53
2020-2022	4	0.00009	0.00009	0.5	99364	9	99359	7605768	76.54
2020-2022	5	0.00010	0.00010	0.5	99354	10	99350	7506409	75.55
2020-2022	6	0.00009	0.00009	0.5	99345	9	99340	7407059	74.56
2020-2022	7	0.00013	0.00013	0.5	99336	13	99329	7307719	73.57
2020-2022	8	0.00010	0.00010	0.5	99323	10	99318	7208390	72.58
2020-2022	9	0.00012	0.00012	0.5	99313	12	99307	7109072	71.58
2020-2022	10	0.00009	0.00009	0.5	99300	9	99296	7009765	70.59
2020-2022	11	0.00012	0.00012	0.5	99291	11	99286	6910469	69.60
2020-2022	12	0.00015	0.00015	0.5	99280	15	99273	6811184	68.61
2020-2022	13	0.00014	0.00014	0.5	99265	14	99258	6711911	67.62
2020-2022	14	0.00013	0.00013	0.5	99251	13	99245	6612653	66.63
2020-2022	15	0.00022	0.00022	0.5	99238	22	99227	6513408	65.63
2020-2022	16	0.00029	0.00029	0.5	99216	28	99202	6414181	64.65
2020-2022	17	0.00033	0.00033	0.5	99188	33	99171	6314979	63.67
2020-2022	18	0.00036	0.00036	0.5	99155	35	99137	6215808	62.69
2020-2022	19	0.00038	0.00038	0.5	99120	38	99101	6116670	61.71
2020-2022	20	0.00050	0.00050	0.5	99082	49	99057	6017570	60.73
2020-2022	21	0.00050	0.00050	0.5	99032	49	99008	5918512	59.76
2020-2022	22	0.00047	0.00047	0.5	98983	47	98960	5819505	58.79
2020-2022	23	0.00069	0.00069	0.5	98936	69	98902	5720545	57.82
2020-2022	24	0.00059	0.00059	0.5	98868	59	98838	5621643	56.86
2020-2022	25	0.00087	0.00087	0.5	98809	86	98766	5522805	55.89
2020-2022	26	0.00077	0.00077	0.5	98723	76	98685	5424039	54.94
2020-2022	27	0.00074	0.00074	0.5	98647	73	98611	5325354	53.98
2020-2022	28	0.00080	0.00080	0.5	98574	79	98535	5226743	53.02
2020-2022	29	0.00102	0.00102	0.5	98496	100	98446	5128208	52.07
2020-2022	30	0.00103	0.00103	0.5	98395	101	98345	5029762	51.12
2020-2022	31	0.00092	0.00092	0.5	98294	90	98249	4931417	50.17
2020-2022	32	0.00111	0.00111	0.5	98204	109	98150	4833168	49.22
2020-2022	33	0.00124	0.00124	0.5	98095	122	98034	4735019	48.27
2020-2022	34	0.00113	0.00113	0.5	97974	110	97918	4636984	47.33
2020-2022	35	0.00118	0.00118	0.5	97863	115	97805	4539066	46.38
2020-2022	36	0.00138	0.00137	0.5	97748	134	97681	4441261	45.44
2020-2022	37	0.00144	0.00144	0.5	97613	140	97543	4343580	44.50
2020-2022	38	0.00142	0.00142	0.5	97473	138	97404	4246037	43.56
2020-2022	39	0.00152	0.00152	0.5	97335	148	97261	4148633	42.62
2020-2022	40	0.00164	0.00164	0.5	97187	160	97107	4051372	41.69
2020-2022	41	0.00196	0.00195	0.5	97027	190	96932	3954265	40.75
2020-2022	42	0.00195	0.00195	0.5	96837	189	96743	3857333	39.83
2020-2022	43	0.00195	0.00195	0.5	96649	188	96554	3760590	38.91
2020-2022	44	0.00212	0.00212	0.5	96460	204	96358	3664036	37.99
2020-2022	45	0.00223	0.00223	0.5	96256	214	96149	3567678	37.06
2020-2022	46	0.00242	0.00242	0.5	96042	232	95926	3471529	36.15
2020-2022	47	0.00278	0.00277	0.5	95809	266	95677	3375604	35.23
2020-2022	48	0.00272	0.00271	0.5	95544	259	95414	3279927	34.33
2020-2022	49	0.00304	0.00304	0.5	95284	290	95140	3184513	33.42
2020-2022	50	0.00319	0.00319	0.5	94995	303	94843	3089374	32.52
2020-2022	51	0.00375	0.00374	0.5	94692	355	94515	2994530	31.62
2020-2022	52	0.00401	0.00401	0.5	94338	378	94149	2900015	30.74
2020-2022	53	0.00428	0.00427	0.5	93960	401	93759	2805867	29.86
2020-2022	54	0.00452	0.00451	0.5	93559	422	93348	2712108	28.99
2020-2022	55	0.00524	0.00523	0.5	93137	487	92893	2618760	28.12
2020-2022	56	0.00525	0.00524	0.5	92650	485	92407	2525867	27.26
2020-2022	57	0.00611	0.00609	0.5	92164	561	91884	2433460	26.40
2020-2022	58	0.00630	0.00628	0.5	91603	575	91316	2341576	25.56
2020-2022	59	0.00752	0.00749	0.5	91028	682	90687	2250260	24.72
2020-2022	60	0.00746	0.00743	0.5	90346	671	90011	2159573	23.90
2020-2022	61	0.00796	0.00793	0.5	89675	711	89319	2069563	23.08
2020-2022	62	0.00928	0.00924	0.5	88964	822	88553	1980243	22.26
2020-2022	63	0.00983	0.00978	0.5	88142	862	87711	1891690	21.46
2020-2022	64	0.01068	0.01062	0.5	87279	927	86816	1803980	20.67
2020-2022	65	0.01152	0.01146	0.5	86353	989	85858	1717164	19.89
2020-2022	66	0.01213	0.01206	0.5	85363	1029	84849	1631306	19.11
2020-2022	67	0.01259	0.01251	0.5	84334	1055	83806	1546457	18.34
2020-2022	68	0.01427	0.01417	0.5	83279	1180	82689	1462651	17.56
2020-2022	69	0.01537	0.01526	0.5	82099	1253	81472	1379962	16.81
2020-2022	70	0.01622	0.01609	0.5	80846	1301	80196	1298490	16.06
2020-2022	71	0.01811	0.01795	0.5	79545	1427	78831	1218294	15.32
2020-2022	72	0.02012	0.01992	0.5	78118	1556	77340	1139463	14.59
2020-2022	73	0.02255	0.02230	0.5	76562	1707	75708	1062124	13.87
2020-2022	74	0.02483	0.02453	0.5	74855	1836	73937	986415	13.18
2020-2022	75	0.02739	0.02702	0.5	73019	1973	72032	912479	12.50
2020-2022	76	0.03025	0.02980	0.5	71046	2117	69987	840447	11.83
2020-2022	77	0.03432	0.03374	0.5	68929	2325	67766	770459	11.18
2020-2022	78	0.03763	0.03693	0.5	66603	2460	65373	702693	10.55
2020-2022	79	0.04146	0.04061	0.5	64143	2605	62841	637320	9.94
2020-2022	80	0.04505	0.04405	0.5	61538	2711	60183	574479	9.34
2020-2022	81	0.05240	0.05106	0.5	58827	3004	57326	514296	8.74
2020-2022	82	0.05882	0.05714	0.5	55824	3190	54229	456971	8.19
2020-2022	83	0.06558	0.06350	0.5	52634	3342	50963	402742	7.65
2020-2022	84	0.07367	0.07105	0.5	49292	3502	47541	351779	7.14
2020-2022	85	0.08290	0.07960	0.5	45790	3645	43967	304239	6.64
2020-2022	86	0.09601	0.09161	0.5	42145	3861	40214	260271	6.18
2020-2022	87	0.10458	0.09938	0.5	38284	3805	36381	220057	5.75
2020-2022	88	0.11991	0.11313	0.5	34479	3901	32529	183676	5.33
2020-2022	89	0.13462	0.12613	0.5	30578	3857	28650	151148	4.94
2020-2022	90	0.15082	0.14024	0.5	26721	3747	24848	122498	4.58
2020-2022	91	0.16858	0.15548	0.5	22974	3572	21188	97650	4.25
2020-2022	92	0.18798	0.17183	0.5	19402	3334	17735	76462	3.94
2020-2022	93	0.20905	0.18927	0.5	16068	3041	14548	58727	3.65
2020-2022	94	0.23180	0.20773	0.5	13027	2706	11674	44179	3.39
2020-2022	95	0.25623	0.22713	0.5	10321	2344	9149	32505	3.15
2020-2022	96	0.28229	0.24737	0.5	7977	1973	6990	23357	2.93
2020-2022	97	0.30989	0.26832	0.5	6003	1611	5198	16366	2.73
2020-2022	98	0.33892	0.28981	0.5	4393	1273	3756	11168	2.54
2020-2022	99	0.36921	0.31168	0.5	3120	972	2633	7412	2.38
2020-2022	100	0.40057	0.33373	0.5	2147	717	1789	4779	2.23
2020-2022	101	0.43277	0.35578	0.5	1431	509	1176	2990	2.09
2020-2022	102	0.46554	0.37764	0.5	922	348	748	1814	1.97
2020-2022	103	0.49861	0.39911	0.5	574	229	459	1066	1.86
2020-2022	104	0.53170	0.42003	0.5	345	145	272	607	1.76
2020-2022	105	0.56451	0.44025	0.5	200	88	156	335	1.67
2020-2022	106	0.59676	0.45962	0.5	112	51	86	179	1.60
2020-2022	107	0.62820	0.47805	0.5	60	29	46	92	1.53
2020-2022	108	0.65859	0.49544	0.5	32	16	24	46	1.47
2020-2022	109	0.68773	0.51176	0.5	16	8	12	23	1.43
2020-2022	110+	0.71546	1.00000	1.4	8	8	11	11	1.40
