NH: NH, Lifetables (period 1x10), Both sexes Last modified: February 4 2025, MPv5 (May07) 

Year     	Age	mx	qx	ax	lx	dx	Lx	Tx	ex
1941-1949	0	0.03588	0.03482	0.15	100000	3482	97033	6760483	67.60
1941-1949	1	0.00266	0.00266	0.5	96518	257	96390	6663449	69.04
1941-1949	2	0.00170	0.00170	0.5	96261	163	96180	6567060	68.22
1941-1949	3	0.00129	0.00129	0.5	96098	124	96036	6470880	67.34
1941-1949	4	0.00116	0.00116	0.5	95974	112	95918	6374844	66.42
1941-1949	5	0.00101	0.00101	0.5	95862	97	95814	6278926	65.50
1941-1949	6	0.00088	0.00088	0.5	95765	84	95723	6183112	64.57
1941-1949	7	0.00077	0.00077	0.5	95681	74	95644	6087389	63.62
1941-1949	8	0.00070	0.00070	0.5	95607	67	95574	5991744	62.67
1941-1949	9	0.00065	0.00065	0.5	95541	62	95510	5896170	61.71
1941-1949	10	0.00063	0.00063	0.5	95479	60	95449	5800661	60.75
1941-1949	11	0.00063	0.00063	0.5	95419	61	95388	5705212	59.79
1941-1949	12	0.00067	0.00067	0.5	95358	63	95326	5609824	58.83
1941-1949	13	0.00072	0.00072	0.5	95295	69	95260	5514497	57.87
1941-1949	14	0.00081	0.00081	0.5	95226	77	95187	5419237	56.91
1941-1949	15	0.00091	0.00091	0.5	95149	86	95106	5324050	55.95
1941-1949	16	0.00100	0.00100	0.5	95063	95	95015	5228944	55.01
1941-1949	17	0.00107	0.00107	0.5	94968	102	94917	5133929	54.06
1941-1949	18	0.00114	0.00114	0.5	94866	108	94812	5039012	53.12
1941-1949	19	0.00119	0.00119	0.5	94758	112	94702	4944199	52.18
1941-1949	20	0.00122	0.00122	0.5	94646	115	94588	4849497	51.24
1941-1949	21	0.00126	0.00126	0.5	94531	119	94471	4754909	50.30
1941-1949	22	0.00130	0.00130	0.5	94412	123	94350	4660438	49.36
1941-1949	23	0.00134	0.00134	0.5	94289	126	94226	4566087	48.43
1941-1949	24	0.00138	0.00138	0.5	94162	130	94097	4471862	47.49
1941-1949	25	0.00142	0.00142	0.5	94032	133	93966	4377765	46.56
1941-1949	26	0.00146	0.00146	0.5	93899	137	93831	4283799	45.62
1941-1949	27	0.00150	0.00150	0.5	93762	141	93692	4189968	44.69
1941-1949	28	0.00156	0.00156	0.5	93621	146	93548	4096277	43.75
1941-1949	29	0.00162	0.00162	0.5	93476	151	93400	4002728	42.82
1941-1949	30	0.00169	0.00169	0.5	93324	158	93245	3909328	41.89
1941-1949	31	0.00178	0.00178	0.5	93166	166	93083	3816083	40.96
1941-1949	32	0.00191	0.00191	0.5	93000	178	92912	3723000	40.03
1941-1949	33	0.00208	0.00207	0.5	92823	193	92727	3630088	39.11
1941-1949	34	0.00228	0.00228	0.5	92630	211	92525	3537361	38.19
1941-1949	35	0.00253	0.00253	0.5	92419	233	92302	3444837	37.27
1941-1949	36	0.00276	0.00275	0.5	92186	254	92059	3352534	36.37
1941-1949	37	0.00297	0.00296	0.5	91932	272	91796	3260476	35.47
1941-1949	38	0.00317	0.00316	0.5	91660	290	91515	3168680	34.57
1941-1949	39	0.00335	0.00334	0.5	91370	305	91217	3077165	33.68
1941-1949	40	0.00352	0.00351	0.5	91064	320	90904	2985948	32.79
1941-1949	41	0.00373	0.00372	0.5	90744	338	90576	2895044	31.90
1941-1949	42	0.00404	0.00403	0.5	90407	365	90225	2804468	31.02
1941-1949	43	0.00444	0.00443	0.5	90042	399	89843	2714244	30.14
1941-1949	44	0.00491	0.00490	0.5	89643	439	89423	2624401	29.28
1941-1949	45	0.00548	0.00546	0.5	89204	487	88960	2534978	28.42
1941-1949	46	0.00601	0.00599	0.5	88717	531	88451	2446018	27.57
1941-1949	47	0.00651	0.00649	0.5	88185	572	87899	2357567	26.73
1941-1949	48	0.00706	0.00704	0.5	87613	616	87305	2269668	25.91
1941-1949	49	0.00765	0.00762	0.5	86996	663	86665	2182363	25.09
1941-1949	50	0.00829	0.00825	0.5	86333	713	85977	2095699	24.27
1941-1949	51	0.00893	0.00889	0.5	85621	761	85240	2009721	23.47
1941-1949	52	0.00971	0.00966	0.5	84859	820	84449	1924481	22.68
1941-1949	53	0.01067	0.01061	0.5	84039	892	83593	1840032	21.89
1941-1949	54	0.01178	0.01171	0.5	83147	974	82661	1756439	21.12
1941-1949	55	0.01307	0.01299	0.5	82174	1067	81640	1673778	20.37
1941-1949	56	0.01435	0.01424	0.5	81107	1155	80529	1592138	19.63
1941-1949	57	0.01561	0.01549	0.5	79951	1238	79332	1511609	18.91
1941-1949	58	0.01687	0.01673	0.5	78713	1317	78054	1432277	18.20
1941-1949	59	0.01819	0.01803	0.5	77396	1395	76698	1354223	17.50
1941-1949	60	0.01955	0.01936	0.5	76000	1471	75265	1277525	16.81
1941-1949	61	0.02089	0.02067	0.5	74529	1541	73759	1202260	16.13
1941-1949	62	0.02260	0.02235	0.5	72989	1631	72173	1128501	15.46
1941-1949	63	0.02469	0.02439	0.5	71358	1740	70487	1056327	14.80
1941-1949	64	0.02689	0.02653	0.5	69617	1847	68694	985840	14.16
1941-1949	65	0.02959	0.02916	0.5	67770	1976	66782	917146	13.53
1941-1949	66	0.03238	0.03186	0.5	65794	2096	64746	850364	12.92
1941-1949	67	0.03533	0.03472	0.5	63698	2211	62592	785618	12.33
1941-1949	68	0.03880	0.03806	0.5	61486	2340	60316	723026	11.76
1941-1949	69	0.04247	0.04158	0.5	59146	2459	57917	662709	11.20
1941-1949	70	0.04643	0.04538	0.5	56687	2572	55401	604793	10.67
1941-1949	71	0.05030	0.04906	0.5	54115	2655	52787	549392	10.15
1941-1949	72	0.05473	0.05328	0.5	51459	2742	50089	496605	9.65
1941-1949	73	0.05984	0.05811	0.5	48718	2831	47303	446516	9.17
1941-1949	74	0.06495	0.06291	0.5	45887	2887	44444	399214	8.70
1941-1949	75	0.07101	0.06858	0.5	43000	2949	41526	354770	8.25
1941-1949	76	0.07756	0.07467	0.5	40051	2991	38556	313244	7.82
1941-1949	77	0.08408	0.08069	0.5	37061	2990	35566	274688	7.41
1941-1949	78	0.09176	0.08773	0.5	34071	2989	32576	239122	7.02
1941-1949	79	0.10070	0.09588	0.5	31081	2980	29591	206546	6.65
1941-1949	80	0.10287	0.09784	0.5	28101	2749	26727	176955	6.30
1941-1949	81	0.11275	0.10673	0.5	25352	2706	23999	150228	5.93
1941-1949	82	0.12344	0.11626	0.5	22646	2633	21330	126229	5.57
1941-1949	83	0.13498	0.12645	0.5	20013	2531	18748	104899	5.24
1941-1949	84	0.14741	0.13729	0.5	17483	2400	16283	86151	4.93
1941-1949	85	0.16077	0.14881	0.5	15082	2244	13960	69868	4.63
1941-1949	86	0.17509	0.16100	0.5	12838	2067	11805	55908	4.35
1941-1949	87	0.19039	0.17384	0.5	10771	1872	9835	44104	4.09
1941-1949	88	0.20667	0.18732	0.5	8899	1667	8065	34269	3.85
1941-1949	89	0.22397	0.20141	0.5	7232	1457	6504	26203	3.62
1941-1949	90	0.24225	0.21608	0.5	5775	1248	5151	19700	3.41
1941-1949	91	0.26153	0.23128	0.5	4527	1047	4004	14549	3.21
1941-1949	92	0.28175	0.24696	0.5	3480	859	3050	10545	3.03
1941-1949	93	0.30290	0.26306	0.5	2621	689	2276	7494	2.86
1941-1949	94	0.32491	0.27950	0.5	1931	540	1661	5218	2.70
1941-1949	95	0.34771	0.29621	0.5	1392	412	1185	3557	2.56
1941-1949	96	0.37123	0.31311	0.5	979	307	826	2372	2.42
1941-1949	97	0.39538	0.33012	0.5	673	222	562	1545	2.30
1941-1949	98	0.42004	0.34714	0.5	451	156	372	984	2.18
1941-1949	99	0.44511	0.36408	0.5	294	107	241	611	2.08
1941-1949	100	0.47046	0.38087	0.5	187	71	151	371	1.98
1941-1949	101	0.49597	0.39742	0.5	116	46	93	219	1.89
1941-1949	102	0.52150	0.41364	0.5	70	29	55	127	1.81
1941-1949	103	0.54692	0.42948	0.5	41	18	32	71	1.74
1941-1949	104	0.57211	0.44485	0.5	23	10	18	39	1.67
1941-1949	105	0.59693	0.45972	0.5	13	6	10	21	1.61
1941-1949	106	0.62127	0.47402	0.5	7	3	5	11	1.55
1941-1949	107	0.64502	0.48772	0.5	4	2	3	6	1.51
1941-1949	108	0.66808	0.50080	0.5	2	1	1	3	1.46
1941-1949	109	0.69038	0.51322	0.5	1	0	1	1	1.43
1941-1949	110+	0.71182	1.00000	1.4	0	0	1	1	1.40
1950-1959	0	0.02449	0.02397	0.12	100000	2397	97883	7012147	70.12
1950-1959	1	0.00163	0.00163	0.5	97603	159	97524	6914264	70.84
1950-1959	2	0.00109	0.00109	0.5	97444	106	97391	6816741	69.96
1950-1959	3	0.00072	0.00072	0.5	97338	70	97303	6719349	69.03
1950-1959	4	0.00067	0.00067	0.5	97268	65	97236	6622046	68.08
1950-1959	5	0.00061	0.00061	0.5	97203	59	97174	6524810	67.13
1950-1959	6	0.00057	0.00057	0.5	97144	55	97116	6427637	66.17
1950-1959	7	0.00054	0.00054	0.5	97089	52	97063	6330520	65.20
1950-1959	8	0.00047	0.00047	0.5	97036	46	97014	6233458	64.24
1950-1959	9	0.00044	0.00044	0.5	96991	42	96969	6136444	63.27
1950-1959	10	0.00042	0.00042	0.5	96948	41	96928	6039475	62.30
1950-1959	11	0.00037	0.00037	0.5	96908	36	96890	5942547	61.32
1950-1959	12	0.00044	0.00044	0.5	96872	43	96851	5845657	60.34
1950-1959	13	0.00043	0.00042	0.5	96829	41	96809	5748806	59.37
1950-1959	14	0.00061	0.00061	0.5	96788	59	96759	5651998	58.40
1950-1959	15	0.00064	0.00064	0.5	96729	62	96698	5555239	57.43
1950-1959	16	0.00081	0.00081	0.5	96667	79	96627	5458541	56.47
1950-1959	17	0.00094	0.00094	0.5	96588	91	96542	5361914	55.51
1950-1959	18	0.00102	0.00102	0.5	96497	98	96448	5265372	54.57
1950-1959	19	0.00111	0.00111	0.5	96398	107	96345	5168924	53.62
1950-1959	20	0.00114	0.00114	0.5	96291	109	96237	5072579	52.68
1950-1959	21	0.00106	0.00106	0.5	96182	102	96131	4976343	51.74
1950-1959	22	0.00119	0.00119	0.5	96080	114	96023	4880212	50.79
1950-1959	23	0.00103	0.00103	0.5	95966	99	95916	4784189	49.85
1950-1959	24	0.00101	0.00101	0.5	95867	97	95819	4688273	48.90
1950-1959	25	0.00099	0.00099	0.5	95770	95	95723	4592454	47.95
1950-1959	26	0.00096	0.00096	0.5	95675	92	95630	4496731	47.00
1950-1959	27	0.00099	0.00099	0.5	95584	95	95536	4401102	46.04
1950-1959	28	0.00105	0.00105	0.5	95489	101	95439	4305565	45.09
1950-1959	29	0.00117	0.00117	0.5	95388	112	95332	4210127	44.14
1950-1959	30	0.00123	0.00123	0.5	95276	117	95218	4114794	43.19
1950-1959	31	0.00124	0.00124	0.5	95159	118	95100	4019577	42.24
1950-1959	32	0.00137	0.00137	0.5	95041	130	94976	3924477	41.29
1950-1959	33	0.00147	0.00147	0.5	94911	139	94841	3829501	40.35
1950-1959	34	0.00153	0.00153	0.5	94771	145	94699	3734660	39.41
1950-1959	35	0.00165	0.00165	0.5	94627	156	94548	3639961	38.47
1950-1959	36	0.00194	0.00194	0.5	94470	183	94379	3545412	37.53
1950-1959	37	0.00193	0.00193	0.5	94287	182	94196	3451033	36.60
1950-1959	38	0.00218	0.00217	0.5	94106	205	94003	3356837	35.67
1950-1959	39	0.00245	0.00245	0.5	93901	230	93786	3262834	34.75
1950-1959	40	0.00265	0.00265	0.5	93671	248	93547	3169048	33.83
1950-1959	41	0.00308	0.00308	0.5	93423	287	93279	3075501	32.92
1950-1959	42	0.00329	0.00329	0.5	93135	306	92982	2982221	32.02
1950-1959	43	0.00371	0.00370	0.5	92829	343	92658	2889239	31.12
1950-1959	44	0.00412	0.00412	0.5	92486	381	92296	2796581	30.24
1950-1959	45	0.00436	0.00435	0.5	92105	401	91905	2704285	29.36
1950-1959	46	0.00497	0.00496	0.5	91704	455	91477	2612381	28.49
1950-1959	47	0.00537	0.00536	0.5	91250	489	91005	2520904	27.63
1950-1959	48	0.00602	0.00601	0.5	90761	545	90488	2429898	26.77
1950-1959	49	0.00671	0.00669	0.5	90216	603	89914	2339410	25.93
1950-1959	50	0.00750	0.00748	0.5	89613	670	89278	2249496	25.10
1950-1959	51	0.00803	0.00800	0.5	88943	711	88587	2160218	24.29
1950-1959	52	0.00933	0.00929	0.5	88231	820	87822	2071631	23.48
1950-1959	53	0.01000	0.00995	0.5	87412	870	86977	1983809	22.70
1950-1959	54	0.01095	0.01089	0.5	86542	942	86071	1896833	21.92
1950-1959	55	0.01199	0.01192	0.5	85600	1020	85089	1810762	21.15
1950-1959	56	0.01286	0.01277	0.5	84579	1080	84039	1725672	20.40
1950-1959	57	0.01411	0.01401	0.5	83499	1170	82914	1641633	19.66
1950-1959	58	0.01526	0.01515	0.5	82329	1247	81706	1558719	18.93
1950-1959	59	0.01678	0.01664	0.5	81082	1349	80407	1477014	18.22
1950-1959	60	0.01819	0.01803	0.5	79733	1437	79014	1396606	17.52
1950-1959	61	0.01945	0.01926	0.5	78296	1508	77542	1317592	16.83
1950-1959	62	0.02112	0.02090	0.5	76788	1605	75985	1240050	16.15
1950-1959	63	0.02248	0.02223	0.5	75183	1671	74347	1164065	15.48
1950-1959	64	0.02487	0.02457	0.5	73511	1806	72608	1089718	14.82
1950-1959	65	0.02693	0.02657	0.5	71705	1905	70753	1017109	14.18
1950-1959	66	0.02977	0.02934	0.5	69800	2048	68776	946357	13.56
1950-1959	67	0.03267	0.03215	0.5	67752	2178	66663	877580	12.95
1950-1959	68	0.03512	0.03452	0.5	65574	2264	64443	810917	12.37
1950-1959	69	0.03808	0.03737	0.5	63311	2366	62128	746474	11.79
1950-1959	70	0.04276	0.04186	0.5	60945	2551	59669	684346	11.23
1950-1959	71	0.04595	0.04492	0.5	58394	2623	57082	624677	10.70
1950-1959	72	0.05082	0.04956	0.5	55771	2764	54389	567595	10.18
1950-1959	73	0.05460	0.05315	0.5	53007	2817	51598	513206	9.68
1950-1959	74	0.06035	0.05858	0.5	50190	2940	48720	461607	9.20
1950-1959	75	0.06493	0.06289	0.5	47249	2971	45764	412888	8.74
1950-1959	76	0.06958	0.06724	0.5	44278	2977	42790	367124	8.29
1950-1959	77	0.07517	0.07244	0.5	41301	2992	39805	324334	7.85
1950-1959	78	0.08331	0.07997	0.5	38309	3064	36777	284530	7.43
1950-1959	79	0.09040	0.08649	0.5	35245	3048	33721	247753	7.03
1950-1959	80	0.09411	0.08988	0.5	32197	2894	30750	214032	6.65
1950-1959	81	0.10336	0.09828	0.5	29303	2880	27863	183282	6.25
1950-1959	82	0.11341	0.10732	0.5	26423	2836	25005	155419	5.88
1950-1959	83	0.12430	0.11702	0.5	23587	2760	22207	130414	5.53
1950-1959	84	0.13607	0.12740	0.5	20827	2653	19500	108207	5.20
1950-1959	85	0.14876	0.13846	0.5	18174	2516	16915	88706	4.88
1950-1959	86	0.16241	0.15021	0.5	15657	2352	14481	71791	4.59
1950-1959	87	0.17705	0.16266	0.5	13305	2164	12223	57310	4.31
1950-1959	88	0.19271	0.17578	0.5	11141	1958	10162	45087	4.05
1950-1959	89	0.20940	0.18956	0.5	9183	1741	8312	34925	3.80
1950-1959	90	0.22713	0.20397	0.5	7442	1518	6683	26612	3.58
1950-1959	91	0.24590	0.21898	0.5	5924	1297	5276	19929	3.36
1950-1959	92	0.26568	0.23453	0.5	4627	1085	4084	14654	3.17
1950-1959	93	0.28645	0.25057	0.5	3542	887	3098	10569	2.98
1950-1959	94	0.30817	0.26703	0.5	2654	709	2300	7471	2.81
1950-1959	95	0.33078	0.28384	0.5	1946	552	1669	5171	2.66
1950-1959	96	0.35420	0.30091	0.5	1393	419	1184	3502	2.51
1950-1959	97	0.37835	0.31816	0.5	974	310	819	2318	2.38
1950-1959	98	0.40313	0.33550	0.5	664	223	553	1499	2.26
1950-1959	99	0.42842	0.35284	0.5	441	156	363	946	2.14
1950-1959	100	0.45410	0.37007	0.5	286	106	233	583	2.04
1950-1959	101	0.48004	0.38712	0.5	180	70	145	350	1.95
1950-1959	102	0.50610	0.40389	0.5	110	45	88	205	1.86
1950-1959	103	0.53214	0.42031	0.5	66	28	52	117	1.78
1950-1959	104	0.55802	0.43629	0.5	38	17	30	65	1.71
1950-1959	105	0.58361	0.45178	0.5	21	10	17	35	1.64
1950-1959	106	0.60877	0.46671	0.5	12	5	9	19	1.58
1950-1959	107	0.63338	0.48104	0.5	6	3	5	10	1.53
1950-1959	108	0.65733	0.49473	0.5	3	2	2	5	1.48
1950-1959	109	0.68051	0.50775	0.5	2	1	1	2	1.45
1950-1959	110+	0.70285	1.00000	1.42	1	1	1	1	1.42
1960-1969	0	0.02196	0.02154	0.11	100000	2154	98082	7082992	70.83
1960-1969	1	0.00118	0.00118	0.5	97846	115	97788	6984910	71.39
1960-1969	2	0.00079	0.00079	0.5	97731	78	97692	6887122	70.47
1960-1969	3	0.00068	0.00068	0.5	97653	67	97620	6789430	69.53
1960-1969	4	0.00053	0.00053	0.5	97586	52	97561	6691810	68.57
1960-1969	5	0.00044	0.00044	0.5	97535	43	97514	6594250	67.61
1960-1969	6	0.00048	0.00048	0.5	97492	47	97469	6496736	66.64
1960-1969	7	0.00035	0.00035	0.5	97445	34	97428	6399267	65.67
1960-1969	8	0.00039	0.00039	0.5	97411	38	97392	6301839	64.69
1960-1969	9	0.00037	0.00037	0.5	97373	36	97355	6204447	63.72
1960-1969	10	0.00025	0.00025	0.5	97337	24	97325	6107092	62.74
1960-1969	11	0.00033	0.00033	0.5	97312	32	97296	6009767	61.76
1960-1969	12	0.00041	0.00041	0.5	97280	39	97260	5912471	60.78
1960-1969	13	0.00036	0.00036	0.5	97241	35	97223	5815211	59.80
1960-1969	14	0.00059	0.00059	0.5	97206	57	97177	5717988	58.82
1960-1969	15	0.00069	0.00069	0.5	97149	67	97115	5620811	57.86
1960-1969	16	0.00091	0.00091	0.5	97081	88	97037	5523696	56.90
1960-1969	17	0.00092	0.00092	0.5	96993	89	96948	5426659	55.95
1960-1969	18	0.00118	0.00118	0.5	96904	114	96847	5329711	55.00
1960-1969	19	0.00115	0.00115	0.5	96790	111	96734	5232864	54.06
1960-1969	20	0.00104	0.00104	0.5	96679	100	96629	5136130	53.13
1960-1969	21	0.00115	0.00115	0.5	96578	111	96523	5039501	52.18
1960-1969	22	0.00112	0.00112	0.5	96467	108	96413	4942978	51.24
1960-1969	23	0.00125	0.00125	0.5	96359	120	96299	4846565	50.30
1960-1969	24	0.00096	0.00096	0.5	96239	92	96193	4750266	49.36
1960-1969	25	0.00125	0.00125	0.5	96147	120	96087	4654073	48.41
1960-1969	26	0.00123	0.00123	0.5	96027	118	95968	4557986	47.47
1960-1969	27	0.00106	0.00106	0.5	95909	102	95858	4462018	46.52
1960-1969	28	0.00114	0.00114	0.5	95807	109	95753	4366159	45.57
1960-1969	29	0.00110	0.00110	0.5	95698	105	95646	4270406	44.62
1960-1969	30	0.00119	0.00119	0.5	95593	114	95536	4174761	43.67
1960-1969	31	0.00115	0.00115	0.5	95479	110	95424	4079224	42.72
1960-1969	32	0.00116	0.00115	0.5	95370	110	95314	3983800	41.77
1960-1969	33	0.00124	0.00124	0.5	95259	118	95200	3888485	40.82
1960-1969	34	0.00133	0.00133	0.5	95142	126	95078	3793285	39.87
1960-1969	35	0.00142	0.00142	0.5	95015	135	94948	3698206	38.92
1960-1969	36	0.00158	0.00158	0.5	94881	149	94806	3603258	37.98
1960-1969	37	0.00219	0.00218	0.5	94731	207	94628	3508453	37.04
1960-1969	38	0.00204	0.00204	0.5	94524	193	94428	3413825	36.12
1960-1969	39	0.00224	0.00223	0.5	94331	211	94226	3319397	35.19
1960-1969	40	0.00261	0.00261	0.5	94120	246	93997	3225172	34.27
1960-1969	41	0.00307	0.00307	0.5	93875	288	93731	3131174	33.35
1960-1969	42	0.00290	0.00290	0.5	93587	271	93451	3037444	32.46
1960-1969	43	0.00378	0.00377	0.5	93316	352	93140	2943992	31.55
1960-1969	44	0.00403	0.00402	0.5	92964	374	92777	2850853	30.67
1960-1969	45	0.00388	0.00387	0.5	92590	358	92411	2758076	29.79
1960-1969	46	0.00498	0.00497	0.5	92231	458	92002	2665665	28.90
1960-1969	47	0.00455	0.00454	0.5	91773	417	91565	2573663	28.04
1960-1969	48	0.00590	0.00588	0.5	91357	537	91088	2482098	27.17
1960-1969	49	0.00643	0.00641	0.5	90819	582	90528	2391010	26.33
1960-1969	50	0.00715	0.00713	0.5	90237	643	89916	2300481	25.49
1960-1969	51	0.00815	0.00812	0.5	89594	727	89230	2210566	24.67
1960-1969	52	0.00900	0.00896	0.5	88867	796	88468	2121335	23.87
1960-1969	53	0.00880	0.00876	0.5	88070	771	87685	2032867	23.08
1960-1969	54	0.01043	0.01037	0.5	87299	906	86846	1945182	22.28
1960-1969	55	0.01033	0.01028	0.5	86393	888	85949	1858336	21.51
1960-1969	56	0.01193	0.01186	0.5	85505	1014	84998	1772387	20.73
1960-1969	57	0.01380	0.01371	0.5	84491	1158	83912	1687389	19.97
1960-1969	58	0.01364	0.01355	0.5	83333	1129	82769	1603476	19.24
1960-1969	59	0.01725	0.01711	0.5	82204	1406	81501	1520707	18.50
1960-1969	60	0.01650	0.01636	0.5	80798	1322	80137	1439206	17.81
1960-1969	61	0.01913	0.01895	0.5	79476	1506	78723	1359069	17.10
1960-1969	62	0.01997	0.01977	0.5	77970	1542	77199	1280346	16.42
1960-1969	63	0.02291	0.02265	0.5	76428	1731	75563	1203147	15.74
1960-1969	64	0.02438	0.02408	0.5	74697	1799	73798	1127584	15.10
1960-1969	65	0.02546	0.02514	0.5	72898	1833	71981	1053787	14.46
1960-1969	66	0.02886	0.02845	0.5	71065	2022	70054	981805	13.82
1960-1969	67	0.03141	0.03093	0.5	69043	2135	67976	911751	13.21
1960-1969	68	0.03504	0.03444	0.5	66908	2304	65756	843775	12.61
1960-1969	69	0.03814	0.03743	0.5	64604	2418	63395	778019	12.04
1960-1969	70	0.04092	0.04010	0.5	62186	2494	60939	714624	11.49
1960-1969	71	0.04299	0.04208	0.5	59692	2512	58436	653685	10.95
1960-1969	72	0.05078	0.04952	0.5	57180	2832	55764	595249	10.41
1960-1969	73	0.05396	0.05254	0.5	54349	2856	52921	539484	9.93
1960-1969	74	0.05814	0.05650	0.5	51493	2909	50038	486564	9.45
1960-1969	75	0.06141	0.05958	0.5	48584	2895	47136	436525	8.99
1960-1969	76	0.06695	0.06478	0.5	45689	2960	44209	389389	8.52
1960-1969	77	0.07048	0.06808	0.5	42729	2909	41274	345180	8.08
1960-1969	78	0.08136	0.07818	0.5	39820	3113	38263	303906	7.63
1960-1969	79	0.08332	0.07999	0.5	36707	2936	35239	265643	7.24
1960-1969	80	0.08973	0.08587	0.5	33771	2900	32321	230404	6.82
1960-1969	81	0.09866	0.09402	0.5	30871	2903	29419	198083	6.42
1960-1969	82	0.10841	0.10283	0.5	27968	2876	26530	168664	6.03
1960-1969	83	0.11901	0.11232	0.5	25092	2818	23683	142133	5.66
1960-1969	84	0.13052	0.12252	0.5	22274	2729	20909	118451	5.32
1960-1969	85	0.14299	0.13345	0.5	19545	2608	18241	97541	4.99
1960-1969	86	0.15648	0.14512	0.5	16936	2458	15707	79301	4.68
1960-1969	87	0.17102	0.15755	0.5	14479	2281	13338	63593	4.39
1960-1969	88	0.18665	0.17072	0.5	12197	2082	11156	50255	4.12
1960-1969	89	0.20340	0.18462	0.5	10115	1867	9181	39099	3.87
1960-1969	90	0.22129	0.19924	0.5	8248	1643	7426	29918	3.63
1960-1969	91	0.24033	0.21455	0.5	6604	1417	5896	22492	3.41
1960-1969	92	0.26051	0.23049	0.5	5187	1196	4590	16596	3.20
1960-1969	93	0.28181	0.24701	0.5	3992	986	3499	12006	3.01
1960-1969	94	0.30420	0.26404	0.5	3006	794	2609	8507	2.83
1960-1969	95	0.32761	0.28150	0.5	2212	623	1901	5898	2.67
1960-1969	96	0.35198	0.29930	0.5	1589	476	1352	3998	2.52
1960-1969	97	0.37720	0.31735	0.5	1114	353	937	2646	2.38
1960-1969	98	0.40317	0.33553	0.5	760	255	633	1709	2.25
1960-1969	99	0.42976	0.35374	0.5	505	179	416	1076	2.13
1960-1969	100	0.45681	0.37188	0.5	326	121	266	661	2.02
1960-1969	101	0.48419	0.38982	0.5	205	80	165	395	1.93
1960-1969	102	0.51172	0.40746	0.5	125	51	100	230	1.84
1960-1969	103	0.53923	0.42472	0.5	74	31	58	130	1.75
1960-1969	104	0.56656	0.44149	0.5	43	19	33	72	1.68
1960-1969	105	0.59353	0.45770	0.5	24	11	18	38	1.61
1960-1969	106	0.62001	0.47329	0.5	13	6	10	20	1.55
1960-1969	107	0.64582	0.48818	0.5	7	3	5	10	1.50
1960-1969	108	0.67086	0.50235	0.5	3	2	3	5	1.45
1960-1969	109	0.69500	0.51577	0.5	2	1	1	2	1.42
1960-1969	110+	0.71814	1.00000	1.39	1	1	1	1	1.39
1970-1979	0	0.01386	0.01369	0.09	100000	1369	98750	7324341	73.24
1970-1979	1	0.00081	0.00081	0.5	98631	80	98591	7225591	73.26
1970-1979	2	0.00063	0.00063	0.5	98552	62	98520	7127000	72.32
1970-1979	3	0.00053	0.00053	0.5	98489	53	98463	7028479	71.36
1970-1979	4	0.00043	0.00043	0.5	98437	42	98416	6930016	70.40
1970-1979	5	0.00037	0.00037	0.5	98394	37	98376	6831601	69.43
1970-1979	6	0.00028	0.00028	0.5	98358	28	98344	6733225	68.46
1970-1979	7	0.00039	0.00039	0.5	98330	38	98311	6634881	67.48
1970-1979	8	0.00030	0.00030	0.5	98292	30	98277	6536570	66.50
1970-1979	9	0.00028	0.00028	0.5	98263	27	98249	6438292	65.52
1970-1979	10	0.00024	0.00024	0.5	98235	24	98224	6340043	64.54
1970-1979	11	0.00025	0.00025	0.5	98212	25	98199	6241820	63.55
1970-1979	12	0.00025	0.00025	0.5	98187	25	98175	6143620	62.57
1970-1979	13	0.00036	0.00036	0.5	98162	35	98145	6045446	61.59
1970-1979	14	0.00043	0.00043	0.5	98127	42	98106	5947301	60.61
1970-1979	15	0.00062	0.00062	0.5	98085	61	98054	5849195	59.63
1970-1979	16	0.00075	0.00074	0.5	98024	73	97987	5751141	58.67
1970-1979	17	0.00095	0.00095	0.5	97951	93	97904	5653153	57.71
1970-1979	18	0.00118	0.00118	0.5	97857	115	97800	5555249	56.77
1970-1979	19	0.00120	0.00120	0.5	97742	117	97683	5457450	55.84
1970-1979	20	0.00110	0.00110	0.5	97625	107	97571	5359766	54.90
1970-1979	21	0.00104	0.00104	0.5	97517	102	97466	5262195	53.96
1970-1979	22	0.00109	0.00109	0.5	97415	106	97363	5164729	53.02
1970-1979	23	0.00104	0.00104	0.5	97310	101	97259	5067367	52.07
1970-1979	24	0.00094	0.00093	0.5	97209	91	97163	4970107	51.13
1970-1979	25	0.00101	0.00101	0.5	97118	98	97069	4872944	50.18
1970-1979	26	0.00084	0.00084	0.5	97020	82	96979	4775875	49.23
1970-1979	27	0.00112	0.00112	0.5	96938	108	96884	4678896	48.27
1970-1979	28	0.00095	0.00095	0.5	96830	92	96784	4582012	47.32
1970-1979	29	0.00088	0.00088	0.5	96738	85	96695	4485228	46.36
1970-1979	30	0.00090	0.00090	0.5	96652	87	96609	4388533	45.41
1970-1979	31	0.00091	0.00091	0.5	96565	88	96521	4291925	44.45
1970-1979	32	0.00103	0.00103	0.5	96477	99	96428	4195403	43.49
1970-1979	33	0.00124	0.00124	0.5	96378	119	96319	4098975	42.53
1970-1979	34	0.00115	0.00115	0.5	96259	111	96204	4002657	41.58
1970-1979	35	0.00137	0.00137	0.5	96148	132	96082	3906453	40.63
1970-1979	36	0.00131	0.00131	0.5	96017	125	95954	3810371	39.68
1970-1979	37	0.00160	0.00159	0.5	95891	153	95815	3714417	38.74
1970-1979	38	0.00153	0.00153	0.5	95738	146	95665	3618602	37.80
1970-1979	39	0.00191	0.00190	0.5	95592	182	95501	3522937	36.85
1970-1979	40	0.00206	0.00206	0.5	95410	197	95312	3427436	35.92
1970-1979	41	0.00241	0.00241	0.5	95213	229	95099	3332125	35.00
1970-1979	42	0.00242	0.00242	0.5	94984	230	94869	3237026	34.08
1970-1979	43	0.00293	0.00293	0.5	94754	277	94616	3142157	33.16
1970-1979	44	0.00346	0.00346	0.5	94477	326	94314	3047541	32.26
1970-1979	45	0.00381	0.00380	0.5	94150	358	93971	2953228	31.37
1970-1979	46	0.00420	0.00419	0.5	93792	393	93596	2859256	30.48
1970-1979	47	0.00428	0.00427	0.5	93399	398	93200	2765661	29.61
1970-1979	48	0.00573	0.00571	0.5	93001	531	92735	2672461	28.74
1970-1979	49	0.00585	0.00583	0.5	92469	539	92200	2579726	27.90
1970-1979	50	0.00574	0.00573	0.5	91930	526	91667	2487527	27.06
1970-1979	51	0.00625	0.00623	0.5	91404	569	91119	2395860	26.21
1970-1979	52	0.00726	0.00723	0.5	90834	657	90506	2304741	25.37
1970-1979	53	0.00809	0.00806	0.5	90177	727	89814	2214235	24.55
1970-1979	54	0.00923	0.00919	0.5	89450	822	89039	2124421	23.75
1970-1979	55	0.00956	0.00951	0.5	88629	843	88207	2035382	22.97
1970-1979	56	0.01039	0.01034	0.5	87785	908	87331	1947175	22.18
1970-1979	57	0.01205	0.01198	0.5	86878	1041	86357	1859843	21.41
1970-1979	58	0.01229	0.01221	0.5	85837	1048	85313	1773486	20.66
1970-1979	59	0.01292	0.01283	0.5	84789	1088	84245	1688173	19.91
1970-1979	60	0.01566	0.01554	0.5	83701	1301	83050	1603928	19.16
1970-1979	61	0.01621	0.01608	0.5	82400	1325	81737	1520878	18.46
1970-1979	62	0.01824	0.01808	0.5	81075	1466	80342	1439140	17.75
1970-1979	63	0.02056	0.02035	0.5	79609	1620	78799	1358798	17.07
1970-1979	64	0.02183	0.02159	0.5	77989	1684	77147	1279999	16.41
1970-1979	65	0.02231	0.02206	0.5	76305	1684	75463	1202852	15.76
1970-1979	66	0.02589	0.02556	0.5	74622	1907	73668	1127388	15.11
1970-1979	67	0.02712	0.02675	0.5	72714	1945	71742	1053720	14.49
1970-1979	68	0.03035	0.02989	0.5	70769	2115	69711	981978	13.88
1970-1979	69	0.03196	0.03146	0.5	68654	2160	67574	912267	13.29
1970-1979	70	0.03526	0.03465	0.5	66494	2304	65342	844693	12.70
1970-1979	71	0.03534	0.03473	0.5	64190	2229	63075	779351	12.14
1970-1979	72	0.04135	0.04052	0.5	61960	2510	60705	716276	11.56
1970-1979	73	0.04416	0.04321	0.5	59450	2569	58166	655571	11.03
1970-1979	74	0.05042	0.04918	0.5	56881	2798	55482	597405	10.50
1970-1979	75	0.05248	0.05114	0.5	54084	2766	52701	541923	10.02
1970-1979	76	0.05752	0.05591	0.5	51318	2869	49883	489222	9.53
1970-1979	77	0.06184	0.05998	0.5	48448	2906	46995	439339	9.07
1970-1979	78	0.06599	0.06388	0.5	45542	2909	44088	392344	8.61
1970-1979	79	0.07441	0.07174	0.5	42633	3059	41104	348256	8.17
1970-1979	80	0.07359	0.07098	0.5	39575	2809	38170	307152	7.76
1970-1979	81	0.08087	0.07773	0.5	36766	2858	35337	268982	7.32
1970-1979	82	0.08883	0.08505	0.5	33908	2884	32466	233645	6.89
1970-1979	83	0.09752	0.09299	0.5	31024	2885	29581	201179	6.48
1970-1979	84	0.10700	0.10157	0.5	28139	2858	26710	171598	6.10
1970-1979	85	0.11732	0.11082	0.5	25281	2802	23880	144888	5.73
1970-1979	86	0.12854	0.12078	0.5	22479	2715	21122	121008	5.38
1970-1979	87	0.14070	0.13145	0.5	19764	2598	18465	99886	5.05
1970-1979	88	0.15387	0.14288	0.5	17166	2453	15940	81421	4.74
1970-1979	89	0.16808	0.15505	0.5	14714	2281	13573	65481	4.45
1970-1979	90	0.18339	0.16799	0.5	12432	2088	11388	51908	4.18
1970-1979	91	0.19982	0.18167	0.5	10344	1879	9404	40520	3.92
1970-1979	92	0.21741	0.19610	0.5	8465	1660	7635	31116	3.68
1970-1979	93	0.23617	0.21123	0.5	6805	1437	6086	23481	3.45
1970-1979	94	0.25610	0.22703	0.5	5367	1219	4758	17395	3.24
1970-1979	95	0.27718	0.24344	0.5	4149	1010	3644	12637	3.05
1970-1979	96	0.29939	0.26041	0.5	3139	817	2730	8993	2.87
1970-1979	97	0.32267	0.27784	0.5	2321	645	1999	6263	2.70
1970-1979	98	0.34695	0.29566	0.5	1676	496	1429	4264	2.54
1970-1979	99	0.37215	0.31376	0.5	1181	370	996	2835	2.40
1970-1979	100	0.39815	0.33205	0.5	810	269	676	1840	2.27
1970-1979	101	0.42482	0.35039	0.5	541	190	446	1164	2.15
1970-1979	102	0.45203	0.36870	0.5	352	130	287	718	2.04
1970-1979	103	0.47960	0.38684	0.5	222	86	179	431	1.94
1970-1979	104	0.50737	0.40471	0.5	136	55	109	252	1.85
1970-1979	105	0.53518	0.42220	0.5	81	34	64	143	1.77
1970-1979	106	0.56283	0.43922	0.5	47	21	37	79	1.69
1970-1979	107	0.59016	0.45569	0.5	26	12	20	43	1.63
1970-1979	108	0.61699	0.47153	0.5	14	7	11	22	1.57
1970-1979	109	0.64319	0.48668	0.5	8	4	6	12	1.52
1970-1979	110+	0.66860	1.00000	1.5	4	4	6	6	1.50
1980-1989	0	0.00929	0.00921	0.07	100000	921	99147	7576178	75.76
1980-1989	1	0.00059	0.00059	0.5	99079	59	99049	7477031	75.47
1980-1989	2	0.00039	0.00039	0.5	99020	39	99000	7377982	74.51
1980-1989	3	0.00037	0.00037	0.5	98981	36	98963	7278982	73.54
1980-1989	4	0.00021	0.00021	0.5	98944	21	98934	7180019	72.57
1980-1989	5	0.00024	0.00024	0.5	98924	23	98912	7081085	71.58
1980-1989	6	0.00026	0.00026	0.5	98900	26	98887	6982173	70.60
1980-1989	7	0.00027	0.00027	0.5	98874	27	98861	6883286	69.62
1980-1989	8	0.00017	0.00017	0.5	98847	17	98839	6784425	68.64
1980-1989	9	0.00017	0.00017	0.5	98830	17	98822	6685586	67.65
1980-1989	10	0.00018	0.00018	0.5	98814	18	98805	6586764	66.66
1980-1989	11	0.00020	0.00020	0.5	98796	20	98786	6487959	65.67
1980-1989	12	0.00018	0.00018	0.5	98775	18	98766	6389173	64.68
1980-1989	13	0.00028	0.00028	0.5	98757	28	98743	6290407	63.70
1980-1989	14	0.00031	0.00031	0.5	98729	31	98714	6191664	62.71
1980-1989	15	0.00052	0.00052	0.5	98698	51	98673	6092950	61.73
1980-1989	16	0.00069	0.00069	0.5	98647	68	98613	5994277	60.76
1980-1989	17	0.00081	0.00081	0.5	98579	79	98539	5895665	59.81
1980-1989	18	0.00099	0.00099	0.5	98499	98	98451	5797126	58.85
1980-1989	19	0.00100	0.00100	0.5	98402	98	98353	5698675	57.91
1980-1989	20	0.00096	0.00095	0.5	98303	94	98257	5600322	56.97
1980-1989	21	0.00095	0.00094	0.5	98210	93	98163	5502066	56.02
1980-1989	22	0.00095	0.00095	0.5	98117	94	98070	5403903	55.08
1980-1989	23	0.00087	0.00087	0.5	98023	85	97981	5305833	54.13
1980-1989	24	0.00091	0.00091	0.5	97938	89	97894	5207852	53.17
1980-1989	25	0.00093	0.00093	0.5	97849	91	97804	5109958	52.22
1980-1989	26	0.00078	0.00078	0.5	97758	76	97720	5012155	51.27
1980-1989	27	0.00072	0.00072	0.5	97682	70	97647	4914435	50.31
1980-1989	28	0.00082	0.00082	0.5	97612	80	97572	4816788	49.35
1980-1989	29	0.00084	0.00084	0.5	97532	82	97491	4719217	48.39
1980-1989	30	0.00078	0.00078	0.5	97450	76	97412	4621726	47.43
1980-1989	31	0.00086	0.00086	0.5	97373	83	97332	4524314	46.46
1980-1989	32	0.00080	0.00080	0.5	97290	78	97251	4426983	45.50
1980-1989	33	0.00088	0.00088	0.5	97212	85	97169	4329732	44.54
1980-1989	34	0.00082	0.00082	0.5	97127	79	97087	4232562	43.58
1980-1989	35	0.00107	0.00107	0.5	97047	104	96995	4135475	42.61
1980-1989	36	0.00117	0.00117	0.5	96944	114	96887	4038480	41.66
1980-1989	37	0.00115	0.00115	0.5	96830	111	96774	3941593	40.71
1980-1989	38	0.00121	0.00121	0.5	96719	117	96660	3844819	39.75
1980-1989	39	0.00126	0.00126	0.5	96602	121	96541	3748159	38.80
1980-1989	40	0.00151	0.00151	0.5	96480	145	96408	3651618	37.85
1980-1989	41	0.00179	0.00179	0.5	96335	172	96249	3555211	36.90
1980-1989	42	0.00187	0.00187	0.5	96163	180	96073	3458962	35.97
1980-1989	43	0.00219	0.00219	0.5	95982	210	95878	3362889	35.04
1980-1989	44	0.00251	0.00251	0.5	95773	240	95653	3267012	34.11
1980-1989	45	0.00245	0.00245	0.5	95533	234	95415	3171359	33.20
1980-1989	46	0.00303	0.00303	0.5	95298	288	95154	3075944	32.28
1980-1989	47	0.00334	0.00334	0.5	95010	317	94851	2980790	31.37
1980-1989	48	0.00357	0.00356	0.5	94693	338	94524	2885938	30.48
1980-1989	49	0.00382	0.00381	0.5	94355	360	94175	2791415	29.58
1980-1989	50	0.00472	0.00471	0.5	93995	443	93774	2697239	28.70
1980-1989	51	0.00492	0.00491	0.5	93553	459	93323	2603465	27.83
1980-1989	52	0.00565	0.00564	0.5	93093	525	92831	2510142	26.96
1980-1989	53	0.00644	0.00642	0.5	92569	594	92272	2417311	26.11
1980-1989	54	0.00690	0.00687	0.5	91975	632	91659	2325040	25.28
1980-1989	55	0.00784	0.00781	0.5	91343	713	90986	2233381	24.45
1980-1989	56	0.00852	0.00848	0.5	90629	769	90245	2142395	23.64
1980-1989	57	0.00888	0.00884	0.5	89861	794	89463	2052150	22.84
1980-1989	58	0.01084	0.01079	0.5	89066	961	88586	1962686	22.04
1980-1989	59	0.01119	0.01113	0.5	88106	981	87615	1874100	21.27
1980-1989	60	0.01202	0.01195	0.5	87125	1041	86604	1786485	20.50
1980-1989	61	0.01414	0.01404	0.5	86084	1209	85480	1699880	19.75
1980-1989	62	0.01550	0.01538	0.5	84875	1305	84222	1614401	19.02
1980-1989	63	0.01598	0.01586	0.5	83570	1325	82907	1530179	18.31
1980-1989	64	0.01815	0.01799	0.5	82245	1480	81505	1447271	17.60
1980-1989	65	0.01905	0.01887	0.5	80765	1524	80003	1365767	16.91
1980-1989	66	0.02136	0.02114	0.5	79241	1675	78404	1285764	16.23
1980-1989	67	0.02280	0.02255	0.5	77566	1749	76692	1207360	15.57
1980-1989	68	0.02451	0.02422	0.5	75817	1836	74899	1130668	14.91
1980-1989	69	0.02575	0.02543	0.5	73981	1881	73041	1055769	14.27
1980-1989	70	0.03011	0.02966	0.5	72100	2139	71031	982728	13.63
1980-1989	71	0.03184	0.03134	0.5	69962	2193	68865	911697	13.03
1980-1989	72	0.03637	0.03572	0.5	67769	2421	66559	842832	12.44
1980-1989	73	0.04017	0.03938	0.5	65348	2574	64061	776274	11.88
1980-1989	74	0.04408	0.04313	0.5	62775	2708	61421	712212	11.35
1980-1989	75	0.04561	0.04459	0.5	60067	2679	58728	650791	10.83
1980-1989	76	0.04858	0.04743	0.5	57388	2722	56027	592064	10.32
1980-1989	77	0.05320	0.05183	0.5	54666	2833	53250	536036	9.81
1980-1989	78	0.05575	0.05424	0.5	51833	2811	50428	482786	9.31
1980-1989	79	0.06372	0.06175	0.5	49022	3027	47508	432359	8.82
1980-1989	80	0.06354	0.06158	0.5	45995	2832	44578	384850	8.37
1980-1989	81	0.07010	0.06773	0.5	43162	2923	41701	340272	7.88
1980-1989	82	0.07733	0.07445	0.5	40239	2996	38741	298571	7.42
1980-1989	83	0.08527	0.08178	0.5	37243	3046	35720	259830	6.98
1980-1989	84	0.09400	0.08978	0.5	34197	3070	32662	224110	6.55
1980-1989	85	0.10357	0.09847	0.5	31127	3065	29595	191448	6.15
1980-1989	86	0.11406	0.10790	0.5	28062	3028	26548	161853	5.77
1980-1989	87	0.12552	0.11811	0.5	25034	2957	23556	135305	5.40
1980-1989	88	0.13803	0.12912	0.5	22077	2851	20652	111749	5.06
1980-1989	89	0.15166	0.14097	0.5	19227	2710	17872	91097	4.74
1980-1989	90	0.16646	0.15367	0.5	16516	2538	15247	73226	4.43
1980-1989	91	0.18248	0.16722	0.5	13978	2337	12810	57978	4.15
1980-1989	92	0.19978	0.18163	0.5	11641	2114	10584	45169	3.88
1980-1989	93	0.21838	0.19688	0.5	9526	1876	8589	34585	3.63
1980-1989	94	0.23831	0.21293	0.5	7651	1629	6836	25996	3.40
1980-1989	95	0.25956	0.22974	0.5	6022	1383	5330	19160	3.18
1980-1989	96	0.28212	0.24725	0.5	4638	1147	4065	13830	2.98
1980-1989	97	0.30596	0.26536	0.5	3491	927	3028	9765	2.80
1980-1989	98	0.33099	0.28399	0.5	2565	728	2201	6737	2.63
1980-1989	99	0.35713	0.30302	0.5	1837	557	1558	4536	2.47
1980-1989	100	0.38427	0.32233	0.5	1280	413	1074	2978	2.33
1980-1989	101	0.41225	0.34180	0.5	867	296	719	1904	2.20
1980-1989	102	0.44091	0.36127	0.5	571	206	468	1185	2.08
1980-1989	103	0.47008	0.38062	0.5	365	139	295	717	1.97
1980-1989	104	0.49954	0.39971	0.5	226	90	181	422	1.87
1980-1989	105	0.52909	0.41840	0.5	136	57	107	241	1.78
1980-1989	106	0.55852	0.43659	0.5	79	34	62	134	1.70
1980-1989	107	0.58761	0.45417	0.5	44	20	34	72	1.63
1980-1989	108	0.61616	0.47104	0.5	24	11	19	38	1.57
1980-1989	109	0.64400	0.48714	0.5	13	6	10	20	1.52
1980-1989	110+	0.67094	1.00000	1.49	7	7	10	10	1.49
1990-1999	0	0.00566	0.00563	0.06	100000	563	99473	7772823	77.73
1990-1999	1	0.00040	0.00040	0.5	99437	40	99417	7673350	77.17
1990-1999	2	0.00022	0.00022	0.5	99397	22	99386	7573933	76.20
1990-1999	3	0.00017	0.00017	0.5	99375	17	99367	7474547	75.22
1990-1999	4	0.00014	0.00014	0.5	99358	14	99351	7375180	74.23
1990-1999	5	0.00011	0.00011	0.5	99344	11	99339	7275829	73.24
1990-1999	6	0.00010	0.00010	0.5	99333	10	99328	7176490	72.25
1990-1999	7	0.00015	0.00015	0.5	99323	15	99316	7077162	71.25
1990-1999	8	0.00013	0.00013	0.5	99308	13	99302	6977846	70.26
1990-1999	9	0.00010	0.00010	0.5	99295	9	99291	6878544	69.27
1990-1999	10	0.00012	0.00012	0.5	99286	12	99280	6779254	68.28
1990-1999	11	0.00017	0.00017	0.5	99274	17	99266	6679974	67.29
1990-1999	12	0.00017	0.00017	0.5	99258	17	99249	6580708	66.30
1990-1999	13	0.00023	0.00023	0.5	99241	23	99229	6481458	65.31
1990-1999	14	0.00020	0.00020	0.5	99218	20	99208	6382229	64.33
1990-1999	15	0.00034	0.00034	0.5	99198	34	99181	6283021	63.34
1990-1999	16	0.00046	0.00046	0.5	99164	46	99141	6183841	62.36
1990-1999	17	0.00056	0.00056	0.5	99118	55	99090	6084700	61.39
1990-1999	18	0.00055	0.00055	0.5	99062	54	99035	5985610	60.42
1990-1999	19	0.00073	0.00073	0.5	99008	72	98972	5886575	59.46
1990-1999	20	0.00063	0.00063	0.5	98936	62	98905	5787603	58.50
1990-1999	21	0.00075	0.00075	0.5	98874	74	98837	5688698	57.54
1990-1999	22	0.00066	0.00066	0.5	98800	65	98767	5589861	56.58
1990-1999	23	0.00074	0.00074	0.5	98734	73	98698	5491094	55.61
1990-1999	24	0.00084	0.00084	0.5	98661	83	98620	5392396	54.66
1990-1999	25	0.00071	0.00071	0.5	98578	70	98543	5293776	53.70
1990-1999	26	0.00081	0.00081	0.5	98508	80	98469	5195233	52.74
1990-1999	27	0.00063	0.00063	0.5	98429	62	98398	5096764	51.78
1990-1999	28	0.00068	0.00068	0.5	98367	67	98334	4998366	50.81
1990-1999	29	0.00070	0.00070	0.5	98300	69	98266	4900032	49.85
1990-1999	30	0.00084	0.00084	0.5	98231	82	98190	4801766	48.88
1990-1999	31	0.00078	0.00078	0.5	98149	76	98111	4703576	47.92
1990-1999	32	0.00085	0.00085	0.5	98073	83	98032	4605465	46.96
1990-1999	33	0.00082	0.00082	0.5	97990	81	97950	4507433	46.00
1990-1999	34	0.00095	0.00095	0.5	97910	93	97863	4409483	45.04
1990-1999	35	0.00092	0.00092	0.5	97816	90	97771	4311620	44.08
1990-1999	36	0.00107	0.00107	0.5	97726	104	97674	4213849	43.12
1990-1999	37	0.00107	0.00107	0.5	97622	105	97570	4116174	42.16
1990-1999	38	0.00116	0.00116	0.5	97518	113	97461	4018604	41.21
1990-1999	39	0.00119	0.00119	0.5	97405	116	97347	3921143	40.26
1990-1999	40	0.00141	0.00141	0.5	97289	138	97220	3823796	39.30
1990-1999	41	0.00163	0.00163	0.5	97152	159	97072	3726576	38.36
1990-1999	42	0.00165	0.00165	0.5	96993	160	96913	3629504	37.42
1990-1999	43	0.00176	0.00176	0.5	96833	170	96748	3532591	36.48
1990-1999	44	0.00199	0.00198	0.5	96662	192	96567	3435843	35.54
1990-1999	45	0.00221	0.00221	0.5	96471	213	96364	3339277	34.61
1990-1999	46	0.00253	0.00252	0.5	96257	243	96136	3242913	33.69
1990-1999	47	0.00278	0.00277	0.5	96014	266	95881	3146777	32.77
1990-1999	48	0.00303	0.00302	0.5	95748	289	95603	3050896	31.86
1990-1999	49	0.00321	0.00321	0.5	95459	306	95306	2955292	30.96
1990-1999	50	0.00348	0.00347	0.5	95152	330	94987	2859986	30.06
1990-1999	51	0.00427	0.00426	0.5	94822	404	94620	2764999	29.16
1990-1999	52	0.00458	0.00457	0.5	94418	432	94202	2670379	28.28
1990-1999	53	0.00476	0.00474	0.5	93986	446	93763	2576177	27.41
1990-1999	54	0.00582	0.00581	0.5	93540	543	93269	2482414	26.54
1990-1999	55	0.00626	0.00625	0.5	92997	581	92707	2389145	25.69
1990-1999	56	0.00666	0.00664	0.5	92417	614	92110	2296438	24.85
1990-1999	57	0.00783	0.00780	0.5	91803	716	91445	2204328	24.01
1990-1999	58	0.00840	0.00836	0.5	91087	762	90706	2112883	23.20
1990-1999	59	0.00890	0.00886	0.5	90326	801	89925	2022177	22.39
1990-1999	60	0.01012	0.01007	0.5	89525	902	89074	1932252	21.58
1990-1999	61	0.01138	0.01131	0.5	88623	1003	88122	1843177	20.80
1990-1999	62	0.01275	0.01267	0.5	87621	1110	87065	1755056	20.03
1990-1999	63	0.01404	0.01394	0.5	86510	1206	85907	1667990	19.28
1990-1999	64	0.01553	0.01542	0.5	85304	1315	84647	1582083	18.55
1990-1999	65	0.01679	0.01665	0.5	83989	1398	83290	1497436	17.83
1990-1999	66	0.01774	0.01758	0.5	82591	1452	81865	1414146	17.12
1990-1999	67	0.01911	0.01892	0.5	81139	1536	80371	1332282	16.42
1990-1999	68	0.02187	0.02163	0.5	79603	1722	78742	1251911	15.73
1990-1999	69	0.02343	0.02316	0.5	77881	1803	76979	1173169	15.06
1990-1999	70	0.02495	0.02464	0.5	76078	1874	75140	1096189	14.41
1990-1999	71	0.02794	0.02756	0.5	74203	2045	73181	1021049	13.76
1990-1999	72	0.03075	0.03028	0.5	72158	2185	71066	947868	13.14
1990-1999	73	0.03380	0.03324	0.5	69973	2326	68811	876802	12.53
1990-1999	74	0.03510	0.03450	0.5	67648	2334	66481	807992	11.94
1990-1999	75	0.03754	0.03685	0.5	65314	2407	64111	741511	11.35
1990-1999	76	0.04313	0.04222	0.5	62907	2656	61580	677400	10.77
1990-1999	77	0.04738	0.04628	0.5	60252	2789	58857	615820	10.22
1990-1999	78	0.05185	0.05054	0.5	57463	2904	56011	556963	9.69
1990-1999	79	0.05748	0.05587	0.5	54559	3048	53035	500952	9.18
1990-1999	80	0.05640	0.05485	0.5	51511	2825	50098	447917	8.70
1990-1999	81	0.06289	0.06097	0.5	48685	2968	47201	397819	8.17
1990-1999	82	0.07009	0.06772	0.5	45717	3096	44169	350618	7.67
1990-1999	83	0.07806	0.07513	0.5	42621	3202	41020	306449	7.19
1990-1999	84	0.08689	0.08327	0.5	39419	3282	37778	265429	6.73
1990-1999	85	0.09663	0.09217	0.5	36137	3331	34471	227651	6.30
1990-1999	86	0.10736	0.10189	0.5	32806	3343	31134	193180	5.89
1990-1999	87	0.11917	0.11247	0.5	29463	3314	27806	162045	5.50
1990-1999	88	0.13213	0.12394	0.5	26149	3241	24529	134239	5.13
1990-1999	89	0.14630	0.13633	0.5	22908	3123	21347	109710	4.79
1990-1999	90	0.16176	0.14966	0.5	19785	2961	18305	88363	4.47
1990-1999	91	0.17857	0.16393	0.5	16824	2758	15445	70058	4.16
1990-1999	92	0.19677	0.17915	0.5	14066	2520	12806	54613	3.88
1990-1999	93	0.21641	0.19528	0.5	11546	2255	10419	41806	3.62
1990-1999	94	0.23749	0.21229	0.5	9292	1972	8305	31387	3.38
1990-1999	95	0.26003	0.23011	0.5	7319	1684	6477	23082	3.15
1990-1999	96	0.28398	0.24867	0.5	5635	1401	4934	16605	2.95
1990-1999	97	0.30929	0.26787	0.5	4234	1134	3667	11671	2.76
1990-1999	98	0.33589	0.28759	0.5	3100	891	2654	8004	2.58
1990-1999	99	0.36365	0.30770	0.5	2208	679	1868	5350	2.42
1990-1999	100	0.39243	0.32806	0.5	1529	502	1278	3481	2.28
1990-1999	101	0.42206	0.34851	0.5	1027	358	848	2203	2.15
1990-1999	102	0.45234	0.36890	0.5	669	247	546	1355	2.03
1990-1999	103	0.48305	0.38908	0.5	422	164	340	809	1.92
1990-1999	104	0.51397	0.40889	0.5	258	106	205	469	1.82
1990-1999	105	0.54484	0.42819	0.5	153	65	120	264	1.73
1990-1999	106	0.57544	0.44687	0.5	87	39	68	144	1.65
1990-1999	107	0.60553	0.46480	0.5	48	22	37	76	1.58
1990-1999	108	0.63488	0.48191	0.5	26	12	20	39	1.52
1990-1999	109	0.66332	0.49811	0.5	13	7	10	20	1.48
1990-1999	110+	0.69066	1.00000	1.45	7	7	10	10	1.45
2000-2009	0	0.00492	0.00490	0.06	100000	490	99541	7929064	79.29
2000-2009	1	0.00030	0.00030	0.5	99510	30	99495	7829524	78.68
2000-2009	2	0.00019	0.00019	0.5	99480	19	99471	7730028	77.70
2000-2009	3	0.00012	0.00012	0.5	99461	12	99455	7630557	76.72
2000-2009	4	0.00013	0.00013	0.5	99449	13	99443	7531102	75.73
2000-2009	5	0.00011	0.00011	0.5	99437	11	99431	7431659	74.74
2000-2009	6	0.00011	0.00011	0.5	99426	10	99421	7332228	73.75
2000-2009	7	0.00011	0.00011	0.5	99415	11	99410	7232807	72.75
2000-2009	8	0.00010	0.00010	0.5	99405	10	99400	7133397	71.76
2000-2009	9	0.00010	0.00010	0.5	99395	10	99389	7033998	70.77
2000-2009	10	0.00007	0.00007	0.5	99384	7	99381	6934608	69.78
2000-2009	11	0.00009	0.00009	0.5	99378	9	99373	6835228	68.78
2000-2009	12	0.00013	0.00013	0.5	99368	13	99362	6735855	67.79
2000-2009	13	0.00013	0.00013	0.5	99355	13	99348	6636493	66.80
2000-2009	14	0.00020	0.00020	0.5	99341	19	99332	6537145	65.80
2000-2009	15	0.00024	0.00024	0.5	99322	24	99310	6437813	64.82
2000-2009	16	0.00044	0.00044	0.5	99298	43	99276	6338503	63.83
2000-2009	17	0.00043	0.00043	0.5	99255	42	99233	6239227	62.86
2000-2009	18	0.00048	0.00048	0.5	99212	48	99188	6139994	61.89
2000-2009	19	0.00062	0.00062	0.5	99164	62	99133	6040806	60.92
2000-2009	20	0.00069	0.00069	0.5	99102	68	99068	5941672	59.95
2000-2009	21	0.00086	0.00086	0.5	99034	85	98992	5842604	59.00
2000-2009	22	0.00075	0.00075	0.5	98949	74	98912	5743612	58.05
2000-2009	23	0.00075	0.00075	0.5	98876	74	98839	5644700	57.09
2000-2009	24	0.00088	0.00088	0.5	98802	87	98758	5545861	56.13
2000-2009	25	0.00078	0.00078	0.5	98715	77	98676	5447103	55.18
2000-2009	26	0.00078	0.00078	0.5	98638	77	98599	5348426	54.22
2000-2009	27	0.00064	0.00064	0.5	98561	63	98529	5249827	53.26
2000-2009	28	0.00066	0.00066	0.5	98498	65	98465	5151298	52.30
2000-2009	29	0.00075	0.00075	0.5	98433	74	98395	5052833	51.33
2000-2009	30	0.00074	0.00074	0.5	98358	73	98322	4954438	50.37
2000-2009	31	0.00059	0.00059	0.5	98285	58	98256	4856116	49.41
2000-2009	32	0.00077	0.00077	0.5	98227	76	98189	4757860	48.44
2000-2009	33	0.00087	0.00087	0.5	98151	86	98108	4659671	47.47
2000-2009	34	0.00084	0.00084	0.5	98065	82	98024	4561563	46.52
2000-2009	35	0.00084	0.00084	0.5	97983	83	97942	4463539	45.55
2000-2009	36	0.00111	0.00111	0.5	97901	108	97846	4365597	44.59
2000-2009	37	0.00113	0.00113	0.5	97792	111	97737	4267750	43.64
2000-2009	38	0.00125	0.00125	0.5	97682	122	97621	4170013	42.69
2000-2009	39	0.00124	0.00124	0.5	97560	121	97499	4072393	41.74
2000-2009	40	0.00127	0.00127	0.5	97439	124	97377	3974893	40.79
2000-2009	41	0.00161	0.00161	0.5	97315	156	97237	3877516	39.84
2000-2009	42	0.00175	0.00175	0.5	97159	170	97074	3780279	38.91
2000-2009	43	0.00173	0.00173	0.5	96989	167	96906	3683205	37.98
2000-2009	44	0.00207	0.00207	0.5	96822	200	96722	3586299	37.04
2000-2009	45	0.00219	0.00219	0.5	96622	211	96516	3489577	36.12
2000-2009	46	0.00228	0.00227	0.5	96411	219	96301	3393061	35.19
2000-2009	47	0.00244	0.00244	0.5	96191	235	96074	3296760	34.27
2000-2009	48	0.00279	0.00279	0.5	95957	267	95823	3200686	33.36
2000-2009	49	0.00292	0.00292	0.5	95689	279	95550	3104863	32.45
2000-2009	50	0.00323	0.00323	0.5	95410	308	95256	3009313	31.54
2000-2009	51	0.00363	0.00362	0.5	95102	344	94930	2914057	30.64
2000-2009	52	0.00365	0.00365	0.5	94758	346	94585	2819127	29.75
2000-2009	53	0.00392	0.00392	0.5	94412	370	94227	2724542	28.86
2000-2009	54	0.00472	0.00471	0.5	94042	443	93821	2630315	27.97
2000-2009	55	0.00466	0.00465	0.5	93600	435	93382	2536494	27.10
2000-2009	56	0.00537	0.00535	0.5	93165	499	92915	2443112	26.22
2000-2009	57	0.00613	0.00611	0.5	92666	566	92383	2350197	25.36
2000-2009	58	0.00634	0.00632	0.5	92099	583	91808	2257815	24.51
2000-2009	59	0.00730	0.00727	0.5	91517	666	91184	2166006	23.67
2000-2009	60	0.00758	0.00756	0.5	90851	686	90508	2074822	22.84
2000-2009	61	0.00881	0.00877	0.5	90165	791	89770	1984314	22.01
2000-2009	62	0.01016	0.01011	0.5	89374	904	88922	1894544	21.20
2000-2009	63	0.01011	0.01006	0.5	88470	890	88025	1805622	20.41
2000-2009	64	0.01133	0.01127	0.5	87580	987	87087	1717597	19.61
2000-2009	65	0.01307	0.01298	0.5	86593	1124	86031	1630510	18.83
2000-2009	66	0.01357	0.01348	0.5	85469	1152	84893	1544478	18.07
2000-2009	67	0.01609	0.01596	0.5	84317	1346	83644	1459585	17.31
2000-2009	68	0.01678	0.01664	0.5	82971	1381	82281	1375941	16.58
2000-2009	69	0.01915	0.01897	0.5	81590	1547	80817	1293660	15.86
2000-2009	70	0.02023	0.02003	0.5	80043	1603	79241	1212843	15.15
2000-2009	71	0.02368	0.02340	0.5	78439	1835	77522	1133602	14.45
2000-2009	72	0.02640	0.02605	0.5	76604	1996	75606	1056081	13.79
2000-2009	73	0.02641	0.02606	0.5	74608	1944	73636	980474	13.14
2000-2009	74	0.03017	0.02973	0.5	72664	2160	71584	906838	12.48
2000-2009	75	0.03401	0.03344	0.5	70504	2358	69325	835255	11.85
2000-2009	76	0.03824	0.03752	0.5	68146	2557	66868	765930	11.24
2000-2009	77	0.03992	0.03914	0.5	65589	2567	64306	699062	10.66
2000-2009	78	0.04484	0.04385	0.5	63022	2764	61641	634756	10.07
2000-2009	79	0.04901	0.04784	0.5	60259	2883	58817	573115	9.51
2000-2009	80	0.05018	0.04895	0.5	57376	2808	55972	514298	8.96
2000-2009	81	0.05662	0.05506	0.5	54568	3005	53065	458326	8.40
2000-2009	82	0.06384	0.06186	0.5	51563	3190	49968	405261	7.86
2000-2009	83	0.07191	0.06941	0.5	48373	3358	46694	355293	7.34
2000-2009	84	0.08091	0.07776	0.5	45015	3501	43265	308599	6.86
2000-2009	85	0.09093	0.08698	0.5	41515	3611	39709	265334	6.39
2000-2009	86	0.10207	0.09711	0.5	37904	3681	36063	225624	5.95
2000-2009	87	0.11440	0.10821	0.5	34223	3703	32371	189561	5.54
2000-2009	88	0.12801	0.12031	0.5	30520	3672	28684	157189	5.15
2000-2009	89	0.14299	0.13345	0.5	26848	3583	25057	128506	4.79
2000-2009	90	0.15941	0.14764	0.5	23265	3435	21548	103449	4.45
2000-2009	91	0.17734	0.16290	0.5	19830	3230	18215	81901	4.13
2000-2009	92	0.19683	0.17920	0.5	16600	2975	15113	63686	3.84
2000-2009	93	0.21792	0.19651	0.5	13625	2677	12286	48574	3.56
2000-2009	94	0.24060	0.21476	0.5	10948	2351	9772	36287	3.31
2000-2009	95	0.26487	0.23389	0.5	8597	2011	7591	26515	3.08
2000-2009	96	0.29067	0.25379	0.5	6586	1671	5750	18924	2.87
2000-2009	97	0.31793	0.27433	0.5	4914	1348	4240	13174	2.68
2000-2009	98	0.34653	0.29536	0.5	3566	1053	3040	8933	2.50
2000-2009	99	0.37632	0.31673	0.5	2513	796	2115	5894	2.35
2000-2009	100	0.40711	0.33825	0.5	1717	581	1427	3779	2.20
2000-2009	101	0.43868	0.35977	0.5	1136	409	932	2352	2.07
2000-2009	102	0.47079	0.38109	0.5	727	277	589	1420	1.95
2000-2009	103	0.50319	0.40204	0.5	450	181	360	831	1.85
2000-2009	104	0.53560	0.42246	0.5	269	114	212	471	1.75
2000-2009	105	0.56775	0.44222	0.5	155	69	121	259	1.67
2000-2009	106	0.59937	0.46117	0.5	87	40	67	138	1.59
2000-2009	107	0.63023	0.47922	0.5	47	22	36	71	1.53
2000-2009	108	0.66008	0.49629	0.5	24	12	18	36	1.47
2000-2009	109	0.68875	0.51232	0.5	12	6	9	17	1.42
2000-2009	110+	0.71606	1.00000	1.4	6	6	8	8	1.40
2010-2019	0	0.00413	0.00411	0.06	100000	411	99613	7988836	79.89
2010-2019	1	0.00033	0.00033	0.5	99589	33	99572	7889222	79.22
2010-2019	2	0.00017	0.00017	0.5	99555	17	99547	7789650	78.24
2010-2019	3	0.00015	0.00015	0.5	99539	15	99531	7690103	77.26
2010-2019	4	0.00013	0.00013	0.5	99524	13	99517	7590572	76.27
2010-2019	5	0.00012	0.00012	0.5	99511	12	99505	7491054	75.28
2010-2019	6	0.00007	0.00007	0.5	99499	7	99495	7391549	74.29
2010-2019	7	0.00006	0.00006	0.5	99492	6	99489	7292054	73.29
2010-2019	8	0.00007	0.00007	0.5	99486	7	99482	7192565	72.30
2010-2019	9	0.00005	0.00005	0.5	99478	5	99476	7093083	71.30
2010-2019	10	0.00010	0.00010	0.5	99473	10	99468	6993608	70.31
2010-2019	11	0.00009	0.00009	0.5	99463	9	99458	6894140	69.31
2010-2019	12	0.00012	0.00012	0.5	99454	12	99448	6794682	68.32
2010-2019	13	0.00016	0.00016	0.5	99442	16	99434	6695234	67.33
2010-2019	14	0.00016	0.00016	0.5	99426	16	99418	6595800	66.34
2010-2019	15	0.00017	0.00017	0.5	99409	17	99401	6496382	65.35
2010-2019	16	0.00021	0.00021	0.5	99393	20	99383	6396981	64.36
2010-2019	17	0.00031	0.00031	0.5	99372	31	99357	6297598	63.37
2010-2019	18	0.00051	0.00051	0.5	99341	51	99316	6198241	62.39
2010-2019	19	0.00048	0.00048	0.5	99291	48	99267	6098925	61.42
2010-2019	20	0.00063	0.00063	0.5	99243	62	99212	5999659	60.45
2010-2019	21	0.00076	0.00076	0.5	99181	75	99143	5900447	59.49
2010-2019	22	0.00092	0.00092	0.5	99106	92	99060	5801303	58.54
2010-2019	23	0.00102	0.00102	0.5	99015	101	98964	5702243	57.59
2010-2019	24	0.00109	0.00109	0.5	98914	108	98860	5603279	56.65
2010-2019	25	0.00121	0.00121	0.5	98806	120	98746	5504419	55.71
2010-2019	26	0.00122	0.00121	0.5	98687	120	98627	5405672	54.78
2010-2019	27	0.00127	0.00127	0.5	98567	125	98504	5307046	53.84
2010-2019	28	0.00133	0.00133	0.5	98442	131	98376	5208542	52.91
2010-2019	29	0.00148	0.00148	0.5	98311	145	98238	5110165	51.98
2010-2019	30	0.00131	0.00131	0.5	98165	128	98101	5011927	51.06
2010-2019	31	0.00148	0.00148	0.5	98037	145	97964	4913826	50.12
2010-2019	32	0.00140	0.00140	0.5	97892	137	97823	4815862	49.20
2010-2019	33	0.00138	0.00138	0.5	97755	135	97687	4718039	48.26
2010-2019	34	0.00162	0.00162	0.5	97620	158	97541	4620351	47.33
2010-2019	35	0.00154	0.00154	0.5	97462	150	97387	4522811	46.41
2010-2019	36	0.00157	0.00157	0.5	97312	152	97235	4425424	45.48
2010-2019	37	0.00155	0.00155	0.5	97159	150	97084	4328189	44.55
2010-2019	38	0.00152	0.00152	0.5	97009	148	96935	4231105	43.62
2010-2019	39	0.00153	0.00153	0.5	96861	148	96787	4134170	42.68
2010-2019	40	0.00152	0.00152	0.5	96713	147	96640	4037383	41.75
2010-2019	41	0.00169	0.00169	0.5	96566	163	96485	3940743	40.81
2010-2019	42	0.00169	0.00168	0.5	96404	162	96322	3844258	39.88
2010-2019	43	0.00195	0.00195	0.5	96241	187	96147	3747936	38.94
2010-2019	44	0.00220	0.00219	0.5	96054	211	95949	3651788	38.02
2010-2019	45	0.00204	0.00204	0.5	95843	196	95745	3555840	37.10
2010-2019	46	0.00241	0.00241	0.5	95647	230	95532	3460094	36.18
2010-2019	47	0.00264	0.00264	0.5	95417	252	95291	3364562	35.26
2010-2019	48	0.00271	0.00271	0.5	95165	258	95037	3269271	34.35
2010-2019	49	0.00323	0.00323	0.5	94908	306	94754	3174234	33.45
2010-2019	50	0.00339	0.00338	0.5	94601	320	94441	3079480	32.55
2010-2019	51	0.00346	0.00346	0.5	94281	326	94119	2985038	31.66
2010-2019	52	0.00392	0.00391	0.5	93956	367	93772	2890920	30.77
2010-2019	53	0.00423	0.00422	0.5	93588	395	93391	2797148	29.89
2010-2019	54	0.00463	0.00462	0.5	93194	431	92978	2703757	29.01
2010-2019	55	0.00499	0.00498	0.5	92763	462	92532	2610778	28.14
2010-2019	56	0.00543	0.00542	0.5	92301	500	92051	2518246	27.28
2010-2019	57	0.00566	0.00565	0.5	91801	518	91542	2426195	26.43
2010-2019	58	0.00621	0.00620	0.5	91283	566	91000	2334653	25.58
2010-2019	59	0.00701	0.00699	0.5	90717	634	90400	2243653	24.73
2010-2019	60	0.00712	0.00710	0.5	90083	639	89763	2153253	23.90
2010-2019	61	0.00769	0.00766	0.5	89444	685	89101	2063489	23.07
2010-2019	62	0.00868	0.00864	0.5	88759	767	88375	1974388	22.24
2010-2019	63	0.00891	0.00887	0.5	87992	780	87602	1886013	21.43
2010-2019	64	0.01015	0.01010	0.5	87212	881	86771	1798411	20.62
2010-2019	65	0.01059	0.01053	0.5	86331	909	85876	1711640	19.83
2010-2019	66	0.01115	0.01108	0.5	85421	947	84948	1625764	19.03
2010-2019	67	0.01273	0.01265	0.5	84475	1069	83940	1540816	18.24
2010-2019	68	0.01439	0.01428	0.5	83406	1191	82810	1456876	17.47
2010-2019	69	0.01527	0.01515	0.5	82214	1246	81591	1374065	16.71
2010-2019	70	0.01748	0.01733	0.5	80968	1403	80267	1292474	15.96
2010-2019	71	0.01890	0.01872	0.5	79565	1490	78821	1212207	15.24
2010-2019	72	0.02170	0.02147	0.5	78076	1676	77238	1133386	14.52
2010-2019	73	0.02276	0.02251	0.5	76400	1720	75540	1056149	13.82
2010-2019	74	0.02568	0.02536	0.5	74680	1894	73733	980609	13.13
2010-2019	75	0.02944	0.02901	0.5	72786	2111	71731	906876	12.46
2010-2019	76	0.03226	0.03175	0.5	70675	2244	69553	835145	11.82
2010-2019	77	0.03519	0.03458	0.5	68431	2366	67248	765592	11.19
2010-2019	78	0.03927	0.03851	0.5	66064	2544	64792	698344	10.57
2010-2019	79	0.04306	0.04215	0.5	63520	2677	62182	633552	9.97
2010-2019	80	0.04464	0.04367	0.5	60843	2657	59514	571371	9.39
2010-2019	81	0.05061	0.04936	0.5	58186	2872	56750	511856	8.80
2010-2019	82	0.05734	0.05574	0.5	55314	3083	53772	455106	8.23
2010-2019	83	0.06490	0.06286	0.5	52231	3283	50589	401334	7.68
2010-2019	84	0.07340	0.07080	0.5	48948	3465	47215	350745	7.17
2010-2019	85	0.08291	0.07961	0.5	45482	3621	43672	303530	6.67
2010-2019	86	0.09356	0.08938	0.5	41861	3741	39990	259858	6.21
2010-2019	87	0.10542	0.10014	0.5	38120	3817	36211	219868	5.77
2010-2019	88	0.11861	0.11197	0.5	34302	3841	32382	183657	5.35
2010-2019	89	0.13323	0.12491	0.5	30461	3805	28559	151275	4.97
2010-2019	90	0.14937	0.13899	0.5	26656	3705	24804	122716	4.60
2010-2019	91	0.16711	0.15422	0.5	22952	3540	21182	97912	4.27
2010-2019	92	0.18653	0.17062	0.5	19412	3312	17756	76730	3.95
2010-2019	93	0.20767	0.18814	0.5	16100	3029	14585	58974	3.66
2010-2019	94	0.23058	0.20674	0.5	13071	2702	11720	44389	3.40
2010-2019	95	0.25523	0.22635	0.5	10369	2347	9195	32669	3.15
2010-2019	96	0.28160	0.24684	0.5	8022	1980	7032	23474	2.93
2010-2019	97	0.30961	0.26811	0.5	6042	1620	5232	16443	2.72
2010-2019	98	0.33914	0.28997	0.5	4422	1282	3781	11211	2.54
2010-2019	99	0.37003	0.31226	0.5	3140	980	2649	7430	2.37
2010-2019	100	0.40208	0.33478	0.5	2159	723	1798	4781	2.21
2010-2019	101	0.43504	0.35732	0.5	1436	513	1180	2983	2.08
2010-2019	102	0.46863	0.37967	0.5	923	350	748	1803	1.95
2010-2019	103	0.50257	0.40164	0.5	573	230	458	1055	1.84
2010-2019	104	0.53653	0.42304	0.5	343	145	270	598	1.74
2010-2019	105	0.57020	0.44370	0.5	198	88	154	328	1.66
2010-2019	106	0.60328	0.46348	0.5	110	51	84	174	1.58
2010-2019	107	0.63548	0.48225	0.5	59	28	45	89	1.51
2010-2019	108	0.66655	0.49994	0.5	31	15	23	44	1.45
2010-2019	109	0.69627	0.51647	0.5	15	8	11	22	1.41
2010-2019	110+	0.72447	1.00000	1.38	7	7	10	10	1.38
2020-2022	0	0.00405	0.00403	0.06	100000	403	99621	7899292	78.99
2020-2022	1	0.00041	0.00041	0.5	99597	40	99576	7799671	78.31
2020-2022	2	0.00013	0.00013	0.5	99556	13	99550	7700094	77.34
2020-2022	3	0.00010	0.00010	0.5	99543	10	99538	7600545	76.35
2020-2022	4	0.00015	0.00015	0.5	99533	15	99525	7501007	75.36
2020-2022	5	0.00002	0.00002	0.5	99518	2	99516	7401481	74.37
2020-2022	6	0.00012	0.00012	0.5	99515	12	99509	7301965	73.38
2020-2022	7	0.00010	0.00010	0.5	99503	10	99498	7202456	72.38
2020-2022	8	0.00021	0.00021	0.5	99493	21	99483	7102958	71.39
2020-2022	9	0.00005	0.00005	0.5	99472	5	99470	7003475	70.41
2020-2022	10	0.00009	0.00009	0.5	99467	9	99463	6904005	69.41
2020-2022	11	0.00002	0.00002	0.5	99458	2	99457	6804542	68.42
2020-2022	12	0.00007	0.00007	0.5	99456	7	99453	6705085	67.42
2020-2022	13	0.00015	0.00015	0.5	99449	15	99442	6605633	66.42
2020-2022	14	0.00017	0.00017	0.5	99434	17	99426	6506191	65.43
2020-2022	15	0.00023	0.00023	0.5	99418	23	99406	6406765	64.44
2020-2022	16	0.00035	0.00035	0.5	99395	35	99378	6307358	63.46
2020-2022	17	0.00032	0.00032	0.5	99361	32	99345	6207981	62.48
2020-2022	18	0.00035	0.00035	0.5	99329	35	99311	6108636	61.50
2020-2022	19	0.00052	0.00052	0.5	99294	52	99268	6009325	60.52
2020-2022	20	0.00044	0.00044	0.5	99242	44	99220	5910057	59.55
2020-2022	21	0.00061	0.00061	0.5	99198	60	99168	5810837	58.58
2020-2022	22	0.00078	0.00078	0.5	99138	77	99099	5711668	57.61
2020-2022	23	0.00087	0.00087	0.5	99061	86	99018	5612569	56.66
2020-2022	24	0.00090	0.00090	0.5	98975	89	98930	5513551	55.71
2020-2022	25	0.00118	0.00118	0.5	98886	117	98827	5414621	54.76
2020-2022	26	0.00135	0.00135	0.5	98769	133	98702	5315794	53.82
2020-2022	27	0.00132	0.00132	0.5	98635	130	98570	5217092	52.89
2020-2022	28	0.00144	0.00144	0.5	98505	142	98434	5118522	51.96
2020-2022	29	0.00151	0.00150	0.5	98363	148	98289	5020088	51.04
2020-2022	30	0.00133	0.00133	0.5	98215	130	98150	4921798	50.11
2020-2022	31	0.00176	0.00176	0.5	98085	173	97998	4823648	49.18
2020-2022	32	0.00186	0.00186	0.5	97912	182	97821	4725650	48.26
2020-2022	33	0.00181	0.00181	0.5	97730	177	97642	4627829	47.35
2020-2022	34	0.00193	0.00193	0.5	97553	188	97459	4530187	46.44
2020-2022	35	0.00210	0.00210	0.5	97365	204	97263	4432728	45.53
2020-2022	36	0.00202	0.00202	0.5	97161	196	97063	4335465	44.62
2020-2022	37	0.00212	0.00212	0.5	96965	205	96862	4238402	43.71
2020-2022	38	0.00178	0.00178	0.5	96760	173	96673	4141540	42.80
2020-2022	39	0.00214	0.00214	0.5	96587	207	96484	4044866	41.88
2020-2022	40	0.00215	0.00214	0.5	96380	207	96277	3948383	40.97
2020-2022	41	0.00242	0.00242	0.5	96174	233	96057	3852106	40.05
2020-2022	42	0.00240	0.00240	0.5	95941	230	95826	3756049	39.15
2020-2022	43	0.00221	0.00220	0.5	95711	211	95605	3660223	38.24
2020-2022	44	0.00249	0.00248	0.5	95500	237	95381	3564617	37.33
2020-2022	45	0.00260	0.00259	0.5	95263	247	95139	3469236	36.42
2020-2022	46	0.00300	0.00299	0.5	95016	285	94874	3374097	35.51
2020-2022	47	0.00333	0.00332	0.5	94731	315	94574	3279223	34.62
2020-2022	48	0.00344	0.00343	0.5	94417	324	94255	3184649	33.73
2020-2022	49	0.00380	0.00379	0.5	94093	356	93914	3090394	32.84
2020-2022	50	0.00391	0.00390	0.5	93736	366	93553	2996480	31.97
2020-2022	51	0.00387	0.00386	0.5	93370	360	93190	2902927	31.09
2020-2022	52	0.00447	0.00446	0.5	93010	415	92803	2809737	30.21
2020-2022	53	0.00465	0.00464	0.5	92595	430	92380	2716934	29.34
2020-2022	54	0.00476	0.00475	0.5	92165	438	91947	2624554	28.48
2020-2022	55	0.00556	0.00555	0.5	91728	509	91473	2532607	27.61
2020-2022	56	0.00634	0.00632	0.5	91219	577	90931	2441134	26.76
2020-2022	57	0.00627	0.00625	0.5	90642	567	90359	2350203	25.93
2020-2022	58	0.00660	0.00658	0.5	90076	593	89779	2259844	25.09
2020-2022	59	0.00752	0.00749	0.5	89483	670	89148	2170065	24.25
2020-2022	60	0.00761	0.00758	0.5	88813	673	88476	2080917	23.43
2020-2022	61	0.00834	0.00830	0.5	88140	732	87774	1992441	22.61
2020-2022	62	0.00902	0.00898	0.5	87408	785	87015	1904668	21.79
2020-2022	63	0.00987	0.00982	0.5	86623	851	86198	1817652	20.98
2020-2022	64	0.01021	0.01015	0.5	85772	871	85337	1731454	20.19
2020-2022	65	0.01211	0.01203	0.5	84901	1022	84391	1646118	19.39
2020-2022	66	0.01253	0.01245	0.5	83880	1044	83357	1561727	18.62
2020-2022	67	0.01406	0.01396	0.5	82835	1156	82257	1478370	17.85
2020-2022	68	0.01505	0.01493	0.5	81679	1220	81069	1396112	17.09
2020-2022	69	0.01681	0.01667	0.5	80459	1342	79789	1315043	16.34
2020-2022	70	0.01741	0.01726	0.5	79118	1365	78435	1235255	15.61
2020-2022	71	0.01789	0.01773	0.5	77753	1379	77063	1156820	14.88
2020-2022	72	0.02084	0.02062	0.5	76374	1575	75586	1079756	14.14
2020-2022	73	0.02187	0.02164	0.5	74799	1618	73990	1004170	13.42
2020-2022	74	0.02652	0.02617	0.5	73180	1915	72223	930180	12.71
2020-2022	75	0.02893	0.02852	0.5	71265	2033	70249	857958	12.04
2020-2022	76	0.03294	0.03241	0.5	69232	2244	68110	787709	11.38
2020-2022	77	0.03821	0.03750	0.5	66989	2512	65733	719599	10.74
2020-2022	78	0.04351	0.04258	0.5	64477	2746	63104	653866	10.14
2020-2022	79	0.04624	0.04520	0.5	61731	2790	60336	590762	9.57
2020-2022	80	0.04772	0.04660	0.5	58941	2747	57568	530426	9.00
2020-2022	81	0.05425	0.05282	0.5	56194	2968	54710	472858	8.41
2020-2022	82	0.06162	0.05978	0.5	53226	3182	51635	418148	7.86
2020-2022	83	0.06991	0.06755	0.5	50045	3380	48354	366513	7.32
2020-2022	84	0.07923	0.07621	0.5	46664	3556	44886	318159	6.82
2020-2022	85	0.08966	0.08581	0.5	43108	3699	41258	273273	6.34
2020-2022	86	0.10132	0.09643	0.5	39409	3800	37508	232014	5.89
2020-2022	87	0.11430	0.10812	0.5	35608	3850	33683	194506	5.46
2020-2022	88	0.12871	0.12093	0.5	31758	3840	29838	160823	5.06
2020-2022	89	0.14464	0.13488	0.5	27918	3766	26035	130985	4.69
2020-2022	90	0.16217	0.15001	0.5	24152	3623	22341	104950	4.35
2020-2022	91	0.18138	0.16630	0.5	20529	3414	18822	82609	4.02
2020-2022	92	0.20232	0.18374	0.5	17115	3145	15543	63787	3.73
2020-2022	93	0.22502	0.20226	0.5	13970	2826	12558	48244	3.45
2020-2022	94	0.24948	0.22181	0.5	11145	2472	9909	35687	3.20
2020-2022	95	0.27565	0.24226	0.5	8673	2101	7622	25778	2.97
2020-2022	96	0.30347	0.26349	0.5	6572	1732	5706	18156	2.76
2020-2022	97	0.33283	0.28534	0.5	4840	1381	4150	12450	2.57
2020-2022	98	0.36355	0.30763	0.5	3459	1064	2927	8301	2.40
2020-2022	99	0.39545	0.33017	0.5	2395	791	2000	5374	2.24
2020-2022	100	0.42829	0.35275	0.5	1604	566	1321	3374	2.10
2020-2022	101	0.46179	0.37517	0.5	1038	390	844	2053	1.98
2020-2022	102	0.49567	0.39722	0.5	649	258	520	1210	1.86
2020-2022	103	0.52961	0.41873	0.5	391	164	309	690	1.76
2020-2022	104	0.56331	0.43952	0.5	227	100	177	380	1.67
2020-2022	105	0.59646	0.45944	0.5	127	59	98	203	1.59
2020-2022	106	0.62878	0.47838	0.5	69	33	52	105	1.52
2020-2022	107	0.66001	0.49624	0.5	36	18	27	53	1.46
2020-2022	108	0.68993	0.51297	0.5	18	9	13	26	1.41
2020-2022	109	0.71837	0.52853	0.5	9	5	6	12	1.37
2020-2022	110+	0.74518	1.00000	1.34	4	4	6	6	1.34
