MN: MN, Lifetables (period 1x10), Males Last modified: February 4 2025, MPv5 (May07) 

Year     	Age	mx	qx	ax	lx	dx	Lx	Tx	ex
1941-1949	0	0.03471	0.03371	0.14	100000	3371	97095	6715931	67.16
1941-1949	1	0.00258	0.00257	0.5	96629	249	96505	6618836	68.50
1941-1949	2	0.00173	0.00173	0.5	96381	167	96297	6522331	67.67
1941-1949	3	0.00113	0.00113	0.5	96214	108	96160	6426034	66.79
1941-1949	4	0.00118	0.00118	0.5	96105	114	96049	6329874	65.86
1941-1949	5	0.00114	0.00114	0.5	95992	109	95937	6233826	64.94
1941-1949	6	0.00105	0.00105	0.5	95882	100	95832	6137889	64.01
1941-1949	7	0.00098	0.00098	0.5	95782	94	95735	6042056	63.08
1941-1949	8	0.00093	0.00093	0.5	95688	89	95644	5946321	62.14
1941-1949	9	0.00090	0.00089	0.5	95600	86	95557	5850677	61.20
1941-1949	10	0.00089	0.00089	0.5	95514	85	95472	5755120	60.25
1941-1949	11	0.00090	0.00090	0.5	95430	86	95387	5659648	59.31
1941-1949	12	0.00094	0.00094	0.5	95344	90	95299	5564261	58.36
1941-1949	13	0.00101	0.00101	0.5	95254	96	95205	5468963	57.41
1941-1949	14	0.00110	0.00110	0.5	95157	105	95105	5373758	56.47
1941-1949	15	0.00121	0.00121	0.5	95053	115	94995	5278653	55.53
1941-1949	16	0.00131	0.00131	0.5	94938	124	94876	5183657	54.60
1941-1949	17	0.00140	0.00140	0.5	94814	132	94747	5088781	53.67
1941-1949	18	0.00147	0.00147	0.5	94681	139	94612	4994034	52.75
1941-1949	19	0.00153	0.00153	0.5	94542	145	94469	4899422	51.82
1941-1949	20	0.00158	0.00158	0.5	94397	149	94322	4804953	50.90
1941-1949	21	0.00162	0.00162	0.5	94248	153	94172	4710631	49.98
1941-1949	22	0.00165	0.00165	0.5	94095	155	94018	4616459	49.06
1941-1949	23	0.00166	0.00166	0.5	93940	156	93863	4522441	48.14
1941-1949	24	0.00165	0.00165	0.5	93785	155	93707	4428579	47.22
1941-1949	25	0.00164	0.00163	0.5	93630	153	93553	4334871	46.30
1941-1949	26	0.00163	0.00163	0.5	93477	152	93401	4241318	45.37
1941-1949	27	0.00164	0.00164	0.5	93325	153	93248	4147917	44.45
1941-1949	28	0.00167	0.00167	0.5	93171	155	93094	4054669	43.52
1941-1949	29	0.00171	0.00171	0.5	93016	159	92937	3961576	42.59
1941-1949	30	0.00176	0.00176	0.5	92857	164	92775	3868639	41.66
1941-1949	31	0.00184	0.00184	0.5	92693	170	92608	3775864	40.73
1941-1949	32	0.00195	0.00194	0.5	92523	180	92433	3683255	39.81
1941-1949	33	0.00208	0.00208	0.5	92343	192	92247	3590822	38.89
1941-1949	34	0.00224	0.00224	0.5	92152	206	92049	3498575	37.97
1941-1949	35	0.00243	0.00243	0.5	91946	224	91834	3406526	37.05
1941-1949	36	0.00264	0.00264	0.5	91722	242	91601	3314692	36.14
1941-1949	37	0.00286	0.00286	0.5	91480	261	91349	3223091	35.23
1941-1949	38	0.00312	0.00311	0.5	91219	284	91077	3131742	34.33
1941-1949	39	0.00339	0.00339	0.5	90935	308	90781	3040665	33.44
1941-1949	40	0.00367	0.00366	0.5	90627	332	90461	2949884	32.55
1941-1949	41	0.00394	0.00393	0.5	90295	355	90118	2859423	31.67
1941-1949	42	0.00426	0.00425	0.5	89940	382	89749	2769306	30.79
1941-1949	43	0.00460	0.00459	0.5	89558	411	89353	2679556	29.92
1941-1949	44	0.00494	0.00492	0.5	89147	439	88927	2590204	29.06
1941-1949	45	0.00530	0.00529	0.5	88708	469	88473	2501276	28.20
1941-1949	46	0.00572	0.00571	0.5	88239	504	87987	2412803	27.34
1941-1949	47	0.00621	0.00619	0.5	87735	543	87463	2324816	26.50
1941-1949	48	0.00677	0.00675	0.5	87192	588	86898	2237353	25.66
1941-1949	49	0.00744	0.00741	0.5	86604	642	86282	2150455	24.83
1941-1949	50	0.00822	0.00819	0.5	85961	704	85610	2064173	24.01
1941-1949	51	0.00899	0.00895	0.5	85258	763	84876	1978563	23.21
1941-1949	52	0.00985	0.00980	0.5	84494	828	84080	1893687	22.41
1941-1949	53	0.01083	0.01077	0.5	83666	901	83215	1809607	21.63
1941-1949	54	0.01189	0.01182	0.5	82765	978	82276	1726392	20.86
1941-1949	55	0.01305	0.01296	0.5	81787	1060	81257	1644116	20.10
1941-1949	56	0.01422	0.01412	0.5	80726	1140	80156	1562859	19.36
1941-1949	57	0.01552	0.01540	0.5	79586	1226	78973	1482703	18.63
1941-1949	58	0.01695	0.01680	0.5	78361	1317	77702	1403729	17.91
1941-1949	59	0.01842	0.01825	0.5	77044	1406	76341	1326027	17.21
1941-1949	60	0.01996	0.01977	0.5	75638	1495	74890	1249686	16.52
1941-1949	61	0.02160	0.02137	0.5	74143	1584	73351	1174796	15.85
1941-1949	62	0.02347	0.02320	0.5	72559	1684	71717	1101445	15.18
1941-1949	63	0.02557	0.02525	0.5	70875	1789	69980	1029728	14.53
1941-1949	64	0.02775	0.02737	0.5	69086	1891	68140	959748	13.89
1941-1949	65	0.03019	0.02974	0.5	67195	1999	66196	891608	13.27
1941-1949	66	0.03272	0.03220	0.5	65196	2099	64147	825412	12.66
1941-1949	67	0.03550	0.03488	0.5	63097	2201	61997	761265	12.06
1941-1949	68	0.03879	0.03805	0.5	60896	2317	59738	699269	11.48
1941-1949	69	0.04239	0.04151	0.5	58579	2432	57363	639531	10.92
1941-1949	70	0.04632	0.04527	0.5	56148	2542	54877	582167	10.37
1941-1949	71	0.05037	0.04914	0.5	53606	2634	52289	527290	9.84
1941-1949	72	0.05520	0.05372	0.5	50972	2738	49603	475002	9.32
1941-1949	73	0.06075	0.05896	0.5	48234	2844	46812	425399	8.82
1941-1949	74	0.06649	0.06435	0.5	45390	2921	43929	378587	8.34
1941-1949	75	0.07282	0.07026	0.5	42469	2984	40977	334658	7.88
1941-1949	76	0.07941	0.07638	0.5	39485	3016	37977	293681	7.44
1941-1949	77	0.08630	0.08273	0.5	36469	3017	34961	255704	7.01
1941-1949	78	0.09415	0.08992	0.5	33452	3008	31948	220743	6.60
1941-1949	79	0.10292	0.09788	0.5	30444	2980	28954	188795	6.20
1941-1949	80	0.11442	0.10823	0.5	27464	2972	25978	159841	5.82
1941-1949	81	0.12551	0.11810	0.5	24492	2892	23045	133863	5.47
1941-1949	82	0.13759	0.12874	0.5	21599	2781	20209	110817	5.13
1941-1949	83	0.15071	0.14015	0.5	18819	2637	17500	90608	4.81
1941-1949	84	0.16467	0.15214	0.5	16181	2462	14950	73108	4.52
1941-1949	85	0.17946	0.16468	0.5	13719	2259	12590	58158	4.24
1941-1949	86	0.19626	0.17872	0.5	11460	2048	10436	45568	3.98
1941-1949	87	0.21559	0.19461	0.5	9412	1832	8496	35132	3.73
1941-1949	88	0.23707	0.21194	0.5	7580	1607	6777	26636	3.51
1941-1949	89	0.24953	0.22185	0.5	5974	1325	5311	19859	3.32
1941-1949	90	0.26958	0.23756	0.5	4648	1104	4096	14548	3.13
1941-1949	91	0.29061	0.25374	0.5	3544	899	3094	10452	2.95
1941-1949	92	0.31259	0.27034	0.5	2645	715	2287	7357	2.78
1941-1949	93	0.33544	0.28726	0.5	1930	554	1653	5070	2.63
1941-1949	94	0.35909	0.30443	0.5	1375	419	1166	3417	2.48
1941-1949	95	0.38344	0.32175	0.5	957	308	803	2251	2.35
1941-1949	96	0.40840	0.33914	0.5	649	220	539	1449	2.23
1941-1949	97	0.43383	0.35650	0.5	429	153	352	910	2.12
1941-1949	98	0.45962	0.37373	0.5	276	103	224	557	2.02
1941-1949	99	0.48562	0.39075	0.5	173	68	139	333	1.93
1941-1949	100	0.51171	0.40746	0.5	105	43	84	194	1.84
1941-1949	101	0.53773	0.42379	0.5	62	26	49	110	1.76
1941-1949	102	0.56355	0.43966	0.5	36	16	28	61	1.69
1941-1949	103	0.58902	0.45502	0.5	20	9	16	33	1.63
1941-1949	104	0.61403	0.46980	0.5	11	5	8	17	1.57
1941-1949	105	0.63845	0.48396	0.5	6	3	4	9	1.51
1941-1949	106	0.66218	0.49747	0.5	3	1	2	4	1.47
1941-1949	107	0.68511	0.51031	0.5	2	1	1	2	1.42
1941-1949	108	0.70718	0.52245	0.5	1	0	1	1	1.39
1941-1949	109	0.72832	0.53389	0.5	0	0	0	0	1.36
1941-1949	110+	0.74847	1.00000	1.34	0	0	0	0	1.34
1950-1959	0	0.02635	0.02575	0.12	100000	2575	97723	6864242	68.64
1950-1959	1	0.00176	0.00176	0.5	97425	172	97339	6766519	69.45
1950-1959	2	0.00109	0.00109	0.5	97253	106	97200	6669180	68.58
1950-1959	3	0.00091	0.00091	0.5	97147	88	97103	6571980	67.65
1950-1959	4	0.00070	0.00070	0.5	97059	68	97025	6474877	66.71
1950-1959	5	0.00065	0.00065	0.5	96991	63	96959	6377852	65.76
1950-1959	6	0.00063	0.00063	0.5	96927	61	96897	6280893	64.80
1950-1959	7	0.00060	0.00060	0.5	96866	58	96837	6183996	63.84
1950-1959	8	0.00060	0.00060	0.5	96808	58	96779	6087159	62.88
1950-1959	9	0.00055	0.00055	0.5	96750	53	96724	5990380	61.92
1950-1959	10	0.00052	0.00052	0.5	96697	51	96672	5893657	60.95
1950-1959	11	0.00056	0.00056	0.5	96646	54	96619	5796985	59.98
1950-1959	12	0.00062	0.00062	0.5	96592	60	96562	5700366	59.01
1950-1959	13	0.00073	0.00073	0.5	96532	70	96497	5603804	58.05
1950-1959	14	0.00086	0.00086	0.5	96462	83	96421	5507306	57.09
1950-1959	15	0.00108	0.00108	0.5	96379	104	96327	5410886	56.14
1950-1959	16	0.00128	0.00128	0.5	96275	123	96214	5314558	55.20
1950-1959	17	0.00144	0.00144	0.5	96152	139	96083	5218345	54.27
1950-1959	18	0.00156	0.00156	0.5	96013	149	95939	5122262	53.35
1950-1959	19	0.00167	0.00166	0.5	95864	160	95784	5026323	52.43
1950-1959	20	0.00161	0.00161	0.5	95704	154	95627	4930539	51.52
1950-1959	21	0.00169	0.00169	0.5	95550	161	95470	4834912	50.60
1950-1959	22	0.00160	0.00160	0.5	95389	153	95313	4739442	49.69
1950-1959	23	0.00157	0.00157	0.5	95236	149	95162	4644130	48.76
1950-1959	24	0.00154	0.00154	0.5	95087	147	95013	4548968	47.84
1950-1959	25	0.00152	0.00152	0.5	94940	144	94868	4453954	46.91
1950-1959	26	0.00143	0.00143	0.5	94796	135	94728	4359086	45.98
1950-1959	27	0.00144	0.00143	0.5	94661	136	94593	4264358	45.05
1950-1959	28	0.00145	0.00145	0.5	94525	137	94457	4169765	44.11
1950-1959	29	0.00146	0.00146	0.5	94388	138	94319	4075308	43.18
1950-1959	30	0.00148	0.00148	0.5	94250	139	94181	3980989	42.24
1950-1959	31	0.00152	0.00152	0.5	94111	143	94039	3886809	41.30
1950-1959	32	0.00157	0.00157	0.5	93968	148	93894	3792769	40.36
1950-1959	33	0.00168	0.00168	0.5	93820	158	93741	3698876	39.43
1950-1959	34	0.00173	0.00172	0.5	93662	161	93581	3605135	38.49
1950-1959	35	0.00186	0.00186	0.5	93500	174	93413	3511554	37.56
1950-1959	36	0.00201	0.00201	0.5	93327	187	93233	3418140	36.63
1950-1959	37	0.00217	0.00217	0.5	93139	202	93038	3324907	35.70
1950-1959	38	0.00246	0.00246	0.5	92937	229	92823	3231869	34.77
1950-1959	39	0.00270	0.00269	0.5	92708	250	92584	3139046	33.86
1950-1959	40	0.00314	0.00313	0.5	92459	290	92314	3046463	32.95
1950-1959	41	0.00338	0.00338	0.5	92169	311	92013	2954149	32.05
1950-1959	42	0.00373	0.00373	0.5	91858	342	91686	2862135	31.16
1950-1959	43	0.00410	0.00409	0.5	91515	374	91328	2770449	30.27
1950-1959	44	0.00456	0.00455	0.5	91141	415	90934	2679121	29.40
1950-1959	45	0.00503	0.00502	0.5	90726	455	90499	2588187	28.53
1950-1959	46	0.00548	0.00547	0.5	90271	493	90025	2497688	27.67
1950-1959	47	0.00604	0.00602	0.5	89778	540	89508	2407664	26.82
1950-1959	48	0.00666	0.00664	0.5	89238	592	88942	2318156	25.98
1950-1959	49	0.00742	0.00739	0.5	88645	655	88318	2229214	25.15
1950-1959	50	0.00801	0.00797	0.5	87991	702	87640	2140896	24.33
1950-1959	51	0.00891	0.00887	0.5	87289	775	86902	2053256	23.52
1950-1959	52	0.00972	0.00968	0.5	86514	837	86096	1966355	22.73
1950-1959	53	0.01060	0.01055	0.5	85677	904	85225	1880259	21.95
1950-1959	54	0.01154	0.01147	0.5	84774	973	84287	1795033	21.17
1950-1959	55	0.01267	0.01259	0.5	83801	1055	83274	1710746	20.41
1950-1959	56	0.01360	0.01351	0.5	82746	1118	82187	1627473	19.67
1950-1959	57	0.01462	0.01452	0.5	81628	1185	81036	1545286	18.93
1950-1959	58	0.01586	0.01574	0.5	80443	1266	79810	1464250	18.20
1950-1959	59	0.01762	0.01747	0.5	79177	1383	78486	1384440	17.49
1950-1959	60	0.01906	0.01888	0.5	77794	1469	77060	1305954	16.79
1950-1959	61	0.02069	0.02047	0.5	76326	1563	75544	1228894	16.10
1950-1959	62	0.02249	0.02224	0.5	74763	1663	73931	1153350	15.43
1950-1959	63	0.02448	0.02418	0.5	73100	1768	72216	1079418	14.77
1950-1959	64	0.02702	0.02666	0.5	71332	1902	70382	1007202	14.12
1950-1959	65	0.02920	0.02878	0.5	69431	1998	68432	936821	13.49
1950-1959	66	0.03242	0.03191	0.5	67432	2152	66357	868389	12.88
1950-1959	67	0.03538	0.03477	0.5	65281	2270	64146	802032	12.29
1950-1959	68	0.03831	0.03759	0.5	63011	2368	61827	737886	11.71
1950-1959	69	0.04164	0.04079	0.5	60643	2474	59406	676059	11.15
1950-1959	70	0.04520	0.04420	0.5	58169	2571	56884	616653	10.60
1950-1959	71	0.04918	0.04800	0.5	55598	2668	54264	559770	10.07
1950-1959	72	0.05304	0.05167	0.5	52930	2735	51562	505506	9.55
1950-1959	73	0.05809	0.05645	0.5	50195	2833	48778	453944	9.04
1950-1959	74	0.06490	0.06286	0.5	47361	2977	45873	405165	8.55
1950-1959	75	0.07022	0.06783	0.5	44384	3011	42879	359293	8.10
1950-1959	76	0.07662	0.07379	0.5	41373	3053	39847	316414	7.65
1950-1959	77	0.08331	0.07997	0.5	38320	3065	36788	276567	7.22
1950-1959	78	0.09137	0.08738	0.5	35256	3081	33715	239779	6.80
1950-1959	79	0.10075	0.09592	0.5	32175	3086	30632	206063	6.40
1950-1959	80	0.10936	0.10369	0.5	29089	3016	27581	175431	6.03
1950-1959	81	0.11953	0.11279	0.5	26073	2941	24602	147851	5.67
1950-1959	82	0.13065	0.12264	0.5	23132	2837	21713	123249	5.33
1950-1959	83	0.14350	0.13389	0.5	20295	2717	18936	101535	5.00
1950-1959	84	0.15705	0.14561	0.5	17577	2560	16298	82599	4.70
1950-1959	85	0.16894	0.15578	0.5	15018	2340	13848	66301	4.41
1950-1959	86	0.18427	0.16873	0.5	12678	2139	11609	52453	4.14
1950-1959	87	0.20254	0.18392	0.5	10539	1938	9570	40844	3.88
1950-1959	88	0.22083	0.19887	0.5	8601	1710	7746	31274	3.64
1950-1959	89	0.24436	0.21775	0.5	6890	1500	6140	23529	3.41
1950-1959	90	0.25897	0.22928	0.5	5390	1236	4772	17388	3.23
1950-1959	91	0.27968	0.24537	0.5	4154	1019	3645	12616	3.04
1950-1959	92	0.30137	0.26191	0.5	3135	821	2724	8972	2.86
1950-1959	93	0.32399	0.27882	0.5	2314	645	1991	6247	2.70
1950-1959	94	0.34746	0.29603	0.5	1669	494	1422	4256	2.55
1950-1959	95	0.37170	0.31344	0.5	1175	368	991	2834	2.41
1950-1959	96	0.39660	0.33097	0.5	806	267	673	1844	2.29
1950-1959	97	0.42204	0.34850	0.5	540	188	446	1171	2.17
1950-1959	98	0.44791	0.36595	0.5	352	129	287	725	2.06
1950-1959	99	0.47406	0.38323	0.5	223	85	180	438	1.97
1950-1959	100	0.50036	0.40023	0.5	137	55	110	258	1.88
1950-1959	101	0.52665	0.41688	0.5	82	34	65	148	1.79
1950-1959	102	0.55280	0.43309	0.5	48	21	38	83	1.72
1950-1959	103	0.57866	0.44880	0.5	27	12	21	45	1.65
1950-1959	104	0.60409	0.46395	0.5	15	7	12	24	1.59
1950-1959	105	0.62897	0.47849	0.5	8	4	6	12	1.54
1950-1959	106	0.65319	0.49238	0.5	4	2	3	6	1.48
1950-1959	107	0.67664	0.50559	0.5	2	1	2	3	1.44
1950-1959	108	0.69923	0.51810	0.5	1	1	1	1	1.40
1950-1959	109	0.72090	0.52990	0.5	1	0	0	1	1.37
1950-1959	110+	0.74158	1.00000	1.35	0	0	0	0	1.35
1960-1969	0	0.02307	0.02261	0.11	100000	2261	97981	6903427	69.03
1960-1969	1	0.00136	0.00136	0.5	97739	132	97673	6805446	69.63
1960-1969	2	0.00090	0.00090	0.5	97607	88	97563	6707773	68.72
1960-1969	3	0.00074	0.00074	0.5	97519	72	97483	6610210	67.78
1960-1969	4	0.00060	0.00060	0.5	97447	59	97418	6512727	66.83
1960-1969	5	0.00055	0.00055	0.5	97388	53	97362	6415310	65.87
1960-1969	6	0.00050	0.00050	0.5	97335	49	97311	6317948	64.91
1960-1969	7	0.00046	0.00046	0.5	97286	44	97264	6220637	63.94
1960-1969	8	0.00044	0.00044	0.5	97242	43	97220	6123373	62.97
1960-1969	9	0.00044	0.00044	0.5	97199	43	97177	6026153	62.00
1960-1969	10	0.00045	0.00045	0.5	97156	44	97134	5928976	61.03
1960-1969	11	0.00045	0.00045	0.5	97112	43	97090	5831842	60.05
1960-1969	12	0.00044	0.00044	0.5	97069	42	97047	5734751	59.08
1960-1969	13	0.00062	0.00062	0.5	97026	60	96996	5637704	58.10
1960-1969	14	0.00068	0.00067	0.5	96966	65	96933	5540708	57.14
1960-1969	15	0.00085	0.00085	0.5	96901	82	96859	5443775	56.18
1960-1969	16	0.00108	0.00108	0.5	96818	105	96766	5346915	55.23
1960-1969	17	0.00148	0.00148	0.5	96713	143	96642	5250149	54.29
1960-1969	18	0.00179	0.00179	0.5	96571	173	96484	5153507	53.37
1960-1969	19	0.00181	0.00180	0.5	96398	174	96311	5057023	52.46
1960-1969	20	0.00169	0.00168	0.5	96224	162	96143	4960712	51.55
1960-1969	21	0.00196	0.00195	0.5	96062	188	95968	4864569	50.64
1960-1969	22	0.00174	0.00174	0.5	95874	167	95791	4768601	49.74
1960-1969	23	0.00158	0.00158	0.5	95707	151	95632	4672811	48.82
1960-1969	24	0.00163	0.00163	0.5	95557	156	95479	4577179	47.90
1960-1969	25	0.00150	0.00150	0.5	95401	143	95329	4481700	46.98
1960-1969	26	0.00149	0.00149	0.5	95258	142	95187	4386371	46.05
1960-1969	27	0.00148	0.00147	0.5	95116	140	95046	4291183	45.12
1960-1969	28	0.00146	0.00146	0.5	94976	139	94907	4196137	44.18
1960-1969	29	0.00139	0.00139	0.5	94837	132	94771	4101230	43.24
1960-1969	30	0.00147	0.00147	0.5	94705	139	94636	4006459	42.30
1960-1969	31	0.00141	0.00141	0.5	94566	133	94500	3911823	41.37
1960-1969	32	0.00154	0.00154	0.5	94433	146	94360	3817323	40.42
1960-1969	33	0.00171	0.00171	0.5	94288	161	94207	3722963	39.49
1960-1969	34	0.00171	0.00171	0.5	94126	161	94046	3628756	38.55
1960-1969	35	0.00191	0.00191	0.5	93965	179	93875	3534711	37.62
1960-1969	36	0.00180	0.00180	0.5	93786	169	93701	3440835	36.69
1960-1969	37	0.00221	0.00221	0.5	93617	207	93514	3347134	35.75
1960-1969	38	0.00249	0.00249	0.5	93410	232	93294	3253620	34.83
1960-1969	39	0.00275	0.00274	0.5	93178	255	93050	3160326	33.92
1960-1969	40	0.00267	0.00266	0.5	92922	247	92799	3067276	33.01
1960-1969	41	0.00319	0.00319	0.5	92675	296	92527	2974477	32.10
1960-1969	42	0.00339	0.00338	0.5	92380	313	92223	2881950	31.20
1960-1969	43	0.00386	0.00385	0.5	92067	354	91890	2789727	30.30
1960-1969	44	0.00452	0.00451	0.5	91713	414	91506	2697837	29.42
1960-1969	45	0.00476	0.00475	0.5	91299	433	91082	2606331	28.55
1960-1969	46	0.00544	0.00543	0.5	90865	493	90619	2515249	27.68
1960-1969	47	0.00590	0.00588	0.5	90372	532	90107	2424630	26.83
1960-1969	48	0.00606	0.00604	0.5	89841	542	89570	2334524	25.99
1960-1969	49	0.00703	0.00701	0.5	89298	626	88986	2244954	25.14
1960-1969	50	0.00809	0.00806	0.5	88673	715	88315	2155969	24.31
1960-1969	51	0.00911	0.00907	0.5	87958	798	87559	2067653	23.51
1960-1969	52	0.00973	0.00968	0.5	87160	844	86739	1980094	22.72
1960-1969	53	0.01079	0.01074	0.5	86317	927	85853	1893356	21.93
1960-1969	54	0.01184	0.01177	0.5	85390	1005	84887	1807502	21.17
1960-1969	55	0.01257	0.01249	0.5	84385	1054	83858	1722615	20.41
1960-1969	56	0.01379	0.01370	0.5	83331	1141	82760	1638757	19.67
1960-1969	57	0.01570	0.01558	0.5	82190	1280	81549	1555997	18.93
1960-1969	58	0.01772	0.01756	0.5	80909	1421	80199	1474447	18.22
1960-1969	59	0.01847	0.01830	0.5	79488	1455	78761	1394248	17.54
1960-1969	60	0.01904	0.01886	0.5	78034	1472	77298	1315487	16.86
1960-1969	61	0.02192	0.02168	0.5	76562	1660	75732	1238190	16.17
1960-1969	62	0.02323	0.02296	0.5	74902	1720	74042	1162457	15.52
1960-1969	63	0.02612	0.02578	0.5	73182	1887	72239	1088415	14.87
1960-1969	64	0.02829	0.02789	0.5	71296	1989	70302	1016176	14.25
1960-1969	65	0.03121	0.03073	0.5	69307	2130	68242	945875	13.65
1960-1969	66	0.03158	0.03108	0.5	67178	2088	66134	877632	13.06
1960-1969	67	0.03489	0.03430	0.5	65089	2232	63973	811499	12.47
1960-1969	68	0.03810	0.03739	0.5	62857	2350	61682	747525	11.89
1960-1969	69	0.04094	0.04012	0.5	60507	2428	59293	685843	11.33
1960-1969	70	0.04394	0.04300	0.5	58079	2497	56831	626550	10.79
1960-1969	71	0.04789	0.04677	0.5	55582	2599	54282	569720	10.25
1960-1969	72	0.05397	0.05255	0.5	52982	2784	51590	515438	9.73
1960-1969	73	0.05731	0.05572	0.5	50198	2797	48800	463847	9.24
1960-1969	74	0.06276	0.06085	0.5	47402	2884	45959	415047	8.76
1960-1969	75	0.06842	0.06616	0.5	44517	2945	43045	369088	8.29
1960-1969	76	0.07426	0.07161	0.5	41572	2977	40084	326043	7.84
1960-1969	77	0.07963	0.07659	0.5	38595	2956	37117	285960	7.41
1960-1969	78	0.08731	0.08365	0.5	35639	2981	34149	248843	6.98
1960-1969	79	0.09808	0.09349	0.5	32658	3053	31131	214694	6.57
1960-1969	80	0.10775	0.10224	0.5	29605	3027	28091	183563	6.20
1960-1969	81	0.11103	0.10519	0.5	26578	2796	25180	155472	5.85
1960-1969	82	0.12618	0.11870	0.5	23782	2823	22371	130292	5.48
1960-1969	83	0.13757	0.12872	0.5	20959	2698	19610	107921	5.15
1960-1969	84	0.15408	0.14306	0.5	18261	2613	16955	88311	4.84
1960-1969	85	0.16586	0.15316	0.5	15649	2397	14450	71356	4.56
1960-1969	86	0.18121	0.16615	0.5	13252	2202	12151	56905	4.29
1960-1969	87	0.18944	0.17305	0.5	11050	1912	10094	44754	4.05
1960-1969	88	0.20840	0.18874	0.5	9138	1725	8276	34660	3.79
1960-1969	89	0.22797	0.20465	0.5	7413	1517	6655	26385	3.56
1960-1969	90	0.24791	0.22057	0.5	5896	1301	5246	19730	3.35
1960-1969	91	0.26765	0.23606	0.5	4596	1085	4053	14484	3.15
1960-1969	92	0.28837	0.25203	0.5	3511	885	3068	10431	2.97
1960-1969	93	0.31001	0.26840	0.5	2626	705	2274	7362	2.80
1960-1969	94	0.33251	0.28511	0.5	1921	548	1647	5089	2.65
1960-1969	95	0.35581	0.30207	0.5	1373	415	1166	3442	2.51
1960-1969	96	0.37980	0.31919	0.5	959	306	806	2276	2.37
1960-1969	97	0.40441	0.33639	0.5	653	220	543	1470	2.25
1960-1969	98	0.42950	0.35357	0.5	433	153	357	927	2.14
1960-1969	99	0.45495	0.37064	0.5	280	104	228	571	2.04
1960-1969	100	0.48065	0.38752	0.5	176	68	142	343	1.94
1960-1969	101	0.50645	0.40412	0.5	108	44	86	201	1.86
1960-1969	102	0.53221	0.42036	0.5	64	27	51	114	1.78
1960-1969	103	0.55781	0.43616	0.5	37	16	29	64	1.71
1960-1969	104	0.58310	0.45147	0.5	21	9	16	35	1.64
1960-1969	105	0.60796	0.46623	0.5	12	5	9	18	1.58
1960-1969	106	0.63227	0.48040	0.5	6	3	5	9	1.53
1960-1969	107	0.65593	0.49394	0.5	3	2	2	5	1.48
1960-1969	108	0.67884	0.50682	0.5	2	1	1	2	1.44
1960-1969	109	0.70092	0.51902	0.5	1	0	1	1	1.41
1960-1969	110+	0.72210	1.00000	1.38	0	0	1	1	1.38
1970-1979	0	0.01615	0.01591	0.09	100000	1591	98549	7078957	70.79
1970-1979	1	0.00109	0.00109	0.5	98409	107	98355	6980407	70.93
1970-1979	2	0.00070	0.00070	0.5	98302	69	98268	6882052	70.01
1970-1979	3	0.00055	0.00055	0.5	98233	54	98206	6783784	69.06
1970-1979	4	0.00050	0.00050	0.5	98179	49	98154	6685578	68.10
1970-1979	5	0.00050	0.00050	0.5	98130	49	98106	6587424	67.13
1970-1979	6	0.00039	0.00039	0.5	98081	38	98062	6489318	66.16
1970-1979	7	0.00044	0.00044	0.5	98043	43	98021	6391256	65.19
1970-1979	8	0.00037	0.00037	0.5	97999	36	97981	6293235	64.22
1970-1979	9	0.00039	0.00039	0.5	97963	38	97944	6195254	63.24
1970-1979	10	0.00033	0.00033	0.5	97925	32	97908	6097311	62.27
1970-1979	11	0.00036	0.00036	0.5	97892	36	97874	5999402	61.29
1970-1979	12	0.00034	0.00034	0.5	97857	33	97840	5901528	60.31
1970-1979	13	0.00044	0.00044	0.5	97823	43	97802	5803688	59.33
1970-1979	14	0.00062	0.00062	0.5	97780	60	97750	5705886	58.35
1970-1979	15	0.00078	0.00078	0.5	97719	76	97681	5608136	57.39
1970-1979	16	0.00112	0.00112	0.5	97643	109	97589	5510455	56.43
1970-1979	17	0.00143	0.00143	0.5	97534	140	97464	5412867	55.50
1970-1979	18	0.00204	0.00204	0.5	97394	198	97295	5315403	54.58
1970-1979	19	0.00188	0.00188	0.5	97196	183	97104	5218108	53.69
1970-1979	20	0.00206	0.00205	0.5	97013	199	96913	5121003	52.79
1970-1979	21	0.00205	0.00205	0.5	96814	198	96715	5024090	51.89
1970-1979	22	0.00180	0.00180	0.5	96616	174	96529	4927375	51.00
1970-1979	23	0.00175	0.00175	0.5	96442	169	96357	4830847	50.09
1970-1979	24	0.00166	0.00166	0.5	96273	159	96193	4734489	49.18
1970-1979	25	0.00148	0.00148	0.5	96114	143	96043	4638296	48.26
1970-1979	26	0.00133	0.00133	0.5	95971	127	95908	4542253	47.33
1970-1979	27	0.00140	0.00140	0.5	95844	134	95777	4446345	46.39
1970-1979	28	0.00128	0.00128	0.5	95710	123	95648	4350569	45.46
1970-1979	29	0.00121	0.00121	0.5	95587	116	95529	4254920	44.51
1970-1979	30	0.00133	0.00133	0.5	95471	127	95408	4159391	43.57
1970-1979	31	0.00115	0.00115	0.5	95344	110	95289	4063984	42.62
1970-1979	32	0.00134	0.00134	0.5	95235	128	95171	3968694	41.67
1970-1979	33	0.00133	0.00133	0.5	95107	126	95044	3873524	40.73
1970-1979	34	0.00144	0.00144	0.5	94980	137	94912	3778480	39.78
1970-1979	35	0.00154	0.00154	0.5	94843	146	94770	3683568	38.84
1970-1979	36	0.00181	0.00181	0.5	94697	171	94612	3588798	37.90
1970-1979	37	0.00170	0.00170	0.5	94526	160	94446	3494186	36.97
1970-1979	38	0.00189	0.00189	0.5	94366	178	94277	3399740	36.03
1970-1979	39	0.00207	0.00207	0.5	94188	195	94090	3305463	35.09
1970-1979	40	0.00241	0.00240	0.5	93993	226	93880	3211373	34.17
1970-1979	41	0.00262	0.00262	0.5	93767	245	93644	3117493	33.25
1970-1979	42	0.00285	0.00284	0.5	93521	266	93388	3023849	32.33
1970-1979	43	0.00318	0.00318	0.5	93255	296	93107	2930461	31.42
1970-1979	44	0.00354	0.00354	0.5	92959	329	92795	2837354	30.52
1970-1979	45	0.00429	0.00428	0.5	92630	396	92432	2744560	29.63
1970-1979	46	0.00485	0.00484	0.5	92234	446	92010	2652128	28.75
1970-1979	47	0.00503	0.00502	0.5	91787	460	91557	2560117	27.89
1970-1979	48	0.00533	0.00531	0.5	91327	485	91084	2468560	27.03
1970-1979	49	0.00608	0.00607	0.5	90841	551	90566	2377476	26.17
1970-1979	50	0.00662	0.00660	0.5	90290	596	89992	2286910	25.33
1970-1979	51	0.00781	0.00778	0.5	89694	698	89345	2196918	24.49
1970-1979	52	0.00793	0.00790	0.5	88996	703	88644	2107573	23.68
1970-1979	53	0.00899	0.00895	0.5	88293	790	87898	2018929	22.87
1970-1979	54	0.01033	0.01027	0.5	87503	899	87053	1931031	22.07
1970-1979	55	0.01099	0.01093	0.5	86604	946	86130	1843978	21.29
1970-1979	56	0.01244	0.01236	0.5	85657	1059	85128	1757847	20.52
1970-1979	57	0.01331	0.01322	0.5	84599	1119	84039	1672719	19.77
1970-1979	58	0.01443	0.01432	0.5	83480	1196	82882	1588680	19.03
1970-1979	59	0.01658	0.01644	0.5	82284	1353	81608	1505798	18.30
1970-1979	60	0.01754	0.01739	0.5	80931	1408	80227	1424190	17.60
1970-1979	61	0.01941	0.01922	0.5	79524	1528	78759	1343962	16.90
1970-1979	62	0.02187	0.02164	0.5	77995	1688	77151	1265203	16.22
1970-1979	63	0.02417	0.02388	0.5	76308	1823	75396	1188052	15.57
1970-1979	64	0.02646	0.02611	0.5	74485	1945	73513	1112655	14.94
1970-1979	65	0.02773	0.02735	0.5	72540	1984	71548	1039143	14.33
1970-1979	66	0.03001	0.02957	0.5	70556	2086	69513	967595	13.71
1970-1979	67	0.03284	0.03231	0.5	68470	2212	67364	898082	13.12
1970-1979	68	0.03597	0.03534	0.5	66258	2341	65087	830718	12.54
1970-1979	69	0.03806	0.03735	0.5	63916	2387	62723	765631	11.98
1970-1979	70	0.04077	0.03996	0.5	61529	2458	60300	702908	11.42
1970-1979	71	0.04414	0.04319	0.5	59071	2551	57795	642608	10.88
1970-1979	72	0.04916	0.04798	0.5	56520	2712	55164	584813	10.35
1970-1979	73	0.05361	0.05221	0.5	53808	2809	52403	529649	9.84
1970-1979	74	0.05716	0.05558	0.5	50998	2834	49581	477246	9.36
1970-1979	75	0.06376	0.06179	0.5	48164	2976	46676	427665	8.88
1970-1979	76	0.06764	0.06543	0.5	45188	2957	43710	380989	8.43
1970-1979	77	0.07432	0.07166	0.5	42231	3026	40718	337279	7.99
1970-1979	78	0.08119	0.07802	0.5	39205	3059	37676	296561	7.56
1970-1979	79	0.08791	0.08421	0.5	36146	3044	34624	258885	7.16
1970-1979	80	0.09345	0.08927	0.5	33103	2955	31625	224261	6.77
1970-1979	81	0.10035	0.09555	0.5	30147	2881	28707	192636	6.39
1970-1979	82	0.11066	0.10486	0.5	27267	2859	25837	163929	6.01
1970-1979	83	0.12384	0.11662	0.5	24408	2846	22984	138092	5.66
1970-1979	84	0.13330	0.12497	0.5	21561	2695	20214	115107	5.34
1970-1979	85	0.14135	0.13202	0.5	18867	2491	17621	94893	5.03
1970-1979	86	0.15757	0.14606	0.5	16376	2392	15180	77272	4.72
1970-1979	87	0.16984	0.15655	0.5	13984	2189	12889	62092	4.44
1970-1979	88	0.18804	0.17188	0.5	11795	2027	10781	49203	4.17
1970-1979	89	0.19792	0.18010	0.5	9768	1759	8888	38422	3.93
1970-1979	90	0.21922	0.19757	0.5	8008	1582	7217	29534	3.69
1970-1979	91	0.23707	0.21195	0.5	6426	1362	5745	22317	3.47
1970-1979	92	0.25590	0.22687	0.5	5064	1149	4490	16571	3.27
1970-1979	93	0.27568	0.24228	0.5	3915	949	3441	12082	3.09
1970-1979	94	0.29638	0.25813	0.5	2967	766	2584	8641	2.91
1970-1979	95	0.31795	0.27434	0.5	2201	604	1899	6057	2.75
1970-1979	96	0.34033	0.29084	0.5	1597	465	1365	4158	2.60
1970-1979	97	0.36345	0.30756	0.5	1133	348	958	2793	2.47
1970-1979	98	0.38722	0.32441	0.5	784	254	657	1835	2.34
1970-1979	99	0.41154	0.34131	0.5	530	181	439	1178	2.22
1970-1979	100	0.43630	0.35816	0.5	349	125	286	738	2.12
1970-1979	101	0.46137	0.37489	0.5	224	84	182	452	2.02
1970-1979	102	0.48665	0.39141	0.5	140	55	113	270	1.93
1970-1979	103	0.51200	0.40764	0.5	85	35	68	157	1.84
1970-1979	104	0.53728	0.42351	0.5	50	21	40	89	1.77
1970-1979	105	0.56237	0.43895	0.5	29	13	23	49	1.70
1970-1979	106	0.58715	0.45390	0.5	16	7	13	27	1.64
1970-1979	107	0.61149	0.46831	0.5	9	4	7	14	1.58
1970-1979	108	0.63529	0.48214	0.5	5	2	4	7	1.53
1970-1979	109	0.65845	0.49536	0.5	2	1	2	4	1.49
1970-1979	110+	0.68087	1.00000	1.47	1	1	2	2	1.47
1980-1989	0	0.01007	0.00998	0.07	100000	998	99074	7350333	73.50
1980-1989	1	0.00079	0.00079	0.5	99002	79	98963	7251259	73.24
1980-1989	2	0.00046	0.00046	0.5	98924	45	98901	7152296	72.30
1980-1989	3	0.00039	0.00039	0.5	98879	39	98859	7053395	71.33
1980-1989	4	0.00037	0.00037	0.5	98840	37	98821	6954535	70.36
1980-1989	5	0.00026	0.00026	0.5	98803	26	98790	6855714	69.39
1980-1989	6	0.00026	0.00026	0.5	98777	25	98765	6756924	68.41
1980-1989	7	0.00030	0.00030	0.5	98752	29	98737	6658159	67.42
1980-1989	8	0.00024	0.00024	0.5	98723	24	98711	6559422	66.44
1980-1989	9	0.00021	0.00021	0.5	98699	21	98688	6460711	65.46
1980-1989	10	0.00020	0.00020	0.5	98677	19	98668	6362023	64.47
1980-1989	11	0.00025	0.00025	0.5	98658	25	98646	6263355	63.49
1980-1989	12	0.00031	0.00031	0.5	98633	31	98618	6164710	62.50
1980-1989	13	0.00033	0.00033	0.5	98602	33	98586	6066092	61.52
1980-1989	14	0.00045	0.00045	0.5	98570	45	98547	5967505	60.54
1980-1989	15	0.00057	0.00057	0.5	98525	56	98497	5868958	59.57
1980-1989	16	0.00081	0.00080	0.5	98469	79	98429	5770461	58.60
1980-1989	17	0.00096	0.00096	0.5	98390	94	98343	5672032	57.65
1980-1989	18	0.00124	0.00124	0.5	98295	122	98235	5573689	56.70
1980-1989	19	0.00153	0.00153	0.5	98174	150	98099	5475455	55.77
1980-1989	20	0.00142	0.00142	0.5	98024	139	97954	5377356	54.86
1980-1989	21	0.00146	0.00145	0.5	97885	142	97814	5279402	53.93
1980-1989	22	0.00133	0.00133	0.5	97742	130	97678	5181588	53.01
1980-1989	23	0.00124	0.00124	0.5	97613	121	97552	5083910	52.08
1980-1989	24	0.00120	0.00120	0.5	97492	117	97433	4986358	51.15
1980-1989	25	0.00105	0.00105	0.5	97374	102	97323	4888925	50.21
1980-1989	26	0.00120	0.00120	0.5	97272	116	97214	4791602	49.26
1980-1989	27	0.00117	0.00117	0.5	97156	113	97099	4694388	48.32
1980-1989	28	0.00121	0.00121	0.5	97043	118	96984	4597288	47.37
1980-1989	29	0.00110	0.00110	0.5	96925	106	96872	4500304	46.43
1980-1989	30	0.00112	0.00112	0.5	96819	109	96764	4403433	45.48
1980-1989	31	0.00116	0.00116	0.5	96710	112	96654	4306668	44.53
1980-1989	32	0.00115	0.00115	0.5	96597	111	96542	4210015	43.58
1980-1989	33	0.00118	0.00118	0.5	96486	113	96430	4113473	42.63
1980-1989	34	0.00113	0.00113	0.5	96373	109	96318	4017043	41.68
1980-1989	35	0.00134	0.00134	0.5	96264	129	96200	3920725	40.73
1980-1989	36	0.00135	0.00135	0.5	96135	129	96071	3824525	39.78
1980-1989	37	0.00157	0.00156	0.5	96006	150	95931	3728455	38.84
1980-1989	38	0.00167	0.00167	0.5	95856	160	95776	3632524	37.90
1980-1989	39	0.00163	0.00163	0.5	95696	156	95618	3536748	36.96
1980-1989	40	0.00181	0.00181	0.5	95540	173	95453	3441130	36.02
1980-1989	41	0.00190	0.00190	0.5	95367	181	95276	3345676	35.08
1980-1989	42	0.00189	0.00189	0.5	95186	180	95096	3250400	34.15
1980-1989	43	0.00249	0.00249	0.5	95006	236	94887	3155304	33.21
1980-1989	44	0.00266	0.00265	0.5	94769	251	94644	3060417	32.29
1980-1989	45	0.00290	0.00290	0.5	94518	274	94381	2965773	31.38
1980-1989	46	0.00319	0.00318	0.5	94244	300	94094	2871392	30.47
1980-1989	47	0.00358	0.00357	0.5	93944	336	93776	2777298	29.56
1980-1989	48	0.00428	0.00427	0.5	93608	400	93409	2683522	28.67
1980-1989	49	0.00432	0.00431	0.5	93209	402	93008	2590113	27.79
1980-1989	50	0.00523	0.00521	0.5	92807	484	92565	2497105	26.91
1980-1989	51	0.00595	0.00593	0.5	92323	548	92049	2404540	26.04
1980-1989	52	0.00649	0.00647	0.5	91775	594	91479	2312491	25.20
1980-1989	53	0.00708	0.00706	0.5	91182	643	90860	2221012	24.36
1980-1989	54	0.00720	0.00717	0.5	90538	649	90214	2130152	23.53
1980-1989	55	0.00846	0.00843	0.5	89889	758	89510	2039939	22.69
1980-1989	56	0.00964	0.00959	0.5	89131	855	88704	1950429	21.88
1980-1989	57	0.01029	0.01024	0.5	88276	904	87824	1861725	21.09
1980-1989	58	0.01206	0.01199	0.5	87373	1047	86849	1773901	20.30
1980-1989	59	0.01278	0.01270	0.5	86325	1096	85777	1687052	19.54
1980-1989	60	0.01408	0.01398	0.5	85229	1191	84633	1601275	18.79
1980-1989	61	0.01565	0.01553	0.5	84038	1305	83385	1516641	18.05
1980-1989	62	0.01776	0.01760	0.5	82732	1456	82004	1433257	17.32
1980-1989	63	0.01878	0.01861	0.5	81276	1512	80520	1351252	16.63
1980-1989	64	0.02084	0.02062	0.5	79764	1645	78941	1270732	15.93
1980-1989	65	0.02229	0.02204	0.5	78119	1722	77258	1191791	15.26
1980-1989	66	0.02584	0.02551	0.5	76397	1949	75423	1114533	14.59
1980-1989	67	0.02723	0.02687	0.5	74448	2000	73448	1039110	13.96
1980-1989	68	0.03021	0.02976	0.5	72448	2156	71370	965662	13.33
1980-1989	69	0.03241	0.03189	0.5	70292	2242	69171	894292	12.72
1980-1989	70	0.03563	0.03500	0.5	68050	2382	66859	825121	12.13
1980-1989	71	0.03994	0.03916	0.5	65669	2572	64383	758261	11.55
1980-1989	72	0.04295	0.04205	0.5	63097	2653	61771	693879	11.00
1980-1989	73	0.04772	0.04661	0.5	60444	2817	59035	632108	10.46
1980-1989	74	0.05125	0.04997	0.5	57627	2880	56187	573073	9.94
1980-1989	75	0.05448	0.05303	0.5	54747	2903	53296	516886	9.44
1980-1989	76	0.06130	0.05948	0.5	51844	3083	50302	463590	8.94
1980-1989	77	0.06483	0.06279	0.5	48760	3062	47229	413288	8.48
1980-1989	78	0.07201	0.06951	0.5	45699	3176	44110	366058	8.01
1980-1989	79	0.07882	0.07583	0.5	42522	3225	40910	321948	7.57
1980-1989	80	0.08665	0.08305	0.5	39298	3264	37666	281038	7.15
1980-1989	81	0.09227	0.08820	0.5	36034	3178	34445	243372	6.75
1980-1989	82	0.10272	0.09770	0.5	32856	3210	31251	208927	6.36
1980-1989	83	0.11062	0.10482	0.5	29646	3107	28092	177677	5.99
1980-1989	84	0.12031	0.11348	0.5	26538	3012	25033	149585	5.64
1980-1989	85	0.13157	0.12345	0.5	23527	2904	22075	124552	5.29
1980-1989	86	0.14142	0.13208	0.5	20622	2724	19260	102477	4.97
1980-1989	87	0.16256	0.15034	0.5	17899	2691	16553	83217	4.65
1980-1989	88	0.17640	0.16210	0.5	15208	2465	13975	66664	4.38
1980-1989	89	0.18777	0.17166	0.5	12743	2187	11649	52689	4.13
1980-1989	90	0.19832	0.18043	0.5	10555	1904	9603	41040	3.89
1980-1989	91	0.22271	0.20039	0.5	8651	1734	7784	31437	3.63
1980-1989	92	0.24108	0.21515	0.5	6917	1488	6173	23653	3.42
1980-1989	93	0.26047	0.23046	0.5	5429	1251	4803	17480	3.22
1980-1989	94	0.28084	0.24626	0.5	4178	1029	3663	12677	3.03
1980-1989	95	0.30215	0.26249	0.5	3149	827	2736	9013	2.86
1980-1989	96	0.32435	0.27909	0.5	2322	648	1998	6278	2.70
1980-1989	97	0.34737	0.29596	0.5	1674	496	1426	4279	2.56
1980-1989	98	0.37112	0.31303	0.5	1179	369	994	2853	2.42
1980-1989	99	0.39551	0.33021	0.5	810	267	676	1858	2.30
1980-1989	100	0.42044	0.34741	0.5	542	188	448	1182	2.18
1980-1989	101	0.44577	0.36453	0.5	354	129	289	734	2.07
1980-1989	102	0.47140	0.38148	0.5	225	86	182	445	1.98
1980-1989	103	0.49717	0.39819	0.5	139	55	111	263	1.89
1980-1989	104	0.52296	0.41456	0.5	84	35	66	151	1.81
1980-1989	105	0.54863	0.43053	0.5	49	21	38	85	1.73
1980-1989	106	0.57404	0.44602	0.5	28	12	22	47	1.67
1980-1989	107	0.59906	0.46098	0.5	15	7	12	25	1.61
1980-1989	108	0.62358	0.47537	0.5	8	4	6	13	1.56
1980-1989	109	0.64749	0.48913	0.5	4	2	3	7	1.52
1980-1989	110+	0.67067	1.00000	1.49	2	2	3	3	1.49
1990-1999	0	0.00773	0.00767	0.07	100000	767	99283	7527995	75.28
1990-1999	1	0.00056	0.00056	0.5	99233	55	99205	7428712	74.86
1990-1999	2	0.00030	0.00030	0.5	99177	30	99163	7329507	73.90
1990-1999	3	0.00030	0.00030	0.5	99148	30	99133	7230344	72.93
1990-1999	4	0.00021	0.00021	0.5	99118	21	99108	7131211	71.95
1990-1999	5	0.00025	0.00025	0.5	99097	25	99085	7032103	70.96
1990-1999	6	0.00021	0.00021	0.5	99073	21	99062	6933019	69.98
1990-1999	7	0.00015	0.00015	0.5	99052	15	99044	6833956	68.99
1990-1999	8	0.00019	0.00019	0.5	99037	18	99028	6734912	68.00
1990-1999	9	0.00015	0.00015	0.5	99018	14	99011	6635884	67.02
1990-1999	10	0.00018	0.00018	0.5	99004	18	98995	6536873	66.03
1990-1999	11	0.00019	0.00019	0.5	98986	18	98976	6437879	65.04
1990-1999	12	0.00020	0.00020	0.5	98967	20	98957	6338902	64.05
1990-1999	13	0.00029	0.00029	0.5	98947	28	98933	6239945	63.06
1990-1999	14	0.00040	0.00040	0.5	98919	40	98899	6141012	62.08
1990-1999	15	0.00043	0.00043	0.5	98879	43	98858	6042113	61.11
1990-1999	16	0.00062	0.00062	0.5	98837	61	98806	5943255	60.13
1990-1999	17	0.00088	0.00088	0.5	98775	87	98732	5844449	59.17
1990-1999	18	0.00114	0.00114	0.5	98688	112	98632	5745717	58.22
1990-1999	19	0.00115	0.00115	0.5	98576	114	98519	5647085	57.29
1990-1999	20	0.00114	0.00114	0.5	98462	113	98406	5548566	56.35
1990-1999	21	0.00127	0.00127	0.5	98350	125	98287	5450160	55.42
1990-1999	22	0.00113	0.00113	0.5	98225	111	98169	5351873	54.49
1990-1999	23	0.00116	0.00116	0.5	98114	114	98057	5253704	53.55
1990-1999	24	0.00110	0.00110	0.5	98000	108	97946	5155647	52.61
1990-1999	25	0.00103	0.00103	0.5	97892	101	97842	5057700	51.67
1990-1999	26	0.00105	0.00105	0.5	97792	103	97740	4959858	50.72
1990-1999	27	0.00104	0.00104	0.5	97689	102	97638	4862118	49.77
1990-1999	28	0.00116	0.00115	0.5	97587	113	97531	4764480	48.82
1990-1999	29	0.00094	0.00094	0.5	97474	91	97429	4666949	47.88
1990-1999	30	0.00118	0.00118	0.5	97383	115	97325	4569520	46.92
1990-1999	31	0.00121	0.00121	0.5	97268	118	97209	4472195	45.98
1990-1999	32	0.00120	0.00120	0.5	97150	117	97091	4374986	45.03
1990-1999	33	0.00124	0.00124	0.5	97033	120	96973	4277895	44.09
1990-1999	34	0.00133	0.00133	0.5	96913	129	96848	4180922	43.14
1990-1999	35	0.00151	0.00151	0.5	96784	146	96711	4084074	42.20
1990-1999	36	0.00148	0.00148	0.5	96638	143	96566	3987363	41.26
1990-1999	37	0.00164	0.00163	0.5	96495	158	96416	3890797	40.32
1990-1999	38	0.00172	0.00172	0.5	96337	166	96254	3794381	39.39
1990-1999	39	0.00169	0.00169	0.5	96171	162	96090	3698126	38.45
1990-1999	40	0.00183	0.00183	0.5	96009	175	95922	3602036	37.52
1990-1999	41	0.00200	0.00200	0.5	95834	191	95738	3506114	36.59
1990-1999	42	0.00213	0.00213	0.5	95643	203	95541	3410376	35.66
1990-1999	43	0.00242	0.00242	0.5	95439	231	95324	3314835	34.73
1990-1999	44	0.00242	0.00242	0.5	95208	230	95093	3219511	33.82
1990-1999	45	0.00270	0.00270	0.5	94978	257	94850	3124418	32.90
1990-1999	46	0.00288	0.00288	0.5	94722	273	94585	3029568	31.98
1990-1999	47	0.00319	0.00318	0.5	94449	301	94298	2934983	31.07
1990-1999	48	0.00362	0.00361	0.5	94148	340	93978	2840684	30.17
1990-1999	49	0.00393	0.00392	0.5	93808	368	93624	2746706	29.28
1990-1999	50	0.00407	0.00406	0.5	93441	380	93251	2653082	28.39
1990-1999	51	0.00477	0.00475	0.5	93061	442	92840	2559831	27.51
1990-1999	52	0.00489	0.00488	0.5	92619	452	92393	2466991	26.64
1990-1999	53	0.00557	0.00556	0.5	92167	512	91910	2374599	25.76
1990-1999	54	0.00613	0.00611	0.5	91654	560	91374	2282688	24.91
1990-1999	55	0.00652	0.00650	0.5	91094	592	90798	2191314	24.06
1990-1999	56	0.00718	0.00715	0.5	90502	647	90178	2100516	23.21
1990-1999	57	0.00792	0.00789	0.5	89855	709	89500	2010337	22.37
1990-1999	58	0.00910	0.00906	0.5	89146	808	88742	1920837	21.55
1990-1999	59	0.01016	0.01011	0.5	88338	893	87892	1832095	20.74
1990-1999	60	0.01114	0.01108	0.5	87445	969	86961	1744203	19.95
1990-1999	61	0.01240	0.01232	0.5	86476	1066	85943	1657242	19.16
1990-1999	62	0.01401	0.01391	0.5	85410	1188	84816	1571299	18.40
1990-1999	63	0.01547	0.01536	0.5	84222	1293	83576	1486483	17.65
1990-1999	64	0.01675	0.01661	0.5	82929	1378	82240	1402907	16.92
1990-1999	65	0.01857	0.01840	0.5	81551	1501	80801	1320667	16.19
1990-1999	66	0.01996	0.01976	0.5	80051	1582	79260	1239866	15.49
1990-1999	67	0.02257	0.02232	0.5	78468	1751	77593	1160606	14.79
1990-1999	68	0.02407	0.02378	0.5	76717	1825	75805	1083014	14.12
1990-1999	69	0.02789	0.02751	0.5	74892	2060	73862	1007209	13.45
1990-1999	70	0.03060	0.03014	0.5	72832	2195	71735	933346	12.82
1990-1999	71	0.03385	0.03329	0.5	70637	2351	69462	861612	12.20
1990-1999	72	0.03711	0.03643	0.5	68286	2488	67042	792150	11.60
1990-1999	73	0.03950	0.03874	0.5	65798	2549	64524	725108	11.02
1990-1999	74	0.04477	0.04379	0.5	63249	2770	61865	660584	10.44
1990-1999	75	0.04581	0.04479	0.5	60480	2709	59125	598719	9.90
1990-1999	76	0.05370	0.05230	0.5	57771	3021	56260	539594	9.34
1990-1999	77	0.05704	0.05546	0.5	54750	3036	53232	483333	8.83
1990-1999	78	0.06359	0.06163	0.5	51714	3187	50120	430102	8.32
1990-1999	79	0.06925	0.06694	0.5	48527	3248	46902	379982	7.83
1990-1999	80	0.07699	0.07414	0.5	45278	3357	43600	333079	7.36
1990-1999	81	0.08552	0.08201	0.5	41922	3438	40202	289479	6.91
1990-1999	82	0.09517	0.09085	0.5	38483	3496	36735	249277	6.48
1990-1999	83	0.10455	0.09936	0.5	34987	3476	33249	212541	6.07
1990-1999	84	0.11454	0.10834	0.5	31511	3414	29804	179292	5.69
1990-1999	85	0.12684	0.11927	0.5	28097	3351	26422	149488	5.32
1990-1999	86	0.14223	0.13278	0.5	24746	3286	23103	123067	4.97
1990-1999	87	0.15294	0.14207	0.5	21460	3049	19936	99964	4.66
1990-1999	88	0.16757	0.15462	0.5	18411	2847	16988	80028	4.35
1990-1999	89	0.18782	0.17170	0.5	15564	2672	14228	63040	4.05
1990-1999	90	0.20070	0.18240	0.5	12892	2351	11716	48812	3.79
1990-1999	91	0.22703	0.20389	0.5	10541	2149	9466	37096	3.52
1990-1999	92	0.24798	0.22062	0.5	8392	1851	7466	27629	3.29
1990-1999	93	0.27019	0.23803	0.5	6540	1557	5762	20164	3.08
1990-1999	94	0.29360	0.25602	0.5	4983	1276	4345	14402	2.89
1990-1999	95	0.31817	0.27450	0.5	3708	1018	3199	10056	2.71
1990-1999	96	0.34378	0.29336	0.5	2690	789	2295	6858	2.55
1990-1999	97	0.37034	0.31248	0.5	1901	594	1604	4562	2.40
1990-1999	98	0.39771	0.33174	0.5	1307	434	1090	2959	2.26
1990-1999	99	0.42574	0.35102	0.5	873	307	720	1869	2.14
1990-1999	100	0.45424	0.37017	0.5	567	210	462	1149	2.03
1990-1999	101	0.48306	0.38908	0.5	357	139	288	687	1.92
1990-1999	102	0.51198	0.40763	0.5	218	89	174	399	1.83
1990-1999	103	0.54082	0.42571	0.5	129	55	102	226	1.75
1990-1999	104	0.56940	0.44322	0.5	74	33	58	124	1.67
1990-1999	105	0.59752	0.46007	0.5	41	19	32	66	1.60
1990-1999	106	0.62501	0.47620	0.5	22	11	17	34	1.54
1990-1999	107	0.65172	0.49154	0.5	12	6	9	17	1.49
1990-1999	108	0.67751	0.50607	0.5	6	3	4	9	1.44
1990-1999	109	0.70226	0.51976	0.5	3	2	2	4	1.40
1990-1999	110+	0.72588	1.00000	1.38	1	1	2	2	1.38
2000-2009	0	0.00607	0.00603	0.06	100000	603	99434	7750948	77.51
2000-2009	1	0.00044	0.00044	0.5	99397	43	99375	7651515	76.98
2000-2009	2	0.00027	0.00027	0.5	99353	27	99340	7552140	76.01
2000-2009	3	0.00020	0.00020	0.5	99326	20	99316	7452800	75.03
2000-2009	4	0.00015	0.00015	0.5	99306	15	99298	7353484	74.05
2000-2009	5	0.00017	0.00017	0.5	99291	17	99282	7254186	73.06
2000-2009	6	0.00013	0.00013	0.5	99274	13	99268	7154903	72.07
2000-2009	7	0.00011	0.00011	0.5	99261	10	99256	7055636	71.08
2000-2009	8	0.00014	0.00014	0.5	99250	14	99243	6956380	70.09
2000-2009	9	0.00009	0.00009	0.5	99236	9	99232	6857137	69.10
2000-2009	10	0.00014	0.00014	0.5	99228	14	99221	6757905	68.10
2000-2009	11	0.00015	0.00015	0.5	99214	15	99207	6658683	67.11
2000-2009	12	0.00016	0.00016	0.5	99199	16	99191	6559477	66.12
2000-2009	13	0.00021	0.00021	0.5	99183	21	99172	6460286	65.13
2000-2009	14	0.00026	0.00026	0.5	99162	26	99149	6361113	64.15
2000-2009	15	0.00042	0.00042	0.5	99136	42	99115	6261964	63.17
2000-2009	16	0.00049	0.00049	0.5	99094	49	99070	6162850	62.19
2000-2009	17	0.00062	0.00062	0.5	99045	61	99015	6063780	61.22
2000-2009	18	0.00084	0.00084	0.5	98984	83	98943	5964765	60.26
2000-2009	19	0.00094	0.00094	0.5	98901	93	98855	5865822	59.31
2000-2009	20	0.00102	0.00102	0.5	98808	100	98758	5766967	58.37
2000-2009	21	0.00116	0.00115	0.5	98708	114	98651	5668209	57.42
2000-2009	22	0.00102	0.00101	0.5	98594	100	98544	5569559	56.49
2000-2009	23	0.00107	0.00107	0.5	98494	105	98441	5471015	55.55
2000-2009	24	0.00109	0.00109	0.5	98389	108	98335	5372573	54.61
2000-2009	25	0.00093	0.00093	0.5	98281	91	98235	5274239	53.66
2000-2009	26	0.00090	0.00090	0.5	98190	89	98145	5176003	52.71
2000-2009	27	0.00101	0.00101	0.5	98101	99	98052	5077858	51.76
2000-2009	28	0.00100	0.00100	0.5	98002	98	97953	4979807	50.81
2000-2009	29	0.00095	0.00095	0.5	97904	93	97858	4881853	49.86
2000-2009	30	0.00096	0.00096	0.5	97811	94	97764	4783996	48.91
2000-2009	31	0.00094	0.00094	0.5	97718	92	97672	4686231	47.96
2000-2009	32	0.00101	0.00101	0.5	97626	99	97576	4588560	47.00
2000-2009	33	0.00108	0.00108	0.5	97527	105	97474	4490984	46.05
2000-2009	34	0.00109	0.00109	0.5	97422	106	97369	4393509	45.10
2000-2009	35	0.00122	0.00121	0.5	97315	118	97256	4296141	44.15
2000-2009	36	0.00129	0.00129	0.5	97197	125	97135	4198884	43.20
2000-2009	37	0.00133	0.00133	0.5	97072	129	97008	4101750	42.25
2000-2009	38	0.00134	0.00134	0.5	96943	130	96878	4004742	41.31
2000-2009	39	0.00145	0.00145	0.5	96813	140	96743	3907864	40.36
2000-2009	40	0.00165	0.00165	0.5	96673	159	96594	3811120	39.42
2000-2009	41	0.00195	0.00194	0.5	96514	188	96420	3714527	38.49
2000-2009	42	0.00193	0.00193	0.5	96327	186	96234	3618106	37.56
2000-2009	43	0.00211	0.00211	0.5	96141	203	96039	3521873	36.63
2000-2009	44	0.00211	0.00211	0.5	95938	203	95837	3425833	35.71
2000-2009	45	0.00246	0.00246	0.5	95735	235	95618	3329996	34.78
2000-2009	46	0.00269	0.00268	0.5	95500	256	95372	3234379	33.87
2000-2009	47	0.00311	0.00311	0.5	95244	296	95096	3139007	32.96
2000-2009	48	0.00348	0.00348	0.5	94948	330	94783	3043911	32.06
2000-2009	49	0.00344	0.00344	0.5	94618	325	94455	2949128	31.17
2000-2009	50	0.00384	0.00383	0.5	94293	362	94112	2854673	30.27
2000-2009	51	0.00425	0.00424	0.5	93931	398	93732	2760561	29.39
2000-2009	52	0.00455	0.00454	0.5	93533	424	93321	2666829	28.51
2000-2009	53	0.00502	0.00501	0.5	93109	467	92875	2573509	27.64
2000-2009	54	0.00535	0.00533	0.5	92642	494	92395	2480633	26.78
2000-2009	55	0.00587	0.00585	0.5	92148	539	91878	2388238	25.92
2000-2009	56	0.00605	0.00603	0.5	91609	553	91333	2296360	25.07
2000-2009	57	0.00700	0.00697	0.5	91056	635	90739	2205027	24.22
2000-2009	58	0.00759	0.00756	0.5	90421	683	90080	2114289	23.38
2000-2009	59	0.00821	0.00817	0.5	89738	734	89371	2024209	22.56
2000-2009	60	0.00893	0.00889	0.5	89004	791	88609	1934838	21.74
2000-2009	61	0.00955	0.00951	0.5	88213	839	87794	1846229	20.93
2000-2009	62	0.01109	0.01103	0.5	87374	963	86893	1758435	20.13
2000-2009	63	0.01171	0.01164	0.5	86411	1006	85908	1671543	19.34
2000-2009	64	0.01313	0.01304	0.5	85405	1114	84848	1585634	18.57
2000-2009	65	0.01409	0.01399	0.5	84292	1179	83702	1500786	17.80
2000-2009	66	0.01537	0.01525	0.5	83112	1268	82478	1417084	17.05
2000-2009	67	0.01696	0.01682	0.5	81844	1376	81156	1334606	16.31
2000-2009	68	0.01897	0.01879	0.5	80468	1512	79712	1253450	15.58
2000-2009	69	0.02021	0.02001	0.5	78956	1580	78166	1173737	14.87
2000-2009	70	0.02227	0.02202	0.5	77377	1704	76525	1095571	14.16
2000-2009	71	0.02500	0.02469	0.5	75673	1869	74738	1019046	13.47
2000-2009	72	0.02795	0.02756	0.5	73804	2034	72787	944308	12.79
2000-2009	73	0.03094	0.03047	0.5	71770	2187	70677	871521	12.14
2000-2009	74	0.03402	0.03345	0.5	69583	2328	68419	800844	11.51
2000-2009	75	0.03647	0.03581	0.5	67255	2409	66051	732425	10.89
2000-2009	76	0.04204	0.04117	0.5	64847	2670	63512	666374	10.28
2000-2009	77	0.04561	0.04459	0.5	62177	2773	60791	602862	9.70
2000-2009	78	0.05009	0.04887	0.5	59404	2903	57953	542071	9.13
2000-2009	79	0.05542	0.05392	0.5	56501	3047	54978	484119	8.57
2000-2009	80	0.06304	0.06111	0.5	53455	3267	51821	429141	8.03
2000-2009	81	0.06932	0.06700	0.5	50188	3362	48507	377319	7.52
2000-2009	82	0.07700	0.07415	0.5	46826	3472	45089	328813	7.02
2000-2009	83	0.08649	0.08291	0.5	43353	3594	41556	283723	6.54
2000-2009	84	0.09506	0.09075	0.5	39759	3608	37955	242167	6.09
2000-2009	85	0.10760	0.10211	0.5	36151	3691	34305	204212	5.65
2000-2009	86	0.12366	0.11646	0.5	32460	3780	30570	169906	5.23
2000-2009	87	0.14000	0.13084	0.5	28680	3752	26803	139337	4.86
2000-2009	88	0.15538	0.14418	0.5	24927	3594	23130	112533	4.51
2000-2009	89	0.17203	0.15841	0.5	21333	3379	19644	89403	4.19
2000-2009	90	0.19069	0.17409	0.5	17954	3126	16391	69760	3.89
2000-2009	91	0.21412	0.19341	0.5	14828	2868	13394	53368	3.60
2000-2009	92	0.23701	0.21190	0.5	11960	2534	10693	39974	3.34
2000-2009	93	0.26153	0.23129	0.5	9426	2180	8336	29281	3.11
2000-2009	94	0.28763	0.25147	0.5	7246	1822	6335	20945	2.89
2000-2009	95	0.31523	0.27231	0.5	5424	1477	4685	14610	2.69
2000-2009	96	0.34419	0.29365	0.5	3947	1159	3367	9925	2.51
2000-2009	97	0.37436	0.31534	0.5	2788	879	2348	6558	2.35
2000-2009	98	0.40554	0.33717	0.5	1909	644	1587	4209	2.21
2000-2009	99	0.43750	0.35897	0.5	1265	454	1038	2622	2.07
2000-2009	100	0.46999	0.38056	0.5	811	309	657	1584	1.95
2000-2009	101	0.50273	0.40175	0.5	502	202	401	928	1.85
2000-2009	102	0.53545	0.42237	0.5	301	127	237	526	1.75
2000-2009	103	0.56787	0.44229	0.5	174	77	135	289	1.66
2000-2009	104	0.59972	0.46137	0.5	97	45	74	154	1.59
2000-2009	105	0.63074	0.47952	0.5	52	25	40	79	1.52
2000-2009	106	0.66073	0.49665	0.5	27	13	20	40	1.46
2000-2009	107	0.68947	0.51272	0.5	14	7	10	19	1.41
2000-2009	108	0.71683	0.52769	0.5	7	4	5	9	1.36
2000-2009	109	0.74267	0.54157	0.5	3	2	2	4	1.33
2000-2009	110+	0.76692	1.00000	1.3	1	1	2	2	1.30
2010-2019	0	0.00536	0.00533	0.06	100000	533	99498	7857632	78.58
2010-2019	1	0.00036	0.00036	0.5	99467	36	99449	7758133	78.00
2010-2019	2	0.00023	0.00023	0.5	99431	23	99419	7658685	77.03
2010-2019	3	0.00016	0.00016	0.5	99408	16	99400	7559265	76.04
2010-2019	4	0.00017	0.00017	0.5	99392	17	99383	7459866	75.05
2010-2019	5	0.00013	0.00013	0.5	99375	13	99368	7360482	74.07
2010-2019	6	0.00011	0.00011	0.5	99362	11	99356	7261114	73.08
2010-2019	7	0.00012	0.00012	0.5	99350	12	99344	7161758	72.09
2010-2019	8	0.00010	0.00010	0.5	99339	10	99334	7062413	71.09
2010-2019	9	0.00013	0.00013	0.5	99329	13	99323	6963080	70.10
2010-2019	10	0.00010	0.00010	0.5	99316	10	99311	6863757	69.11
2010-2019	11	0.00015	0.00015	0.5	99306	15	99299	6764446	68.12
2010-2019	12	0.00012	0.00012	0.5	99291	12	99285	6665147	67.13
2010-2019	13	0.00016	0.00016	0.5	99279	16	99271	6565862	66.14
2010-2019	14	0.00025	0.00025	0.5	99263	25	99251	6466592	65.15
2010-2019	15	0.00031	0.00031	0.5	99238	31	99223	6367341	64.16
2010-2019	16	0.00048	0.00048	0.5	99207	47	99184	6268118	63.18
2010-2019	17	0.00050	0.00050	0.5	99160	49	99135	6168935	62.21
2010-2019	18	0.00068	0.00068	0.5	99111	68	99077	6069799	61.24
2010-2019	19	0.00087	0.00087	0.5	99043	86	99000	5970722	60.28
2010-2019	20	0.00086	0.00086	0.5	98957	85	98915	5871722	59.34
2010-2019	21	0.00090	0.00090	0.5	98872	89	98828	5772807	58.39
2010-2019	22	0.00108	0.00108	0.5	98783	107	98730	5673980	57.44
2010-2019	23	0.00112	0.00112	0.5	98677	111	98621	5575249	56.50
2010-2019	24	0.00107	0.00107	0.5	98566	105	98513	5476628	55.56
2010-2019	25	0.00100	0.00100	0.5	98461	99	98412	5378115	54.62
2010-2019	26	0.00113	0.00113	0.5	98362	111	98307	5279703	53.68
2010-2019	27	0.00114	0.00114	0.5	98251	112	98195	5181397	52.74
2010-2019	28	0.00115	0.00115	0.5	98139	112	98083	5083202	51.80
2010-2019	29	0.00108	0.00108	0.5	98027	106	97974	4985119	50.85
2010-2019	30	0.00108	0.00108	0.5	97921	106	97868	4887145	49.91
2010-2019	31	0.00117	0.00117	0.5	97815	114	97758	4789278	48.96
2010-2019	32	0.00127	0.00127	0.5	97701	124	97639	4691520	48.02
2010-2019	33	0.00111	0.00111	0.5	97577	108	97523	4593881	47.08
2010-2019	34	0.00118	0.00118	0.5	97469	115	97411	4496358	46.13
2010-2019	35	0.00130	0.00130	0.5	97354	126	97290	4398947	45.19
2010-2019	36	0.00121	0.00121	0.5	97227	118	97168	4301657	44.24
2010-2019	37	0.00151	0.00151	0.5	97109	146	97036	4204489	43.30
2010-2019	38	0.00136	0.00136	0.5	96963	132	96897	4107452	42.36
2010-2019	39	0.00153	0.00153	0.5	96831	148	96757	4010556	41.42
2010-2019	40	0.00169	0.00169	0.5	96683	164	96601	3913799	40.48
2010-2019	41	0.00169	0.00169	0.5	96519	163	96438	3817198	39.55
2010-2019	42	0.00181	0.00180	0.5	96356	174	96269	3720760	38.61
2010-2019	43	0.00185	0.00185	0.5	96183	178	96094	3624491	37.68
2010-2019	44	0.00207	0.00207	0.5	96005	199	95905	3528397	36.75
2010-2019	45	0.00240	0.00240	0.5	95806	230	95691	3432492	35.83
2010-2019	46	0.00247	0.00247	0.5	95576	236	95458	3336801	34.91
2010-2019	47	0.00288	0.00288	0.5	95340	275	95203	3241342	34.00
2010-2019	48	0.00302	0.00302	0.5	95066	287	94922	3146139	33.09
2010-2019	49	0.00342	0.00341	0.5	94779	323	94617	3051217	32.19
2010-2019	50	0.00362	0.00361	0.5	94455	341	94285	2956600	31.30
2010-2019	51	0.00411	0.00410	0.5	94114	386	93921	2862315	30.41
2010-2019	52	0.00432	0.00431	0.5	93728	404	93527	2768394	29.54
2010-2019	53	0.00494	0.00493	0.5	93325	460	93095	2674867	28.66
2010-2019	54	0.00539	0.00538	0.5	92865	499	92615	2581773	27.80
2010-2019	55	0.00551	0.00549	0.5	92365	507	92112	2489158	26.95
2010-2019	56	0.00634	0.00632	0.5	91858	581	91568	2397046	26.10
2010-2019	57	0.00660	0.00658	0.5	91277	601	90977	2305479	25.26
2010-2019	58	0.00728	0.00725	0.5	90677	657	90348	2214502	24.42
2010-2019	59	0.00785	0.00782	0.5	90019	704	89667	2124154	23.60
2010-2019	60	0.00870	0.00867	0.5	89316	774	88929	2034486	22.78
2010-2019	61	0.00960	0.00956	0.5	88542	846	88119	1945558	21.97
2010-2019	62	0.00982	0.00977	0.5	87695	857	87267	1857439	21.18
2010-2019	63	0.01081	0.01075	0.5	86838	933	86372	1770172	20.38
2010-2019	64	0.01154	0.01147	0.5	85905	986	85412	1683800	19.60
2010-2019	65	0.01274	0.01266	0.5	84919	1075	84382	1598388	18.82
2010-2019	66	0.01371	0.01361	0.5	83844	1141	83273	1514006	18.06
2010-2019	67	0.01409	0.01399	0.5	82703	1157	82124	1430733	17.30
2010-2019	68	0.01604	0.01591	0.5	81545	1297	80897	1348609	16.54
2010-2019	69	0.01737	0.01723	0.5	80248	1382	79557	1267712	15.80
2010-2019	70	0.01934	0.01916	0.5	78866	1511	78110	1188155	15.07
2010-2019	71	0.02139	0.02116	0.5	77355	1637	76536	1110045	14.35
2010-2019	72	0.02354	0.02326	0.5	75718	1761	74837	1033508	13.65
2010-2019	73	0.02577	0.02544	0.5	73957	1882	73016	958671	12.96
2010-2019	74	0.02813	0.02774	0.5	72075	1999	71075	885655	12.29
2010-2019	75	0.03195	0.03144	0.5	70076	2203	68974	814580	11.62
2010-2019	76	0.03437	0.03379	0.5	67872	2293	66725	745606	10.99
2010-2019	77	0.03828	0.03756	0.5	65579	2463	64347	678881	10.35
2010-2019	78	0.04331	0.04239	0.5	63115	2676	61778	614534	9.74
2010-2019	79	0.04739	0.04629	0.5	60440	2798	59041	552756	9.15
2010-2019	80	0.05423	0.05280	0.5	57642	3043	56120	493716	8.57
2010-2019	81	0.05982	0.05808	0.5	54598	3171	53013	437595	8.01
2010-2019	82	0.06691	0.06474	0.5	51427	3330	49763	384583	7.48
2010-2019	83	0.07591	0.07313	0.5	48098	3518	46339	334820	6.96
2010-2019	84	0.08511	0.08164	0.5	44580	3640	42761	288481	6.47
2010-2019	85	0.09679	0.09233	0.5	40941	3780	39051	245720	6.00
2010-2019	86	0.10913	0.10349	0.5	37161	3846	35238	206669	5.56
2010-2019	87	0.12593	0.11847	0.5	33315	3947	31342	171431	5.15
2010-2019	88	0.13969	0.13057	0.5	29369	3835	27451	140089	4.77
2010-2019	89	0.15518	0.14401	0.5	25534	3677	23695	112638	4.41
2010-2019	90	0.17700	0.16261	0.5	21857	3554	20080	88943	4.07
2010-2019	91	0.19872	0.18076	0.5	18303	3308	16649	68863	3.76
2010-2019	92	0.22155	0.19945	0.5	14994	2991	13499	52214	3.48
2010-2019	93	0.24619	0.21921	0.5	12004	2631	10688	38715	3.23
2010-2019	94	0.27261	0.23991	0.5	9372	2249	8248	28027	2.99
2010-2019	95	0.30074	0.26143	0.5	7124	1862	6193	19779	2.78
2010-2019	96	0.33045	0.28359	0.5	5261	1492	4515	13587	2.58
2010-2019	97	0.36157	0.30622	0.5	3769	1154	3192	9071	2.41
2010-2019	98	0.39391	0.32909	0.5	2615	861	2185	5879	2.25
2010-2019	99	0.42720	0.35201	0.5	1755	618	1446	3694	2.11
2010-2019	100	0.46116	0.37475	0.5	1137	426	924	2248	1.98
2010-2019	101	0.49549	0.39711	0.5	711	282	570	1325	1.86
2010-2019	102	0.52986	0.41889	0.5	429	180	339	755	1.76
2010-2019	103	0.56395	0.43991	0.5	249	110	194	416	1.67
2010-2019	104	0.59745	0.46003	0.5	139	64	107	222	1.59
2010-2019	105	0.63006	0.47912	0.5	75	36	57	114	1.52
2010-2019	106	0.66152	0.49710	0.5	39	20	29	57	1.46
2010-2019	107	0.69162	0.51391	0.5	20	10	15	28	1.40
2010-2019	108	0.72018	0.52951	0.5	10	5	7	13	1.36
2010-2019	109	0.74706	0.54390	0.5	5	2	3	6	1.32
2010-2019	110+	0.77217	1.00000	1.3	2	2	3	3	1.30
2020-2022	0	0.00490	0.00488	0.06	100000	488	99540	7687159	76.87
2020-2022	1	0.00041	0.00041	0.5	99512	41	99491	7587619	76.25
2020-2022	2	0.00024	0.00024	0.5	99471	24	99459	7488128	75.28
2020-2022	3	0.00021	0.00021	0.5	99447	21	99437	7388669	74.30
2020-2022	4	0.00011	0.00011	0.5	99426	11	99421	7289232	73.31
2020-2022	5	0.00014	0.00014	0.5	99415	14	99408	7189811	72.32
2020-2022	6	0.00012	0.00012	0.5	99401	12	99395	7090403	71.33
2020-2022	7	0.00015	0.00015	0.5	99389	15	99381	6991008	70.34
2020-2022	8	0.00012	0.00012	0.5	99374	11	99368	6891627	69.35
2020-2022	9	0.00011	0.00011	0.5	99362	11	99357	6792259	68.36
2020-2022	10	0.00008	0.00008	0.5	99352	8	99348	6692902	67.37
2020-2022	11	0.00014	0.00014	0.5	99344	14	99337	6593555	66.37
2020-2022	12	0.00019	0.00019	0.5	99330	19	99321	6494218	65.38
2020-2022	13	0.00016	0.00016	0.5	99311	16	99303	6394897	64.39
2020-2022	14	0.00028	0.00028	0.5	99296	27	99282	6295594	63.40
2020-2022	15	0.00034	0.00034	0.5	99268	33	99251	6196312	62.42
2020-2022	16	0.00050	0.00050	0.5	99235	50	99210	6097060	61.44
2020-2022	17	0.00061	0.00061	0.5	99185	60	99155	5997851	60.47
2020-2022	18	0.00070	0.00070	0.5	99125	69	99090	5898696	59.51
2020-2022	19	0.00115	0.00115	0.5	99056	114	98999	5799606	58.55
2020-2022	20	0.00115	0.00115	0.5	98942	114	98885	5700607	57.62
2020-2022	21	0.00117	0.00117	0.5	98828	115	98770	5601722	56.68
2020-2022	22	0.00128	0.00128	0.5	98713	126	98650	5502951	55.75
2020-2022	23	0.00144	0.00144	0.5	98587	142	98516	5404301	54.82
2020-2022	24	0.00130	0.00130	0.5	98445	128	98381	5305785	53.90
2020-2022	25	0.00147	0.00147	0.5	98317	144	98245	5207404	52.97
2020-2022	26	0.00148	0.00147	0.5	98173	145	98101	5109159	52.04
2020-2022	27	0.00182	0.00181	0.5	98028	178	97939	5011059	51.12
2020-2022	28	0.00178	0.00178	0.5	97850	174	97763	4913119	50.21
2020-2022	29	0.00179	0.00179	0.5	97676	175	97589	4815356	49.30
2020-2022	30	0.00190	0.00190	0.5	97501	185	97409	4717767	48.39
2020-2022	31	0.00214	0.00214	0.5	97316	208	97212	4620358	47.48
2020-2022	32	0.00189	0.00188	0.5	97108	183	97016	4523146	46.58
2020-2022	33	0.00209	0.00209	0.5	96925	203	96824	4426130	45.67
2020-2022	34	0.00223	0.00223	0.5	96722	216	96614	4329306	44.76
2020-2022	35	0.00195	0.00194	0.5	96506	188	96413	4232692	43.86
2020-2022	36	0.00212	0.00212	0.5	96319	204	96217	4136280	42.94
2020-2022	37	0.00243	0.00243	0.5	96114	234	95998	4040063	42.03
2020-2022	38	0.00245	0.00244	0.5	95881	234	95764	3944066	41.14
2020-2022	39	0.00250	0.00250	0.5	95646	239	95527	3848302	40.23
2020-2022	40	0.00259	0.00258	0.5	95407	246	95284	3752775	39.33
2020-2022	41	0.00242	0.00241	0.5	95161	230	95046	3657491	38.43
2020-2022	42	0.00269	0.00269	0.5	94931	255	94803	3562445	37.53
2020-2022	43	0.00298	0.00297	0.5	94676	281	94535	3467642	36.63
2020-2022	44	0.00269	0.00269	0.5	94394	254	94267	3373107	35.73
2020-2022	45	0.00304	0.00303	0.5	94141	286	93998	3278839	34.83
2020-2022	46	0.00319	0.00318	0.5	93855	299	93706	3184841	33.93
2020-2022	47	0.00351	0.00350	0.5	93556	328	93392	3091136	33.04
2020-2022	48	0.00396	0.00395	0.5	93228	368	93044	2997743	32.15
2020-2022	49	0.00400	0.00399	0.5	92860	371	92675	2904699	31.28
2020-2022	50	0.00464	0.00463	0.5	92489	428	92275	2812025	30.40
2020-2022	51	0.00466	0.00465	0.5	92061	428	91847	2719749	29.54
2020-2022	52	0.00518	0.00516	0.5	91633	473	91396	2627902	28.68
2020-2022	53	0.00586	0.00584	0.5	91160	533	90893	2536506	27.82
2020-2022	54	0.00627	0.00625	0.5	90627	566	90344	2445612	26.99
2020-2022	55	0.00639	0.00637	0.5	90061	573	89774	2355269	26.15
2020-2022	56	0.00713	0.00710	0.5	89487	636	89170	2265494	25.32
2020-2022	57	0.00785	0.00782	0.5	88852	695	88504	2176325	24.49
2020-2022	58	0.00856	0.00852	0.5	88157	751	87781	2087821	23.68
2020-2022	59	0.00912	0.00908	0.5	87406	793	87009	2000039	22.88
2020-2022	60	0.01010	0.01005	0.5	86612	871	86177	1913030	22.09
2020-2022	61	0.01001	0.00996	0.5	85742	854	85314	1826853	21.31
2020-2022	62	0.01170	0.01163	0.5	84887	987	84394	1741539	20.52
2020-2022	63	0.01215	0.01208	0.5	83900	1013	83394	1657145	19.75
2020-2022	64	0.01370	0.01360	0.5	82887	1128	82323	1573751	18.99
2020-2022	65	0.01491	0.01480	0.5	81759	1210	81154	1491428	18.24
2020-2022	66	0.01507	0.01496	0.5	80549	1205	79947	1410274	17.51
2020-2022	67	0.01661	0.01648	0.5	79344	1307	78691	1330327	16.77
2020-2022	68	0.01714	0.01699	0.5	78037	1326	77374	1251637	16.04
2020-2022	69	0.01854	0.01837	0.5	76711	1409	76006	1174263	15.31
2020-2022	70	0.02004	0.01984	0.5	75301	1494	74554	1098257	14.58
2020-2022	71	0.02304	0.02278	0.5	73807	1681	72967	1023702	13.87
2020-2022	72	0.02417	0.02388	0.5	72126	1722	71265	950735	13.18
2020-2022	73	0.02747	0.02710	0.5	70404	1908	69450	879470	12.49
2020-2022	74	0.03009	0.02964	0.5	68496	2030	67481	810020	11.83
2020-2022	75	0.03404	0.03347	0.5	66466	2225	65353	742539	11.17
2020-2022	76	0.03707	0.03640	0.5	64241	2338	63072	677186	10.54
2020-2022	77	0.04505	0.04405	0.5	61903	2727	60539	614115	9.92
2020-2022	78	0.04708	0.04599	0.5	59176	2722	57815	553576	9.35
2020-2022	79	0.05264	0.05129	0.5	56454	2895	55006	495761	8.78
2020-2022	80	0.05923	0.05753	0.5	53559	3081	52018	440755	8.23
2020-2022	81	0.06468	0.06265	0.5	50478	3162	48896	388737	7.70
2020-2022	82	0.07408	0.07143	0.5	47315	3380	45625	339840	7.18
2020-2022	83	0.08209	0.07885	0.5	43935	3464	42203	294215	6.70
2020-2022	84	0.08840	0.08466	0.5	40471	3426	38758	252012	6.23
2020-2022	85	0.10314	0.09808	0.5	37045	3633	35228	213254	5.76
2020-2022	86	0.11822	0.11162	0.5	33411	3729	31547	178026	5.33
2020-2022	87	0.13415	0.12572	0.5	29682	3732	27816	146479	4.93
2020-2022	88	0.14715	0.13707	0.5	25950	3557	24172	118663	4.57
2020-2022	89	0.16351	0.15116	0.5	22393	3385	20701	94491	4.22
2020-2022	90	0.18852	0.17228	0.5	19009	3275	17371	73790	3.88
2020-2022	91	0.21253	0.19212	0.5	15734	3023	14222	56419	3.59
2020-2022	92	0.23654	0.21152	0.5	12711	2689	11367	42196	3.32
2020-2022	93	0.26235	0.23193	0.5	10022	2324	8860	30830	3.08
2020-2022	94	0.28992	0.25321	0.5	7698	1949	6723	21970	2.85
2020-2022	95	0.31912	0.27521	0.5	5749	1582	4958	15246	2.65
2020-2022	96	0.34982	0.29774	0.5	4167	1241	3546	10289	2.47
2020-2022	97	0.38182	0.32061	0.5	2926	938	2457	6742	2.30
2020-2022	98	0.41487	0.34360	0.5	1988	683	1646	4285	2.16
2020-2022	99	0.44871	0.36649	0.5	1305	478	1066	2639	2.02
2020-2022	100	0.48303	0.38907	0.5	827	322	666	1573	1.90
2020-2022	101	0.51751	0.41113	0.5	505	208	401	907	1.80
2020-2022	102	0.55183	0.43250	0.5	297	129	233	506	1.70
2020-2022	103	0.58566	0.45300	0.5	169	76	131	273	1.62
2020-2022	104	0.61870	0.47252	0.5	92	44	71	142	1.54
2020-2022	105	0.65067	0.49095	0.5	49	24	37	72	1.48
2020-2022	106	0.68135	0.50821	0.5	25	13	18	35	1.42
2020-2022	107	0.71053	0.52427	0.5	12	6	9	17	1.37
2020-2022	108	0.73807	0.53912	0.5	6	3	4	8	1.33
2020-2022	109	0.76386	0.55275	0.5	3	1	2	3	1.29
2020-2022	110+	0.78783	1.00000	1.27	1	1	2	2	1.27
