HI: HI, Lifetables (period 5x5), Females Last modified: February 4 2025, MPv5 (May07) 

Year     	Age	mx	qx	ax	lx	dx	Lx	Tx	ex
1960-1964	0	0.01850	0.01820	0.1	100000	1820	98371	7509182	75.09
1960-1964	1-4	0.00081	0.00324	1.49	98180	319	391920	7410811	75.48
1960-1964	5-9	0.00029	0.00143	2.24	97862	140	488924	7018890	71.72
1960-1964	10-14	0.00038	0.00189	2.51	97722	184	488153	6529966	66.82
1960-1964	15-19	0.00041	0.00207	2.59	97538	202	487203	6041813	61.94
1960-1964	20-24	0.00070	0.00349	2.37	97336	340	485787	5554610	57.07
1960-1964	25-29	0.00069	0.00345	2.69	96996	334	484210	5068823	52.26
1960-1964	30-34	0.00093	0.00463	2.53	96662	448	482204	4584612	47.43
1960-1964	35-39	0.00153	0.00764	2.67	96214	735	479356	4102409	42.64
1960-1964	40-44	0.00225	0.01118	2.57	95479	1067	474804	3623053	37.95
1960-1964	45-49	0.00412	0.02041	2.8	94412	1927	467815	3148249	33.35
1960-1964	50-54	0.00597	0.02943	2.62	92485	2722	455945	2680434	28.98
1960-1964	55-59	0.00923	0.04516	2.62	89763	4054	439149	2224489	24.78
1960-1964	60-64	0.01315	0.06375	2.63	85709	5464	415578	1785339	20.83
1960-1964	65-69	0.02049	0.09764	2.59	80245	7835	382346	1369762	17.07
1960-1964	70-74	0.03194	0.14842	2.62	72410	10747	336459	987415	13.64
1960-1964	75-79	0.05142	0.22799	2.52	61663	14059	273388	650957	10.56
1960-1964	80-84	0.08119	0.33871	2.55	47604	16124	198594	377569	7.93
1960-1964	85-89	0.13664	0.50548	2.43	31480	15913	116456	178975	5.69
1960-1964	90-94	0.21960	0.68317	2.23	15568	10635	48430	62520	4.02
1960-1964	95-99	0.33200	0.82918	1.98	4932	4090	12319	14089	2.86
1960-1964	100-104	0.46687	0.91953	1.7	843	775	1659	1770	2.10
1960-1964	105-109	0.60765	0.96339	1.46	68	65	107	111	1.64
1960-1964	110+	0.71705	1.00000	1.39	2	2	3	3	1.39
1965-1969	0	0.01663	0.01639	0.1	100000	1639	98525	7608210	76.08
1965-1969	1-4	0.00063	0.00252	1.65	98361	248	392863	7509686	76.35
1965-1969	5-9	0.00039	0.00194	2.47	98113	191	490084	7116823	72.54
1965-1969	10-14	0.00024	0.00119	2.68	97922	117	489342	6626739	67.67
1965-1969	15-19	0.00049	0.00246	2.55	97806	241	488440	6137398	62.75
1965-1969	20-24	0.00059	0.00294	2.65	97565	287	487153	5648958	57.90
1965-1969	25-29	0.00083	0.00413	2.55	97278	402	485409	5161805	53.06
1965-1969	30-34	0.00108	0.00538	2.66	96876	521	483163	4676396	48.27
1965-1969	35-39	0.00142	0.00708	2.73	96355	682	480225	4193233	43.52
1965-1969	40-44	0.00190	0.00946	2.74	95673	905	476318	3713008	38.81
1965-1969	45-49	0.00312	0.01550	2.6	94768	1469	470315	3236691	34.15
1965-1969	50-54	0.00594	0.02932	2.72	93299	2736	460265	2766376	29.65
1965-1969	55-59	0.00869	0.04258	2.58	90563	3856	443493	2306111	25.46
1965-1969	60-64	0.01192	0.05794	2.62	86707	5024	421560	1862618	21.48
1965-1969	65-69	0.01883	0.09010	2.61	81683	7360	390835	1441058	17.64
1965-1969	70-74	0.03007	0.14018	2.58	74323	10419	346446	1050223	14.13
1965-1969	75-79	0.04925	0.21946	2.52	63904	14025	284794	703777	11.01
1965-1969	80-84	0.07491	0.31668	2.56	49880	15796	210853	418983	8.40
1965-1969	85-89	0.12414	0.47133	2.45	34084	16065	129407	208131	6.11
1965-1969	90-94	0.19777	0.64278	2.28	18019	11582	58565	78723	4.37
1965-1969	95-99	0.29878	0.79398	2.05	6437	5111	17105	20158	3.13
1965-1969	100-104	0.42328	0.89672	1.79	1326	1189	2809	3053	2.30
1965-1969	105-109	0.55875	0.95154	1.54	137	130	233	243	1.78
1965-1969	110+	0.66791	1.00000	1.5	7	7	10	10	1.50
1970-1974	0	0.01475	0.01456	0.09	100000	1456	98682	7787349	77.87
1970-1974	1-4	0.00046	0.00185	1.77	98544	182	393772	7688668	78.02
1970-1974	5-9	0.00025	0.00125	2.42	98362	123	491492	7294896	74.16
1970-1974	10-14	0.00017	0.00087	2.32	98239	85	490966	6803404	69.25
1970-1974	15-19	0.00049	0.00246	2.53	98153	241	490172	6312438	64.31
1970-1974	20-24	0.00068	0.00338	2.68	97912	331	488793	5822265	59.46
1970-1974	25-29	0.00076	0.00380	2.67	97581	371	487043	5333473	54.66
1970-1974	30-34	0.00099	0.00495	2.68	97211	482	484937	4846430	49.85
1970-1974	35-39	0.00141	0.00702	2.68	96729	679	482066	4361493	45.09
1970-1974	40-44	0.00174	0.00867	2.67	96050	833	478311	3879427	40.39
1970-1974	45-49	0.00285	0.01418	2.78	95217	1350	473092	3401116	35.72
1970-1974	50-54	0.00483	0.02388	2.73	93867	2242	464245	2928024	31.19
1970-1974	55-59	0.00708	0.03484	2.7	91625	3192	450772	2463778	26.89
1970-1974	60-64	0.00966	0.04726	2.72	88433	4179	432628	2013006	22.76
1970-1974	65-69	0.01717	0.08245	2.6	84253	6947	404583	1580378	18.76
1970-1974	70-74	0.02509	0.11828	2.58	77306	9144	364367	1175795	15.21
1970-1974	75-79	0.04255	0.19316	2.62	68163	13166	309446	811428	11.90
1970-1974	80-84	0.06452	0.27914	2.59	54996	15351	237925	501981	9.13
1970-1974	85-89	0.10854	0.42635	2.49	39645	16903	155724	264056	6.66
1970-1974	90-94	0.17602	0.59871	2.33	22742	13616	77357	108332	4.76
1970-1974	95-99	0.27128	0.76061	2.11	9126	6941	25588	30976	3.39
1970-1974	100-104	0.39238	0.87750	1.85	2185	1917	4886	5387	2.47
1970-1974	105-109	0.52845	0.94272	1.59	268	252	477	501	1.87
1970-1974	110+	0.64034	1.00000	1.56	15	15	24	24	1.56
1975-1979	0	0.01061	0.01051	0.08	100000	1051	99036	7999600	80.00
1975-1979	1-4	0.00042	0.00168	1.45	98949	166	395375	7900564	79.84
1975-1979	5-9	0.00018	0.00092	2.26	98784	90	493671	7505189	75.98
1975-1979	10-14	0.00018	0.00091	2.36	98693	90	493229	7011518	71.04
1975-1979	15-19	0.00040	0.00198	2.8	98603	195	492588	6518289	66.11
1975-1979	20-24	0.00057	0.00287	2.68	98409	282	491389	6025700	61.23
1975-1979	25-29	0.00060	0.00298	2.61	98126	293	489931	5534311	56.40
1975-1979	30-34	0.00068	0.00341	2.42	97834	334	488307	5044380	51.56
1975-1979	35-39	0.00092	0.00461	2.47	97499	449	486359	4556073	46.73
1975-1979	40-44	0.00169	0.00841	2.79	97050	816	483443	4069715	41.93
1975-1979	45-49	0.00282	0.01402	2.59	96234	1349	477925	3586271	37.27
1975-1979	50-54	0.00396	0.01963	2.7	94885	1862	470141	3108346	32.76
1975-1979	55-59	0.00564	0.02784	2.66	93023	2590	459043	2638205	28.36
1975-1979	60-64	0.00893	0.04372	2.63	90433	3954	442777	2179162	24.10
1975-1979	65-69	0.01326	0.06431	2.65	86479	5561	419298	1736385	20.08
1975-1979	70-74	0.02157	0.10245	2.57	80918	8290	384403	1317087	16.28
1975-1979	75-79	0.03404	0.15727	2.59	72628	11422	335608	932684	12.84
1975-1979	80-84	0.05890	0.25786	2.59	61205	15782	267937	597076	9.76
1975-1979	85-89	0.09678	0.38967	2.5	45423	17700	182881	329138	7.25
1975-1979	90-94	0.15438	0.54895	2.37	27723	15219	98581	146258	5.28
1975-1979	95-99	0.23621	0.70918	2.18	12505	8868	37543	47676	3.81
1975-1979	100-104	0.34270	0.83766	1.95	3637	3046	8889	10133	2.79
1975-1979	105-109	0.46743	0.91878	1.7	590	542	1160	1244	2.11
1975-1979	110+	0.57310	1.00000	1.74	48	48	84	84	1.74
1980-1984	0	0.00903	0.00896	0.08	100000	896	99174	8079097	80.79
1980-1984	1-4	0.00037	0.00148	1.49	99104	147	396049	7979923	80.52
1980-1984	5-9	0.00024	0.00120	2.55	98958	119	494496	7583874	76.64
1980-1984	10-14	0.00020	0.00099	2.46	98839	98	493944	7089378	71.73
1980-1984	15-19	0.00039	0.00195	2.86	98741	193	493291	6595434	66.80
1980-1984	20-24	0.00055	0.00274	2.61	98548	270	492093	6102143	61.92
1980-1984	25-29	0.00043	0.00214	2.35	98278	210	490833	5610050	57.08
1980-1984	30-34	0.00062	0.00312	2.55	98068	306	489590	5119217	52.20
1980-1984	35-39	0.00099	0.00495	2.79	97762	484	487741	4629627	47.36
1980-1984	40-44	0.00155	0.00770	2.81	97278	749	484747	4141886	42.58
1980-1984	45-49	0.00250	0.01243	2.6	96529	1200	479771	3657139	37.89
1980-1984	50-54	0.00365	0.01811	2.64	95329	1726	472573	3177368	33.33
1980-1984	55-59	0.00551	0.02719	2.66	93603	2545	462061	2704795	28.90
1980-1984	60-64	0.00792	0.03888	2.65	91058	3541	446973	2242735	24.63
1980-1984	65-69	0.01294	0.06280	2.65	87517	5496	424679	1795762	20.52
1980-1984	70-74	0.01935	0.09255	2.66	82021	7591	392344	1371083	16.72
1980-1984	75-79	0.03323	0.15436	2.7	74429	11489	345776	978739	13.15
1980-1984	80-84	0.05463	0.24155	2.6	62941	15203	278289	632963	10.06
1980-1984	85-89	0.09188	0.37415	2.52	47738	17861	194395	354674	7.43
1980-1984	90-94	0.14980	0.53832	2.39	29877	16083	107360	160280	5.36
1980-1984	95-99	0.23365	0.70572	2.19	13794	9734	41663	52919	3.84
1980-1984	100-104	0.34412	0.83954	1.95	4059	3408	9903	11257	2.77
1980-1984	105-109	0.47409	0.92217	1.69	651	601	1267	1354	2.08
1980-1984	110+	0.58427	1.00000	1.71	51	51	87	87	1.71
1985-1989	0	0.00734	0.00729	0.07	100000	729	99324	8127568	81.28
1985-1989	1-4	0.00037	0.00150	1.59	99271	149	396725	8028244	80.87
1985-1989	5-9	0.00017	0.00085	2.61	99122	84	495410	7631519	76.99
1985-1989	10-14	0.00020	0.00101	2.73	99038	100	494964	7136109	72.05
1985-1989	15-19	0.00041	0.00206	2.5	98938	204	494183	6641146	67.12
1985-1989	20-24	0.00043	0.00214	2.59	98735	212	493163	6146963	62.26
1985-1989	25-29	0.00038	0.00190	2.45	98523	188	492135	5653800	57.39
1985-1989	30-34	0.00051	0.00253	2.65	98335	249	491091	5161664	52.49
1985-1989	35-39	0.00086	0.00429	2.82	98086	420	489515	4670573	47.62
1985-1989	40-44	0.00135	0.00671	2.69	97666	656	486816	4181058	42.81
1985-1989	45-49	0.00250	0.01240	2.69	97010	1203	482268	3694241	38.08
1985-1989	50-54	0.00351	0.01741	2.52	95807	1668	474894	3211973	33.53
1985-1989	55-59	0.00557	0.02748	2.69	94138	2587	464709	2737079	29.08
1985-1989	60-64	0.00766	0.03762	2.64	91551	3445	449613	2272370	24.82
1985-1989	65-69	0.01162	0.05657	2.64	88106	4985	428786	1822757	20.69
1985-1989	70-74	0.01856	0.08900	2.69	83122	7398	398505	1393970	16.77
1985-1989	75-79	0.03182	0.14815	2.68	75724	11219	352592	995465	13.15
1985-1989	80-84	0.05508	0.24334	2.61	64505	15697	284967	642873	9.97
1985-1989	85-89	0.09336	0.37904	2.52	48808	18500	198162	357907	7.33
1985-1989	90-94	0.15316	0.54664	2.38	30308	16568	108174	159745	5.27
1985-1989	95-99	0.23984	0.71571	2.18	13741	9834	41003	51571	3.75
1985-1989	100-104	0.35374	0.84812	1.93	3906	3313	9366	10568	2.71
1985-1989	105-109	0.48677	0.92767	1.66	593	550	1131	1202	2.03
1985-1989	110+	0.59892	1.00000	1.67	43	43	72	72	1.67
1990-1994	0	0.00649	0.00645	0.07	100000	645	99401	8178385	81.78
1990-1994	1-4	0.00029	0.00114	1.73	99355	114	397163	8078984	81.31
1990-1994	5-9	0.00012	0.00061	2.64	99242	61	496065	7681821	77.41
1990-1994	10-14	0.00015	0.00074	3.07	99181	73	495764	7185756	72.45
1990-1994	15-19	0.00029	0.00144	2.7	99108	143	495211	6689992	67.50
1990-1994	20-24	0.00047	0.00237	2.33	98965	234	494198	6194781	62.60
1990-1994	25-29	0.00042	0.00210	2.56	98730	207	493146	5700583	57.74
1990-1994	30-34	0.00064	0.00317	2.65	98523	312	491882	5207438	52.85
1990-1994	35-39	0.00078	0.00388	2.56	98211	381	490125	4715556	48.01
1990-1994	40-44	0.00141	0.00704	2.64	97830	688	487524	4225430	43.19
1990-1994	45-49	0.00215	0.01072	2.64	97142	1041	483256	3737907	38.48
1990-1994	50-54	0.00334	0.01656	2.68	96101	1591	476813	3254650	33.87
1990-1994	55-59	0.00547	0.02701	2.69	94509	2553	466655	2777837	29.39
1990-1994	60-64	0.00748	0.03672	2.57	91956	3377	451565	2311183	25.13
1990-1994	65-69	0.01168	0.05684	2.69	88580	5035	431248	1859618	20.99
1990-1994	70-74	0.01698	0.08173	2.71	83545	6828	402086	1428370	17.10
1990-1994	75-79	0.02940	0.13756	2.66	76717	10553	358917	1026284	13.38
1990-1994	80-84	0.05183	0.23081	2.63	66164	15271	294635	667367	10.09
1990-1994	85-89	0.09144	0.37324	2.54	50893	18995	207728	372732	7.32
1990-1994	90-94	0.15542	0.55289	2.39	31897	17636	113473	165004	5.17
1990-1994	95-99	0.25017	0.73246	2.17	14262	10446	41755	51531	3.61
1990-1994	100-104	0.37540	0.86643	1.89	3816	3306	8806	9776	2.56
1990-1994	105-109	0.51979	0.94054	1.61	510	479	922	970	1.90
1990-1994	110+	0.63966	1.00000	1.56	30	30	47	47	1.56
1995-1999	0	0.00657	0.00653	0.07	100000	653	99394	8197558	81.98
1995-1999	1-4	0.00031	0.00123	1.62	99347	123	397098	8098164	81.51
1995-1999	5-9	0.00011	0.00054	2.51	99225	54	495989	7701066	77.61
1995-1999	10-14	0.00015	0.00076	2.78	99171	75	495688	7205076	72.65
1995-1999	15-19	0.00035	0.00177	2.78	99096	175	495089	6709389	67.71
1995-1999	20-24	0.00047	0.00233	2.81	98921	231	494098	6214300	62.82
1995-1999	25-29	0.00045	0.00227	2.36	98690	224	492857	5720201	57.96
1995-1999	30-34	0.00065	0.00323	2.68	98466	318	491592	5227344	53.09
1995-1999	35-39	0.00080	0.00401	2.75	98148	394	489852	4735752	48.25
1995-1999	40-44	0.00121	0.00602	2.57	97754	589	487340	4245900	43.43
1995-1999	45-49	0.00195	0.00969	2.67	97165	941	483638	3758560	38.68
1995-1999	50-54	0.00332	0.01650	2.77	96224	1587	477576	3274922	34.03
1995-1999	55-59	0.00515	0.02546	2.73	94637	2410	467723	2797346	29.56
1995-1999	60-64	0.00795	0.03901	2.65	92227	3598	452677	2329623	25.26
1995-1999	65-69	0.01117	0.05444	2.66	88629	4825	431835	1876945	21.18
1995-1999	70-74	0.01719	0.08263	2.66	83804	6925	402801	1445111	17.24
1995-1999	75-79	0.02756	0.12961	2.71	76879	9964	361563	1042310	13.56
1995-1999	80-84	0.05067	0.22625	2.64	66915	15140	298780	680746	10.17
1995-1999	85-89	0.09003	0.36867	2.55	51775	19088	212020	381966	7.38
1995-1999	90-94	0.15403	0.54969	2.4	32687	17968	116652	169946	5.20
1995-1999	95-99	0.24935	0.73144	2.17	14719	10766	43177	53293	3.62
1995-1999	100-104	0.37579	0.86689	1.89	3953	3427	9119	10117	2.56
1995-1999	105-109	0.52170	0.94128	1.6	526	495	949	997	1.90
1995-1999	110+	0.64277	1.00000	1.56	31	31	48	48	1.56
2000-2004	0	0.00628	0.00625	0.07	100000	625	99419	8260469	82.60
2000-2004	1-4	0.00024	0.00094	1.63	99375	93	397279	8161050	82.12
2000-2004	5-9	0.00010	0.00051	2.4	99282	50	496277	7763771	78.20
2000-2004	10-14	0.00012	0.00062	2.63	99231	62	496009	7267494	73.24
2000-2004	15-19	0.00025	0.00124	3.09	99169	123	495613	6771485	68.28
2000-2004	20-24	0.00033	0.00165	2.45	99047	163	494818	6275872	63.36
2000-2004	25-29	0.00039	0.00196	2.41	98884	194	493916	5781054	58.46
2000-2004	30-34	0.00053	0.00262	2.39	98690	259	492771	5287138	53.57
2000-2004	35-39	0.00086	0.00429	2.75	98431	422	491204	4794367	48.71
2000-2004	40-44	0.00132	0.00660	2.63	98009	647	488507	4303163	43.91
2000-2004	45-49	0.00210	0.01046	2.69	97362	1019	484454	3814655	39.18
2000-2004	50-54	0.00323	0.01605	2.67	96343	1546	478113	3330202	34.57
2000-2004	55-59	0.00484	0.02395	2.75	94797	2271	468879	2852088	30.09
2000-2004	60-64	0.00736	0.03618	2.72	92527	3347	454990	2383209	25.76
2000-2004	65-69	0.01022	0.04990	2.65	89179	4450	435448	1928219	21.62
2000-2004	70-74	0.01524	0.07357	2.65	84730	6234	408968	1492770	17.62
2000-2004	75-79	0.02573	0.12139	2.67	78496	9529	370300	1083803	13.81
2000-2004	80-84	0.04698	0.21165	2.66	68967	14597	310698	713503	10.35
2000-2004	85-89	0.08724	0.35984	2.57	54370	19565	224273	402805	7.41
2000-2004	90-94	0.15517	0.55334	2.41	34805	19259	124114	178532	5.13
2000-2004	95-99	0.25884	0.74636	2.16	15546	11603	44828	54418	3.50
2000-2004	100-104	0.39721	0.88305	1.86	3943	3482	8766	9590	2.43
2000-2004	105-109	0.55453	0.95176	1.55	461	439	791	824	1.79
2000-2004	110+	0.68221	1.00000	1.47	22	22	33	33	1.47
2005-2009	0	0.00554	0.00551	0.07	100000	551	99486	8330260	83.30
2005-2009	1-4	0.00021	0.00082	1.52	99449	82	397592	8230774	82.76
2005-2009	5-9	0.00011	0.00055	2.24	99367	55	496683	7833182	78.83
2005-2009	10-14	0.00009	0.00044	2.98	99312	43	496472	7336499	73.87
2005-2009	15-19	0.00032	0.00158	3.2	99269	157	496061	6840027	68.90
2005-2009	20-24	0.00040	0.00202	2.42	99112	200	495043	6343966	64.01
2005-2009	25-29	0.00037	0.00184	2.74	98912	182	494146	5848923	59.13
2005-2009	30-34	0.00058	0.00292	2.83	98729	288	493021	5354778	54.24
2005-2009	35-39	0.00090	0.00448	2.77	98441	441	491222	4861756	49.39
2005-2009	40-44	0.00140	0.00698	2.66	98000	684	488397	4370534	44.60
2005-2009	45-49	0.00218	0.01083	2.7	97316	1054	484154	3882137	39.89
2005-2009	50-54	0.00292	0.01451	2.57	96262	1397	477920	3397983	35.30
2005-2009	55-59	0.00414	0.02051	2.64	94865	1945	469727	2920062	30.78
2005-2009	60-64	0.00655	0.03225	2.7	92919	2997	457707	2450336	26.37
2005-2009	65-69	0.00960	0.04697	2.68	89923	4224	439806	1992629	22.16
2005-2009	70-74	0.01505	0.07274	2.71	85699	6234	414190	1552823	18.12
2005-2009	75-79	0.02300	0.10912	2.65	79465	8672	376969	1138632	14.33
2005-2009	80-84	0.04169	0.19012	2.69	70793	13459	322858	761663	10.76
2005-2009	85-89	0.08068	0.33792	2.6	57334	19374	240133	438805	7.65
2005-2009	90-94	0.14915	0.53942	2.44	37960	20476	137289	198672	5.23
2005-2009	95-99	0.25690	0.74474	2.18	17484	13021	50684	61383	3.51
2005-2009	100-104	0.40320	0.88788	1.85	4463	3962	9828	10699	2.40
2005-2009	105-109	0.56950	0.95614	1.53	500	478	840	871	1.74
2005-2009	110+	0.70287	1.00000	1.42	22	22	31	31	1.42
2010-2014	0	0.00501	0.00499	0.07	100000	499	99535	8410738	84.11
2010-2014	1-4	0.00017	0.00069	1.79	99501	68	397855	8311203	83.53
2010-2014	5-9	0.00010	0.00051	2.51	99433	51	497040	7913347	79.58
2010-2014	10-14	0.00010	0.00050	2.56	99382	50	496791	7416307	74.62
2010-2014	15-19	0.00028	0.00140	3	99333	139	496386	6919517	69.66
2010-2014	20-24	0.00033	0.00163	2.62	99194	162	495585	6423130	64.75
2010-2014	25-29	0.00038	0.00188	2.43	99032	186	494682	5927545	59.85
2010-2014	30-34	0.00050	0.00249	2.68	98846	247	493659	5432863	54.96
2010-2014	35-39	0.00081	0.00405	2.63	98600	399	492051	4939204	50.09
2010-2014	40-44	0.00128	0.00636	2.74	98200	624	489589	4447153	45.29
2010-2014	45-49	0.00203	0.01010	2.65	97576	986	485559	3957565	40.56
2010-2014	50-54	0.00307	0.01525	2.59	96590	1473	479404	3472005	35.95
2010-2014	55-59	0.00449	0.02221	2.55	95117	2112	470415	2992602	31.46
2010-2014	60-64	0.00575	0.02837	2.65	93005	2638	458834	2522187	27.12
2010-2014	65-69	0.00891	0.04365	2.65	90366	3945	442552	2063353	22.83
2010-2014	70-74	0.01350	0.06541	2.62	86422	5653	418639	1620801	18.75
2010-2014	75-79	0.02245	0.10649	2.59	80769	8601	383154	1202162	14.88
2010-2014	80-84	0.03765	0.17323	2.69	72168	12501	332002	819008	11.35
2010-2014	85-89	0.07242	0.30874	2.61	59667	18422	254356	487006	8.16
2010-2014	90-94	0.13378	0.49965	2.47	41245	20608	154048	232649	5.64
2010-2014	95-99	0.23187	0.70641	2.23	20637	14578	62872	78602	3.81
2010-2014	100-104	0.36874	0.86344	1.92	6059	5231	14187	15730	2.60
2010-2014	105-109	0.53042	0.94518	1.6	827	782	1474	1543	1.86
2010-2014	110+	0.66456	1.00000	1.5	45	45	68	68	1.50
2015-2019	0	0.00503	0.00501	0.07	100000	501	99533	8442109	84.42
2015-2019	1-4	0.00018	0.00074	1.4	99499	74	397805	8342577	83.85
2015-2019	5-9	0.00009	0.00047	2.08	99425	47	496990	7944772	79.91
2015-2019	10-14	0.00009	0.00045	2.69	99378	45	496788	7447783	74.94
2015-2019	15-19	0.00029	0.00143	3.11	99333	142	496398	6950995	69.98
2015-2019	20-24	0.00042	0.00208	2.21	99191	206	495381	6454597	65.07
2015-2019	25-29	0.00042	0.00211	2.45	98985	209	494390	5959216	60.20
2015-2019	30-34	0.00062	0.00308	2.42	98776	305	493093	5464826	55.33
2015-2019	35-39	0.00087	0.00432	2.67	98471	425	491362	4971733	50.49
2015-2019	40-44	0.00132	0.00656	2.7	98046	643	488748	4480371	45.70
2015-2019	45-49	0.00188	0.00935	2.8	97403	911	485008	3991623	40.98
2015-2019	50-54	0.00306	0.01520	2.66	96492	1466	479025	3506615	36.34
2015-2019	55-59	0.00430	0.02128	2.71	95025	2023	470496	3027590	31.86
2015-2019	60-64	0.00618	0.03043	2.57	93003	2830	458150	2557095	27.49
2015-2019	65-69	0.00869	0.04260	2.63	90173	3841	441761	2098944	23.28
2015-2019	70-74	0.01299	0.06303	2.64	86332	5441	418797	1657183	19.20
2015-2019	75-79	0.02120	0.10094	2.62	80891	8165	385053	1238386	15.31
2015-2019	80-84	0.03360	0.15604	2.72	72726	11348	337713	853333	11.73
2015-2019	85-89	0.06711	0.28963	2.64	61378	17777	264906	515620	8.40
2015-2019	90-94	0.12843	0.48576	2.49	43601	21180	164905	250714	5.75
2015-2019	95-99	0.22946	0.70343	2.25	22421	15772	68736	85810	3.83
2015-2019	100-104	0.37293	0.86755	1.92	6649	5769	15468	17074	2.57
2015-2019	105-109	0.54283	0.94938	1.58	881	836	1540	1606	1.82
2015-2019	110+	0.68264	1.00000	1.46	45	45	65	65	1.46
2020-2022	0	0.00469	0.00467	0.07	100000	467	99564	8428280	84.28
2020-2022	1-4	0.00015	0.00059	1.2	99533	59	397968	8328716	83.68
2020-2022	5-9	0.00005	0.00024	2.32	99474	24	497308	7930748	79.73
2020-2022	10-14	0.00012	0.00058	3.59	99451	58	497171	7433441	74.75
2020-2022	15-19	0.00021	0.00106	3.15	99393	105	496770	6936269	69.79
2020-2022	20-24	0.00035	0.00177	2.82	99288	176	496055	6439500	64.86
2020-2022	25-29	0.00054	0.00269	2.17	99112	266	494804	5943445	59.97
2020-2022	30-34	0.00066	0.00330	2.6	98845	326	493442	5448641	55.12
2020-2022	35-39	0.00092	0.00460	2.56	98519	453	491491	4955199	50.30
2020-2022	40-44	0.00145	0.00721	2.55	98066	707	488600	4463709	45.52
2020-2022	45-49	0.00211	0.01051	2.69	97359	1024	484432	3975108	40.83
2020-2022	50-54	0.00335	0.01662	2.54	96335	1601	477738	3490676	36.23
2020-2022	55-59	0.00463	0.02289	2.62	94734	2169	468507	3012937	31.80
2020-2022	60-64	0.00686	0.03374	2.67	92566	3123	455537	2544431	27.49
2020-2022	65-69	0.00914	0.04467	2.5	89443	3995	437233	2088894	23.35
2020-2022	70-74	0.01318	0.06393	2.68	85447	5463	414559	1651661	19.33
2020-2022	75-79	0.02103	0.10019	2.65	79985	8013	381085	1237102	15.47
2020-2022	80-84	0.03383	0.15694	2.7	71971	11295	333913	856017	11.89
2020-2022	85-89	0.06557	0.28374	2.63	60676	17216	262577	522103	8.60
2020-2022	90-94	0.12238	0.46840	2.5	43460	20357	166332	259526	5.97
2020-2022	95-99	0.21502	0.67795	2.28	23103	15663	72844	93194	4.03
2020-2022	100-104	0.34733	0.84602	1.97	7440	6295	18123	20350	2.74
2020-2022	105-109	0.50775	0.93777	1.64	1146	1074	2116	2227	1.94
2020-2022	110+	0.64338	1.00000	1.55	71	71	111	111	1.55
