HI: HI, Lifetables (period 1x5), Males Last modified: February 4 2025, MPv5 (May07) 

Year     	Age	mx	qx	ax	lx	dx	Lx	Tx	ex
1960-1964	0	0.02556	0.02499	0.11	100000	2499	97785	7010736	70.11
1960-1964	1	0.00150	0.00150	0.5	97501	146	97427	6912952	70.90
1960-1964	2	0.00084	0.00084	0.5	97354	82	97313	6815524	70.01
1960-1964	3	0.00060	0.00060	0.5	97272	58	97243	6718211	69.07
1960-1964	4	0.00053	0.00053	0.5	97214	52	97188	6620968	68.11
1960-1964	5	0.00062	0.00062	0.5	97162	60	97132	6523780	67.14
1960-1964	6	0.00043	0.00043	0.5	97102	41	97081	6426648	66.18
1960-1964	7	0.00051	0.00051	0.5	97061	49	97036	6329567	65.21
1960-1964	8	0.00021	0.00021	0.5	97011	20	97001	6232531	64.25
1960-1964	9	0.00040	0.00040	0.5	96991	39	96972	6135530	63.26
1960-1964	10	0.00030	0.00030	0.5	96952	29	96938	6038558	62.28
1960-1964	11	0.00050	0.00050	0.5	96923	49	96899	5941621	61.30
1960-1964	12	0.00036	0.00036	0.5	96874	35	96857	5844722	60.33
1960-1964	13	0.00055	0.00055	0.5	96839	54	96812	5747866	59.35
1960-1964	14	0.00033	0.00033	0.5	96785	32	96769	5651053	58.39
1960-1964	15	0.00070	0.00070	0.5	96753	68	96720	5554284	57.41
1960-1964	16	0.00094	0.00094	0.5	96686	91	96640	5457564	56.45
1960-1964	17	0.00100	0.00100	0.5	96595	96	96547	5360924	55.50
1960-1964	18	0.00111	0.00111	0.5	96499	107	96445	5264377	54.55
1960-1964	19	0.00152	0.00152	0.5	96392	146	96319	5167932	53.61
1960-1964	20	0.00175	0.00175	0.5	96246	168	96162	5071613	52.69
1960-1964	21	0.00088	0.00087	0.5	96078	84	96035	4975451	51.79
1960-1964	22	0.00122	0.00122	0.5	95993	117	95935	4879416	50.83
1960-1964	23	0.00146	0.00146	0.5	95876	140	95807	4783481	49.89
1960-1964	24	0.00118	0.00118	0.5	95737	113	95680	4687674	48.96
1960-1964	25	0.00108	0.00107	0.5	95624	103	95572	4591994	48.02
1960-1964	26	0.00111	0.00111	0.5	95521	106	95468	4496422	47.07
1960-1964	27	0.00141	0.00141	0.5	95415	135	95347	4400954	46.12
1960-1964	28	0.00094	0.00094	0.5	95280	90	95235	4305606	45.19
1960-1964	29	0.00127	0.00127	0.5	95190	121	95130	4210371	44.23
1960-1964	30	0.00186	0.00186	0.5	95069	177	94981	4115242	43.29
1960-1964	31	0.00105	0.00105	0.5	94892	100	94842	4020261	42.37
1960-1964	32	0.00120	0.00120	0.5	94792	114	94736	3925419	41.41
1960-1964	33	0.00168	0.00168	0.5	94679	159	94599	3830683	40.46
1960-1964	34	0.00186	0.00186	0.5	94520	176	94432	3736084	39.53
1960-1964	35	0.00175	0.00175	0.5	94344	165	94261	3641652	38.60
1960-1964	36	0.00174	0.00173	0.5	94179	163	94097	3547391	37.67
1960-1964	37	0.00194	0.00194	0.5	94016	182	93924	3453294	36.73
1960-1964	38	0.00222	0.00222	0.5	93833	208	93729	3359369	35.80
1960-1964	39	0.00290	0.00290	0.5	93625	271	93490	3265640	34.88
1960-1964	40	0.00302	0.00301	0.5	93354	281	93213	3172150	33.98
1960-1964	41	0.00277	0.00277	0.5	93073	257	92944	3078937	33.08
1960-1964	42	0.00305	0.00304	0.5	92815	283	92674	2985993	32.17
1960-1964	43	0.00328	0.00328	0.5	92533	303	92381	2893319	31.27
1960-1964	44	0.00431	0.00430	0.5	92229	396	92031	2800938	30.37
1960-1964	45	0.00387	0.00386	0.5	91833	355	91656	2708907	29.50
1960-1964	46	0.00385	0.00385	0.5	91478	352	91302	2617252	28.61
1960-1964	47	0.00560	0.00559	0.5	91127	509	90872	2525949	27.72
1960-1964	48	0.00605	0.00603	0.5	90617	546	90344	2435077	26.87
1960-1964	49	0.00628	0.00626	0.5	90071	564	89789	2344733	26.03
1960-1964	50	0.00736	0.00734	0.5	89507	657	89179	2254944	25.19
1960-1964	51	0.00872	0.00868	0.5	88850	771	88465	2165765	24.38
1960-1964	52	0.00846	0.00842	0.5	88079	742	87709	2077300	23.58
1960-1964	53	0.00991	0.00986	0.5	87338	861	86907	1989592	22.78
1960-1964	54	0.01082	0.01077	0.5	86476	931	86011	1902684	22.00
1960-1964	55	0.01098	0.01092	0.5	85545	934	85079	1816674	21.24
1960-1964	56	0.01119	0.01113	0.5	84612	941	84141	1731595	20.47
1960-1964	57	0.01413	0.01403	0.5	83670	1174	83083	1647454	19.69
1960-1964	58	0.01353	0.01343	0.5	82496	1108	81942	1564371	18.96
1960-1964	59	0.01469	0.01459	0.5	81388	1187	80795	1482428	18.21
1960-1964	60	0.01866	0.01849	0.5	80201	1483	79460	1401634	17.48
1960-1964	61	0.01879	0.01862	0.5	78718	1466	77986	1322174	16.80
1960-1964	62	0.02088	0.02067	0.5	77253	1597	76454	1244188	16.11
1960-1964	63	0.02255	0.02230	0.5	75656	1687	74813	1167734	15.43
1960-1964	64	0.02505	0.02474	0.5	73969	1830	73054	1092921	14.78
1960-1964	65	0.03192	0.03142	0.5	72139	2267	71006	1019867	14.14
1960-1964	66	0.03337	0.03282	0.5	69873	2293	68726	948861	13.58
1960-1964	67	0.03555	0.03493	0.5	67579	2361	66399	880135	13.02
1960-1964	68	0.03933	0.03857	0.5	65219	2515	63961	813736	12.48
1960-1964	69	0.03602	0.03538	0.5	62703	2218	61594	749775	11.96
1960-1964	70	0.04724	0.04615	0.5	60485	2792	59089	688181	11.38
1960-1964	71	0.04295	0.04205	0.5	57693	2426	56480	629092	10.90
1960-1964	72	0.04637	0.04532	0.5	55267	2504	54015	572612	10.36
1960-1964	73	0.05515	0.05367	0.5	52763	2832	51347	518597	9.83
1960-1964	74	0.06649	0.06435	0.5	49931	3213	48324	467250	9.36
1960-1964	75	0.05814	0.05650	0.5	46718	2639	45398	418925	8.97
1960-1964	76	0.06305	0.06112	0.5	44078	2694	42731	373527	8.47
1960-1964	77	0.06773	0.06551	0.5	41384	2711	40029	330796	7.99
1960-1964	78	0.07615	0.07335	0.5	38673	2837	37255	290767	7.52
1960-1964	79	0.08290	0.07960	0.5	35836	2853	34410	253512	7.07
1960-1964	80	0.09484	0.09054	0.5	32984	2986	31490	219102	6.64
1960-1964	81	0.10400	0.09886	0.5	29997	2966	28515	187612	6.25
1960-1964	82	0.11394	0.10780	0.5	27032	2914	25575	159097	5.89
1960-1964	83	0.12470	0.11738	0.5	24118	2831	22702	133522	5.54
1960-1964	84	0.13632	0.12762	0.5	21287	2717	19928	110820	5.21
1960-1964	85	0.14883	0.13852	0.5	18570	2572	17284	90892	4.89
1960-1964	86	0.16228	0.15010	0.5	15998	2401	14797	73608	4.60
1960-1964	87	0.17669	0.16235	0.5	13596	2207	12493	58811	4.33
1960-1964	88	0.19209	0.17526	0.5	11389	1996	10391	46318	4.07
1960-1964	89	0.20849	0.18881	0.5	9393	1773	8506	35927	3.82
1960-1964	90	0.22590	0.20298	0.5	7619	1547	6846	27421	3.60
1960-1964	91	0.24432	0.21772	0.5	6073	1322	5412	20575	3.39
1960-1964	92	0.26372	0.23300	0.5	4751	1107	4197	15163	3.19
1960-1964	93	0.28409	0.24875	0.5	3644	906	3191	10966	3.01
1960-1964	94	0.30537	0.26492	0.5	2737	725	2375	7775	2.84
1960-1964	95	0.32753	0.28144	0.5	2012	566	1729	5400	2.68
1960-1964	96	0.35047	0.29822	0.5	1446	431	1230	3671	2.54
1960-1964	97	0.37413	0.31518	0.5	1015	320	855	2441	2.41
1960-1964	98	0.39841	0.33223	0.5	695	231	579	1586	2.28
1960-1964	99	0.42320	0.34929	0.5	464	162	383	1007	2.17
1960-1964	100	0.44838	0.36627	0.5	302	111	247	624	2.07
1960-1964	101	0.47383	0.38308	0.5	191	73	155	377	1.97
1960-1964	102	0.49942	0.39963	0.5	118	47	94	222	1.88
1960-1964	103	0.52501	0.41585	0.5	71	29	56	128	1.80
1960-1964	104	0.55046	0.43166	0.5	41	18	32	72	1.73
1960-1964	105	0.57566	0.44700	0.5	24	11	18	39	1.66
1960-1964	106	0.60047	0.46182	0.5	13	6	10	21	1.60
1960-1964	107	0.62477	0.47606	0.5	7	3	5	11	1.55
1960-1964	108	0.64847	0.48969	0.5	4	2	3	6	1.50
1960-1964	109	0.67145	0.50268	0.5	2	1	1	3	1.47
1960-1964	110+	0.69364	1.00000	1.44	1	1	1	1	1.44
1965-1969	0	0.02153	0.02112	0.1	100000	2112	98105	7085408	70.85
1965-1969	1	0.00113	0.00113	0.5	97888	111	97833	6987303	71.38
1965-1969	2	0.00080	0.00080	0.5	97777	78	97738	6889470	70.46
1965-1969	3	0.00066	0.00066	0.5	97699	64	97667	6791732	69.52
1965-1969	4	0.00031	0.00031	0.5	97635	30	97620	6694065	68.56
1965-1969	5	0.00050	0.00050	0.5	97605	49	97580	6596445	67.58
1965-1969	6	0.00045	0.00045	0.5	97556	44	97534	6498865	66.62
1965-1969	7	0.00046	0.00046	0.5	97512	44	97489	6401331	65.65
1965-1969	8	0.00051	0.00051	0.5	97467	50	97442	6303842	64.68
1965-1969	9	0.00024	0.00024	0.5	97418	24	97406	6206399	63.71
1965-1969	10	0.00027	0.00027	0.5	97394	27	97380	6108994	62.72
1965-1969	11	0.00033	0.00033	0.5	97367	32	97351	6011613	61.74
1965-1969	12	0.00033	0.00033	0.5	97335	33	97319	5914262	60.76
1965-1969	13	0.00045	0.00045	0.5	97303	43	97281	5816943	59.78
1965-1969	14	0.00045	0.00045	0.5	97259	44	97237	5719662	58.81
1965-1969	15	0.00067	0.00067	0.5	97215	65	97183	5622425	57.83
1965-1969	16	0.00067	0.00067	0.5	97151	65	97118	5525242	56.87
1965-1969	17	0.00110	0.00110	0.5	97086	107	97033	5428124	55.91
1965-1969	18	0.00085	0.00085	0.5	96979	82	96938	5331091	54.97
1965-1969	19	0.00097	0.00097	0.5	96897	94	96850	5234153	54.02
1965-1969	20	0.00103	0.00103	0.5	96803	99	96753	5137302	53.07
1965-1969	21	0.00103	0.00103	0.5	96704	100	96654	5040549	52.12
1965-1969	22	0.00142	0.00142	0.5	96604	137	96536	4943895	51.18
1965-1969	23	0.00111	0.00111	0.5	96467	107	96414	4847360	50.25
1965-1969	24	0.00121	0.00121	0.5	96360	117	96302	4750946	49.30
1965-1969	25	0.00088	0.00088	0.5	96244	85	96201	4654644	48.36
1965-1969	26	0.00075	0.00075	0.5	96159	72	96123	4558443	47.41
1965-1969	27	0.00150	0.00150	0.5	96087	144	96015	4462319	46.44
1965-1969	28	0.00106	0.00105	0.5	95943	101	95892	4366304	45.51
1965-1969	29	0.00110	0.00110	0.5	95842	105	95789	4270412	44.56
1965-1969	30	0.00122	0.00122	0.5	95737	117	95678	4174623	43.61
1965-1969	31	0.00118	0.00118	0.5	95620	113	95563	4078944	42.66
1965-1969	32	0.00195	0.00195	0.5	95507	186	95414	3983381	41.71
1965-1969	33	0.00166	0.00166	0.5	95321	158	95241	3887968	40.79
1965-1969	34	0.00188	0.00188	0.5	95162	179	95073	3792726	39.86
1965-1969	35	0.00157	0.00157	0.5	94983	149	94909	3697653	38.93
1965-1969	36	0.00211	0.00211	0.5	94835	200	94735	3602744	37.99
1965-1969	37	0.00200	0.00199	0.5	94635	189	94541	3508009	37.07
1965-1969	38	0.00198	0.00198	0.5	94446	187	94353	3413469	36.14
1965-1969	39	0.00271	0.00271	0.5	94260	255	94132	3319116	35.21
1965-1969	40	0.00261	0.00260	0.5	94004	245	93882	3224984	34.31
1965-1969	41	0.00306	0.00306	0.5	93760	287	93616	3131102	33.40
1965-1969	42	0.00270	0.00269	0.5	93473	252	93347	3037485	32.50
1965-1969	43	0.00414	0.00413	0.5	93221	385	93029	2944138	31.58
1965-1969	44	0.00441	0.00440	0.5	92836	409	92631	2851110	30.71
1965-1969	45	0.00504	0.00502	0.5	92427	464	92195	2758478	29.84
1965-1969	46	0.00449	0.00448	0.5	91963	412	91757	2666284	28.99
1965-1969	47	0.00494	0.00493	0.5	91551	451	91325	2574527	28.12
1965-1969	48	0.00566	0.00565	0.5	91100	514	90843	2483201	27.26
1965-1969	49	0.00658	0.00656	0.5	90585	594	90288	2392358	26.41
1965-1969	50	0.00806	0.00803	0.5	89991	722	89630	2302070	25.58
1965-1969	51	0.00762	0.00759	0.5	89269	677	88930	2212440	24.78
1965-1969	52	0.00905	0.00901	0.5	88591	798	88192	2123510	23.97
1965-1969	53	0.01004	0.00999	0.5	87793	877	87355	2035318	23.18
1965-1969	54	0.01185	0.01178	0.5	86916	1024	86404	1947964	22.41
1965-1969	55	0.01176	0.01170	0.5	85892	1005	85390	1861559	21.67
1965-1969	56	0.00928	0.00924	0.5	84888	784	84496	1776169	20.92
1965-1969	57	0.01400	0.01390	0.5	84103	1169	83519	1691674	20.11
1965-1969	58	0.01554	0.01542	0.5	82934	1279	82295	1608155	19.39
1965-1969	59	0.01555	0.01543	0.5	81655	1260	81025	1525860	18.69
1965-1969	60	0.01791	0.01775	0.5	80396	1427	79682	1444835	17.97
1965-1969	61	0.01652	0.01639	0.5	78968	1294	78321	1365153	17.29
1965-1969	62	0.02084	0.02062	0.5	77674	1602	76873	1286832	16.57
1965-1969	63	0.01988	0.01968	0.5	76072	1497	75324	1209958	15.91
1965-1969	64	0.02398	0.02370	0.5	74575	1767	73691	1134635	15.21
1965-1969	65	0.02687	0.02652	0.5	72808	1931	71842	1060943	14.57
1965-1969	66	0.02782	0.02744	0.5	70877	1945	69905	989101	13.96
1965-1969	67	0.03065	0.03019	0.5	68933	2081	67892	919196	13.33
1965-1969	68	0.03104	0.03057	0.5	66852	2043	65830	851304	12.73
1965-1969	69	0.03801	0.03730	0.5	64808	2417	63600	785473	12.12
1965-1969	70	0.04372	0.04279	0.5	62391	2670	61056	721874	11.57
1965-1969	71	0.04482	0.04384	0.5	59721	2618	58412	660817	11.06
1965-1969	72	0.05079	0.04954	0.5	57104	2829	55689	602405	10.55
1965-1969	73	0.05243	0.05109	0.5	54275	2773	52888	546716	10.07
1965-1969	74	0.06478	0.06275	0.5	51502	3232	49886	493827	9.59
1965-1969	75	0.06503	0.06299	0.5	48270	3040	46750	443942	9.20
1965-1969	76	0.07663	0.07380	0.5	45230	3338	43561	397192	8.78
1965-1969	77	0.07429	0.07163	0.5	41892	3001	40391	353631	8.44
1965-1969	78	0.07575	0.07298	0.5	38891	2838	37472	313240	8.05
1965-1969	79	0.08071	0.07758	0.5	36053	2797	34654	275768	7.65
1965-1969	80	0.08167	0.07846	0.5	33256	2609	31951	241114	7.25
1965-1969	81	0.08990	0.08604	0.5	30646	2637	29328	209162	6.83
1965-1969	82	0.09888	0.09422	0.5	28010	2639	26690	179834	6.42
1965-1969	83	0.10864	0.10305	0.5	25371	2614	24063	153144	6.04
1965-1969	84	0.11925	0.11254	0.5	22756	2561	21476	129081	5.67
1965-1969	85	0.13073	0.12271	0.5	20195	2478	18956	107605	5.33
1965-1969	86	0.14314	0.13358	0.5	17717	2367	16534	88649	5.00
1965-1969	87	0.15652	0.14516	0.5	15350	2228	14236	72115	4.70
1965-1969	88	0.17090	0.15745	0.5	13122	2066	12089	57878	4.41
1965-1969	89	0.18631	0.17043	0.5	11056	1884	10114	45789	4.14
1965-1969	90	0.20276	0.18410	0.5	9172	1689	8328	35675	3.89
1965-1969	91	0.22028	0.19843	0.5	7483	1485	6741	27348	3.65
1965-1969	92	0.23886	0.21338	0.5	5998	1280	5358	20607	3.44
1965-1969	93	0.25848	0.22890	0.5	4719	1080	4178	15248	3.23
1965-1969	94	0.27913	0.24494	0.5	3638	891	3193	11070	3.04
1965-1969	95	0.30075	0.26144	0.5	2747	718	2388	7877	2.87
1965-1969	96	0.32330	0.27831	0.5	2029	565	1747	5489	2.71
1965-1969	97	0.34671	0.29548	0.5	1464	433	1248	3742	2.56
1965-1969	98	0.37087	0.31286	0.5	1032	323	870	2494	2.42
1965-1969	99	0.39571	0.33035	0.5	709	234	592	1624	2.29
1965-1969	100	0.42109	0.34785	0.5	475	165	392	1032	2.17
1965-1969	101	0.44689	0.36527	0.5	310	113	253	640	2.07
1965-1969	102	0.47299	0.38252	0.5	196	75	159	387	1.97
1965-1969	103	0.49923	0.39951	0.5	121	48	97	228	1.88
1965-1969	104	0.52548	0.41614	0.5	73	30	58	131	1.80
1965-1969	105	0.55159	0.43235	0.5	43	18	33	73	1.73
1965-1969	106	0.57742	0.44806	0.5	24	11	19	40	1.66
1965-1969	107	0.60283	0.46321	0.5	13	6	10	21	1.60
1965-1969	108	0.62769	0.47775	0.5	7	3	5	11	1.55
1965-1969	109	0.65190	0.49165	0.5	4	2	3	6	1.51
1965-1969	110+	0.67535	1.00000	1.48	2	2	3	3	1.48
1970-1974	0	0.01845	0.01814	0.09	100000	1814	98357	7210221	72.10
1970-1974	1	0.00113	0.00113	0.5	98186	111	98130	7111864	72.43
1970-1974	2	0.00059	0.00059	0.5	98075	58	98046	7013733	71.51
1970-1974	3	0.00057	0.00057	0.5	98017	56	97989	6915687	70.56
1970-1974	4	0.00050	0.00050	0.5	97961	49	97937	6817698	69.60
1970-1974	5	0.00040	0.00040	0.5	97913	39	97893	6719761	68.63
1970-1974	6	0.00026	0.00026	0.5	97873	25	97861	6621868	67.66
1970-1974	7	0.00033	0.00033	0.5	97848	32	97832	6524007	66.67
1970-1974	8	0.00019	0.00019	0.5	97816	19	97807	6426175	65.70
1970-1974	9	0.00024	0.00024	0.5	97797	23	97786	6328368	64.71
1970-1974	10	0.00032	0.00032	0.5	97774	31	97758	6230583	63.72
1970-1974	11	0.00034	0.00034	0.5	97743	33	97726	6132824	62.74
1970-1974	12	0.00021	0.00021	0.5	97710	21	97699	6035098	61.77
1970-1974	13	0.00023	0.00023	0.5	97689	23	97678	5937399	60.78
1970-1974	14	0.00050	0.00050	0.5	97667	49	97642	5839721	59.79
1970-1974	15	0.00067	0.00067	0.5	97617	66	97584	5742079	58.82
1970-1974	16	0.00076	0.00076	0.5	97552	75	97514	5644494	57.86
1970-1974	17	0.00128	0.00128	0.5	97477	125	97415	5546980	56.91
1970-1974	18	0.00131	0.00131	0.5	97352	127	97289	5449565	55.98
1970-1974	19	0.00142	0.00142	0.5	97225	138	97156	5352276	55.05
1970-1974	20	0.00100	0.00100	0.5	97087	97	97038	5255120	54.13
1970-1974	21	0.00109	0.00109	0.5	96990	105	96937	5158082	53.18
1970-1974	22	0.00093	0.00093	0.5	96885	90	96840	5061145	52.24
1970-1974	23	0.00085	0.00085	0.5	96795	82	96754	4964305	51.29
1970-1974	24	0.00088	0.00088	0.5	96712	85	96670	4867551	50.33
1970-1974	25	0.00127	0.00127	0.5	96627	123	96566	4770882	49.37
1970-1974	26	0.00101	0.00101	0.5	96504	97	96456	4674316	48.44
1970-1974	27	0.00148	0.00148	0.5	96407	143	96336	4577860	47.48
1970-1974	28	0.00158	0.00158	0.5	96264	152	96189	4481524	46.55
1970-1974	29	0.00189	0.00189	0.5	96113	181	96022	4385336	45.63
1970-1974	30	0.00118	0.00118	0.5	95932	113	95875	4289314	44.71
1970-1974	31	0.00145	0.00145	0.5	95819	139	95749	4193438	43.76
1970-1974	32	0.00115	0.00114	0.5	95680	110	95625	4097689	42.83
1970-1974	33	0.00116	0.00116	0.5	95570	111	95515	4002064	41.88
1970-1974	34	0.00117	0.00117	0.5	95459	112	95403	3906549	40.92
1970-1974	35	0.00136	0.00136	0.5	95347	130	95283	3811146	39.97
1970-1974	36	0.00193	0.00193	0.5	95218	184	95126	3715863	39.02
1970-1974	37	0.00187	0.00187	0.5	95034	178	94945	3620738	38.10
1970-1974	38	0.00175	0.00175	0.5	94856	166	94773	3525792	37.17
1970-1974	39	0.00246	0.00245	0.5	94690	232	94574	3431019	36.23
1970-1974	40	0.00264	0.00263	0.5	94458	249	94334	3336445	35.32
1970-1974	41	0.00256	0.00256	0.5	94209	241	94089	3242112	34.41
1970-1974	42	0.00385	0.00385	0.5	93968	361	93787	3148023	33.50
1970-1974	43	0.00341	0.00341	0.5	93607	319	93447	3054236	32.63
1970-1974	44	0.00310	0.00309	0.5	93288	288	93143	2960788	31.74
1970-1974	45	0.00401	0.00400	0.5	92999	372	92813	2867645	30.84
1970-1974	46	0.00485	0.00483	0.5	92627	448	92403	2774832	29.96
1970-1974	47	0.00591	0.00589	0.5	92180	543	91908	2682428	29.10
1970-1974	48	0.00570	0.00568	0.5	91637	521	91376	2590520	28.27
1970-1974	49	0.00613	0.00611	0.5	91116	557	90837	2499144	27.43
1970-1974	50	0.00703	0.00700	0.5	90559	634	90242	2408307	26.59
1970-1974	51	0.00712	0.00710	0.5	89925	638	89606	2318065	25.78
1970-1974	52	0.00785	0.00782	0.5	89286	698	88937	2228459	24.96
1970-1974	53	0.00828	0.00825	0.5	88588	731	88223	2139522	24.15
1970-1974	54	0.01006	0.01001	0.5	87857	879	87418	2051299	23.35
1970-1974	55	0.01076	0.01070	0.5	86978	931	86513	1963881	22.58
1970-1974	56	0.01127	0.01120	0.5	86048	964	85566	1877368	21.82
1970-1974	57	0.01255	0.01247	0.5	85084	1061	84553	1791802	21.06
1970-1974	58	0.01340	0.01331	0.5	84022	1118	83463	1707249	20.32
1970-1974	59	0.01275	0.01267	0.5	82904	1050	82379	1623786	19.59
1970-1974	60	0.01739	0.01724	0.5	81854	1411	81149	1541407	18.83
1970-1974	61	0.01621	0.01608	0.5	80443	1294	79796	1460258	18.15
1970-1974	62	0.01738	0.01723	0.5	79150	1364	78468	1380462	17.44
1970-1974	63	0.01685	0.01671	0.5	77786	1300	77136	1301994	16.74
1970-1974	64	0.02180	0.02157	0.5	76486	1650	75661	1224858	16.01
1970-1974	65	0.02369	0.02341	0.5	74837	1752	73961	1149197	15.36
1970-1974	66	0.02266	0.02241	0.5	73085	1637	72266	1075236	14.71
1970-1974	67	0.02462	0.02432	0.5	71447	1738	70578	1002970	14.04
1970-1974	68	0.03143	0.03094	0.5	69709	2157	68631	932392	13.38
1970-1974	69	0.03059	0.03013	0.5	67552	2036	66534	863761	12.79
1970-1974	70	0.03834	0.03762	0.5	65517	2464	64285	797227	12.17
1970-1974	71	0.03708	0.03641	0.5	63052	2296	61904	732942	11.62
1970-1974	72	0.04321	0.04230	0.5	60757	2570	59472	671038	11.04
1970-1974	73	0.05005	0.04883	0.5	58187	2841	56766	611566	10.51
1970-1974	74	0.05279	0.05143	0.5	55346	2846	53922	554800	10.02
1970-1974	75	0.05981	0.05808	0.5	52499	3049	50975	500878	9.54
1970-1974	76	0.06423	0.06223	0.5	49450	3077	47912	449903	9.10
1970-1974	77	0.07484	0.07214	0.5	46373	3345	44700	401991	8.67
1970-1974	78	0.07133	0.06888	0.5	43028	2964	41546	357291	8.30
1970-1974	79	0.08415	0.08075	0.5	40064	3235	38446	315745	7.88
1970-1974	80	0.07760	0.07470	0.5	36829	2751	35453	277299	7.53
1970-1974	81	0.08530	0.08181	0.5	34077	2788	32683	241846	7.10
1970-1974	82	0.09369	0.08950	0.5	31290	2800	29889	209162	6.68
1970-1974	83	0.10281	0.09778	0.5	28489	2786	27096	179273	6.29
1970-1974	84	0.11271	0.10670	0.5	25703	2742	24332	152177	5.92
1970-1974	85	0.12343	0.11625	0.5	22961	2669	21626	127845	5.57
1970-1974	86	0.13501	0.12647	0.5	20292	2566	19008	106218	5.23
1970-1974	87	0.14750	0.13737	0.5	17725	2435	16508	87210	4.92
1970-1974	88	0.16093	0.14894	0.5	15290	2277	14152	70702	4.62
1970-1974	89	0.17533	0.16120	0.5	13013	2098	11964	56550	4.35
1970-1974	90	0.19072	0.17412	0.5	10915	1901	9965	44586	4.08
1970-1974	91	0.20713	0.18769	0.5	9015	1692	8169	34621	3.84
1970-1974	92	0.22455	0.20189	0.5	7323	1478	6584	26452	3.61
1970-1974	93	0.24300	0.21667	0.5	5844	1266	5211	19869	3.40
1970-1974	94	0.26244	0.23200	0.5	4578	1062	4047	14657	3.20
1970-1974	95	0.28286	0.24782	0.5	3516	871	3080	10610	3.02
1970-1974	96	0.30422	0.26405	0.5	2645	698	2295	7530	2.85
1970-1974	97	0.32645	0.28064	0.5	1946	546	1673	5235	2.69
1970-1974	98	0.34949	0.29750	0.5	1400	417	1192	3561	2.54
1970-1974	99	0.37326	0.31455	0.5	984	309	829	2370	2.41
1970-1974	100	0.39765	0.33170	0.5	674	224	562	1541	2.29
1970-1974	101	0.42256	0.34886	0.5	451	157	372	978	2.17
1970-1974	102	0.44788	0.36593	0.5	293	107	240	606	2.07
1970-1974	103	0.47346	0.38283	0.5	186	71	150	367	1.97
1970-1974	104	0.49919	0.39948	0.5	115	46	92	216	1.88
1970-1974	105	0.52492	0.41579	0.5	69	29	55	124	1.80
1970-1974	106	0.55052	0.43169	0.5	40	17	32	70	1.73
1970-1974	107	0.57585	0.44712	0.5	23	10	18	38	1.67
1970-1974	108	0.60080	0.46201	0.5	13	6	10	20	1.61
1970-1974	109	0.62523	0.47632	0.5	7	3	5	11	1.57
1970-1974	110+	0.64903	1.00000	1.54	4	4	5	5	1.54
1975-1979	0	0.01334	0.01318	0.08	100000	1318	98789	7400728	74.01
1975-1979	1	0.00071	0.00071	0.5	98682	70	98647	7301940	73.99
1975-1979	2	0.00049	0.00049	0.5	98613	48	98589	7203292	73.05
1975-1979	3	0.00049	0.00049	0.5	98565	48	98540	7104704	72.08
1975-1979	4	0.00041	0.00041	0.5	98516	40	98496	7006163	71.12
1975-1979	5	0.00044	0.00044	0.5	98476	44	98454	6907667	70.15
1975-1979	6	0.00026	0.00026	0.5	98432	26	98419	6809213	69.18
1975-1979	7	0.00026	0.00026	0.5	98406	26	98394	6710794	68.19
1975-1979	8	0.00024	0.00024	0.5	98381	23	98369	6612400	67.21
1975-1979	9	0.00026	0.00026	0.5	98357	26	98344	6514031	66.23
1975-1979	10	0.00021	0.00021	0.5	98331	20	98321	6415687	65.25
1975-1979	11	0.00023	0.00023	0.5	98311	22	98300	6317366	64.26
1975-1979	12	0.00025	0.00025	0.5	98289	24	98276	6219066	63.27
1975-1979	13	0.00033	0.00033	0.5	98264	33	98248	6120789	62.29
1975-1979	14	0.00030	0.00030	0.5	98232	29	98217	6022541	61.31
1975-1979	15	0.00061	0.00061	0.5	98203	60	98173	5924324	60.33
1975-1979	16	0.00097	0.00097	0.5	98143	95	98095	5826151	59.36
1975-1979	17	0.00094	0.00094	0.5	98048	92	98002	5728056	58.42
1975-1979	18	0.00128	0.00128	0.5	97956	125	97894	5630054	57.48
1975-1979	19	0.00167	0.00167	0.5	97831	163	97750	5532160	56.55
1975-1979	20	0.00117	0.00117	0.5	97668	114	97611	5434410	55.64
1975-1979	21	0.00125	0.00125	0.5	97554	122	97493	5336799	54.71
1975-1979	22	0.00172	0.00172	0.5	97432	168	97348	5239306	53.77
1975-1979	23	0.00165	0.00165	0.5	97265	160	97184	5141958	52.87
1975-1979	24	0.00113	0.00113	0.5	97104	109	97050	5044773	51.95
1975-1979	25	0.00165	0.00165	0.5	96995	160	96915	4947724	51.01
1975-1979	26	0.00135	0.00135	0.5	96835	130	96770	4850809	50.09
1975-1979	27	0.00157	0.00156	0.5	96704	151	96629	4754039	49.16
1975-1979	28	0.00168	0.00167	0.5	96553	162	96472	4657411	48.24
1975-1979	29	0.00121	0.00121	0.5	96391	116	96333	4560938	47.32
1975-1979	30	0.00140	0.00140	0.5	96275	135	96208	4464605	46.37
1975-1979	31	0.00152	0.00151	0.5	96140	146	96067	4368398	45.44
1975-1979	32	0.00154	0.00154	0.5	95994	147	95921	4272330	44.51
1975-1979	33	0.00179	0.00179	0.5	95847	172	95761	4176410	43.57
1975-1979	34	0.00154	0.00154	0.5	95675	147	95602	4080648	42.65
1975-1979	35	0.00134	0.00134	0.5	95528	128	95464	3985047	41.72
1975-1979	36	0.00136	0.00136	0.5	95400	130	95335	3889582	40.77
1975-1979	37	0.00188	0.00188	0.5	95270	179	95181	3794247	39.83
1975-1979	38	0.00191	0.00191	0.5	95091	182	95000	3699066	38.90
1975-1979	39	0.00205	0.00205	0.5	94910	194	94812	3604066	37.97
1975-1979	40	0.00217	0.00217	0.5	94715	205	94613	3509254	37.05
1975-1979	41	0.00233	0.00233	0.5	94510	220	94400	3414641	36.13
1975-1979	42	0.00314	0.00313	0.5	94289	295	94142	3320241	35.21
1975-1979	43	0.00236	0.00235	0.5	93994	221	93883	3226100	34.32
1975-1979	44	0.00297	0.00296	0.5	93773	278	93634	3132216	33.40
1975-1979	45	0.00379	0.00378	0.5	93495	353	93318	3038582	32.50
1975-1979	46	0.00341	0.00341	0.5	93142	318	92983	2945264	31.62
1975-1979	47	0.00450	0.00449	0.5	92824	417	92616	2852281	30.73
1975-1979	48	0.00410	0.00409	0.5	92407	378	92218	2759666	29.86
1975-1979	49	0.00539	0.00537	0.5	92029	495	91782	2667447	28.98
1975-1979	50	0.00569	0.00568	0.5	91535	520	91275	2575665	28.14
1975-1979	51	0.00704	0.00701	0.5	91015	638	90696	2484391	27.30
1975-1979	52	0.00709	0.00706	0.5	90377	638	90058	2393695	26.49
1975-1979	53	0.00812	0.00809	0.5	89739	726	89376	2303637	25.67
1975-1979	54	0.00936	0.00932	0.5	89013	829	88598	2214261	24.88
1975-1979	55	0.00793	0.00790	0.5	88184	696	87836	2125662	24.10
1975-1979	56	0.00898	0.00894	0.5	87488	782	87097	2037827	23.29
1975-1979	57	0.01027	0.01022	0.5	86706	886	86263	1950730	22.50
1975-1979	58	0.01057	0.01051	0.5	85820	902	85369	1864467	21.73
1975-1979	59	0.01310	0.01301	0.5	84918	1105	84365	1779098	20.95
1975-1979	60	0.01239	0.01231	0.5	83813	1032	83297	1694733	20.22
1975-1979	61	0.01510	0.01499	0.5	82781	1241	82160	1611437	19.47
1975-1979	62	0.01555	0.01543	0.5	81540	1258	80911	1529276	18.75
1975-1979	63	0.01481	0.01470	0.5	80282	1180	79692	1448365	18.04
1975-1979	64	0.01920	0.01902	0.5	79102	1505	78350	1368673	17.30
1975-1979	65	0.02014	0.01994	0.5	77598	1547	76824	1290323	16.63
1975-1979	66	0.01938	0.01920	0.5	76050	1460	75320	1213499	15.96
1975-1979	67	0.02431	0.02402	0.5	74590	1792	73694	1138179	15.26
1975-1979	68	0.02530	0.02499	0.5	72798	1819	71889	1064485	14.62
1975-1979	69	0.02926	0.02884	0.5	70980	2047	69956	992596	13.98
1975-1979	70	0.03138	0.03090	0.5	68933	2130	67868	922640	13.38
1975-1979	71	0.03021	0.02976	0.5	66803	1988	65809	854772	12.80
1975-1979	72	0.03307	0.03254	0.5	64815	2109	63760	788963	12.17
1975-1979	73	0.03660	0.03594	0.5	62706	2254	61579	725203	11.57
1975-1979	74	0.04195	0.04109	0.5	60452	2484	59210	663624	10.98
1975-1979	75	0.04564	0.04462	0.5	57968	2587	56675	604414	10.43
1975-1979	76	0.04867	0.04751	0.5	55382	2631	54066	547739	9.89
1975-1979	77	0.05450	0.05305	0.5	52751	2798	51351	493673	9.36
1975-1979	78	0.05940	0.05769	0.5	49952	2882	48511	442322	8.85
1975-1979	79	0.05508	0.05361	0.5	47070	2523	45809	393811	8.37
1975-1979	80	0.07353	0.07092	0.5	44547	3159	42967	348002	7.81
1975-1979	81	0.08078	0.07764	0.5	41388	3213	39781	305034	7.37
1975-1979	82	0.08866	0.08490	0.5	38174	3241	36554	265253	6.95
1975-1979	83	0.09724	0.09273	0.5	34933	3239	33314	228700	6.55
1975-1979	84	0.10655	0.10116	0.5	31694	3206	30091	195386	6.16
1975-1979	85	0.11664	0.11021	0.5	28488	3140	26918	165295	5.80
1975-1979	86	0.12755	0.11990	0.5	25348	3039	23828	138378	5.46
1975-1979	87	0.13931	0.13024	0.5	22309	2905	20856	114549	5.13
1975-1979	88	0.15197	0.14124	0.5	19403	2740	18033	93693	4.83
1975-1979	89	0.16556	0.15290	0.5	16663	2548	15389	75660	4.54
1975-1979	90	0.18011	0.16523	0.5	14115	2332	12949	60271	4.27
1975-1979	91	0.19563	0.17820	0.5	11783	2100	10733	47323	4.02
1975-1979	92	0.21215	0.19180	0.5	9683	1857	8754	36590	3.78
1975-1979	93	0.22966	0.20601	0.5	7826	1612	7020	27835	3.56
1975-1979	94	0.24817	0.22077	0.5	6214	1372	5528	20815	3.35
1975-1979	95	0.26764	0.23605	0.5	4842	1143	4270	15288	3.16
1975-1979	96	0.28806	0.25180	0.5	3699	931	3233	11017	2.98
1975-1979	97	0.30938	0.26794	0.5	2768	742	2397	7784	2.81
1975-1979	98	0.33154	0.28440	0.5	2026	576	1738	5387	2.66
1975-1979	99	0.35448	0.30111	0.5	1450	437	1232	3649	2.52
1975-1979	100	0.37810	0.31799	0.5	1013	322	852	2418	2.39
1975-1979	101	0.40232	0.33494	0.5	691	231	575	1565	2.27
1975-1979	102	0.42703	0.35189	0.5	460	162	379	990	2.15
1975-1979	103	0.45210	0.36874	0.5	298	110	243	611	2.05
1975-1979	104	0.47742	0.38542	0.5	188	72	152	368	1.96
1975-1979	105	0.50285	0.40182	0.5	116	46	92	217	1.87
1975-1979	106	0.52827	0.41789	0.5	69	29	55	124	1.80
1975-1979	107	0.55355	0.43355	0.5	40	17	32	70	1.73
1975-1979	108	0.57855	0.44874	0.5	23	10	18	38	1.67
1975-1979	109	0.60315	0.46340	0.5	13	6	10	20	1.62
1975-1979	110+	0.62725	1.00000	1.59	7	7	11	11	1.59
1980-1984	0	0.01065	0.01054	0.07	100000	1054	99023	7465038	74.65
1980-1984	1	0.00086	0.00086	0.5	98946	85	98903	7366015	74.45
1980-1984	2	0.00047	0.00047	0.5	98860	47	98837	7267112	73.51
1980-1984	3	0.00037	0.00037	0.5	98814	36	98795	7168275	72.54
1980-1984	4	0.00043	0.00043	0.5	98777	43	98756	7069479	71.57
1980-1984	5	0.00039	0.00039	0.5	98735	38	98715	6970724	70.60
1980-1984	6	0.00019	0.00019	0.5	98696	19	98687	6872008	69.63
1980-1984	7	0.00016	0.00016	0.5	98677	16	98669	6773321	68.64
1980-1984	8	0.00033	0.00033	0.5	98661	33	98645	6674652	67.65
1980-1984	9	0.00021	0.00021	0.5	98628	21	98618	6576007	66.67
1980-1984	10	0.00021	0.00021	0.5	98607	20	98597	6477390	65.69
1980-1984	11	0.00018	0.00018	0.5	98587	18	98578	6378793	64.70
1980-1984	12	0.00005	0.00005	0.5	98569	5	98566	6280215	63.71
1980-1984	13	0.00036	0.00036	0.5	98564	36	98546	6181649	62.72
1980-1984	14	0.00060	0.00060	0.5	98528	59	98498	6083103	61.74
1980-1984	15	0.00041	0.00040	0.5	98469	40	98449	5984605	60.78
1980-1984	16	0.00083	0.00083	0.5	98429	81	98388	5886156	59.80
1980-1984	17	0.00071	0.00071	0.5	98347	70	98312	5787768	58.85
1980-1984	18	0.00131	0.00131	0.5	98277	129	98213	5689456	57.89
1980-1984	19	0.00131	0.00131	0.5	98149	128	98084	5591243	56.97
1980-1984	20	0.00140	0.00140	0.5	98020	137	97952	5493159	56.04
1980-1984	21	0.00160	0.00160	0.5	97883	157	97805	5395207	55.12
1980-1984	22	0.00115	0.00115	0.5	97726	113	97670	5297402	54.21
1980-1984	23	0.00118	0.00118	0.5	97614	115	97556	5199732	53.27
1980-1984	24	0.00146	0.00146	0.5	97498	142	97427	5102176	52.33
1980-1984	25	0.00139	0.00139	0.5	97356	135	97289	5004749	51.41
1980-1984	26	0.00107	0.00107	0.5	97221	104	97169	4907460	50.48
1980-1984	27	0.00133	0.00133	0.5	97117	129	97053	4810291	49.53
1980-1984	28	0.00140	0.00140	0.5	96989	135	96921	4713238	48.60
1980-1984	29	0.00090	0.00090	0.5	96853	87	96810	4616317	47.66
1980-1984	30	0.00137	0.00136	0.5	96766	132	96700	4519507	46.71
1980-1984	31	0.00121	0.00121	0.5	96634	117	96576	4422807	45.77
1980-1984	32	0.00148	0.00148	0.5	96518	142	96446	4326231	44.82
1980-1984	33	0.00143	0.00143	0.5	96375	138	96306	4229785	43.89
1980-1984	34	0.00124	0.00124	0.5	96237	119	96178	4133479	42.95
1980-1984	35	0.00147	0.00147	0.5	96118	141	96048	4037301	42.00
1980-1984	36	0.00152	0.00152	0.5	95977	146	95904	3941254	41.06
1980-1984	37	0.00173	0.00173	0.5	95831	165	95748	3845350	40.13
1980-1984	38	0.00165	0.00165	0.5	95666	158	95587	3749601	39.19
1980-1984	39	0.00198	0.00198	0.5	95508	189	95413	3654015	38.26
1980-1984	40	0.00257	0.00257	0.5	95319	245	95196	3558601	37.33
1980-1984	41	0.00248	0.00248	0.5	95074	236	94956	3463405	36.43
1980-1984	42	0.00246	0.00245	0.5	94838	233	94722	3368449	35.52
1980-1984	43	0.00299	0.00299	0.5	94606	283	94464	3273727	34.60
1980-1984	44	0.00326	0.00326	0.5	94323	307	94169	3179263	33.71
1980-1984	45	0.00298	0.00297	0.5	94015	280	93876	3085094	32.81
1980-1984	46	0.00353	0.00353	0.5	93736	330	93571	2991218	31.91
1980-1984	47	0.00415	0.00414	0.5	93405	386	93212	2897648	31.02
1980-1984	48	0.00515	0.00514	0.5	93019	478	92780	2804436	30.15
1980-1984	49	0.00534	0.00533	0.5	92541	493	92294	2711656	29.30
1980-1984	50	0.00463	0.00462	0.5	92048	425	91835	2619361	28.46
1980-1984	51	0.00701	0.00698	0.5	91623	640	91303	2527526	27.59
1980-1984	52	0.00660	0.00658	0.5	90983	598	90684	2436223	26.78
1980-1984	53	0.00756	0.00753	0.5	90385	681	90045	2345538	25.95
1980-1984	54	0.00745	0.00742	0.5	89704	665	89371	2255494	25.14
1980-1984	55	0.00766	0.00763	0.5	89039	679	88699	2166122	24.33
1980-1984	56	0.00946	0.00941	0.5	88359	832	87943	2077423	23.51
1980-1984	57	0.00980	0.00975	0.5	87527	854	87101	1989480	22.73
1980-1984	58	0.01100	0.01094	0.5	86674	948	86200	1902379	21.95
1980-1984	59	0.01064	0.01059	0.5	85726	908	85272	1816180	21.19
1980-1984	60	0.01306	0.01298	0.5	84818	1101	84268	1730908	20.41
1980-1984	61	0.01195	0.01188	0.5	83717	994	83220	1646640	19.67
1980-1984	62	0.01563	0.01551	0.5	82723	1283	82081	1563421	18.90
1980-1984	63	0.01772	0.01756	0.5	81440	1430	80725	1481339	18.19
1980-1984	64	0.01780	0.01765	0.5	80010	1412	79304	1400614	17.51
1980-1984	65	0.01836	0.01819	0.5	78598	1430	77883	1321311	16.81
1980-1984	66	0.02197	0.02173	0.5	77168	1677	76329	1243428	16.11
1980-1984	67	0.02188	0.02165	0.5	75490	1634	74673	1167099	15.46
1980-1984	68	0.02661	0.02626	0.5	73856	1939	72887	1092426	14.79
1980-1984	69	0.02506	0.02475	0.5	71917	1780	71027	1019539	14.18
1980-1984	70	0.02864	0.02824	0.5	70137	1980	69147	948512	13.52
1980-1984	71	0.02805	0.02766	0.5	68156	1885	67214	879365	12.90
1980-1984	72	0.03673	0.03607	0.5	66271	2391	65076	812151	12.25
1980-1984	73	0.03405	0.03348	0.5	63881	2139	62811	747076	11.69
1980-1984	74	0.04122	0.04038	0.5	61742	2493	60495	684265	11.08
1980-1984	75	0.03912	0.03837	0.5	59248	2273	58112	623770	10.53
1980-1984	76	0.04376	0.04282	0.5	56975	2440	55755	565658	9.93
1980-1984	77	0.05555	0.05405	0.5	54535	2948	53062	509903	9.35
1980-1984	78	0.05779	0.05617	0.5	51588	2898	50139	456841	8.86
1980-1984	79	0.06708	0.06490	0.5	48690	3160	47110	406702	8.35
1980-1984	80	0.07066	0.06824	0.5	45530	3107	43976	359592	7.90
1980-1984	81	0.07795	0.07503	0.5	42423	3183	40831	315616	7.44
1980-1984	82	0.08593	0.08239	0.5	39240	3233	37624	274785	7.00
1980-1984	83	0.09464	0.09036	0.5	36007	3254	34380	237161	6.59
1980-1984	84	0.10413	0.09898	0.5	32753	3242	31133	202781	6.19
1980-1984	85	0.11445	0.10826	0.5	29512	3195	27914	171648	5.82
1980-1984	86	0.12566	0.11823	0.5	26317	3111	24761	143734	5.46
1980-1984	87	0.13779	0.12891	0.5	23205	2991	21710	118973	5.13
1980-1984	88	0.15089	0.14030	0.5	20214	2836	18796	97263	4.81
1980-1984	89	0.16499	0.15242	0.5	17378	2649	16054	78467	4.52
1980-1984	90	0.18014	0.16525	0.5	14729	2434	13512	62413	4.24
1980-1984	91	0.19635	0.17879	0.5	12295	2198	11196	48901	3.98
1980-1984	92	0.21363	0.19302	0.5	10097	1949	9122	37705	3.73
1980-1984	93	0.23200	0.20789	0.5	8148	1694	7301	28583	3.51
1980-1984	94	0.25145	0.22336	0.5	6454	1442	5733	21282	3.30
1980-1984	95	0.27194	0.23939	0.5	5013	1200	4413	15548	3.10
1980-1984	96	0.29345	0.25591	0.5	3813	976	3325	11136	2.92
1980-1984	97	0.31593	0.27283	0.5	2837	774	2450	7811	2.75
1980-1984	98	0.33930	0.29009	0.5	2063	598	1764	5361	2.60
1980-1984	99	0.36348	0.30758	0.5	1464	450	1239	3597	2.46
1980-1984	100	0.38837	0.32522	0.5	1014	330	849	2358	2.33
1980-1984	101	0.41386	0.34290	0.5	684	235	567	1509	2.21
1980-1984	102	0.43981	0.36053	0.5	450	162	369	942	2.10
1980-1984	103	0.46610	0.37801	0.5	288	109	233	573	1.99
1980-1984	104	0.49258	0.39524	0.5	179	71	143	340	1.90
1980-1984	105	0.51910	0.41213	0.5	108	45	86	197	1.82
1980-1984	106	0.54552	0.42861	0.5	64	27	50	111	1.74
1980-1984	107	0.57168	0.44459	0.5	36	16	28	61	1.68
1980-1984	108	0.59744	0.46002	0.5	20	9	16	33	1.62
1980-1984	109	0.62268	0.47484	0.5	11	5	8	17	1.57
1980-1984	110+	0.64727	1.00000	1.54	6	6	9	9	1.54
1985-1989	0	0.01016	0.01007	0.07	100000	1007	99066	7519774	75.20
1985-1989	1	0.00068	0.00068	0.5	98993	67	98960	7420708	74.96
1985-1989	2	0.00032	0.00032	0.5	98926	32	98910	7321748	74.01
1985-1989	3	0.00041	0.00041	0.5	98894	41	98874	7222838	73.04
1985-1989	4	0.00027	0.00027	0.5	98854	27	98840	7123964	72.07
1985-1989	5	0.00019	0.00019	0.5	98827	18	98817	7025124	71.09
1985-1989	6	0.00017	0.00017	0.5	98808	17	98800	6926306	70.10
1985-1989	7	0.00032	0.00032	0.5	98791	32	98775	6827507	69.11
1985-1989	8	0.00024	0.00024	0.5	98759	24	98748	6728731	68.13
1985-1989	9	0.00016	0.00016	0.5	98736	15	98728	6629984	67.15
1985-1989	10	0.00011	0.00011	0.5	98720	10	98715	6531255	66.16
1985-1989	11	0.00029	0.00029	0.5	98710	29	98696	6432540	65.17
1985-1989	12	0.00022	0.00022	0.5	98681	21	98670	6333845	64.19
1985-1989	13	0.00033	0.00033	0.5	98660	32	98643	6235174	63.20
1985-1989	14	0.00046	0.00046	0.5	98627	45	98604	6136531	62.22
1985-1989	15	0.00064	0.00064	0.5	98582	63	98550	6037926	61.25
1985-1989	16	0.00077	0.00077	0.5	98518	76	98480	5939376	60.29
1985-1989	17	0.00083	0.00083	0.5	98442	82	98401	5840896	59.33
1985-1989	18	0.00123	0.00123	0.5	98360	121	98300	5742495	58.38
1985-1989	19	0.00097	0.00097	0.5	98240	95	98192	5644195	57.45
1985-1989	20	0.00113	0.00113	0.5	98144	111	98089	5546003	56.51
1985-1989	21	0.00103	0.00103	0.5	98033	101	97983	5447914	55.57
1985-1989	22	0.00094	0.00094	0.5	97932	92	97886	5349932	54.63
1985-1989	23	0.00113	0.00113	0.5	97841	111	97785	5252045	53.68
1985-1989	24	0.00107	0.00107	0.5	97730	104	97678	5154260	52.74
1985-1989	25	0.00126	0.00126	0.5	97626	123	97564	5056582	51.80
1985-1989	26	0.00120	0.00120	0.5	97503	117	97444	4959018	50.86
1985-1989	27	0.00127	0.00127	0.5	97386	124	97324	4861574	49.92
1985-1989	28	0.00111	0.00111	0.5	97262	108	97208	4764250	48.98
1985-1989	29	0.00122	0.00122	0.5	97154	119	97094	4667043	48.04
1985-1989	30	0.00146	0.00145	0.5	97035	141	96964	4569948	47.10
1985-1989	31	0.00127	0.00127	0.5	96894	123	96832	4472984	46.16
1985-1989	32	0.00159	0.00159	0.5	96771	153	96694	4376152	45.22
1985-1989	33	0.00159	0.00158	0.5	96617	153	96541	4279458	44.29
1985-1989	34	0.00155	0.00155	0.5	96464	149	96390	4182917	43.36
1985-1989	35	0.00145	0.00145	0.5	96315	139	96245	4086527	42.43
1985-1989	36	0.00176	0.00176	0.5	96175	170	96091	3990282	41.49
1985-1989	37	0.00200	0.00200	0.5	96006	192	95910	3894192	40.56
1985-1989	38	0.00189	0.00189	0.5	95814	181	95724	3798282	39.64
1985-1989	39	0.00183	0.00183	0.5	95633	175	95546	3702558	38.72
1985-1989	40	0.00167	0.00167	0.5	95458	159	95379	3607012	37.79
1985-1989	41	0.00191	0.00191	0.5	95299	182	95208	3511634	36.85
1985-1989	42	0.00288	0.00288	0.5	95117	274	94980	3416425	35.92
1985-1989	43	0.00241	0.00241	0.5	94843	229	94729	3321445	35.02
1985-1989	44	0.00308	0.00308	0.5	94615	291	94469	3226716	34.10
1985-1989	45	0.00292	0.00291	0.5	94324	275	94186	3132247	33.21
1985-1989	46	0.00373	0.00372	0.5	94049	350	93874	3038061	32.30
1985-1989	47	0.00365	0.00365	0.5	93699	342	93528	2944187	31.42
1985-1989	48	0.00435	0.00435	0.5	93357	406	93154	2850659	30.53
1985-1989	49	0.00447	0.00446	0.5	92951	415	92744	2757504	29.67
1985-1989	50	0.00517	0.00516	0.5	92537	477	92298	2664760	28.80
1985-1989	51	0.00522	0.00520	0.5	92059	479	91820	2572462	27.94
1985-1989	52	0.00684	0.00681	0.5	91580	624	91268	2480642	27.09
1985-1989	53	0.00605	0.00603	0.5	90956	549	90682	2389374	26.27
1985-1989	54	0.00740	0.00738	0.5	90408	667	90074	2298692	25.43
1985-1989	55	0.00826	0.00823	0.5	89741	738	89372	2208618	24.61
1985-1989	56	0.01051	0.01046	0.5	89002	931	88537	2119246	23.81
1985-1989	57	0.00967	0.00963	0.5	88071	848	87648	2030709	23.06
1985-1989	58	0.01162	0.01155	0.5	87224	1008	86720	1943062	22.28
1985-1989	59	0.01158	0.01151	0.5	86216	993	85720	1856342	21.53
1985-1989	60	0.01236	0.01229	0.5	85224	1047	84700	1770622	20.78
1985-1989	61	0.01449	0.01439	0.5	84176	1211	83571	1685922	20.03
1985-1989	62	0.01465	0.01454	0.5	82965	1206	82362	1602351	19.31
1985-1989	63	0.01649	0.01635	0.5	81759	1337	81090	1519990	18.59
1985-1989	64	0.01549	0.01537	0.5	80422	1236	79804	1438899	17.89
1985-1989	65	0.01897	0.01879	0.5	79185	1488	78441	1359096	17.16
1985-1989	66	0.01797	0.01781	0.5	77697	1384	77005	1280655	16.48
1985-1989	67	0.01969	0.01950	0.5	76313	1488	75569	1203649	15.77
1985-1989	68	0.02372	0.02345	0.5	74825	1754	73948	1128080	15.08
1985-1989	69	0.02488	0.02457	0.5	73071	1796	72173	1054132	14.43
1985-1989	70	0.02780	0.02742	0.5	71275	1954	70298	981959	13.78
1985-1989	71	0.02936	0.02894	0.5	69321	2006	68318	911662	13.15
1985-1989	72	0.03409	0.03352	0.5	67315	2257	66187	843344	12.53
1985-1989	73	0.03730	0.03662	0.5	65058	2383	63867	777157	11.95
1985-1989	74	0.03781	0.03711	0.5	62676	2326	61513	713290	11.38
1985-1989	75	0.04054	0.03973	0.5	60350	2398	59151	651777	10.80
1985-1989	76	0.04418	0.04322	0.5	57952	2505	56700	592626	10.23
1985-1989	77	0.04361	0.04268	0.5	55447	2366	54264	535926	9.67
1985-1989	78	0.05140	0.05011	0.5	53081	2660	51751	481662	9.07
1985-1989	79	0.06199	0.06013	0.5	50421	3032	48905	429911	8.53
1985-1989	80	0.06732	0.06513	0.5	47389	3086	45846	381006	8.04
1985-1989	81	0.07454	0.07187	0.5	44303	3184	42711	335160	7.57
1985-1989	82	0.08248	0.07921	0.5	41119	3257	39491	292449	7.11
1985-1989	83	0.09117	0.08719	0.5	37862	3301	36211	252958	6.68
1985-1989	84	0.10068	0.09585	0.5	34561	3313	32904	216747	6.27
1985-1989	85	0.11105	0.10521	0.5	31248	3288	29604	183842	5.88
1985-1989	86	0.12236	0.11530	0.5	27960	3224	26348	154238	5.52
1985-1989	87	0.13464	0.12614	0.5	24736	3120	23176	127890	5.17
1985-1989	88	0.14794	0.13775	0.5	21616	2978	20127	104713	4.84
1985-1989	89	0.16231	0.15013	0.5	18638	2798	17239	84586	4.54
1985-1989	90	0.17779	0.16327	0.5	15840	2586	14547	67347	4.25
1985-1989	91	0.19440	0.17718	0.5	13254	2348	12080	52800	3.98
1985-1989	92	0.21216	0.19181	0.5	10906	2092	9860	40720	3.73
1985-1989	93	0.23108	0.20714	0.5	8814	1826	7901	30860	3.50
1985-1989	94	0.25114	0.22313	0.5	6988	1559	6209	22959	3.29
1985-1989	95	0.27234	0.23970	0.5	5429	1301	4778	16750	3.09
1985-1989	96	0.29461	0.25679	0.5	4128	1060	3598	11972	2.90
1985-1989	97	0.31792	0.27431	0.5	3068	842	2647	8374	2.73
1985-1989	98	0.34217	0.29218	0.5	2226	650	1901	5727	2.57
1985-1989	99	0.36728	0.31029	0.5	1576	489	1331	3826	2.43
1985-1989	100	0.39312	0.32855	0.5	1087	357	908	2495	2.30
1985-1989	101	0.41959	0.34682	0.5	730	253	603	1587	2.17
1985-1989	102	0.44652	0.36502	0.5	477	174	390	984	2.06
1985-1989	103	0.47377	0.38303	0.5	303	116	245	594	1.96
1985-1989	104	0.50117	0.40075	0.5	187	75	149	349	1.87
1985-1989	105	0.52857	0.41808	0.5	112	47	89	200	1.79
1985-1989	106	0.55580	0.43493	0.5	65	28	51	112	1.71
1985-1989	107	0.58270	0.45123	0.5	37	17	28	61	1.65
1985-1989	108	0.60911	0.46691	0.5	20	9	15	32	1.59
1985-1989	109	0.63490	0.48192	0.5	11	5	8	17	1.54
1985-1989	110+	0.65994	1.00000	1.52	6	6	8	8	1.52
1990-1994	0	0.00814	0.00808	0.07	100000	808	99246	7558541	75.59
1990-1994	1	0.00053	0.00052	0.5	99192	52	99166	7459295	75.20
1990-1994	2	0.00039	0.00039	0.5	99140	38	99121	7360128	74.24
1990-1994	3	0.00044	0.00044	0.5	99102	44	99080	7261007	73.27
1990-1994	4	0.00031	0.00031	0.5	99058	31	99043	7161927	72.30
1990-1994	5	0.00016	0.00016	0.5	99027	16	99019	7062885	71.32
1990-1994	6	0.00021	0.00021	0.5	99011	21	99000	6963866	70.33
1990-1994	7	0.00019	0.00019	0.5	98990	19	98980	6864866	69.35
1990-1994	8	0.00020	0.00020	0.5	98971	20	98961	6765886	68.36
1990-1994	9	0.00021	0.00021	0.5	98951	21	98940	6666925	67.38
1990-1994	10	0.00017	0.00017	0.5	98930	16	98921	6567985	66.39
1990-1994	11	0.00027	0.00027	0.5	98913	26	98900	6469064	65.40
1990-1994	12	0.00034	0.00034	0.5	98887	34	98870	6370163	64.42
1990-1994	13	0.00028	0.00028	0.5	98853	27	98840	6271293	63.44
1990-1994	14	0.00028	0.00028	0.5	98826	28	98812	6172454	62.46
1990-1994	15	0.00052	0.00052	0.5	98798	51	98772	6073642	61.48
1990-1994	16	0.00063	0.00063	0.5	98747	63	98716	5974870	60.51
1990-1994	17	0.00063	0.00063	0.5	98684	63	98653	5876154	59.55
1990-1994	18	0.00093	0.00093	0.5	98622	92	98576	5777501	58.58
1990-1994	19	0.00134	0.00134	0.5	98530	132	98464	5678925	57.64
1990-1994	20	0.00109	0.00109	0.5	98398	107	98344	5580461	56.71
1990-1994	21	0.00114	0.00114	0.5	98291	112	98235	5482117	55.77
1990-1994	22	0.00132	0.00132	0.5	98179	130	98114	5383882	54.84
1990-1994	23	0.00111	0.00111	0.5	98049	109	97995	5285767	53.91
1990-1994	24	0.00112	0.00112	0.5	97940	109	97885	5187773	52.97
1990-1994	25	0.00134	0.00134	0.5	97831	131	97765	5089887	52.03
1990-1994	26	0.00114	0.00114	0.5	97700	111	97644	4992122	51.10
1990-1994	27	0.00135	0.00135	0.5	97589	132	97523	4894478	50.15
1990-1994	28	0.00143	0.00142	0.5	97457	139	97387	4796955	49.22
1990-1994	29	0.00135	0.00135	0.5	97318	131	97252	4699568	48.29
1990-1994	30	0.00135	0.00135	0.5	97187	131	97121	4602316	47.36
1990-1994	31	0.00167	0.00167	0.5	97056	162	96975	4505194	46.42
1990-1994	32	0.00193	0.00193	0.5	96894	187	96800	4408219	45.50
1990-1994	33	0.00189	0.00189	0.5	96707	183	96616	4311419	44.58
1990-1994	34	0.00163	0.00163	0.5	96524	157	96446	4214803	43.67
1990-1994	35	0.00207	0.00207	0.5	96367	200	96267	4118358	42.74
1990-1994	36	0.00223	0.00223	0.5	96167	214	96060	4022091	41.82
1990-1994	37	0.00244	0.00244	0.5	95953	234	95836	3926031	40.92
1990-1994	38	0.00192	0.00192	0.5	95719	184	95627	3830194	40.01
1990-1994	39	0.00219	0.00219	0.5	95535	209	95431	3734567	39.09
1990-1994	40	0.00232	0.00231	0.5	95326	221	95216	3639137	38.18
1990-1994	41	0.00266	0.00265	0.5	95105	252	94979	3543921	37.26
1990-1994	42	0.00323	0.00323	0.5	94853	306	94700	3448942	36.36
1990-1994	43	0.00314	0.00313	0.5	94547	296	94399	3354242	35.48
1990-1994	44	0.00400	0.00400	0.5	94251	377	94063	3259843	34.59
1990-1994	45	0.00323	0.00322	0.5	93874	303	93723	3165780	33.72
1990-1994	46	0.00361	0.00360	0.5	93572	337	93403	3072057	32.83
1990-1994	47	0.00410	0.00409	0.5	93235	382	93044	2978654	31.95
1990-1994	48	0.00438	0.00437	0.5	92853	405	92651	2885610	31.08
1990-1994	49	0.00482	0.00481	0.5	92448	445	92225	2792959	30.21
1990-1994	50	0.00541	0.00539	0.5	92003	496	91755	2700734	29.35
1990-1994	51	0.00583	0.00581	0.5	91507	532	91241	2608979	28.51
1990-1994	52	0.00600	0.00599	0.5	90975	545	90703	2517738	27.68
1990-1994	53	0.00597	0.00596	0.5	90431	539	90161	2427035	26.84
1990-1994	54	0.00706	0.00704	0.5	89892	633	89576	2336874	26.00
1990-1994	55	0.00768	0.00765	0.5	89259	683	88918	2247298	25.18
1990-1994	56	0.00906	0.00902	0.5	88577	799	88177	2158380	24.37
1990-1994	57	0.00846	0.00843	0.5	87778	740	87408	2070203	23.58
1990-1994	58	0.01011	0.01006	0.5	87038	875	86601	1982794	22.78
1990-1994	59	0.00922	0.00918	0.5	86163	791	85768	1896194	22.01
1990-1994	60	0.01087	0.01082	0.5	85372	923	84911	1810426	21.21
1990-1994	61	0.01282	0.01274	0.5	84449	1075	83911	1725516	20.43
1990-1994	62	0.01279	0.01271	0.5	83373	1060	82843	1641605	19.69
1990-1994	63	0.01354	0.01345	0.5	82314	1107	81760	1558761	18.94
1990-1994	64	0.01556	0.01544	0.5	81207	1254	80580	1477001	18.19
1990-1994	65	0.01953	0.01934	0.5	79953	1546	79180	1396421	17.47
1990-1994	66	0.01881	0.01864	0.5	78407	1461	77676	1317242	16.80
1990-1994	67	0.02008	0.01988	0.5	76945	1530	76181	1239566	16.11
1990-1994	68	0.02234	0.02209	0.5	75416	1666	74583	1163385	15.43
1990-1994	69	0.02223	0.02199	0.5	73750	1622	72939	1088802	14.76
1990-1994	70	0.02558	0.02525	0.5	72128	1821	71217	1015864	14.08
1990-1994	71	0.02773	0.02736	0.5	70307	1923	69345	944646	13.44
1990-1994	72	0.03488	0.03428	0.5	68383	2344	67211	875301	12.80
1990-1994	73	0.03248	0.03196	0.5	66039	2110	64984	808090	12.24
1990-1994	74	0.03441	0.03382	0.5	63929	2162	62847	743106	11.62
1990-1994	75	0.03822	0.03750	0.5	61766	2316	60608	680259	11.01
1990-1994	76	0.04290	0.04200	0.5	59450	2497	58202	619651	10.42
1990-1994	77	0.04478	0.04380	0.5	56953	2494	55706	561449	9.86
1990-1994	78	0.04723	0.04614	0.5	54459	2513	53203	505743	9.29
1990-1994	79	0.06049	0.05871	0.5	51946	3050	50421	452540	8.71
1990-1994	80	0.06395	0.06197	0.5	48896	3030	47381	402119	8.22
1990-1994	81	0.07100	0.06856	0.5	45867	3145	44294	354737	7.73
1990-1994	82	0.07876	0.07578	0.5	42722	3237	41103	310443	7.27
1990-1994	83	0.08729	0.08364	0.5	39484	3302	37833	269340	6.82
1990-1994	84	0.09665	0.09219	0.5	36182	3336	34514	231507	6.40
1990-1994	85	0.10689	0.10147	0.5	32846	3333	31180	196993	6.00
1990-1994	86	0.11808	0.11150	0.5	29513	3291	27868	165813	5.62
1990-1994	87	0.13027	0.12230	0.5	26223	3207	24619	137945	5.26
1990-1994	88	0.14351	0.13390	0.5	23016	3082	21475	113326	4.92
1990-1994	89	0.15785	0.14630	0.5	19934	2916	18476	91851	4.61
1990-1994	90	0.17334	0.15951	0.5	17017	2714	15660	73376	4.31
1990-1994	91	0.19000	0.17352	0.5	14303	2482	13062	57716	4.04
1990-1994	92	0.20786	0.18829	0.5	11821	2226	10708	44654	3.78
1990-1994	93	0.22693	0.20381	0.5	9595	1956	8617	33946	3.54
1990-1994	94	0.24720	0.22001	0.5	7640	1681	6799	25328	3.32
1990-1994	95	0.26866	0.23684	0.5	5959	1411	5253	18529	3.11
1990-1994	96	0.29126	0.25423	0.5	4548	1156	3969	13276	2.92
1990-1994	97	0.31494	0.27209	0.5	3391	923	2930	9306	2.74
1990-1994	98	0.33962	0.29032	0.5	2469	717	2110	6376	2.58
1990-1994	99	0.36520	0.30881	0.5	1752	541	1481	4266	2.43
1990-1994	100	0.39157	0.32746	0.5	1211	397	1013	2784	2.30
1990-1994	101	0.41859	0.34614	0.5	814	282	673	1772	2.18
1990-1994	102	0.44611	0.36475	0.5	532	194	435	1098	2.06
1990-1994	103	0.47395	0.38316	0.5	338	130	273	663	1.96
1990-1994	104	0.50197	0.40126	0.5	209	84	167	389	1.87
1990-1994	105	0.52997	0.41895	0.5	125	52	99	223	1.78
1990-1994	106	0.55778	0.43614	0.5	73	32	57	124	1.71
1990-1994	107	0.58524	0.45275	0.5	41	19	32	67	1.64
1990-1994	108	0.61217	0.46871	0.5	22	10	17	35	1.58
1990-1994	109	0.63844	0.48395	0.5	12	6	9	18	1.54
1990-1994	110+	0.66390	1.00000	1.51	6	6	9	9	1.51
1995-1999	0	0.00741	0.00736	0.06	100000	736	99312	7617744	76.18
1995-1999	1	0.00039	0.00039	0.5	99264	39	99244	7518433	75.74
1995-1999	2	0.00032	0.00032	0.5	99225	31	99209	7419188	74.77
1995-1999	3	0.00018	0.00018	0.5	99193	17	99185	7319979	73.80
1995-1999	4	0.00011	0.00011	0.5	99176	10	99171	7220795	72.81
1995-1999	5	0.00021	0.00021	0.5	99165	21	99155	7121624	71.82
1995-1999	6	0.00007	0.00007	0.5	99144	6	99141	7022469	70.83
1995-1999	7	0.00016	0.00016	0.5	99138	15	99130	6923328	69.84
1995-1999	8	0.00014	0.00014	0.5	99122	14	99115	6824198	68.85
1995-1999	9	0.00019	0.00019	0.5	99109	19	99099	6725083	67.86
1995-1999	10	0.00023	0.00023	0.5	99090	23	99078	6625983	66.87
1995-1999	11	0.00012	0.00012	0.5	99067	12	99061	6526905	65.88
1995-1999	12	0.00023	0.00023	0.5	99055	23	99044	6427844	64.89
1995-1999	13	0.00021	0.00021	0.5	99032	20	99022	6328800	63.91
1995-1999	14	0.00014	0.00014	0.5	99012	14	99005	6229778	62.92
1995-1999	15	0.00030	0.00030	0.5	98998	30	98983	6130773	61.93
1995-1999	16	0.00044	0.00044	0.5	98969	43	98947	6031790	60.95
1995-1999	17	0.00075	0.00075	0.5	98926	74	98889	5932843	59.97
1995-1999	18	0.00114	0.00114	0.5	98852	113	98795	5833954	59.02
1995-1999	19	0.00089	0.00089	0.5	98739	88	98695	5735159	58.08
1995-1999	20	0.00076	0.00076	0.5	98651	75	98613	5636464	57.14
1995-1999	21	0.00089	0.00089	0.5	98576	88	98532	5537851	56.18
1995-1999	22	0.00123	0.00122	0.5	98488	121	98427	5439319	55.23
1995-1999	23	0.00104	0.00104	0.5	98367	102	98316	5340892	54.30
1995-1999	24	0.00103	0.00102	0.5	98265	101	98214	5242576	53.35
1995-1999	25	0.00094	0.00094	0.5	98164	92	98118	5144361	52.41
1995-1999	26	0.00128	0.00128	0.5	98072	125	98010	5046243	51.45
1995-1999	27	0.00088	0.00088	0.5	97947	86	97904	4948234	50.52
1995-1999	28	0.00100	0.00100	0.5	97861	98	97812	4850330	49.56
1995-1999	29	0.00121	0.00121	0.5	97763	118	97704	4752518	48.61
1995-1999	30	0.00095	0.00095	0.5	97644	92	97598	4654815	47.67
1995-1999	31	0.00131	0.00131	0.5	97552	128	97488	4557217	46.72
1995-1999	32	0.00151	0.00151	0.5	97424	147	97351	4459729	45.78
1995-1999	33	0.00164	0.00164	0.5	97277	160	97197	4362378	44.84
1995-1999	34	0.00198	0.00197	0.5	97118	192	97022	4265180	43.92
1995-1999	35	0.00191	0.00191	0.5	96926	185	96834	4168159	43.00
1995-1999	36	0.00189	0.00189	0.5	96741	183	96650	4071325	42.08
1995-1999	37	0.00211	0.00210	0.5	96558	203	96457	3974675	41.16
1995-1999	38	0.00228	0.00228	0.5	96355	220	96245	3878218	40.25
1995-1999	39	0.00243	0.00243	0.5	96135	234	96019	3781973	39.34
1995-1999	40	0.00217	0.00217	0.5	95902	208	95798	3685954	38.43
1995-1999	41	0.00275	0.00275	0.5	95694	263	95563	3590156	37.52
1995-1999	42	0.00252	0.00252	0.5	95431	241	95311	3494594	36.62
1995-1999	43	0.00316	0.00316	0.5	95190	300	95040	3399283	35.71
1995-1999	44	0.00327	0.00326	0.5	94890	310	94735	3304243	34.82
1995-1999	45	0.00335	0.00335	0.5	94581	317	94422	3209507	33.93
1995-1999	46	0.00372	0.00371	0.5	94264	350	94089	3115085	33.05
1995-1999	47	0.00389	0.00388	0.5	93914	364	93732	3020996	32.17
1995-1999	48	0.00403	0.00403	0.5	93550	377	93361	2927265	31.29
1995-1999	49	0.00499	0.00498	0.5	93173	464	92941	2833903	30.42
1995-1999	50	0.00458	0.00457	0.5	92709	423	92498	2740962	29.57
1995-1999	51	0.00576	0.00575	0.5	92286	530	92021	2648464	28.70
1995-1999	52	0.00567	0.00566	0.5	91756	519	91496	2556443	27.86
1995-1999	53	0.00648	0.00646	0.5	91237	589	90942	2464947	27.02
1995-1999	54	0.00533	0.00532	0.5	90648	482	90407	2374005	26.19
1995-1999	55	0.00789	0.00786	0.5	90165	709	89811	2283599	25.33
1995-1999	56	0.00856	0.00852	0.5	89457	763	89075	2193788	24.52
1995-1999	57	0.00973	0.00969	0.5	88694	859	88265	2104712	23.73
1995-1999	58	0.00994	0.00989	0.5	87835	869	87401	2016448	22.96
1995-1999	59	0.01205	0.01198	0.5	86966	1041	86445	1929047	22.18
1995-1999	60	0.01117	0.01111	0.5	85925	954	85447	1842602	21.44
1995-1999	61	0.01302	0.01293	0.5	84970	1099	84421	1757154	20.68
1995-1999	62	0.01417	0.01407	0.5	83871	1180	83281	1672734	19.94
1995-1999	63	0.01271	0.01263	0.5	82691	1044	82169	1589452	19.22
1995-1999	64	0.01515	0.01503	0.5	81647	1227	81034	1507283	18.46
1995-1999	65	0.01643	0.01630	0.5	80420	1311	79765	1426249	17.74
1995-1999	66	0.01647	0.01634	0.5	79109	1293	78463	1346484	17.02
1995-1999	67	0.01945	0.01927	0.5	77817	1499	77067	1268021	16.29
1995-1999	68	0.02171	0.02148	0.5	76318	1639	75498	1190954	15.61
1995-1999	69	0.02266	0.02241	0.5	74679	1673	73842	1115456	14.94
1995-1999	70	0.02342	0.02315	0.5	73005	1690	72161	1041614	14.27
1995-1999	71	0.02779	0.02741	0.5	71316	1955	70338	969453	13.59
1995-1999	72	0.02981	0.02937	0.5	69361	2037	68342	899115	12.96
1995-1999	73	0.03237	0.03185	0.5	67324	2144	66251	830773	12.34
1995-1999	74	0.03506	0.03446	0.5	65179	2246	64056	764522	11.73
1995-1999	75	0.03543	0.03481	0.5	62933	2191	61838	700465	11.13
1995-1999	76	0.04189	0.04103	0.5	60743	2492	59497	638627	10.51
1995-1999	77	0.04468	0.04371	0.5	58251	2546	56978	579131	9.94
1995-1999	78	0.04709	0.04601	0.5	55705	2563	54423	522153	9.37
1995-1999	79	0.05528	0.05379	0.5	53142	2859	51712	467730	8.80
1995-1999	80	0.06272	0.06082	0.5	50283	3058	48754	416018	8.27
1995-1999	81	0.06976	0.06741	0.5	47225	3183	45633	367264	7.78
1995-1999	82	0.07751	0.07462	0.5	44042	3286	42398	321631	7.30
1995-1999	83	0.08605	0.08250	0.5	40755	3362	39074	279232	6.85
1995-1999	84	0.09544	0.09109	0.5	37393	3406	35690	240158	6.42
1995-1999	85	0.10573	0.10042	0.5	33987	3413	32280	204469	6.02
1995-1999	86	0.11698	0.11052	0.5	30574	3379	28884	172189	5.63
1995-1999	87	0.12926	0.12141	0.5	27195	3302	25544	143304	5.27
1995-1999	88	0.14262	0.13313	0.5	23893	3181	22303	117760	4.93
1995-1999	89	0.15711	0.14567	0.5	20712	3017	19204	95458	4.61
1995-1999	90	0.17278	0.15904	0.5	17695	2814	16288	76254	4.31
1995-1999	91	0.18966	0.17323	0.5	14881	2578	13592	59966	4.03
1995-1999	92	0.20777	0.18822	0.5	12303	2316	11145	46374	3.77
1995-1999	93	0.22713	0.20397	0.5	9987	2037	8969	35229	3.53
1995-1999	94	0.24773	0.22042	0.5	7950	1752	7074	26260	3.30
1995-1999	95	0.26954	0.23753	0.5	6198	1472	5462	19186	3.10
1995-1999	96	0.29253	0.25520	0.5	4726	1206	4123	13724	2.90
1995-1999	97	0.31663	0.27335	0.5	3520	962	3039	9601	2.73
1995-1999	98	0.34175	0.29188	0.5	2558	747	2184	6563	2.57
1995-1999	99	0.36780	0.31067	0.5	1811	563	1530	4379	2.42
1995-1999	100	0.39464	0.32960	0.5	1248	411	1043	2849	2.28
1995-1999	101	0.42213	0.34856	0.5	837	292	691	1806	2.16
1995-1999	102	0.45011	0.36742	0.5	545	200	445	1115	2.04
1995-1999	103	0.47841	0.38606	0.5	345	133	278	670	1.94
1995-1999	104	0.50685	0.40438	0.5	212	86	169	392	1.85
1995-1999	105	0.53525	0.42225	0.5	126	53	99	223	1.77
1995-1999	106	0.56342	0.43959	0.5	73	32	57	123	1.69
1995-1999	107	0.59119	0.45631	0.5	41	19	32	66	1.62
1995-1999	108	0.61839	0.47234	0.5	22	10	17	35	1.57
1995-1999	109	0.64486	0.48763	0.5	12	6	9	18	1.52
1995-1999	110+	0.67048	1.00000	1.49	6	6	9	9	1.49
2000-2004	0	0.00830	0.00824	0.07	100000	824	99232	7703700	77.04
2000-2004	1	0.00065	0.00065	0.5	99176	65	99144	7604468	76.68
2000-2004	2	0.00025	0.00025	0.5	99111	25	99099	7505325	75.73
2000-2004	3	0.00025	0.00025	0.5	99087	25	99074	7406226	74.75
2000-2004	4	0.00018	0.00018	0.5	99062	18	99053	7307152	73.76
2000-2004	5	0.00003	0.00003	0.5	99044	2	99043	7208099	72.78
2000-2004	6	0.00010	0.00010	0.5	99042	10	99037	7109056	71.78
2000-2004	7	0.00012	0.00012	0.5	99032	12	99026	7010020	70.79
2000-2004	8	0.00005	0.00005	0.5	99020	5	99018	6910994	69.79
2000-2004	9	0.00021	0.00021	0.5	99015	20	99005	6811976	68.80
2000-2004	10	0.00007	0.00007	0.5	98995	7	98991	6712971	67.81
2000-2004	11	0.00011	0.00011	0.5	98988	11	98983	6613980	66.82
2000-2004	12	0.00018	0.00018	0.5	98977	18	98968	6514997	65.82
2000-2004	13	0.00025	0.00025	0.5	98959	25	98947	6416029	64.84
2000-2004	14	0.00030	0.00030	0.5	98934	30	98919	6317083	63.85
2000-2004	15	0.00038	0.00038	0.5	98904	37	98886	6218163	62.87
2000-2004	16	0.00047	0.00047	0.5	98867	47	98844	6119278	61.89
2000-2004	17	0.00064	0.00063	0.5	98821	63	98789	6020434	60.92
2000-2004	18	0.00082	0.00081	0.5	98758	80	98718	5921645	59.96
2000-2004	19	0.00101	0.00100	0.5	98677	99	98628	5822927	59.01
2000-2004	20	0.00078	0.00078	0.5	98578	77	98540	5724299	58.07
2000-2004	21	0.00117	0.00116	0.5	98501	115	98444	5625759	57.11
2000-2004	22	0.00091	0.00091	0.5	98387	89	98342	5527315	56.18
2000-2004	23	0.00086	0.00086	0.5	98297	85	98255	5428973	55.23
2000-2004	24	0.00085	0.00085	0.5	98213	83	98171	5330718	54.28
2000-2004	25	0.00065	0.00065	0.5	98129	63	98098	5232547	53.32
2000-2004	26	0.00103	0.00103	0.5	98066	101	98016	5134450	52.36
2000-2004	27	0.00097	0.00097	0.5	97965	95	97918	5036434	51.41
2000-2004	28	0.00091	0.00091	0.5	97870	89	97826	4938516	50.46
2000-2004	29	0.00085	0.00085	0.5	97782	83	97740	4840690	49.50
2000-2004	30	0.00115	0.00115	0.5	97699	113	97642	4742950	48.55
2000-2004	31	0.00126	0.00126	0.5	97586	123	97524	4645308	47.60
2000-2004	32	0.00096	0.00096	0.5	97463	94	97416	4547783	46.66
2000-2004	33	0.00157	0.00157	0.5	97369	152	97293	4450367	45.71
2000-2004	34	0.00126	0.00126	0.5	97217	122	97156	4353074	44.78
2000-2004	35	0.00126	0.00126	0.5	97094	123	97033	4255919	43.83
2000-2004	36	0.00148	0.00148	0.5	96972	143	96900	4158885	42.89
2000-2004	37	0.00164	0.00164	0.5	96828	159	96749	4061985	41.95
2000-2004	38	0.00188	0.00188	0.5	96670	182	96579	3965236	41.02
2000-2004	39	0.00217	0.00217	0.5	96488	209	96383	3868658	40.09
2000-2004	40	0.00178	0.00177	0.5	96279	171	96193	3772274	39.18
2000-2004	41	0.00225	0.00225	0.5	96108	216	95999	3676081	38.25
2000-2004	42	0.00258	0.00258	0.5	95891	247	95768	3580082	37.33
2000-2004	43	0.00288	0.00288	0.5	95644	275	95506	3484314	36.43
2000-2004	44	0.00316	0.00316	0.5	95369	301	95218	3388808	35.53
2000-2004	45	0.00379	0.00378	0.5	95067	360	94887	3293590	34.64
2000-2004	46	0.00338	0.00337	0.5	94708	319	94548	3198703	33.77
2000-2004	47	0.00444	0.00443	0.5	94388	418	94179	3104155	32.89
2000-2004	48	0.00440	0.00439	0.5	93970	412	93764	3009975	32.03
2000-2004	49	0.00452	0.00451	0.5	93558	422	93347	2916211	31.17
2000-2004	50	0.00496	0.00494	0.5	93136	460	92906	2822864	30.31
2000-2004	51	0.00456	0.00455	0.5	92676	422	92465	2729959	29.46
2000-2004	52	0.00611	0.00609	0.5	92254	562	91973	2637494	28.59
2000-2004	53	0.00524	0.00523	0.5	91692	480	91453	2545521	27.76
2000-2004	54	0.00567	0.00565	0.5	91213	516	90955	2454068	26.90
2000-2004	55	0.00617	0.00615	0.5	90697	558	90418	2363113	26.05
2000-2004	56	0.00672	0.00670	0.5	90139	604	89837	2272695	25.21
2000-2004	57	0.00805	0.00801	0.5	89535	717	89176	2182858	24.38
2000-2004	58	0.00908	0.00904	0.5	88818	803	88416	2093681	23.57
2000-2004	59	0.00885	0.00881	0.5	88015	775	87627	2005265	22.78
2000-2004	60	0.01027	0.01022	0.5	87240	891	86794	1917638	21.98
2000-2004	61	0.01181	0.01174	0.5	86348	1014	85841	1830844	21.20
2000-2004	62	0.01167	0.01160	0.5	85335	990	84840	1745002	20.45
2000-2004	63	0.01276	0.01268	0.5	84345	1070	83810	1660162	19.68
2000-2004	64	0.01462	0.01451	0.5	83275	1209	82671	1576353	18.93
2000-2004	65	0.01570	0.01558	0.5	82066	1278	81427	1493682	18.20
2000-2004	66	0.01635	0.01622	0.5	80788	1310	80133	1412255	17.48
2000-2004	67	0.01760	0.01745	0.5	79478	1387	78785	1332122	16.76
2000-2004	68	0.01792	0.01776	0.5	78091	1387	77398	1253337	16.05
2000-2004	69	0.02052	0.02031	0.5	76705	1558	75926	1175939	15.33
2000-2004	70	0.02129	0.02106	0.5	75147	1583	74355	1100014	14.64
2000-2004	71	0.02481	0.02450	0.5	73564	1803	72663	1025658	13.94
2000-2004	72	0.02632	0.02598	0.5	71762	1865	70829	952995	13.28
2000-2004	73	0.02997	0.02953	0.5	69897	2064	68865	882166	12.62
2000-2004	74	0.03007	0.02962	0.5	67833	2010	66828	813301	11.99
2000-2004	75	0.03386	0.03330	0.5	65824	2192	64728	746472	11.34
2000-2004	76	0.03790	0.03720	0.5	63632	2367	62448	681745	10.71
2000-2004	77	0.04284	0.04194	0.5	61265	2569	59980	619297	10.11
2000-2004	78	0.04722	0.04613	0.5	58695	2708	57342	559316	9.53
2000-2004	79	0.04837	0.04723	0.5	55988	2644	54666	501975	8.97
2000-2004	80	0.05836	0.05670	0.5	53344	3025	51831	447309	8.39
2000-2004	81	0.06548	0.06341	0.5	50319	3191	48724	395478	7.86
2000-2004	82	0.07341	0.07081	0.5	47128	3337	45460	346754	7.36
2000-2004	83	0.08222	0.07897	0.5	43791	3458	42062	301295	6.88
2000-2004	84	0.09198	0.08793	0.5	40333	3547	38559	259233	6.43
2000-2004	85	0.10276	0.09774	0.5	36786	3595	34988	220674	6.00
2000-2004	86	0.11465	0.10843	0.5	33191	3599	31391	185685	5.59
2000-2004	87	0.12772	0.12005	0.5	29592	3553	27815	154294	5.21
2000-2004	88	0.14204	0.13262	0.5	26039	3453	24313	126478	4.86
2000-2004	89	0.15768	0.14615	0.5	22586	3301	20935	102166	4.52
2000-2004	90	0.17468	0.16065	0.5	19285	3098	17736	81231	4.21
2000-2004	91	0.19310	0.17610	0.5	16187	2850	14762	63495	3.92
2000-2004	92	0.21296	0.19247	0.5	13336	2567	12053	48733	3.65
2000-2004	93	0.23428	0.20971	0.5	10769	2258	9640	36680	3.41
2000-2004	94	0.25702	0.22775	0.5	8511	1938	7542	27040	3.18
2000-2004	95	0.28117	0.24651	0.5	6573	1620	5762	19498	2.97
2000-2004	96	0.30665	0.26588	0.5	4952	1317	4294	13736	2.77
2000-2004	97	0.33336	0.28573	0.5	3636	1039	3116	9442	2.60
2000-2004	98	0.36119	0.30594	0.5	2597	794	2200	6326	2.44
2000-2004	99	0.38999	0.32635	0.5	1802	588	1508	4126	2.29
2000-2004	100	0.41957	0.34681	0.5	1214	421	1004	2618	2.16
2000-2004	101	0.44974	0.36717	0.5	793	291	647	1614	2.04
2000-2004	102	0.48029	0.38728	0.5	502	194	405	967	1.93
2000-2004	103	0.51098	0.40700	0.5	308	125	245	562	1.83
2000-2004	104	0.54159	0.42618	0.5	182	78	143	317	1.74
2000-2004	105	0.57189	0.44473	0.5	105	47	81	174	1.66
2000-2004	106	0.60166	0.46252	0.5	58	27	45	92	1.59
2000-2004	107	0.63070	0.47949	0.5	31	15	24	48	1.53
2000-2004	108	0.65882	0.49558	0.5	16	8	12	24	1.47
2000-2004	109	0.68587	0.51072	0.5	8	4	6	12	1.43
2000-2004	110+	0.71171	1.00000	1.41	4	4	6	6	1.41
2005-2009	0	0.00692	0.00688	0.06	100000	688	99356	7764291	77.64
2005-2009	1	0.00060	0.00060	0.5	99312	60	99282	7664935	77.18
2005-2009	2	0.00023	0.00023	0.5	99252	23	99241	7565653	76.23
2005-2009	3	0.00028	0.00028	0.5	99229	27	99216	7466412	75.24
2005-2009	4	0.00021	0.00021	0.5	99202	21	99192	7367197	74.26
2005-2009	5	0.00020	0.00020	0.5	99181	20	99171	7268005	73.28
2005-2009	6	0.00010	0.00010	0.5	99161	10	99156	7168834	72.29
2005-2009	7	0.00007	0.00007	0.5	99151	7	99147	7069678	71.30
2005-2009	8	0.00015	0.00015	0.5	99144	15	99136	6970530	70.31
2005-2009	9	0.00017	0.00017	0.5	99129	17	99120	6871394	69.32
2005-2009	10	0.00019	0.00019	0.5	99112	19	99102	6772274	68.33
2005-2009	11	0.00026	0.00026	0.5	99093	26	99080	6673172	67.34
2005-2009	12	0.00009	0.00009	0.5	99067	9	99062	6574092	66.36
2005-2009	13	0.00007	0.00007	0.5	99058	7	99054	6475030	65.37
2005-2009	14	0.00023	0.00023	0.5	99051	22	99040	6375975	64.37
2005-2009	15	0.00033	0.00033	0.5	99029	33	99012	6276935	63.38
2005-2009	16	0.00042	0.00042	0.5	98996	42	98975	6177923	62.41
2005-2009	17	0.00058	0.00058	0.5	98954	58	98925	6078948	61.43
2005-2009	18	0.00064	0.00064	0.5	98896	63	98865	5980023	60.47
2005-2009	19	0.00099	0.00099	0.5	98833	98	98784	5881158	59.51
2005-2009	20	0.00069	0.00069	0.5	98735	68	98701	5782374	58.56
2005-2009	21	0.00094	0.00094	0.5	98667	93	98620	5683673	57.60
2005-2009	22	0.00072	0.00072	0.5	98574	71	98538	5585053	56.66
2005-2009	23	0.00118	0.00118	0.5	98503	116	98445	5486514	55.70
2005-2009	24	0.00074	0.00074	0.5	98387	73	98350	5388070	54.76
2005-2009	25	0.00078	0.00078	0.5	98314	77	98275	5289720	53.80
2005-2009	26	0.00095	0.00095	0.5	98237	93	98190	5191444	52.85
2005-2009	27	0.00105	0.00105	0.5	98144	103	98092	5093254	51.90
2005-2009	28	0.00117	0.00117	0.5	98040	115	97983	4995162	50.95
2005-2009	29	0.00103	0.00103	0.5	97925	101	97875	4897179	50.01
2005-2009	30	0.00097	0.00097	0.5	97824	95	97777	4799304	49.06
2005-2009	31	0.00144	0.00144	0.5	97729	140	97659	4701527	48.11
2005-2009	32	0.00100	0.00100	0.5	97589	98	97540	4603868	47.18
2005-2009	33	0.00169	0.00169	0.5	97491	165	97409	4506328	46.22
2005-2009	34	0.00143	0.00143	0.5	97326	139	97256	4408919	45.30
2005-2009	35	0.00169	0.00169	0.5	97187	164	97105	4311663	44.36
2005-2009	36	0.00158	0.00158	0.5	97022	153	96946	4214558	43.44
2005-2009	37	0.00150	0.00150	0.5	96869	145	96797	4117612	42.51
2005-2009	38	0.00190	0.00189	0.5	96725	183	96633	4020815	41.57
2005-2009	39	0.00167	0.00167	0.5	96541	161	96461	3924182	40.65
2005-2009	40	0.00173	0.00173	0.5	96380	167	96297	3827722	39.71
2005-2009	41	0.00230	0.00229	0.5	96213	221	96103	3731425	38.78
2005-2009	42	0.00241	0.00241	0.5	95993	231	95877	3635322	37.87
2005-2009	43	0.00281	0.00281	0.5	95762	269	95627	3539445	36.96
2005-2009	44	0.00289	0.00288	0.5	95493	275	95355	3443818	36.06
2005-2009	45	0.00328	0.00327	0.5	95217	312	95061	3348463	35.17
2005-2009	46	0.00376	0.00375	0.5	94905	356	94727	3253402	34.28
2005-2009	47	0.00438	0.00437	0.5	94549	413	94343	3158675	33.41
2005-2009	48	0.00380	0.00380	0.5	94136	358	93957	3064332	32.55
2005-2009	49	0.00485	0.00484	0.5	93779	453	93552	2970375	31.67
2005-2009	50	0.00472	0.00471	0.5	93325	440	93105	2876823	30.83
2005-2009	51	0.00506	0.00504	0.5	92885	468	92651	2783717	29.97
2005-2009	52	0.00652	0.00650	0.5	92417	600	92117	2691066	29.12
2005-2009	53	0.00615	0.00613	0.5	91817	563	91535	2598949	28.31
2005-2009	54	0.00562	0.00560	0.5	91254	511	90998	2507414	27.48
2005-2009	55	0.00672	0.00670	0.5	90742	608	90438	2416416	26.63
2005-2009	56	0.00784	0.00781	0.5	90135	704	89782	2325978	25.81
2005-2009	57	0.00748	0.00745	0.5	89430	666	89097	2236196	25.00
2005-2009	58	0.00836	0.00833	0.5	88764	739	88394	2147098	24.19
2005-2009	59	0.00931	0.00927	0.5	88025	816	87617	2058704	23.39
2005-2009	60	0.00958	0.00954	0.5	87209	832	86793	1971087	22.60
2005-2009	61	0.01029	0.01023	0.5	86377	884	85935	1884294	21.81
2005-2009	62	0.01089	0.01083	0.5	85493	926	85030	1798359	21.04
2005-2009	63	0.01104	0.01097	0.5	84567	928	84103	1713329	20.26
2005-2009	64	0.01343	0.01334	0.5	83639	1116	83081	1629226	19.48
2005-2009	65	0.01430	0.01420	0.5	82523	1172	81937	1546145	18.74
2005-2009	66	0.01518	0.01506	0.5	81351	1225	80739	1464208	18.00
2005-2009	67	0.01726	0.01712	0.5	80126	1371	79440	1383469	17.27
2005-2009	68	0.01867	0.01849	0.5	78755	1456	78026	1304029	16.56
2005-2009	69	0.02042	0.02022	0.5	77298	1563	76517	1226002	15.86
2005-2009	70	0.02016	0.01996	0.5	75735	1511	74980	1149486	15.18
2005-2009	71	0.02345	0.02317	0.5	74224	1720	73364	1074506	14.48
2005-2009	72	0.02258	0.02233	0.5	72504	1619	71694	1001142	13.81
2005-2009	73	0.02503	0.02472	0.5	70885	1752	70009	929448	13.11
2005-2009	74	0.02898	0.02857	0.5	69133	1975	68145	859439	12.43
2005-2009	75	0.03122	0.03074	0.5	67158	2064	66125	791294	11.78
2005-2009	76	0.03399	0.03342	0.5	65093	2176	64005	725169	11.14
2005-2009	77	0.03784	0.03714	0.5	62918	2337	61749	661163	10.51
2005-2009	78	0.04535	0.04434	0.5	60581	2686	59238	599414	9.89
2005-2009	79	0.04727	0.04618	0.5	57895	2674	56558	540176	9.33
2005-2009	80	0.05225	0.05092	0.5	55221	2812	53815	483618	8.76
2005-2009	81	0.05899	0.05730	0.5	52409	3003	50908	429803	8.20
2005-2009	82	0.06653	0.06439	0.5	49406	3181	47815	378896	7.67
2005-2009	83	0.07496	0.07225	0.5	46225	3340	44555	331080	7.16
2005-2009	84	0.08436	0.08095	0.5	42885	3471	41149	286525	6.68
2005-2009	85	0.09482	0.09053	0.5	39413	3568	37629	245376	6.23
2005-2009	86	0.10643	0.10105	0.5	35845	3622	34034	207747	5.80
2005-2009	87	0.11926	0.11255	0.5	32223	3627	30410	173712	5.39
2005-2009	88	0.13342	0.12508	0.5	28596	3577	26808	143302	5.01
2005-2009	89	0.14897	0.13865	0.5	25020	3469	23285	116494	4.66
2005-2009	90	0.16599	0.15327	0.5	21551	3303	19899	93209	4.33
2005-2009	91	0.18453	0.16894	0.5	18248	3083	16706	73310	4.02
2005-2009	92	0.20463	0.18564	0.5	15165	2815	13757	56604	3.73
2005-2009	93	0.22632	0.20331	0.5	12350	2511	11094	42846	3.47
2005-2009	94	0.24958	0.22189	0.5	9839	2183	8747	31752	3.23
2005-2009	95	0.27438	0.24128	0.5	7656	1847	6732	23005	3.00
2005-2009	96	0.30066	0.26137	0.5	5809	1518	5049	16272	2.80
2005-2009	97	0.32832	0.28203	0.5	4290	1210	3685	11223	2.62
2005-2009	98	0.35723	0.30309	0.5	3080	934	2614	7538	2.45
2005-2009	99	0.38721	0.32441	0.5	2147	696	1799	4924	2.29
2005-2009	100	0.41807	0.34579	0.5	1450	502	1200	3125	2.16
2005-2009	101	0.44959	0.36708	0.5	949	348	775	1926	2.03
2005-2009	102	0.48152	0.38808	0.5	601	233	484	1151	1.92
2005-2009	103	0.51360	0.40866	0.5	367	150	292	667	1.82
2005-2009	104	0.54557	0.42864	0.5	217	93	171	375	1.73
2005-2009	105	0.57716	0.44791	0.5	124	56	96	204	1.64
2005-2009	106	0.60814	0.46634	0.5	69	32	53	108	1.57
2005-2009	107	0.63827	0.48386	0.5	37	18	28	55	1.51
2005-2009	108	0.66735	0.50038	0.5	19	9	14	27	1.46
2005-2009	109	0.69521	0.51589	0.5	9	5	7	13	1.41
2005-2009	110+	0.72171	1.00000	1.39	5	5	6	6	1.39
2010-2014	0	0.00605	0.00601	0.06	100000	601	99435	7844732	78.45
2010-2014	1	0.00034	0.00034	0.5	99399	34	99382	7745296	77.92
2010-2014	2	0.00021	0.00021	0.5	99365	21	99354	7645914	76.95
2010-2014	3	0.00024	0.00024	0.5	99344	24	99332	7546560	75.96
2010-2014	4	0.00022	0.00022	0.5	99320	22	99309	7447229	74.98
2010-2014	5	0.00002	0.00002	0.5	99298	2	99297	7347920	74.00
2010-2014	6	0.00014	0.00014	0.5	99296	14	99289	7248623	73.00
2010-2014	7	0.00007	0.00007	0.5	99282	7	99279	7149334	72.01
2010-2014	8	0.00014	0.00014	0.5	99275	14	99268	7050056	71.02
2010-2014	9	0.00014	0.00014	0.5	99261	14	99254	6950787	70.03
2010-2014	10	0.00019	0.00019	0.5	99247	19	99238	6851533	69.03
2010-2014	11	0.00005	0.00005	0.5	99229	5	99226	6752295	68.05
2010-2014	12	0.00012	0.00012	0.5	99224	12	99218	6653068	67.05
2010-2014	13	0.00010	0.00010	0.5	99212	10	99208	6553850	66.06
2010-2014	14	0.00024	0.00024	0.5	99203	24	99191	6454643	65.07
2010-2014	15	0.00022	0.00022	0.5	99179	21	99168	6355452	64.08
2010-2014	16	0.00041	0.00041	0.5	99158	40	99137	6256284	63.09
2010-2014	17	0.00066	0.00066	0.5	99117	65	99085	6157146	62.12
2010-2014	18	0.00055	0.00055	0.5	99052	54	99025	6058062	61.16
2010-2014	19	0.00077	0.00077	0.5	98998	76	98959	5959037	60.19
2010-2014	20	0.00114	0.00114	0.5	98921	113	98865	5860078	59.24
2010-2014	21	0.00089	0.00089	0.5	98808	88	98764	5761213	58.31
2010-2014	22	0.00088	0.00088	0.5	98721	87	98677	5662448	57.36
2010-2014	23	0.00104	0.00104	0.5	98633	103	98582	5563772	56.41
2010-2014	24	0.00083	0.00083	0.5	98531	82	98490	5465190	55.47
2010-2014	25	0.00092	0.00092	0.5	98449	90	98403	5366700	54.51
2010-2014	26	0.00122	0.00122	0.5	98358	120	98298	5268297	53.56
2010-2014	27	0.00083	0.00083	0.5	98238	81	98197	5169998	52.63
2010-2014	28	0.00107	0.00107	0.5	98157	105	98104	5071801	51.67
2010-2014	29	0.00106	0.00106	0.5	98052	103	98000	4973697	50.73
2010-2014	30	0.00105	0.00105	0.5	97948	103	97897	4875696	49.78
2010-2014	31	0.00118	0.00118	0.5	97845	115	97788	4777799	48.83
2010-2014	32	0.00132	0.00132	0.5	97730	129	97666	4680012	47.89
2010-2014	33	0.00121	0.00121	0.5	97601	118	97542	4582346	46.95
2010-2014	34	0.00128	0.00128	0.5	97483	125	97421	4484804	46.01
2010-2014	35	0.00131	0.00131	0.5	97359	127	97295	4387383	45.06
2010-2014	36	0.00171	0.00171	0.5	97231	166	97148	4290088	44.12
2010-2014	37	0.00185	0.00185	0.5	97065	180	96975	4192940	43.20
2010-2014	38	0.00179	0.00178	0.5	96885	173	96799	4095965	42.28
2010-2014	39	0.00208	0.00208	0.5	96712	201	96612	3999166	41.35
2010-2014	40	0.00211	0.00211	0.5	96511	203	96410	3902555	40.44
2010-2014	41	0.00212	0.00211	0.5	96308	204	96206	3806145	39.52
2010-2014	42	0.00210	0.00210	0.5	96105	202	96004	3709939	38.60
2010-2014	43	0.00247	0.00247	0.5	95903	237	95784	3613935	37.68
2010-2014	44	0.00253	0.00252	0.5	95666	241	95545	3518151	36.78
2010-2014	45	0.00276	0.00276	0.5	95424	263	95293	3422606	35.87
2010-2014	46	0.00353	0.00353	0.5	95162	336	94994	3327313	34.96
2010-2014	47	0.00350	0.00350	0.5	94826	332	94660	3232319	34.09
2010-2014	48	0.00460	0.00459	0.5	94494	434	94277	3137659	33.20
2010-2014	49	0.00415	0.00414	0.5	94060	389	93866	3043382	32.36
2010-2014	50	0.00421	0.00420	0.5	93671	393	93474	2949516	31.49
2010-2014	51	0.00482	0.00481	0.5	93278	448	93054	2856042	30.62
2010-2014	52	0.00533	0.00532	0.5	92829	493	92583	2762988	29.76
2010-2014	53	0.00581	0.00580	0.5	92336	535	92068	2670405	28.92
2010-2014	54	0.00716	0.00713	0.5	91801	655	91473	2578337	28.09
2010-2014	55	0.00695	0.00693	0.5	91146	631	90830	2486864	27.28
2010-2014	56	0.00763	0.00760	0.5	90514	688	90171	2396034	26.47
2010-2014	57	0.00714	0.00711	0.5	89827	639	89507	2305863	25.67
2010-2014	58	0.00870	0.00866	0.5	89188	773	88801	2216356	24.85
2010-2014	59	0.00932	0.00928	0.5	88415	820	88005	2127555	24.06
2010-2014	60	0.01002	0.00997	0.5	87595	873	87158	2039550	23.28
2010-2014	61	0.01100	0.01094	0.5	86722	948	86247	1952392	22.51
2010-2014	62	0.01000	0.00995	0.5	85773	854	85346	1866144	21.76
2010-2014	63	0.01099	0.01093	0.5	84919	928	84455	1780798	20.97
2010-2014	64	0.01286	0.01277	0.5	83991	1073	83455	1696342	20.20
2010-2014	65	0.01274	0.01266	0.5	82918	1050	82394	1612887	19.45
2010-2014	66	0.01479	0.01469	0.5	81869	1202	81267	1530494	18.69
2010-2014	67	0.01553	0.01541	0.5	80666	1243	80045	1449226	17.97
2010-2014	68	0.01588	0.01575	0.5	79423	1251	78798	1369182	17.24
2010-2014	69	0.01935	0.01917	0.5	78172	1498	77423	1290384	16.51
2010-2014	70	0.01912	0.01894	0.5	76674	1452	75947	1212961	15.82
2010-2014	71	0.02026	0.02006	0.5	75221	1509	74467	1137014	15.12
2010-2014	72	0.02145	0.02122	0.5	73713	1564	72931	1062547	14.41
2010-2014	73	0.02452	0.02423	0.5	72149	1748	71275	989616	13.72
2010-2014	74	0.02633	0.02598	0.5	70401	1829	69486	918342	13.04
2010-2014	75	0.03030	0.02985	0.5	68571	2047	67548	848856	12.38
2010-2014	76	0.02897	0.02856	0.5	66525	1900	65575	781308	11.74
2010-2014	77	0.03473	0.03414	0.5	64625	2206	63522	715733	11.08
2010-2014	78	0.03863	0.03790	0.5	62419	2366	61236	652211	10.45
2010-2014	79	0.04347	0.04255	0.5	60053	2555	58775	590975	9.84
2010-2014	80	0.04515	0.04416	0.5	57498	2539	56228	532200	9.26
2010-2014	81	0.05136	0.05007	0.5	54959	2752	53583	475972	8.66
2010-2014	82	0.05836	0.05670	0.5	52207	2960	50727	422389	8.09
2010-2014	83	0.06625	0.06412	0.5	49247	3158	47668	371662	7.55
2010-2014	84	0.07512	0.07240	0.5	46089	3337	44421	323994	7.03
2010-2014	85	0.08507	0.08159	0.5	42752	3488	41008	279574	6.54
2010-2014	86	0.09620	0.09178	0.5	39264	3604	37462	238566	6.08
2010-2014	87	0.10861	0.10302	0.5	35660	3674	33823	201104	5.64
2010-2014	88	0.12241	0.11535	0.5	31987	3690	30142	167280	5.23
2010-2014	89	0.13769	0.12882	0.5	28297	3645	26474	137139	4.85
2010-2014	90	0.15454	0.14346	0.5	24652	3536	22883	110664	4.49
2010-2014	91	0.17305	0.15927	0.5	21115	3363	19434	87781	4.16
2010-2014	92	0.19326	0.17623	0.5	17752	3128	16188	68347	3.85
2010-2014	93	0.21521	0.19430	0.5	14624	2841	13203	52159	3.57
2010-2014	94	0.23893	0.21343	0.5	11782	2515	10525	38956	3.31
2010-2014	95	0.26437	0.23350	0.5	9268	2164	8186	28431	3.07
2010-2014	96	0.29149	0.25441	0.5	7104	1807	6200	20245	2.85
2010-2014	97	0.32018	0.27599	0.5	5296	1462	4566	14045	2.65
2010-2014	98	0.35029	0.29808	0.5	3835	1143	3263	9479	2.47
2010-2014	99	0.38165	0.32049	0.5	2692	863	2260	6216	2.31
2010-2014	100	0.41403	0.34302	0.5	1829	627	1515	3956	2.16
2010-2014	101	0.44716	0.36545	0.5	1202	439	982	2441	2.03
2010-2014	102	0.48078	0.38760	0.5	762	296	615	1459	1.91
2010-2014	103	0.51456	0.40927	0.5	467	191	371	844	1.81
2010-2014	104	0.54822	0.43028	0.5	276	119	216	473	1.71
2010-2014	105	0.58144	0.45048	0.5	157	71	122	256	1.63
2010-2014	106	0.61394	0.46974	0.5	86	41	66	134	1.56
2010-2014	107	0.64545	0.48797	0.5	46	22	35	68	1.49
2010-2014	108	0.67575	0.50509	0.5	23	12	18	34	1.44
2010-2014	109	0.70464	0.52106	0.5	12	6	9	16	1.39
2010-2014	110+	0.73198	1.00000	1.37	6	6	8	8	1.37
2015-2019	0	0.00652	0.00648	0.06	100000	648	99392	7858574	78.59
2015-2019	1	0.00055	0.00055	0.5	99352	55	99324	7759182	78.10
2015-2019	2	0.00017	0.00017	0.5	99297	17	99289	7659857	77.14
2015-2019	3	0.00017	0.00017	0.5	99280	17	99271	7560569	76.15
2015-2019	4	0.00013	0.00013	0.5	99263	13	99256	7461297	75.17
2015-2019	5	0.00013	0.00013	0.5	99250	13	99243	7362041	74.18
2015-2019	6	0.00013	0.00013	0.5	99237	13	99230	7262798	73.19
2015-2019	7	0.00018	0.00018	0.5	99224	18	99215	7163567	72.20
2015-2019	8	0.00005	0.00005	0.5	99206	5	99204	7064353	71.21
2015-2019	9	0.00012	0.00012	0.5	99201	12	99196	6965149	70.21
2015-2019	10	0.00007	0.00007	0.5	99190	7	99186	6865953	69.22
2015-2019	11	0.00026	0.00026	0.5	99183	26	99170	6766767	68.23
2015-2019	12	0.00019	0.00019	0.5	99157	19	99148	6667597	67.24
2015-2019	13	0.00019	0.00019	0.5	99138	19	99129	6568449	66.26
2015-2019	14	0.00024	0.00024	0.5	99119	24	99107	6469320	65.27
2015-2019	15	0.00027	0.00027	0.5	99095	27	99082	6370213	64.28
2015-2019	16	0.00052	0.00052	0.5	99069	52	99043	6271131	63.30
2015-2019	17	0.00033	0.00033	0.5	99017	32	99001	6172088	62.33
2015-2019	18	0.00092	0.00092	0.5	98985	91	98939	6073087	61.35
2015-2019	19	0.00089	0.00089	0.5	98894	88	98850	5974148	60.41
2015-2019	20	0.00077	0.00077	0.5	98806	76	98768	5875298	59.46
2015-2019	21	0.00102	0.00102	0.5	98730	101	98680	5776530	58.51
2015-2019	22	0.00071	0.00071	0.5	98629	70	98594	5677851	57.57
2015-2019	23	0.00102	0.00102	0.5	98559	100	98509	5579257	56.61
2015-2019	24	0.00100	0.00100	0.5	98459	99	98409	5480748	55.67
2015-2019	25	0.00090	0.00090	0.5	98360	89	98316	5382338	54.72
2015-2019	26	0.00119	0.00119	0.5	98272	117	98213	5284023	53.77
2015-2019	27	0.00109	0.00109	0.5	98155	107	98102	5185809	52.83
2015-2019	28	0.00131	0.00131	0.5	98048	128	97984	5087708	51.89
2015-2019	29	0.00107	0.00107	0.5	97920	105	97868	4989723	50.96
2015-2019	30	0.00131	0.00131	0.5	97815	128	97751	4891855	50.01
2015-2019	31	0.00132	0.00132	0.5	97687	128	97623	4794104	49.08
2015-2019	32	0.00134	0.00134	0.5	97559	131	97493	4696481	48.14
2015-2019	33	0.00131	0.00131	0.5	97428	128	97364	4598988	47.20
2015-2019	34	0.00126	0.00126	0.5	97300	122	97239	4501624	46.27
2015-2019	35	0.00158	0.00158	0.5	97178	153	97102	4404385	45.32
2015-2019	36	0.00185	0.00185	0.5	97025	179	96935	4307283	44.39
2015-2019	37	0.00191	0.00191	0.5	96846	185	96754	4210348	43.47
2015-2019	38	0.00189	0.00189	0.5	96661	183	96570	4113594	42.56
2015-2019	39	0.00202	0.00202	0.5	96478	195	96381	4017025	41.64
2015-2019	40	0.00191	0.00191	0.5	96283	184	96191	3920644	40.72
2015-2019	41	0.00237	0.00236	0.5	96099	227	95986	3824453	39.80
2015-2019	42	0.00248	0.00248	0.5	95872	238	95753	3728467	38.89
2015-2019	43	0.00255	0.00255	0.5	95634	244	95512	3632714	37.99
2015-2019	44	0.00246	0.00245	0.5	95390	234	95273	3537201	37.08
2015-2019	45	0.00288	0.00288	0.5	95156	274	95019	3441928	36.17
2015-2019	46	0.00304	0.00303	0.5	94883	288	94739	3346909	35.27
2015-2019	47	0.00379	0.00378	0.5	94595	358	94416	3252170	34.38
2015-2019	48	0.00406	0.00405	0.5	94237	381	94046	3157754	33.51
2015-2019	49	0.00409	0.00408	0.5	93856	383	93664	3063707	32.64
2015-2019	50	0.00442	0.00441	0.5	93473	412	93267	2970043	31.77
2015-2019	51	0.00536	0.00534	0.5	93061	497	92812	2876776	30.91
2015-2019	52	0.00541	0.00540	0.5	92563	500	92313	2783964	30.08
2015-2019	53	0.00588	0.00586	0.5	92064	539	91794	2691651	29.24
2015-2019	54	0.00666	0.00664	0.5	91524	608	91220	2599857	28.41
2015-2019	55	0.00715	0.00712	0.5	90916	647	90593	2508637	27.59
2015-2019	56	0.00709	0.00707	0.5	90269	638	89950	2418044	26.79
2015-2019	57	0.00818	0.00815	0.5	89631	730	89266	2328094	25.97
2015-2019	58	0.00856	0.00852	0.5	88901	758	88522	2238829	25.18
2015-2019	59	0.00937	0.00933	0.5	88143	822	87732	2150307	24.40
2015-2019	60	0.01065	0.01059	0.5	87321	925	86858	2062575	23.62
2015-2019	61	0.01111	0.01105	0.5	86396	955	85918	1975717	22.87
2015-2019	62	0.01204	0.01197	0.5	85441	1022	84930	1889799	22.12
2015-2019	63	0.01251	0.01243	0.5	84419	1049	83894	1804869	21.38
2015-2019	64	0.01292	0.01283	0.5	83369	1070	82834	1720975	20.64
2015-2019	65	0.01336	0.01328	0.5	82299	1093	81753	1638141	19.90
2015-2019	66	0.01412	0.01402	0.5	81207	1139	80637	1556388	19.17
2015-2019	67	0.01504	0.01493	0.5	80068	1195	79470	1475750	18.43
2015-2019	68	0.01553	0.01541	0.5	78873	1216	78265	1396280	17.70
2015-2019	69	0.01706	0.01692	0.5	77657	1314	77000	1318015	16.97
2015-2019	70	0.01854	0.01837	0.5	76344	1403	75642	1241015	16.26
2015-2019	71	0.01975	0.01956	0.5	74941	1466	74208	1165372	15.55
2015-2019	72	0.02263	0.02238	0.5	73475	1644	72653	1091164	14.85
2015-2019	73	0.02274	0.02248	0.5	71831	1615	71023	1018511	14.18
2015-2019	74	0.02620	0.02586	0.5	70216	1816	69308	947488	13.49
2015-2019	75	0.02753	0.02715	0.5	68400	1857	67471	878181	12.84
2015-2019	76	0.03151	0.03102	0.5	66542	2064	65510	810710	12.18
2015-2019	77	0.03380	0.03324	0.5	64478	2143	63407	745199	11.56
2015-2019	78	0.03703	0.03636	0.5	62335	2266	61202	681793	10.94
2015-2019	79	0.04206	0.04120	0.5	60069	2475	58831	620591	10.33
2015-2019	80	0.03987	0.03909	0.5	57594	2252	56468	561759	9.75
2015-2019	81	0.04552	0.04451	0.5	55342	2463	54111	505291	9.13
2015-2019	82	0.05193	0.05061	0.5	52879	2676	51541	451180	8.53
2015-2019	83	0.05918	0.05747	0.5	50203	2885	48760	399639	7.96
2015-2019	84	0.06736	0.06517	0.5	47318	3084	45776	350879	7.42
2015-2019	85	0.07660	0.07377	0.5	44234	3263	42602	305103	6.90
2015-2019	86	0.08697	0.08335	0.5	40971	3415	39263	262501	6.41
2015-2019	87	0.09861	0.09397	0.5	37556	3529	35791	223238	5.94
2015-2019	88	0.11161	0.10571	0.5	34027	3597	32228	187446	5.51
2015-2019	89	0.12608	0.11860	0.5	30430	3609	28625	155218	5.10
2015-2019	90	0.14213	0.13270	0.5	26821	3559	25041	126593	4.72
2015-2019	91	0.15985	0.14802	0.5	23262	3443	21540	101552	4.37
2015-2019	92	0.17932	0.16456	0.5	19818	3261	18188	80012	4.04
2015-2019	93	0.20059	0.18230	0.5	16557	3018	15048	61824	3.73
2015-2019	94	0.22370	0.20119	0.5	13539	2724	12177	46776	3.46
2015-2019	95	0.24864	0.22114	0.5	10815	2392	9619	34600	3.20
2015-2019	96	0.27537	0.24205	0.5	8423	2039	7404	24981	2.97
2015-2019	97	0.30382	0.26375	0.5	6384	1684	5542	17577	2.75
2015-2019	98	0.33385	0.28610	0.5	4700	1345	4028	12035	2.56
2015-2019	99	0.36530	0.30888	0.5	3356	1037	2837	8006	2.39
2015-2019	100	0.39794	0.33190	0.5	2319	770	1934	5169	2.23
2015-2019	101	0.43151	0.35493	0.5	1549	550	1274	3235	2.09
2015-2019	102	0.46572	0.37775	0.5	999	378	811	1960	1.96
2015-2019	103	0.50025	0.40016	0.5	622	249	497	1150	1.85
2015-2019	104	0.53479	0.42196	0.5	373	157	294	652	1.75
2015-2019	105	0.56899	0.44297	0.5	216	96	168	358	1.66
2015-2019	106	0.60255	0.46305	0.5	120	56	92	190	1.58
2015-2019	107	0.63517	0.48207	0.5	64	31	49	98	1.51
2015-2019	108	0.66660	0.49996	0.5	33	17	25	49	1.45
2015-2019	109	0.69661	0.51665	0.5	17	9	12	24	1.41
2015-2019	110+	0.72503	1.00000	1.38	8	8	11	11	1.38
2020-2022	0	0.00535	0.00532	0.06	100000	532	99500	7809077	78.09
2020-2022	1	0.00053	0.00053	0.5	99468	52	99442	7709577	77.51
2020-2022	2	0.00020	0.00020	0.5	99416	20	99406	7610135	76.55
2020-2022	3	0.00023	0.00023	0.5	99396	23	99384	7510730	75.56
2020-2022	4	0.00008	0.00008	0.5	99373	8	99369	7411345	74.58
2020-2022	5	0.00022	0.00022	0.5	99365	22	99354	7311976	73.59
2020-2022	6	0.00011	0.00011	0.5	99343	11	99338	7212622	72.60
2020-2022	7	0.00007	0.00007	0.5	99332	7	99329	7113284	71.61
2020-2022	8	0.00011	0.00011	0.5	99325	11	99320	7013955	70.62
2020-2022	9	0.00004	0.00004	0.5	99314	4	99312	6914636	69.62
2020-2022	10	0.00008	0.00008	0.5	99310	8	99307	6815324	68.63
2020-2022	11	0.00015	0.00015	0.5	99303	15	99295	6716017	67.63
2020-2022	12	0.00023	0.00023	0.5	99288	23	99276	6616722	66.64
2020-2022	13	0.00027	0.00027	0.5	99264	27	99251	6517446	65.66
2020-2022	14	0.00024	0.00024	0.5	99237	24	99225	6418195	64.68
2020-2022	15	0.00049	0.00049	0.5	99214	48	99190	6318969	63.69
2020-2022	16	0.00020	0.00020	0.5	99165	20	99155	6219780	62.72
2020-2022	17	0.00053	0.00053	0.5	99145	53	99119	6120624	61.73
2020-2022	18	0.00072	0.00072	0.5	99092	72	99057	6021506	60.77
2020-2022	19	0.00070	0.00070	0.5	99021	70	98986	5922449	59.81
2020-2022	20	0.00097	0.00097	0.5	98951	96	98903	5823463	58.85
2020-2022	21	0.00095	0.00095	0.5	98855	94	98808	5724560	57.91
2020-2022	22	0.00084	0.00084	0.5	98760	83	98719	5625753	56.96
2020-2022	23	0.00086	0.00086	0.5	98677	85	98635	5527034	56.01
2020-2022	24	0.00100	0.00100	0.5	98592	98	98543	5428399	55.06
2020-2022	25	0.00068	0.00068	0.5	98494	67	98460	5329856	54.11
2020-2022	26	0.00149	0.00148	0.5	98427	146	98354	5231395	53.15
2020-2022	27	0.00074	0.00074	0.5	98281	73	98244	5133042	52.23
2020-2022	28	0.00135	0.00135	0.5	98208	133	98142	5034797	51.27
2020-2022	29	0.00123	0.00123	0.5	98075	120	98015	4936656	50.34
2020-2022	30	0.00143	0.00143	0.5	97955	140	97885	4838641	49.40
2020-2022	31	0.00161	0.00161	0.5	97815	158	97736	4740756	48.47
2020-2022	32	0.00154	0.00154	0.5	97657	150	97582	4643020	47.54
2020-2022	33	0.00152	0.00151	0.5	97507	148	97434	4545437	46.62
2020-2022	34	0.00206	0.00206	0.5	97360	200	97260	4448004	45.69
2020-2022	35	0.00177	0.00176	0.5	97159	171	97074	4350744	44.78
2020-2022	36	0.00191	0.00191	0.5	96988	185	96895	4253670	43.86
2020-2022	37	0.00215	0.00215	0.5	96803	208	96699	4156775	42.94
2020-2022	38	0.00235	0.00235	0.5	96595	227	96482	4060076	42.03
2020-2022	39	0.00242	0.00242	0.5	96369	233	96252	3963594	41.13
2020-2022	40	0.00235	0.00234	0.5	96136	225	96023	3867342	40.23
2020-2022	41	0.00243	0.00242	0.5	95910	232	95794	3771319	39.32
2020-2022	42	0.00307	0.00307	0.5	95678	293	95531	3675525	38.42
2020-2022	43	0.00309	0.00308	0.5	95385	294	95238	3579993	37.53
2020-2022	44	0.00361	0.00360	0.5	95091	343	94919	3484755	36.65
2020-2022	45	0.00350	0.00349	0.5	94748	331	94583	3389836	35.78
2020-2022	46	0.00404	0.00403	0.5	94417	380	94227	3295253	34.90
2020-2022	47	0.00449	0.00448	0.5	94037	421	93827	3201026	34.04
2020-2022	48	0.00444	0.00443	0.5	93616	414	93409	3107199	33.19
2020-2022	49	0.00427	0.00427	0.5	93202	398	93003	3013790	32.34
2020-2022	50	0.00532	0.00530	0.5	92804	492	92558	2920788	31.47
2020-2022	51	0.00576	0.00574	0.5	92312	530	92047	2828230	30.64
2020-2022	52	0.00619	0.00617	0.5	91782	566	91499	2736182	29.81
2020-2022	53	0.00693	0.00691	0.5	91216	630	90901	2644683	28.99
2020-2022	54	0.00764	0.00761	0.5	90585	689	90241	2553783	28.19
2020-2022	55	0.00783	0.00780	0.5	89896	702	89545	2463542	27.40
2020-2022	56	0.00924	0.00919	0.5	89195	820	88785	2373996	26.62
2020-2022	57	0.00919	0.00915	0.5	88375	808	87970	2285212	25.86
2020-2022	58	0.01020	0.01015	0.5	87566	888	87122	2197241	25.09
2020-2022	59	0.00944	0.00939	0.5	86678	814	86271	2110119	24.34
2020-2022	60	0.01041	0.01036	0.5	85864	889	85419	2023848	23.57
2020-2022	61	0.01180	0.01173	0.5	84975	997	84476	1938429	22.81
2020-2022	62	0.01211	0.01203	0.5	83978	1011	83472	1853953	22.08
2020-2022	63	0.01370	0.01360	0.5	82967	1129	82403	1770480	21.34
2020-2022	64	0.01373	0.01364	0.5	81838	1116	81280	1688078	20.63
2020-2022	65	0.01470	0.01460	0.5	80722	1178	80133	1606797	19.91
2020-2022	66	0.01671	0.01657	0.5	79544	1318	78885	1526664	19.19
2020-2022	67	0.01626	0.01613	0.5	78226	1262	77595	1447779	18.51
2020-2022	68	0.01766	0.01750	0.5	76964	1347	76291	1370184	17.80
2020-2022	69	0.01970	0.01951	0.5	75617	1475	74879	1293894	17.11
2020-2022	70	0.01998	0.01978	0.5	74142	1467	73409	1219014	16.44
2020-2022	71	0.02063	0.02041	0.5	72675	1484	71933	1145606	15.76
2020-2022	72	0.02397	0.02369	0.5	71192	1686	70348	1073672	15.08
2020-2022	73	0.02440	0.02410	0.5	69505	1675	68668	1003324	14.44
2020-2022	74	0.02333	0.02307	0.5	67830	1565	67048	934656	13.78
2020-2022	75	0.02881	0.02840	0.5	66266	1882	65325	867608	13.09
2020-2022	76	0.03005	0.02960	0.5	64384	1906	63431	802284	12.46
2020-2022	77	0.03375	0.03319	0.5	62478	2074	61441	738853	11.83
2020-2022	78	0.03823	0.03752	0.5	60404	2266	59271	677412	11.21
2020-2022	79	0.04048	0.03968	0.5	58138	2307	56985	618141	10.63
2020-2022	80	0.03963	0.03886	0.5	55831	2169	54746	561156	10.05
2020-2022	81	0.04488	0.04389	0.5	53662	2355	52484	506410	9.44
2020-2022	82	0.05079	0.04954	0.5	51306	2541	50036	453926	8.85
2020-2022	83	0.05744	0.05584	0.5	48765	2723	47403	403890	8.28
2020-2022	84	0.06489	0.06286	0.5	46042	2894	44595	356487	7.74
2020-2022	85	0.07324	0.07066	0.5	43148	3049	41624	311892	7.23
2020-2022	86	0.08257	0.07930	0.5	40099	3180	38510	270268	6.74
2020-2022	87	0.09297	0.08884	0.5	36920	3280	35280	231758	6.28
2020-2022	88	0.10452	0.09933	0.5	33640	3342	31969	196479	5.84
2020-2022	89	0.11733	0.11083	0.5	30298	3358	28619	164510	5.43
2020-2022	90	0.13148	0.12337	0.5	26940	3324	25279	135890	5.04
2020-2022	91	0.14704	0.13697	0.5	23617	3235	21999	110612	4.68
2020-2022	92	0.16410	0.15166	0.5	20382	3091	18836	88612	4.35
2020-2022	93	0.18272	0.16743	0.5	17291	2895	15843	69776	4.04
2020-2022	94	0.20294	0.18424	0.5	14396	2652	13070	53932	3.75
2020-2022	95	0.22478	0.20207	0.5	11744	2373	10557	40863	3.48
2020-2022	96	0.24823	0.22083	0.5	9371	2069	8336	30306	3.23
2020-2022	97	0.27328	0.24042	0.5	7301	1755	6424	21970	3.01
2020-2022	98	0.29984	0.26075	0.5	5546	1446	4823	15546	2.80
2020-2022	99	0.32781	0.28165	0.5	4100	1155	3522	10723	2.62
2020-2022	100	0.35707	0.30298	0.5	2945	892	2499	7201	2.45
2020-2022	101	0.38743	0.32456	0.5	2053	666	1720	4702	2.29
2020-2022	102	0.41870	0.34622	0.5	1387	480	1147	2982	2.15
2020-2022	103	0.45063	0.36776	0.5	907	333	740	1836	2.02
2020-2022	104	0.48297	0.38902	0.5	573	223	462	1096	1.91
2020-2022	105	0.51545	0.40983	0.5	350	144	278	634	1.81
2020-2022	106	0.54781	0.43002	0.5	207	89	162	356	1.72
2020-2022	107	0.57976	0.44947	0.5	118	53	91	194	1.64
2020-2022	108	0.61106	0.46806	0.5	65	30	50	102	1.58
2020-2022	109	0.64148	0.48570	0.5	34	17	26	53	1.52
2020-2022	110+	0.67079	1.00000	1.49	18	18	26	26	1.49
