ME: ME, Lifetables (period 5x5), Both sexes Last modified: February 4 2025, MPv5 (May07) 

Year     	Age	mx	qx	ax	lx	dx	Lx	Tx	ex
1941-1944	0	0.05157	0.04950	0.19	100000	4950	95998	6513087	65.13
1941-1944	1-4	0.00271	0.01078	1.51	95050	1025	377642	6417089	67.51
1941-1944	5-9	0.00109	0.00541	2.35	94025	509	468775	6039447	64.23
1941-1944	10-14	0.00102	0.00510	2.6	93516	477	466433	5570672	59.57
1941-1944	15-19	0.00145	0.00724	2.64	93038	673	463605	5104239	54.86
1941-1944	20-24	0.00198	0.00983	2.58	92365	908	459631	4640634	50.24
1941-1944	25-29	0.00210	0.01044	2.5	91457	955	454897	4181004	45.72
1941-1944	30-34	0.00235	0.01170	2.59	90503	1059	449962	3726107	41.17
1941-1944	35-39	0.00339	0.01682	2.66	89444	1504	443704	3276146	36.63
1941-1944	40-44	0.00486	0.02402	2.63	87939	2112	434681	2832442	32.21
1941-1944	45-49	0.00706	0.03470	2.64	85827	2978	422097	2397761	27.94
1941-1944	50-54	0.01042	0.05086	2.65	82849	4214	404340	1975664	23.85
1941-1944	55-59	0.01584	0.07636	2.63	78635	6004	378972	1571324	19.98
1941-1944	60-64	0.02423	0.11455	2.63	72631	8320	343420	1192352	16.42
1941-1944	65-69	0.03591	0.16526	2.59	64311	10628	295964	848932	13.20
1941-1944	70-74	0.05615	0.24694	2.56	53683	13257	236088	552968	10.30
1941-1944	75-79	0.08693	0.35748	2.52	40426	14451	166234	316881	7.84
1941-1944	80-84	0.13661	0.50408	2.4	25975	13093	95842	150647	5.80
1941-1944	85-89	0.20641	0.65785	2.24	12882	8474	41055	54805	4.25
1941-1944	90-94	0.30111	0.79537	2.03	4407	3506	11642	13751	3.12
1941-1944	95-99	0.41659	0.89186	1.79	902	804	1931	2109	2.34
1941-1944	100-104	0.54302	0.94655	1.56	98	92	170	178	1.82
1941-1944	105-109	0.66573	0.97307	1.36	5	5	8	8	1.50
1941-1944	110+	0.75787	1.00000	1.32	0	0	0	0	1.32
1945-1949	0	0.03905	0.03780	0.16	100000	3780	96812	6764426	67.64
1945-1949	1-4	0.00179	0.00713	1.63	96220	686	383252	6667614	69.30
1945-1949	5-9	0.00087	0.00433	2.25	95534	413	476535	6284362	65.78
1945-1949	10-14	0.00072	0.00358	2.69	95121	340	474817	5807827	61.06
1945-1949	15-19	0.00130	0.00647	2.64	94781	614	472456	5333010	56.27
1945-1949	20-24	0.00142	0.00707	2.49	94167	666	469166	4860554	51.62
1945-1949	25-29	0.00159	0.00791	2.6	93501	740	465734	4391388	46.97
1945-1949	30-34	0.00214	0.01065	2.6	92761	988	461433	3925654	42.32
1945-1949	35-39	0.00280	0.01390	2.64	91773	1276	455855	3464221	37.75
1945-1949	40-44	0.00441	0.02181	2.66	90498	1974	447871	3008366	33.24
1945-1949	45-49	0.00629	0.03099	2.65	88524	2744	436182	2560495	28.92
1945-1949	50-54	0.00995	0.04859	2.63	85780	4168	419028	2124313	24.76
1945-1949	55-59	0.01408	0.06812	2.63	81612	5559	394886	1705285	20.89
1945-1949	60-64	0.02137	0.10168	2.63	76053	7733	361905	1310399	17.23
1945-1949	65-69	0.03349	0.15502	2.61	68320	10591	316235	948494	13.88
1945-1949	70-74	0.05046	0.22482	2.58	57729	12978	257209	632259	10.95
1945-1949	75-79	0.08084	0.33659	2.52	44750	15062	186322	375051	8.38
1945-1949	80-84	0.11824	0.45400	2.44	29688	13478	113985	188728	6.36
1945-1949	85-89	0.18553	0.61767	2.29	16210	10012	53965	74743	4.61
1945-1949	90-94	0.27632	0.76603	2.09	6198	4747	17181	20778	3.35
1945-1949	95-99	0.39017	0.87508	1.85	1450	1269	3252	3598	2.48
1945-1949	100-104	0.51803	0.93872	1.6	181	170	328	345	1.91
1945-1949	105-109	0.64479	0.96980	1.4	11	11	17	17	1.54
1945-1949	110+	0.74099	1.00000	1.35	0	0	0	0	1.35
1950-1954	0	0.02929	0.02856	0.13	100000	2856	97514	6957555	69.58
1950-1954	1-4	0.00148	0.00589	1.6	97144	572	387201	6860040	70.62
1950-1954	5-9	0.00062	0.00309	2.3	96572	298	482055	6472839	67.03
1950-1954	10-14	0.00049	0.00243	2.65	96274	234	480821	5990784	62.23
1950-1954	15-19	0.00092	0.00459	2.71	96040	441	479187	5509963	57.37
1950-1954	20-24	0.00123	0.00612	2.53	95599	585	476549	5030777	52.62
1950-1954	25-29	0.00125	0.00621	2.54	95014	590	473617	4554228	47.93
1950-1954	30-34	0.00158	0.00786	2.6	94423	742	470339	4080611	43.22
1950-1954	35-39	0.00215	0.01069	2.67	93681	1002	466075	3610273	38.54
1950-1954	40-44	0.00356	0.01764	2.69	92680	1635	459624	3144198	33.93
1950-1954	45-49	0.00577	0.02847	2.67	91045	2592	449188	2684573	29.49
1950-1954	50-54	0.00861	0.04218	2.65	88453	3731	433489	2235386	25.27
1950-1954	55-59	0.01350	0.06543	2.65	84721	5543	410572	1801897	21.27
1950-1954	60-64	0.02117	0.10081	2.64	79178	7982	377054	1391325	17.57
1950-1954	65-69	0.03165	0.14705	2.59	71196	10470	330765	1014270	14.25
1950-1954	70-74	0.04824	0.21609	2.59	60726	13122	271996	683505	11.26
1950-1954	75-79	0.07642	0.32108	2.51	47604	15285	199999	411509	8.64
1950-1954	80-84	0.11435	0.44252	2.45	32319	14302	125069	211510	6.54
1950-1954	85-89	0.17660	0.59877	2.31	18017	10788	61087	86441	4.80
1950-1954	90-94	0.26229	0.74699	2.12	7229	5400	20588	25354	3.51
1950-1954	95-99	0.36982	0.85968	1.89	1829	1572	4252	4766	2.61
1950-1954	100-104	0.49181	0.92868	1.65	257	238	485	514	2.00
1950-1954	105-109	0.61545	0.96420	1.44	18	18	29	30	1.62
1950-1954	110+	0.71144	1.00000	1.41	1	1	1	1	1.41
1955-1959	0	0.02605	0.02547	0.12	100000	2547	97760	7031922	70.32
1955-1959	1-4	0.00113	0.00449	1.62	97453	438	388771	6934161	71.15
1955-1959	5-9	0.00050	0.00248	2.23	97015	240	484411	6545390	67.47
1955-1959	10-14	0.00040	0.00202	2.65	96775	196	483416	6060979	62.63
1955-1959	15-19	0.00087	0.00435	2.76	96579	420	481956	5577563	57.75
1955-1959	20-24	0.00119	0.00594	2.44	96159	572	479332	5095607	52.99
1955-1959	25-29	0.00121	0.00603	2.55	95587	576	476527	4616275	48.29
1955-1959	30-34	0.00144	0.00716	2.6	95011	680	473421	4139748	43.57
1955-1959	35-39	0.00207	0.01028	2.63	94331	969	469352	3666327	38.87
1955-1959	40-44	0.00320	0.01586	2.69	93361	1481	463387	3196975	34.24
1955-1959	45-49	0.00525	0.02592	2.66	91880	2381	453837	2733588	29.75
1955-1959	50-54	0.00817	0.04011	2.68	89499	3590	439157	2279751	25.47
1955-1959	55-59	0.01311	0.06359	2.65	85909	5463	416693	1840594	21.42
1955-1959	60-64	0.02019	0.09633	2.64	80446	7749	383914	1423901	17.70
1955-1959	65-69	0.03184	0.14795	2.62	72696	10755	337841	1039988	14.31
1955-1959	70-74	0.04850	0.21715	2.59	61941	13450	277325	702146	11.34
1955-1959	75-79	0.07493	0.31624	2.54	48491	15335	204662	424821	8.76
1955-1959	80-84	0.11320	0.43882	2.44	33156	14549	128529	220159	6.64
1955-1959	85-89	0.17149	0.58721	2.32	18606	10926	63712	91630	4.92
1955-1959	90-94	0.25177	0.73159	2.14	7681	5619	22318	27918	3.63
1955-1959	95-99	0.35330	0.84584	1.92	2062	1744	4936	5600	2.72
1955-1959	100-104	0.47040	0.91940	1.69	318	292	621	664	2.09
1955-1959	105-109	0.59201	0.95908	1.48	26	25	42	43	1.68
1955-1959	110+	0.68832	1.00000	1.45	1	1	2	2	1.45
1960-1964	0	0.02525	0.02470	0.12	100000	2470	97823	7035425	70.35
1960-1964	1-4	0.00097	0.00389	1.66	97530	379	389233	6937601	71.13
1960-1964	5-9	0.00050	0.00248	2.15	97151	241	485069	6548368	67.40
1960-1964	10-14	0.00042	0.00209	2.68	96910	202	484081	6063299	62.57
1960-1964	15-19	0.00094	0.00471	2.75	96708	455	482514	5579218	57.69
1960-1964	20-24	0.00112	0.00556	2.59	96253	536	479975	5096704	52.95
1960-1964	25-29	0.00111	0.00553	2.56	95717	529	477293	4616729	48.23
1960-1964	30-34	0.00141	0.00701	2.68	95188	668	474389	4139436	43.49
1960-1964	35-39	0.00211	0.01049	2.68	94520	992	470297	3665048	38.78
1960-1964	40-44	0.00316	0.01568	2.6	93528	1466	464130	3194751	34.16
1960-1964	45-49	0.00538	0.02660	2.73	92062	2449	454752	2730622	29.66
1960-1964	50-54	0.00893	0.04371	2.65	89613	3917	438870	2275869	25.40
1960-1964	55-59	0.01330	0.06450	2.68	85696	5528	415647	1836999	21.44
1960-1964	60-64	0.02057	0.09811	2.65	80169	7865	382359	1421352	17.73
1960-1964	65-69	0.03189	0.14800	2.58	72304	10701	335604	1038994	14.37
1960-1964	70-74	0.04768	0.21386	2.59	61603	13174	276311	703389	11.42
1960-1964	75-79	0.07332	0.31020	2.52	48428	15023	204885	427078	8.82
1960-1964	80-84	0.11134	0.43425	2.47	33406	14506	130287	222192	6.65
1960-1964	85-89	0.17313	0.59132	2.32	18899	11176	64551	91906	4.86
1960-1964	90-94	0.25875	0.74239	2.13	7724	5734	22160	27355	3.54
1960-1964	95-99	0.36860	0.85922	1.89	1990	1710	4638	5195	2.61
1960-1964	100-104	0.49542	0.93056	1.65	280	261	526	557	1.99
1960-1964	105-109	0.62490	0.96634	1.43	19	19	30	31	1.59
1960-1964	110+	0.72522	1.00000	1.38	1	1	1	1	1.38
1965-1969	0	0.02200	0.02158	0.11	100000	2158	98079	7068087	70.68
1965-1969	1-4	0.00090	0.00359	1.72	97842	352	390567	6970008	71.24
1965-1969	5-9	0.00041	0.00203	2.29	97490	198	486915	6579441	67.49
1965-1969	10-14	0.00042	0.00211	2.71	97292	205	485993	6092526	62.62
1965-1969	15-19	0.00114	0.00567	2.81	97088	550	484234	5606533	57.75
1965-1969	20-24	0.00125	0.00621	2.51	96537	599	481192	5122300	53.06
1965-1969	25-29	0.00116	0.00580	2.56	95938	557	478329	4641108	48.38
1965-1969	30-34	0.00150	0.00746	2.6	95381	712	475200	4162779	43.64
1965-1969	35-39	0.00209	0.01042	2.54	94669	986	470923	3687579	38.95
1965-1969	40-44	0.00321	0.01593	2.77	93683	1493	465081	3216655	34.34
1965-1969	45-49	0.00504	0.02489	2.66	92190	2294	455576	2751574	29.85
1965-1969	50-54	0.00825	0.04049	2.69	89896	3640	441081	2295998	25.54
1965-1969	55-59	0.01361	0.06592	2.65	86256	5686	417906	1854916	21.50
1965-1969	60-64	0.02065	0.09839	2.61	80570	7927	383940	1437011	17.84
1965-1969	65-69	0.03180	0.14773	2.6	72643	10732	337488	1053071	14.50
1965-1969	70-74	0.04773	0.21378	2.56	61911	13235	277291	715583	11.56
1965-1969	75-79	0.07223	0.30592	2.5	48676	14891	206169	438291	9.00
1965-1969	80-84	0.10522	0.41597	2.48	33785	14053	133563	232122	6.87
1965-1969	85-89	0.16642	0.57681	2.34	19732	11381	68388	98559	5.00
1965-1969	90-94	0.25220	0.73339	2.15	8350	6124	24282	30171	3.61
1965-1969	95-99	0.36306	0.85511	1.91	2226	1904	5243	5889	2.65
1965-1969	100-104	0.49168	0.92927	1.65	323	300	610	646	2.00
1965-1969	105-109	0.62332	0.96613	1.43	23	22	35	36	1.60
1965-1969	110+	0.72527	1.00000	1.38	1	1	1	1	1.38
1970-1974	0	0.01811	0.01782	0.1	100000	1782	98394	7159642	71.60
1970-1974	1-4	0.00075	0.00301	1.72	98218	295	392201	7061248	71.89
1970-1974	5-9	0.00048	0.00241	2.29	97923	236	488977	6669047	68.10
1970-1974	10-14	0.00038	0.00191	2.89	97687	187	488042	6180070	63.26
1970-1974	15-19	0.00107	0.00531	2.73	97500	518	486324	5692028	58.38
1970-1974	20-24	0.00109	0.00545	2.44	96982	529	483558	5205704	53.68
1970-1974	25-29	0.00116	0.00579	2.49	96453	558	480868	4722146	48.96
1970-1974	30-34	0.00134	0.00666	2.59	95895	639	477936	4241279	44.23
1970-1974	35-39	0.00194	0.00964	2.68	95256	919	474153	3763343	39.51
1970-1974	40-44	0.00319	0.01585	2.73	94338	1495	468299	3289190	34.87
1970-1974	45-49	0.00508	0.02512	2.68	92842	2332	458793	2820891	30.38
1970-1974	50-54	0.00813	0.03989	2.63	90510	3611	443996	2362098	26.10
1970-1974	55-59	0.01311	0.06357	2.65	86900	5524	421512	1918102	22.07
1970-1974	60-64	0.01989	0.09502	2.65	81375	7732	388737	1496590	18.39
1970-1974	65-69	0.03002	0.13996	2.59	73643	10307	343342	1107853	15.04
1970-1974	70-74	0.04424	0.19981	2.58	63335	12655	286049	764510	12.07
1970-1974	75-79	0.06739	0.28900	2.54	50680	14646	217351	478462	9.44
1970-1974	80-84	0.09764	0.39201	2.49	36034	14126	144671	261110	7.25
1970-1974	85-89	0.15301	0.54546	2.37	21908	11950	78098	116439	5.31
1970-1974	90-94	0.23320	0.70436	2.19	9958	7014	30078	38341	3.85
1970-1974	95-99	0.33949	0.83498	1.96	2944	2458	7241	8263	2.81
1970-1974	100-104	0.46639	0.91863	1.7	486	446	957	1022	2.10
1970-1974	105-109	0.60007	0.96150	1.47	40	38	63	65	1.66
1970-1974	110+	0.70559	1.00000	1.42	2	2	2	2	1.42
1975-1979	0	0.01080	0.01070	0.08	100000	1070	99014	7398434	73.98
1975-1979	1-4	0.00053	0.00214	1.81	98930	211	395258	7299420	73.78
1975-1979	5-9	0.00029	0.00146	2.19	98719	144	493192	6904162	69.94
1975-1979	10-14	0.00031	0.00154	2.72	98575	152	492531	6410970	65.04
1975-1979	15-19	0.00095	0.00476	2.79	98424	468	491086	5918439	60.13
1975-1979	20-24	0.00109	0.00544	2.44	97956	533	488410	5427353	55.41
1975-1979	25-29	0.00102	0.00509	2.43	97422	496	485835	4938943	50.70
1975-1979	30-34	0.00117	0.00585	2.55	96926	567	483245	4453108	45.94
1975-1979	35-39	0.00149	0.00744	2.83	96359	717	480238	3969863	41.20
1975-1979	40-44	0.00260	0.01294	2.7	95642	1238	475361	3489625	36.49
1975-1979	45-49	0.00457	0.02261	2.68	94405	2134	467077	3014264	31.93
1975-1979	50-54	0.00738	0.03625	2.62	92270	3345	453396	2547187	27.61
1975-1979	55-59	0.01133	0.05520	2.67	88925	4909	433181	2093791	23.55
1975-1979	60-64	0.01700	0.08174	2.65	84017	6868	403920	1660610	19.77
1975-1979	65-69	0.02608	0.12267	2.58	77149	9464	362864	1256690	16.29
1975-1979	70-74	0.03818	0.17450	2.54	67685	11811	309392	893826	13.21
1975-1979	75-79	0.05621	0.24689	2.54	55874	13795	245394	584434	10.46
1975-1979	80-84	0.08367	0.34611	2.51	42079	14564	174060	339040	8.06
1975-1979	85-89	0.13036	0.48736	2.41	27516	13410	102867	164980	6.00
1975-1979	90-94	0.19772	0.64134	2.26	14106	9047	45754	62112	4.40
1975-1979	95-99	0.28882	0.78103	2.06	5059	3951	13681	16358	3.23
1975-1979	100-104	0.40182	0.88262	1.82	1108	978	2433	2677	2.42
1975-1979	105-109	0.52799	0.94192	1.59	130	122	232	244	1.88
1975-1979	110+	0.63233	1.00000	1.58	8	8	12	12	1.58
1980-1984	0	0.00925	0.00917	0.07	100000	917	99151	7511788	75.12
1980-1984	1-4	0.00045	0.00180	1.6	99083	178	395905	7412637	74.81
1980-1984	5-9	0.00022	0.00110	2.27	98905	109	494229	7016732	70.94
1980-1984	10-14	0.00024	0.00122	2.89	98796	121	493727	6522503	66.02
1980-1984	15-19	0.00085	0.00423	2.93	98675	417	492513	6028777	61.10
1980-1984	20-24	0.00105	0.00524	2.42	98258	515	489961	5536263	56.34
1980-1984	25-29	0.00098	0.00490	2.44	97743	479	487488	5046302	51.63
1980-1984	30-34	0.00091	0.00456	2.54	97264	444	485227	4558814	46.87
1980-1984	35-39	0.00134	0.00669	2.67	96820	648	482590	4073587	42.07
1980-1984	40-44	0.00226	0.01126	2.76	96172	1083	478439	3590997	37.34
1980-1984	45-49	0.00387	0.01919	2.68	95090	1825	471217	3112557	32.73
1980-1984	50-54	0.00609	0.03003	2.68	93265	2801	459831	2641340	28.32
1980-1984	55-59	0.01018	0.04972	2.66	90464	4498	441779	2181509	24.11
1980-1984	60-64	0.01585	0.07639	2.63	85966	6567	414290	1739730	20.24
1980-1984	65-69	0.02380	0.11263	2.62	79399	8943	375743	1325440	16.69
1980-1984	70-74	0.03673	0.16884	2.61	70457	11896	323869	949697	13.48
1980-1984	75-79	0.05459	0.24107	2.58	58561	14117	258600	625828	10.69
1980-1984	80-84	0.08102	0.33712	2.51	44444	14983	184936	367228	8.26
1980-1984	85-89	0.12475	0.47203	2.42	29461	13906	111471	182292	6.19
1980-1984	90-94	0.18947	0.62510	2.28	15554	9723	51317	70821	4.55
1980-1984	95-99	0.27757	0.76709	2.08	5831	4473	16115	19505	3.34
1980-1984	100-104	0.38793	0.87315	1.85	1358	1186	3057	3389	2.50
1980-1984	105-109	0.51271	0.93671	1.61	172	161	315	332	1.93
1980-1984	110+	0.61679	1.00000	1.62	11	11	18	18	1.62
1985-1989	0	0.00835	0.00829	0.07	100000	829	99230	7564621	75.65
1985-1989	1-4	0.00044	0.00174	1.69	99171	172	396284	7465390	75.28
1985-1989	5-9	0.00019	0.00097	2.32	98998	96	494735	7069106	71.41
1985-1989	10-14	0.00025	0.00124	2.92	98902	122	494257	6574371	66.47
1985-1989	15-19	0.00068	0.00341	2.82	98780	336	493165	6080115	61.55
1985-1989	20-24	0.00092	0.00458	2.48	98444	451	491084	5586949	56.75
1985-1989	25-29	0.00094	0.00469	2.44	97993	460	488789	5095865	52.00
1985-1989	30-34	0.00099	0.00492	2.56	97533	480	486496	4607076	47.24
1985-1989	35-39	0.00128	0.00637	2.71	97053	618	483852	4120580	42.46
1985-1989	40-44	0.00183	0.00909	2.65	96435	877	480120	3636729	37.71
1985-1989	45-49	0.00322	0.01599	2.63	95558	1528	474166	3156609	33.03
1985-1989	50-54	0.00589	0.02904	2.69	94031	2731	463841	2682443	28.53
1985-1989	55-59	0.00940	0.04602	2.69	91300	4202	446795	2218602	24.30
1985-1989	60-64	0.01548	0.07468	2.65	87098	6505	420228	1771806	20.34
1985-1989	65-69	0.02344	0.11110	2.66	80593	8954	382009	1351579	16.77
1985-1989	70-74	0.03544	0.16328	2.59	71639	11697	330040	969570	13.53
1985-1989	75-79	0.05406	0.23902	2.58	59942	14327	265022	639530	10.67
1985-1989	80-84	0.08114	0.33798	2.53	45614	15417	190007	374507	8.21
1985-1989	85-89	0.12575	0.47512	2.43	30197	14347	114092	184500	6.11
1985-1989	90-94	0.19444	0.63558	2.28	15850	10074	51808	70408	4.44
1985-1989	95-99	0.28946	0.78260	2.07	5776	4520	15616	18600	3.22
1985-1989	100-104	0.40901	0.88795	1.81	1256	1115	2726	2983	2.38
1985-1989	105-109	0.54266	0.94697	1.56	141	133	246	257	1.83
1985-1989	110+	0.65264	1.00000	1.53	7	7	11	11	1.53
1990-1994	0	0.00649	0.00646	0.07	100000	646	99397	7672251	76.72
1990-1994	1-4	0.00035	0.00139	1.62	99354	138	397091	7572854	76.22
1990-1994	5-9	0.00019	0.00094	2.4	99217	93	495841	7175764	72.32
1990-1994	10-14	0.00019	0.00097	2.88	99123	96	495413	6679923	67.39
1990-1994	15-19	0.00073	0.00362	2.9	99028	359	494385	6184510	62.45
1990-1994	20-24	0.00080	0.00399	2.45	98669	394	492340	5690124	57.67
1990-1994	25-29	0.00093	0.00463	2.49	98275	455	490234	5197784	52.89
1990-1994	30-34	0.00104	0.00517	2.55	97820	506	487861	4707550	48.12
1990-1994	35-39	0.00126	0.00626	2.6	97314	609	485106	4219689	43.36
1990-1994	40-44	0.00186	0.00924	2.67	96704	894	481437	3734583	38.62
1990-1994	45-49	0.00317	0.01572	2.76	95811	1506	475679	3253146	33.95
1990-1994	50-54	0.00509	0.02516	2.7	94305	2372	466056	2777466	29.45
1990-1994	55-59	0.00825	0.04048	2.73	91932	3721	451196	2311410	25.14
1990-1994	60-64	0.01382	0.06697	2.68	88211	5907	427324	1860215	21.09
1990-1994	65-69	0.02120	0.10092	2.62	82304	8306	391748	1432890	17.41
1990-1994	70-74	0.03241	0.15044	2.62	73998	11132	343481	1041142	14.07
1990-1994	75-79	0.04964	0.22167	2.59	62866	13935	280704	697661	11.10
1990-1994	80-84	0.07525	0.31794	2.56	48930	15557	206738	416957	8.52
1990-1994	85-89	0.11944	0.45775	2.45	33373	15277	127902	210219	6.30
1990-1994	90-94	0.18797	0.62307	2.3	18097	11275	59986	82318	4.55
1990-1994	95-99	0.28355	0.77579	2.08	6821	5292	18662	22331	3.27
1990-1994	100-104	0.40451	0.88536	1.82	1529	1354	3347	3669	2.40
1990-1994	105-109	0.54023	0.94637	1.57	175	166	307	322	1.83
1990-1994	110+	0.65201	1.00000	1.53	9	9	14	14	1.53
1995-1999	0	0.00550	0.00547	0.06	100000	547	99488	7733236	77.33
1995-1999	1-4	0.00029	0.00116	1.74	99453	115	397552	7633748	76.76
1995-1999	5-9	0.00013	0.00065	2.64	99338	64	496537	7236197	72.84
1995-1999	10-14	0.00022	0.00109	2.78	99273	108	496126	6739660	67.89
1995-1999	15-19	0.00060	0.00298	2.89	99165	295	495200	6243534	62.96
1995-1999	20-24	0.00077	0.00383	2.46	98869	378	493386	5748334	58.14
1995-1999	25-29	0.00081	0.00403	2.61	98491	397	491507	5254948	53.35
1995-1999	30-34	0.00106	0.00527	2.65	98094	517	489254	4763441	48.56
1995-1999	35-39	0.00119	0.00595	2.65	97577	581	486517	4274187	43.80
1995-1999	40-44	0.00169	0.00840	2.55	96996	814	482986	3787670	39.05
1995-1999	45-49	0.00273	0.01354	2.68	96182	1302	477881	3304684	34.36
1995-1999	50-54	0.00477	0.02359	2.76	94879	2238	469384	2826804	29.79
1995-1999	55-59	0.00745	0.03665	2.74	92641	3395	455523	2357420	25.45
1995-1999	60-64	0.01236	0.06004	2.66	89246	5358	433666	1901897	21.31
1995-1999	65-69	0.02033	0.09696	2.62	83888	8134	400115	1468231	17.50
1995-1999	70-74	0.03177	0.14761	2.6	75754	11182	351936	1068116	14.10
1995-1999	75-79	0.04889	0.21894	2.62	64571	14138	289182	716180	11.09
1995-1999	80-84	0.07405	0.31319	2.54	50434	15796	213297	426998	8.47
1995-1999	85-89	0.12092	0.46263	2.46	34638	16025	132527	213702	6.17
1995-1999	90-94	0.19694	0.64192	2.29	18614	11948	60671	81175	4.36
1995-1999	95-99	0.30416	0.80108	2.05	6665	5339	17555	20504	3.08
1995-1999	100-104	0.43868	0.90624	1.76	1326	1201	2739	2950	2.22
1995-1999	105-109	0.58510	0.95879	1.49	124	119	204	211	1.70
1995-1999	110+	0.70177	1.00000	1.42	5	5	7	7	1.42
2000-2004	0	0.00518	0.00516	0.06	100000	516	99517	7783072	77.83
2000-2004	1-4	0.00030	0.00119	1.55	99484	118	397648	7683555	77.23
2000-2004	5-9	0.00015	0.00073	2.33	99366	73	496636	7285907	73.32
2000-2004	10-14	0.00016	0.00081	3.06	99293	81	496309	6789271	68.38
2000-2004	15-19	0.00060	0.00298	2.94	99213	296	495452	6292962	63.43
2000-2004	20-24	0.00094	0.00471	2.59	98917	466	493461	5797510	58.61
2000-2004	25-29	0.00094	0.00471	2.41	98451	464	491054	5304049	53.88
2000-2004	30-34	0.00094	0.00468	2.52	97987	459	488799	4812995	49.12
2000-2004	35-39	0.00127	0.00634	2.56	97529	619	486132	4324196	44.34
2000-2004	40-44	0.00189	0.00943	2.59	96910	914	482351	3838065	39.60
2000-2004	45-49	0.00270	0.01342	2.71	95996	1288	477029	3355714	34.96
2000-2004	50-54	0.00418	0.02072	2.72	94708	1962	469069	2878685	30.40
2000-2004	55-59	0.00701	0.03449	2.69	92745	3199	456350	2409616	25.98
2000-2004	60-64	0.01138	0.05544	2.67	89546	4965	436187	1953267	21.81
2000-2004	65-69	0.01811	0.08684	2.65	84582	7345	405651	1517079	17.94
2000-2004	70-74	0.02827	0.13252	2.65	77237	10236	362108	1111429	14.39
2000-2004	75-79	0.04588	0.20672	2.61	67001	13851	301863	749321	11.18
2000-2004	80-84	0.07340	0.31118	2.56	53151	16540	225332	447457	8.42
2000-2004	85-89	0.12289	0.46859	2.47	36611	17155	139595	222125	6.07
2000-2004	90-94	0.20351	0.65499	2.28	19456	12743	62617	82530	4.24
2000-2004	95-99	0.31703	0.81534	2.02	6712	5473	17263	19913	2.97
2000-2004	100-104	0.45775	0.91610	1.73	1239	1135	2481	2651	2.14
2000-2004	105-109	0.60755	0.96382	1.46	104	100	165	170	1.64
2000-2004	110+	0.72436	1.00000	1.38	4	4	5	5	1.38
2005-2009	0	0.00610	0.00607	0.07	100000	607	99433	7857816	78.58
2005-2009	1-4	0.00023	0.00092	1.43	99393	91	397339	7758383	78.06
2005-2009	5-9	0.00013	0.00064	2.58	99302	63	496358	7361044	74.13
2005-2009	10-14	0.00014	0.00072	2.65	99239	71	496028	6864685	69.17
2005-2009	15-19	0.00057	0.00283	2.83	99168	281	495230	6368657	64.22
2005-2009	20-24	0.00092	0.00457	2.63	98887	451	493364	5873427	59.40
2005-2009	25-29	0.00097	0.00484	2.57	98436	476	491019	5380063	54.66
2005-2009	30-34	0.00105	0.00523	2.52	97959	513	488524	4889044	49.91
2005-2009	35-39	0.00124	0.00617	2.59	97447	601	485784	4400520	45.16
2005-2009	40-44	0.00183	0.00913	2.71	96846	884	482207	3914736	40.42
2005-2009	45-49	0.00288	0.01428	2.67	95962	1371	476622	3432529	35.77
2005-2009	50-54	0.00435	0.02150	2.59	94591	2034	468049	2955907	31.25
2005-2009	55-59	0.00642	0.03161	2.63	92557	2926	455864	2487858	26.88
2005-2009	60-64	0.01045	0.05100	2.69	89632	4571	437579	2031994	22.67
2005-2009	65-69	0.01558	0.07511	2.63	85060	6389	410150	1594415	18.74
2005-2009	70-74	0.02529	0.11939	2.66	78672	9392	371348	1184265	15.05
2005-2009	75-79	0.04088	0.18617	2.6	69279	12898	315482	812917	11.73
2005-2009	80-84	0.06675	0.28703	2.56	56381	16183	242444	497435	8.82
2005-2009	85-89	0.11434	0.44405	2.49	40198	17850	156119	254991	6.34
2005-2009	90-94	0.19210	0.63327	2.31	22348	14153	73673	98871	4.42
2005-2009	95-99	0.30381	0.80151	2.05	8196	6569	21623	25198	3.07
2005-2009	100-104	0.44429	0.90967	1.75	1627	1480	3331	3576	2.20
2005-2009	105-109	0.59593	0.96146	1.48	147	141	237	245	1.67
2005-2009	110+	0.71527	1.00000	1.4	6	6	8	8	1.40
2010-2014	0	0.00645	0.00641	0.07	100000	641	99401	7907510	79.08
2010-2014	1-4	0.00021	0.00083	1.7	99359	83	397245	7808109	78.58
2010-2014	5-9	0.00012	0.00059	2.25	99276	59	496218	7410864	74.65
2010-2014	10-14	0.00012	0.00061	3.03	99217	60	495968	6914645	69.69
2010-2014	15-19	0.00047	0.00237	2.9	99157	235	495292	6418677	64.73
2010-2014	20-24	0.00084	0.00417	2.57	98922	413	493607	5923386	59.88
2010-2014	25-29	0.00098	0.00489	2.65	98509	482	491415	5429778	55.12
2010-2014	30-34	0.00111	0.00554	2.57	98028	543	488821	4938363	50.38
2010-2014	35-39	0.00138	0.00690	2.59	97485	673	485800	4449542	45.64
2010-2014	40-44	0.00184	0.00918	2.7	96812	889	482019	3963742	40.94
2010-2014	45-49	0.00297	0.01476	2.65	95923	1416	476292	3481723	36.30
2010-2014	50-54	0.00427	0.02116	2.67	94507	2000	467886	3005431	31.80
2010-2014	55-59	0.00639	0.03146	2.62	92508	2910	455610	2537545	27.43
2010-2014	60-64	0.00932	0.04561	2.65	89597	4087	438372	2081936	23.24
2010-2014	65-69	0.01465	0.07084	2.66	85510	6058	413377	1643564	19.22
2010-2014	70-74	0.02282	0.10826	2.63	79453	8602	376854	1230187	15.48
2010-2014	75-79	0.03768	0.17301	2.64	70851	12258	325348	853333	12.04
2010-2014	80-84	0.06454	0.27941	2.6	58593	16371	253677	527985	9.01
2010-2014	85-89	0.10949	0.42998	2.5	42222	18155	165803	274308	6.50
2010-2014	90-94	0.18674	0.62280	2.33	24067	14989	80266	108505	4.51
2010-2014	95-99	0.29929	0.79692	2.07	9078	7235	24173	28238	3.11
2010-2014	100-104	0.44260	0.90917	1.76	1844	1676	3787	4065	2.21
2010-2014	105-109	0.59806	0.96211	1.48	167	161	269	278	1.66
2010-2014	110+	0.72015	1.00000	1.39	6	6	9	9	1.39
2015-2019	0	0.00576	0.00573	0.06	100000	573	99464	7854012	78.54
2015-2019	1-4	0.00018	0.00073	1.71	99427	73	397541	7754548	77.99
2015-2019	5-9	0.00012	0.00058	2.79	99354	58	496644	7357007	74.05
2015-2019	10-14	0.00013	0.00063	2.37	99297	62	496320	6860363	69.09
2015-2019	15-19	0.00044	0.00220	3.15	99235	219	495768	6364043	64.13
2015-2019	20-24	0.00086	0.00430	2.72	99016	426	494110	5868275	59.27
2015-2019	25-29	0.00133	0.00664	2.58	98590	654	491371	5374165	54.51
2015-2019	30-34	0.00162	0.00806	2.56	97936	789	487758	4882793	49.86
2015-2019	35-39	0.00193	0.00962	2.5	97147	935	483398	4395035	45.24
2015-2019	40-44	0.00227	0.01130	2.66	96212	1088	478514	3911637	40.66
2015-2019	45-49	0.00322	0.01597	2.66	95125	1520	472074	3433123	36.09
2015-2019	50-54	0.00485	0.02400	2.67	93605	2246	462787	2961049	31.63
2015-2019	55-59	0.00686	0.03376	2.58	91359	3085	449335	2498261	27.35
2015-2019	60-64	0.00965	0.04717	2.63	88274	4164	431503	2048926	23.21
2015-2019	65-69	0.01400	0.06774	2.64	84110	5697	407095	1617423	19.23
2015-2019	70-74	0.02244	0.10660	2.66	78413	8359	372510	1210328	15.44
2015-2019	75-79	0.03676	0.16903	2.62	70054	11841	322138	837818	11.96
2015-2019	80-84	0.06544	0.28263	2.59	58213	16452	251395	515680	8.86
2015-2019	85-89	0.11347	0.44175	2.49	41760	18448	162582	264285	6.33
2015-2019	90-94	0.19472	0.63913	2.31	23313	14900	76521	101704	4.36
2015-2019	95-99	0.31297	0.81223	2.04	8413	6833	21833	25183	2.99
2015-2019	100-104	0.46166	0.91869	1.72	1580	1451	3144	3350	2.12
2015-2019	105-109	0.61956	0.96653	1.44	128	124	200	206	1.61
2015-2019	110+	0.74096	1.00000	1.35	4	4	6	6	1.35
2020-2022	0	0.00595	0.00592	0.07	100000	592	99447	7722644	77.23
2020-2022	1-4	0.00028	0.00111	1.73	99408	110	397383	7623197	76.69
2020-2022	5-9	0.00008	0.00042	2.37	99298	41	496382	7225815	72.77
2020-2022	10-14	0.00016	0.00082	3.22	99257	81	496139	6729433	67.80
2020-2022	15-19	0.00049	0.00245	2.85	99175	243	495355	6233293	62.85
2020-2022	20-24	0.00095	0.00472	2.73	98933	467	493602	5737938	58.00
2020-2022	25-29	0.00148	0.00739	2.68	98466	728	490642	5244336	53.26
2020-2022	30-34	0.00204	0.01015	2.6	97738	992	486310	4753695	48.64
2020-2022	35-39	0.00276	0.01370	2.67	96746	1326	480637	4267385	44.11
2020-2022	40-44	0.00328	0.01626	2.57	95420	1551	473338	3786748	39.69
2020-2022	45-49	0.00394	0.01954	2.62	93869	1834	464979	3313409	35.30
2020-2022	50-54	0.00559	0.02758	2.55	92035	2538	453944	2848431	30.95
2020-2022	55-59	0.00832	0.04078	2.6	89496	3650	438715	2394487	26.76
2020-2022	60-64	0.01109	0.05401	2.61	85847	4637	418130	1955772	22.78
2020-2022	65-69	0.01462	0.07061	2.6	81210	5734	392288	1537641	18.93
2020-2022	70-74	0.02311	0.10965	2.67	75476	8276	358111	1145353	15.18
2020-2022	75-79	0.03889	0.17805	2.63	67200	11965	307633	787242	11.71
2020-2022	80-84	0.06701	0.28842	2.59	55235	15931	237749	479609	8.68
2020-2022	85-89	0.11781	0.45490	2.5	39304	17879	151760	241861	6.15
2020-2022	90-94	0.20393	0.65722	2.3	21425	14081	69047	90101	4.21
2020-2022	95-99	0.32892	0.82879	2.01	7344	6087	18505	21054	2.87
2020-2022	100-104	0.48435	0.92883	1.68	1257	1168	2411	2549	2.03
2020-2022	105-109	0.64558	0.97123	1.4	89	87	135	138	1.54
2020-2022	110+	0.76623	1.00000	1.31	3	3	3	3	1.31
