ME: ME, Lifetables (period 1x10), Females Last modified: February 4 2025, MPv5 (May07) 

Year     	Age	mx	qx	ax	lx	dx	Lx	Tx	ex
1941-1949	0	0.03802	0.03684	0.16	100000	3684	96903	6905581	69.06
1941-1949	1	0.00355	0.00355	0.5	96316	341	96145	6808677	70.69
1941-1949	2	0.00185	0.00185	0.5	95974	177	95886	6712532	69.94
1941-1949	3	0.00110	0.00110	0.5	95797	105	95744	6616647	69.07
1941-1949	4	0.00123	0.00123	0.5	95692	117	95633	6520902	68.14
1941-1949	5	0.00110	0.00110	0.5	95574	105	95522	6425270	67.23
1941-1949	6	0.00092	0.00092	0.5	95469	87	95425	6329748	66.30
1941-1949	7	0.00077	0.00077	0.5	95382	74	95345	6234323	65.36
1941-1949	8	0.00067	0.00067	0.5	95308	64	95276	6138978	64.41
1941-1949	9	0.00061	0.00061	0.5	95244	58	95215	6043703	63.46
1941-1949	10	0.00058	0.00058	0.5	95186	56	95158	5948488	62.49
1941-1949	11	0.00058	0.00058	0.5	95130	56	95102	5853330	61.53
1941-1949	12	0.00060	0.00060	0.5	95075	57	95046	5758228	60.57
1941-1949	13	0.00063	0.00063	0.5	95017	60	94987	5663182	59.60
1941-1949	14	0.00068	0.00068	0.5	94957	65	94925	5568194	58.64
1941-1949	15	0.00075	0.00075	0.5	94892	71	94857	5473269	57.68
1941-1949	16	0.00082	0.00082	0.5	94822	77	94783	5378412	56.72
1941-1949	17	0.00090	0.00090	0.5	94744	85	94702	5283630	55.77
1941-1949	18	0.00099	0.00099	0.5	94659	94	94612	5188928	54.82
1941-1949	19	0.00110	0.00110	0.5	94565	104	94513	5094316	53.87
1941-1949	20	0.00121	0.00121	0.5	94461	114	94404	4999803	52.93
1941-1949	21	0.00131	0.00131	0.5	94347	124	94285	4905399	51.99
1941-1949	22	0.00140	0.00140	0.5	94223	132	94157	4811114	51.06
1941-1949	23	0.00146	0.00146	0.5	94091	137	94023	4716957	50.13
1941-1949	24	0.00149	0.00149	0.5	93954	140	93884	4622934	49.20
1941-1949	25	0.00152	0.00152	0.5	93814	142	93743	4529050	48.28
1941-1949	26	0.00155	0.00155	0.5	93672	145	93599	4435307	47.35
1941-1949	27	0.00159	0.00159	0.5	93527	148	93453	4341708	46.42
1941-1949	28	0.00164	0.00164	0.5	93379	153	93302	4248256	45.49
1941-1949	29	0.00171	0.00171	0.5	93225	160	93145	4154954	44.57
1941-1949	30	0.00179	0.00179	0.5	93066	167	92982	4061808	43.64
1941-1949	31	0.00188	0.00188	0.5	92899	174	92812	3968826	42.72
1941-1949	32	0.00197	0.00197	0.5	92725	182	92633	3876014	41.80
1941-1949	33	0.00207	0.00206	0.5	92542	191	92447	3783381	40.88
1941-1949	34	0.00217	0.00217	0.5	92351	200	92251	3690934	39.97
1941-1949	35	0.00230	0.00229	0.5	92151	211	92045	3598683	39.05
1941-1949	36	0.00245	0.00245	0.5	91940	225	91827	3506638	38.14
1941-1949	37	0.00264	0.00263	0.5	91715	241	91594	3414811	37.23
1941-1949	38	0.00286	0.00285	0.5	91473	261	91343	3323217	36.33
1941-1949	39	0.00312	0.00311	0.5	91212	284	91070	3231875	35.43
1941-1949	40	0.00340	0.00340	0.5	90928	309	90774	3140804	34.54
1941-1949	41	0.00367	0.00366	0.5	90619	332	90453	3050031	33.66
1941-1949	42	0.00393	0.00393	0.5	90287	354	90110	2959578	32.78
1941-1949	43	0.00417	0.00416	0.5	89933	374	89746	2869468	31.91
1941-1949	44	0.00434	0.00433	0.5	89559	388	89365	2779722	31.04
1941-1949	45	0.00451	0.00450	0.5	89171	402	88971	2690357	30.17
1941-1949	46	0.00476	0.00475	0.5	88770	422	88559	2601386	29.30
1941-1949	47	0.00511	0.00510	0.5	88348	450	88123	2512827	28.44
1941-1949	48	0.00557	0.00556	0.5	87898	489	87653	2424704	27.59
1941-1949	49	0.00618	0.00616	0.5	87409	538	87140	2337051	26.74
1941-1949	50	0.00692	0.00689	0.5	86871	599	86571	2249911	25.90
1941-1949	51	0.00760	0.00757	0.5	86272	653	85945	2163340	25.08
1941-1949	52	0.00829	0.00826	0.5	85619	707	85265	2077395	24.26
1941-1949	53	0.00896	0.00892	0.5	84912	757	84533	1992130	23.46
1941-1949	54	0.00953	0.00949	0.5	84154	798	83755	1907597	22.67
1941-1949	55	0.01009	0.01004	0.5	83356	837	82937	1823842	21.88
1941-1949	56	0.01073	0.01067	0.5	82519	880	82079	1740904	21.10
1941-1949	57	0.01154	0.01147	0.5	81639	937	81170	1658825	20.32
1941-1949	58	0.01256	0.01248	0.5	80702	1007	80199	1577655	19.55
1941-1949	59	0.01373	0.01364	0.5	79695	1087	79152	1497456	18.79
1941-1949	60	0.01502	0.01491	0.5	78608	1172	78022	1418305	18.04
1941-1949	61	0.01634	0.01621	0.5	77436	1255	76808	1340283	17.31
1941-1949	62	0.01791	0.01775	0.5	76181	1352	75504	1263474	16.59
1941-1949	63	0.01969	0.01950	0.5	74828	1459	74099	1187970	15.88
1941-1949	64	0.02150	0.02127	0.5	73369	1561	72589	1113871	15.18
1941-1949	65	0.02369	0.02341	0.5	71808	1681	70968	1041282	14.50
1941-1949	66	0.02602	0.02568	0.5	70128	1801	69227	970314	13.84
1941-1949	67	0.02847	0.02807	0.5	68326	1918	67368	901087	13.19
1941-1949	68	0.03144	0.03095	0.5	66409	2055	65381	833720	12.55
1941-1949	69	0.03484	0.03424	0.5	64353	2204	63251	768339	11.94
1941-1949	70	0.03879	0.03805	0.5	62150	2365	60967	705088	11.34
1941-1949	71	0.04263	0.04174	0.5	59785	2496	58537	644120	10.77
1941-1949	72	0.04668	0.04562	0.5	57289	2613	55982	585584	10.22
1941-1949	73	0.05132	0.05004	0.5	54676	2736	53308	529601	9.69
1941-1949	74	0.05618	0.05465	0.5	51940	2838	50521	476294	9.17
1941-1949	75	0.06216	0.06029	0.5	49101	2960	47621	425773	8.67
1941-1949	76	0.06864	0.06636	0.5	46141	3062	44610	378152	8.20
1941-1949	77	0.07498	0.07227	0.5	43079	3113	41522	333542	7.74
1941-1949	78	0.08241	0.07915	0.5	39966	3163	38384	292019	7.31
1941-1949	79	0.09076	0.08682	0.5	36802	3195	35205	253635	6.89
1941-1949	80	0.09458	0.09031	0.5	33607	3035	32090	218430	6.50
1941-1949	81	0.10407	0.09892	0.5	30572	3024	29060	186340	6.10
1941-1949	82	0.11459	0.10838	0.5	27548	2986	26055	157281	5.71
1941-1949	83	0.12624	0.11874	0.5	24562	2917	23104	131226	5.34
1941-1949	84	0.13986	0.13072	0.5	21645	2829	20231	108122	5.00
1941-1949	85	0.15412	0.14309	0.5	18816	2692	17470	87891	4.67
1941-1949	86	0.16955	0.15630	0.5	16124	2520	14864	70421	4.37
1941-1949	87	0.18618	0.17033	0.5	13603	2317	12445	55558	4.08
1941-1949	88	0.20405	0.18516	0.5	11286	2090	10242	43113	3.82
1941-1949	89	0.22316	0.20076	0.5	9197	1846	8274	32871	3.57
1941-1949	90	0.24351	0.21708	0.5	7350	1596	6553	24598	3.35
1941-1949	91	0.26508	0.23406	0.5	5755	1347	5081	18045	3.14
1941-1949	92	0.28784	0.25163	0.5	4408	1109	3853	12964	2.94
1941-1949	93	0.31172	0.26969	0.5	3299	890	2854	9111	2.76
1941-1949	94	0.33665	0.28815	0.5	2409	694	2062	6257	2.60
1941-1949	95	0.36252	0.30689	0.5	1715	526	1452	4195	2.45
1941-1949	96	0.38922	0.32581	0.5	1189	387	995	2743	2.31
1941-1949	97	0.41659	0.34478	0.5	801	276	663	1748	2.18
1941-1949	98	0.44449	0.36367	0.5	525	191	430	1085	2.07
1941-1949	99	0.47274	0.38236	0.5	334	128	270	655	1.96
1941-1949	100	0.50117	0.40075	0.5	206	83	165	385	1.87
1941-1949	101	0.52959	0.41872	0.5	124	52	98	220	1.78
1941-1949	102	0.55782	0.43617	0.5	72	31	56	122	1.70
1941-1949	103	0.58568	0.45302	0.5	41	18	31	66	1.63
1941-1949	104	0.61301	0.46920	0.5	22	10	17	35	1.57
1941-1949	105	0.63964	0.48464	0.5	12	6	9	18	1.51
1941-1949	106	0.66544	0.49931	0.5	6	3	5	9	1.46
1941-1949	107	0.69028	0.51317	0.5	3	2	2	4	1.41
1941-1949	108	0.71407	0.52620	0.5	1	1	1	2	1.37
1941-1949	109	0.73674	0.53841	0.5	1	0	1	1	1.34
1941-1949	110+	0.75821	1.00000	1.32	0	0	0	0	1.32
1950-1959	0	0.02394	0.02345	0.12	100000	2345	97937	7311154	73.11
1950-1959	1	0.00195	0.00195	0.5	97655	190	97560	7213217	73.86
1950-1959	2	0.00098	0.00098	0.5	97465	96	97417	7115657	73.01
1950-1959	3	0.00091	0.00091	0.5	97369	89	97325	7018241	72.08
1950-1959	4	0.00062	0.00062	0.5	97280	60	97250	6920916	71.14
1950-1959	5	0.00054	0.00053	0.5	97220	52	97194	6823666	70.19
1950-1959	6	0.00043	0.00043	0.5	97168	42	97147	6726472	69.22
1950-1959	7	0.00041	0.00041	0.5	97126	40	97106	6629324	68.25
1950-1959	8	0.00036	0.00036	0.5	97086	35	97069	6532218	67.28
1950-1959	9	0.00036	0.00036	0.5	97051	35	97033	6435149	66.31
1950-1959	10	0.00032	0.00032	0.5	97016	31	97000	6338116	65.33
1950-1959	11	0.00030	0.00030	0.5	96984	29	96970	6241116	64.35
1950-1959	12	0.00034	0.00034	0.5	96955	33	96939	6144146	63.37
1950-1959	13	0.00027	0.00027	0.5	96923	27	96909	6047207	62.39
1950-1959	14	0.00034	0.00034	0.5	96896	33	96880	5950298	61.41
1950-1959	15	0.00043	0.00043	0.5	96863	42	96842	5853418	60.43
1950-1959	16	0.00043	0.00043	0.5	96821	41	96801	5756576	59.46
1950-1959	17	0.00047	0.00047	0.5	96780	45	96757	5659776	58.48
1950-1959	18	0.00055	0.00055	0.5	96735	53	96708	5563018	57.51
1950-1959	19	0.00061	0.00061	0.5	96682	59	96652	5466310	56.54
1950-1959	20	0.00064	0.00064	0.5	96623	62	96591	5369658	55.57
1950-1959	21	0.00068	0.00068	0.5	96560	66	96527	5273066	54.61
1950-1959	22	0.00069	0.00069	0.5	96495	67	96461	5176539	53.65
1950-1959	23	0.00075	0.00075	0.5	96428	72	96392	5080078	52.68
1950-1959	24	0.00075	0.00075	0.5	96356	73	96319	4983686	51.72
1950-1959	25	0.00075	0.00075	0.5	96283	72	96247	4887366	50.76
1950-1959	26	0.00071	0.00071	0.5	96211	68	96177	4791119	49.80
1950-1959	27	0.00074	0.00074	0.5	96143	71	96107	4694942	48.83
1950-1959	28	0.00084	0.00084	0.5	96071	81	96031	4598835	47.87
1950-1959	29	0.00094	0.00094	0.5	95990	90	95945	4502804	46.91
1950-1959	30	0.00102	0.00102	0.5	95900	97	95852	4406859	45.95
1950-1959	31	0.00114	0.00114	0.5	95803	109	95748	4311007	45.00
1950-1959	32	0.00122	0.00122	0.5	95694	117	95635	4215259	44.05
1950-1959	33	0.00129	0.00129	0.5	95577	123	95515	4119623	43.10
1950-1959	34	0.00137	0.00137	0.5	95454	131	95388	4024108	42.16
1950-1959	35	0.00149	0.00149	0.5	95323	142	95252	3928720	41.21
1950-1959	36	0.00156	0.00156	0.5	95181	149	95107	3833468	40.28
1950-1959	37	0.00165	0.00165	0.5	95032	157	94954	3738361	39.34
1950-1959	38	0.00176	0.00176	0.5	94875	167	94792	3643407	38.40
1950-1959	39	0.00189	0.00189	0.5	94708	179	94619	3548616	37.47
1950-1959	40	0.00202	0.00202	0.5	94529	191	94434	3453997	36.54
1950-1959	41	0.00225	0.00225	0.5	94338	212	94232	3359563	35.61
1950-1959	42	0.00236	0.00236	0.5	94126	222	94015	3265331	34.69
1950-1959	43	0.00272	0.00271	0.5	93904	255	93776	3171316	33.77
1950-1959	44	0.00296	0.00295	0.5	93649	276	93511	3077540	32.86
1950-1959	45	0.00336	0.00335	0.5	93373	313	93216	2984029	31.96
1950-1959	46	0.00359	0.00359	0.5	93059	334	92893	2890813	31.06
1950-1959	47	0.00386	0.00386	0.5	92726	358	92547	2797920	30.17
1950-1959	48	0.00421	0.00420	0.5	92368	388	92174	2705373	29.29
1950-1959	49	0.00465	0.00464	0.5	91980	427	91767	2613199	28.41
1950-1959	50	0.00508	0.00507	0.5	91553	464	91321	2521432	27.54
1950-1959	51	0.00553	0.00552	0.5	91090	502	90838	2430111	26.68
1950-1959	52	0.00614	0.00612	0.5	90587	554	90310	2339272	25.82
1950-1959	53	0.00669	0.00667	0.5	90033	600	89732	2248962	24.98
1950-1959	54	0.00687	0.00685	0.5	89432	613	89126	2159230	24.14
1950-1959	55	0.00773	0.00770	0.5	88820	684	88478	2070104	23.31
1950-1959	56	0.00850	0.00847	0.5	88136	746	87763	1981626	22.48
1950-1959	57	0.00925	0.00920	0.5	87389	804	86987	1893864	21.67
1950-1959	58	0.01059	0.01053	0.5	86585	912	86129	1806876	20.87
1950-1959	59	0.01112	0.01106	0.5	85673	947	85200	1720747	20.09
1950-1959	60	0.01231	0.01224	0.5	84726	1037	84208	1635548	19.30
1950-1959	61	0.01318	0.01309	0.5	83689	1096	83141	1551340	18.54
1950-1959	62	0.01508	0.01497	0.5	82594	1237	81975	1468199	17.78
1950-1959	63	0.01633	0.01619	0.5	81357	1317	80698	1386224	17.04
1950-1959	64	0.01818	0.01802	0.5	80040	1442	79318	1305525	16.31
1950-1959	65	0.02019	0.01999	0.5	78597	1571	77812	1226207	15.60
1950-1959	66	0.02210	0.02186	0.5	77027	1684	76185	1148395	14.91
1950-1959	67	0.02440	0.02410	0.5	75343	1816	74435	1072210	14.23
1950-1959	68	0.02662	0.02627	0.5	73527	1931	72561	997776	13.57
1950-1959	69	0.02910	0.02869	0.5	71595	2054	70568	925215	12.92
1950-1959	70	0.03133	0.03085	0.5	69542	2145	68469	854646	12.29
1950-1959	71	0.03435	0.03377	0.5	67396	2276	66258	786177	11.66
1950-1959	72	0.03900	0.03825	0.5	65120	2491	63875	719919	11.06
1950-1959	73	0.04345	0.04253	0.5	62629	2663	61298	656044	10.48
1950-1959	74	0.04875	0.04759	0.5	59966	2854	58539	594746	9.92
1950-1959	75	0.05426	0.05283	0.5	57112	3017	55604	536207	9.39
1950-1959	76	0.06013	0.05838	0.5	54095	3158	52516	480603	8.88
1950-1959	77	0.06552	0.06344	0.5	50937	3231	49322	428087	8.40
1950-1959	78	0.07441	0.07174	0.5	47706	3423	45995	378766	7.94
1950-1959	79	0.08090	0.07776	0.5	44283	3443	42562	332771	7.51
1950-1959	80	0.08566	0.08214	0.5	40840	3355	39163	290210	7.11
1950-1959	81	0.09419	0.08995	0.5	37485	3372	35799	251047	6.70
1950-1959	82	0.10019	0.09541	0.5	34113	3255	32486	215248	6.31
1950-1959	83	0.11117	0.10531	0.5	30859	3250	29234	182762	5.92
1950-1959	84	0.12270	0.11561	0.5	27609	3192	26013	153528	5.56
1950-1959	85	0.13450	0.12602	0.5	24417	3077	22878	127515	5.22
1950-1959	86	0.14723	0.13714	0.5	21340	2927	19877	104636	4.90
1950-1959	87	0.16095	0.14897	0.5	18413	2743	17042	84760	4.60
1950-1959	88	0.17569	0.16150	0.5	15670	2531	14405	67718	4.32
1950-1959	89	0.19146	0.17474	0.5	13140	2296	11992	53313	4.06
1950-1959	90	0.20830	0.18865	0.5	10844	2046	9821	41321	3.81
1950-1959	91	0.22620	0.20321	0.5	8798	1788	7904	31501	3.58
1950-1959	92	0.24516	0.21839	0.5	7010	1531	6245	23596	3.37
1950-1959	93	0.26517	0.23413	0.5	5479	1283	4838	17352	3.17
1950-1959	94	0.28619	0.25036	0.5	4196	1051	3671	12514	2.98
1950-1959	95	0.30818	0.26703	0.5	3146	840	2726	8843	2.81
1950-1959	96	0.33107	0.28405	0.5	2306	655	1978	6117	2.65
1950-1959	97	0.35479	0.30134	0.5	1651	497	1402	4139	2.51
1950-1959	98	0.37925	0.31880	0.5	1153	368	970	2737	2.37
1950-1959	99	0.40434	0.33634	0.5	786	264	654	1767	2.25
1950-1959	100	0.42994	0.35387	0.5	521	185	429	1114	2.14
1950-1959	101	0.45591	0.37128	0.5	337	125	274	685	2.03
1950-1959	102	0.48213	0.38848	0.5	212	82	171	410	1.94
1950-1959	103	0.50845	0.40539	0.5	130	53	103	240	1.85
1950-1959	104	0.53473	0.42192	0.5	77	32	61	136	1.77
1950-1959	105	0.56081	0.43799	0.5	45	20	35	76	1.70
1950-1959	106	0.58656	0.45354	0.5	25	11	19	41	1.64
1950-1959	107	0.61184	0.46851	0.5	14	6	10	22	1.58
1950-1959	108	0.63654	0.48286	0.5	7	4	6	11	1.53
1950-1959	109	0.66053	0.49654	0.5	4	2	3	6	1.49
1950-1959	110+	0.68373	1.00000	1.46	2	2	3	3	1.46
1960-1969	0	0.01992	0.01957	0.11	100000	1957	98256	7424510	74.25
1960-1969	1	0.00128	0.00128	0.5	98043	125	97980	7326254	74.73
1960-1969	2	0.00099	0.00099	0.5	97917	97	97869	7228274	73.82
1960-1969	3	0.00058	0.00058	0.5	97820	56	97792	7130405	72.89
1960-1969	4	0.00058	0.00058	0.5	97764	57	97735	7032613	71.93
1960-1969	5	0.00051	0.00051	0.5	97707	50	97682	6934878	70.98
1960-1969	6	0.00048	0.00048	0.5	97657	47	97633	6837196	70.01
1960-1969	7	0.00035	0.00035	0.5	97610	34	97593	6739563	69.05
1960-1969	8	0.00036	0.00036	0.5	97576	35	97558	6641970	68.07
1960-1969	9	0.00029	0.00029	0.5	97541	28	97526	6544412	67.09
1960-1969	10	0.00030	0.00030	0.5	97512	29	97498	6446886	66.11
1960-1969	11	0.00031	0.00031	0.5	97483	30	97468	6349388	65.13
1960-1969	12	0.00033	0.00033	0.5	97453	33	97437	6251920	64.15
1960-1969	13	0.00035	0.00035	0.5	97421	34	97404	6154483	63.17
1960-1969	14	0.00033	0.00033	0.5	97387	32	97371	6057079	62.20
1960-1969	15	0.00044	0.00044	0.5	97355	43	97334	5959709	61.22
1960-1969	16	0.00059	0.00059	0.5	97312	58	97283	5862375	60.24
1960-1969	17	0.00052	0.00052	0.5	97255	50	97229	5765092	59.28
1960-1969	18	0.00062	0.00062	0.5	97204	61	97174	5667862	58.31
1960-1969	19	0.00065	0.00065	0.5	97144	64	97112	5570688	57.34
1960-1969	20	0.00049	0.00048	0.5	97080	47	97057	5473576	56.38
1960-1969	21	0.00059	0.00059	0.5	97033	57	97005	5376519	55.41
1960-1969	22	0.00051	0.00051	0.5	96976	50	96951	5279515	54.44
1960-1969	23	0.00061	0.00061	0.5	96927	59	96897	5182563	53.47
1960-1969	24	0.00074	0.00074	0.5	96868	72	96832	5085666	52.50
1960-1969	25	0.00055	0.00055	0.5	96796	53	96769	4988834	51.54
1960-1969	26	0.00076	0.00076	0.5	96742	74	96705	4892065	50.57
1960-1969	27	0.00076	0.00076	0.5	96669	74	96632	4795360	49.61
1960-1969	28	0.00068	0.00068	0.5	96595	66	96562	4698728	48.64
1960-1969	29	0.00094	0.00094	0.5	96529	91	96483	4602166	47.68
1960-1969	30	0.00110	0.00110	0.5	96438	106	96385	4505683	46.72
1960-1969	31	0.00105	0.00105	0.5	96332	102	96282	4409298	45.77
1960-1969	32	0.00095	0.00095	0.5	96231	92	96185	4313016	44.82
1960-1969	33	0.00108	0.00108	0.5	96139	104	96088	4216831	43.86
1960-1969	34	0.00106	0.00106	0.5	96036	102	95985	4120743	42.91
1960-1969	35	0.00122	0.00122	0.5	95934	117	95875	4024759	41.95
1960-1969	36	0.00133	0.00133	0.5	95816	127	95753	3928884	41.00
1960-1969	37	0.00142	0.00142	0.5	95689	136	95621	3833131	40.06
1960-1969	38	0.00185	0.00185	0.5	95554	177	95465	3737510	39.11
1960-1969	39	0.00168	0.00167	0.5	95376	160	95297	3642045	38.19
1960-1969	40	0.00202	0.00202	0.5	95217	192	95121	3546748	37.25
1960-1969	41	0.00198	0.00198	0.5	95025	188	94931	3451628	36.32
1960-1969	42	0.00241	0.00241	0.5	94837	228	94723	3356697	35.39
1960-1969	43	0.00250	0.00250	0.5	94609	236	94491	3261974	34.48
1960-1969	44	0.00278	0.00277	0.5	94373	262	94242	3167484	33.56
1960-1969	45	0.00297	0.00297	0.5	94111	280	93971	3073242	32.66
1960-1969	46	0.00356	0.00356	0.5	93831	334	93665	2979271	31.75
1960-1969	47	0.00432	0.00431	0.5	93498	403	93296	2885606	30.86
1960-1969	48	0.00385	0.00384	0.5	93094	358	92916	2792310	29.99
1960-1969	49	0.00424	0.00423	0.5	92737	392	92541	2699395	29.11
1960-1969	50	0.00530	0.00528	0.5	92344	488	92100	2606854	28.23
1960-1969	51	0.00566	0.00564	0.5	91857	518	91597	2514754	27.38
1960-1969	52	0.00588	0.00586	0.5	91338	536	91071	2423156	26.53
1960-1969	53	0.00607	0.00606	0.5	90803	550	90528	2332086	25.68
1960-1969	54	0.00660	0.00657	0.5	90253	593	89956	2241558	24.84
1960-1969	55	0.00693	0.00690	0.5	89660	619	89350	2151601	24.00
1960-1969	56	0.00812	0.00809	0.5	89041	720	88680	2062251	23.16
1960-1969	57	0.00857	0.00854	0.5	88320	754	87943	1973571	22.35
1960-1969	58	0.01012	0.01007	0.5	87566	882	87125	1885628	21.53
1960-1969	59	0.01045	0.01040	0.5	86685	901	86234	1798502	20.75
1960-1969	60	0.01171	0.01164	0.5	85783	998	85284	1712268	19.96
1960-1969	61	0.01199	0.01191	0.5	84785	1010	84280	1626984	19.19
1960-1969	62	0.01469	0.01458	0.5	83775	1221	83164	1542705	18.41
1960-1969	63	0.01551	0.01539	0.5	82553	1271	81918	1459541	17.68
1960-1969	64	0.01642	0.01629	0.5	81283	1324	80621	1377623	16.95
1960-1969	65	0.01865	0.01848	0.5	79958	1478	79220	1297002	16.22
1960-1969	66	0.02016	0.01996	0.5	78481	1566	77698	1217783	15.52
1960-1969	67	0.02256	0.02231	0.5	76914	1716	76056	1140085	14.82
1960-1969	68	0.02420	0.02391	0.5	75198	1798	74299	1064029	14.15
1960-1969	69	0.02532	0.02500	0.5	73400	1835	72483	989729	13.48
1960-1969	70	0.02804	0.02765	0.5	71565	1979	70575	917247	12.82
1960-1969	71	0.03256	0.03204	0.5	69586	2230	68471	846671	12.17
1960-1969	72	0.03692	0.03625	0.5	67356	2442	66135	778200	11.55
1960-1969	73	0.03806	0.03735	0.5	64915	2424	63702	712065	10.97
1960-1969	74	0.04485	0.04387	0.5	62490	2741	61120	648363	10.38
1960-1969	75	0.05001	0.04879	0.5	59749	2915	58291	587243	9.83
1960-1969	76	0.05275	0.05139	0.5	56834	2921	55373	528952	9.31
1960-1969	77	0.05961	0.05789	0.5	53913	3121	52353	473579	8.78
1960-1969	78	0.06397	0.06198	0.5	50792	3148	49218	421226	8.29
1960-1969	79	0.07264	0.07009	0.5	47644	3339	45974	372008	7.81
1960-1969	80	0.07402	0.07137	0.5	44304	3162	42723	326034	7.36
1960-1969	81	0.08155	0.07836	0.5	41142	3224	39530	283310	6.89
1960-1969	82	0.09348	0.08930	0.5	37918	3386	36225	243780	6.43
1960-1969	83	0.10726	0.10180	0.5	34532	3515	32775	207555	6.01
1960-1969	84	0.11606	0.10969	0.5	31017	3402	29316	174780	5.64
1960-1969	85	0.12849	0.12073	0.5	27615	3334	25948	145465	5.27
1960-1969	86	0.14204	0.13262	0.5	24281	3220	22671	119517	4.92
1960-1969	87	0.15675	0.14536	0.5	21061	3061	19530	96846	4.60
1960-1969	88	0.17269	0.15896	0.5	17999	2861	16569	77317	4.30
1960-1969	89	0.18988	0.17342	0.5	15138	2625	13825	60748	4.01
1960-1969	90	0.20836	0.18870	0.5	12513	2361	11332	46923	3.75
1960-1969	91	0.22812	0.20476	0.5	10152	2079	9112	35591	3.51
1960-1969	92	0.24917	0.22157	0.5	8073	1789	7179	26478	3.28
1960-1969	93	0.27148	0.23903	0.5	6284	1502	5533	19300	3.07
1960-1969	94	0.29500	0.25708	0.5	4782	1229	4167	13767	2.88
1960-1969	95	0.31966	0.27561	0.5	3553	979	3063	9599	2.70
1960-1969	96	0.34538	0.29452	0.5	2574	758	2195	6536	2.54
1960-1969	97	0.37203	0.31368	0.5	1816	570	1531	4341	2.39
1960-1969	98	0.39948	0.33298	0.5	1246	415	1039	2810	2.26
1960-1969	99	0.42759	0.35227	0.5	831	293	685	1772	2.13
1960-1969	100	0.45616	0.37144	0.5	538	200	438	1087	2.02
1960-1969	101	0.48503	0.39036	0.5	338	132	272	649	1.92
1960-1969	102	0.51400	0.40891	0.5	206	84	164	376	1.82
1960-1969	103	0.54287	0.42698	0.5	122	52	96	212	1.74
1960-1969	104	0.57146	0.44447	0.5	70	31	54	116	1.66
1960-1969	105	0.59958	0.46129	0.5	39	18	30	62	1.60
1960-1969	106	0.62706	0.47739	0.5	21	10	16	32	1.54
1960-1969	107	0.65375	0.49270	0.5	11	5	8	16	1.48
1960-1969	108	0.67949	0.50718	0.5	6	3	4	8	1.44
1960-1969	109	0.70420	0.52082	0.5	3	1	2	4	1.40
1960-1969	110+	0.72776	1.00000	1.37	1	1	2	2	1.37
1970-1979	0	0.01294	0.01279	0.09	100000	1279	98835	7666286	76.66
1970-1979	1	0.00088	0.00088	0.5	98721	87	98677	7567451	76.66
1970-1979	2	0.00038	0.00038	0.5	98634	37	98616	7468774	75.72
1970-1979	3	0.00051	0.00051	0.5	98597	50	98572	7370159	74.75
1970-1979	4	0.00049	0.00049	0.5	98547	49	98523	7271587	73.79
1970-1979	5	0.00035	0.00035	0.5	98498	35	98481	7173064	72.82
1970-1979	6	0.00034	0.00034	0.5	98463	34	98447	7074583	71.85
1970-1979	7	0.00034	0.00034	0.5	98430	34	98413	6976137	70.87
1970-1979	8	0.00025	0.00025	0.5	98396	25	98384	6877724	69.90
1970-1979	9	0.00024	0.00024	0.5	98371	24	98359	6779340	68.92
1970-1979	10	0.00025	0.00025	0.5	98347	24	98335	6680981	67.93
1970-1979	11	0.00026	0.00026	0.5	98323	26	98310	6582646	66.95
1970-1979	12	0.00020	0.00020	0.5	98297	19	98287	6484336	65.97
1970-1979	13	0.00029	0.00029	0.5	98278	29	98263	6386049	64.98
1970-1979	14	0.00035	0.00035	0.5	98249	34	98231	6287785	64.00
1970-1979	15	0.00051	0.00051	0.5	98214	50	98189	6189554	63.02
1970-1979	16	0.00068	0.00068	0.5	98165	67	98131	6091365	62.05
1970-1979	17	0.00065	0.00065	0.5	98098	64	98066	5993233	61.09
1970-1979	18	0.00056	0.00056	0.5	98034	55	98007	5895168	60.13
1970-1979	19	0.00045	0.00045	0.5	97979	44	97957	5797161	59.17
1970-1979	20	0.00061	0.00061	0.5	97935	59	97905	5699204	58.19
1970-1979	21	0.00041	0.00041	0.5	97876	40	97856	5601298	57.23
1970-1979	22	0.00049	0.00049	0.5	97835	48	97812	5503443	56.25
1970-1979	23	0.00042	0.00042	0.5	97788	41	97767	5405631	55.28
1970-1979	24	0.00055	0.00055	0.5	97747	54	97720	5307864	54.30
1970-1979	25	0.00059	0.00059	0.5	97693	58	97664	5210144	53.33
1970-1979	26	0.00057	0.00057	0.5	97636	56	97607	5112479	52.36
1970-1979	27	0.00053	0.00053	0.5	97579	52	97554	5014872	51.39
1970-1979	28	0.00060	0.00060	0.5	97528	58	97499	4917318	50.42
1970-1979	29	0.00062	0.00062	0.5	97469	61	97439	4819820	49.45
1970-1979	30	0.00066	0.00066	0.5	97409	64	97376	4722381	48.48
1970-1979	31	0.00094	0.00094	0.5	97344	91	97299	4625004	47.51
1970-1979	32	0.00062	0.00062	0.5	97253	60	97223	4527706	46.56
1970-1979	33	0.00081	0.00081	0.5	97193	78	97153	4430483	45.58
1970-1979	34	0.00124	0.00124	0.5	97114	120	97054	4333329	44.62
1970-1979	35	0.00083	0.00083	0.5	96994	80	96954	4236275	43.68
1970-1979	36	0.00123	0.00123	0.5	96914	119	96854	4139321	42.71
1970-1979	37	0.00104	0.00104	0.5	96795	101	96744	4042467	41.76
1970-1979	38	0.00140	0.00140	0.5	96694	135	96626	3945723	40.81
1970-1979	39	0.00165	0.00165	0.5	96559	159	96479	3849096	39.86
1970-1979	40	0.00165	0.00165	0.5	96400	159	96320	3752617	38.93
1970-1979	41	0.00169	0.00169	0.5	96241	162	96160	3656297	37.99
1970-1979	42	0.00223	0.00222	0.5	96079	214	95972	3560137	37.05
1970-1979	43	0.00221	0.00221	0.5	95865	212	95759	3464165	36.14
1970-1979	44	0.00263	0.00263	0.5	95654	251	95528	3368405	35.21
1970-1979	45	0.00285	0.00284	0.5	95402	271	95266	3272878	34.31
1970-1979	46	0.00315	0.00314	0.5	95131	299	94981	3177611	33.40
1970-1979	47	0.00376	0.00375	0.5	94832	356	94654	3082630	32.51
1970-1979	48	0.00380	0.00379	0.5	94476	359	94297	2987976	31.63
1970-1979	49	0.00389	0.00388	0.5	94117	365	93935	2893679	30.75
1970-1979	50	0.00478	0.00477	0.5	93752	447	93528	2799745	29.86
1970-1979	51	0.00520	0.00519	0.5	93305	484	93063	2706216	29.00
1970-1979	52	0.00507	0.00506	0.5	92821	469	92586	2613153	28.15
1970-1979	53	0.00541	0.00539	0.5	92351	498	92102	2520567	27.29
1970-1979	54	0.00604	0.00602	0.5	91853	553	91577	2428465	26.44
1970-1979	55	0.00701	0.00699	0.5	91300	638	90981	2336888	25.60
1970-1979	56	0.00771	0.00768	0.5	90662	696	90314	2245907	24.77
1970-1979	57	0.00794	0.00791	0.5	89967	712	89611	2155592	23.96
1970-1979	58	0.00829	0.00826	0.5	89255	737	88886	2065982	23.15
1970-1979	59	0.01014	0.01009	0.5	88518	893	88071	1977095	22.34
1970-1979	60	0.01002	0.00997	0.5	87625	874	87188	1889024	21.56
1970-1979	61	0.01102	0.01096	0.5	86751	951	86275	1801836	20.77
1970-1979	62	0.01203	0.01195	0.5	85800	1026	85287	1715561	19.99
1970-1979	63	0.01365	0.01356	0.5	84774	1150	84200	1630274	19.23
1970-1979	64	0.01453	0.01443	0.5	83625	1207	83021	1546074	18.49
1970-1979	65	0.01592	0.01579	0.5	82418	1302	81767	1463053	17.75
1970-1979	66	0.01693	0.01678	0.5	81117	1361	80436	1381285	17.03
1970-1979	67	0.01929	0.01911	0.5	79755	1524	78993	1300850	16.31
1970-1979	68	0.01931	0.01912	0.5	78231	1496	77483	1221856	15.62
1970-1979	69	0.02320	0.02294	0.5	76735	1760	75855	1144373	14.91
1970-1979	70	0.02548	0.02516	0.5	74975	1886	74032	1068518	14.25
1970-1979	71	0.02598	0.02565	0.5	73089	1874	72152	994486	13.61
1970-1979	72	0.03016	0.02971	0.5	71215	2116	70156	922335	12.95
1970-1979	73	0.03118	0.03070	0.5	69098	2122	68038	852178	12.33
1970-1979	74	0.03557	0.03495	0.5	66977	2341	65806	784141	11.71
1970-1979	75	0.03849	0.03776	0.5	64636	2441	63416	718334	11.11
1970-1979	76	0.04400	0.04305	0.5	62196	2678	60857	654918	10.53
1970-1979	77	0.04768	0.04657	0.5	59518	2772	58132	594062	9.98
1970-1979	78	0.05333	0.05194	0.5	56746	2948	55272	535930	9.44
1970-1979	79	0.05847	0.05681	0.5	53799	3056	52271	480657	8.93
1970-1979	80	0.05984	0.05810	0.5	50742	2948	49268	428387	8.44
1970-1979	81	0.06914	0.06683	0.5	47794	3194	46197	379118	7.93
1970-1979	82	0.07426	0.07160	0.5	44600	3193	43003	332921	7.46
1970-1979	83	0.08304	0.07973	0.5	41407	3301	39756	289918	7.00
1970-1979	84	0.09213	0.08808	0.5	38106	3356	36427	250161	6.56
1970-1979	85	0.10211	0.09715	0.5	34749	3376	33061	213734	6.15
1970-1979	86	0.11304	0.10700	0.5	31373	3357	29695	180673	5.76
1970-1979	87	0.12498	0.11763	0.5	28017	3296	26369	150978	5.39
1970-1979	88	0.13798	0.12907	0.5	24721	3191	23126	124609	5.04
1970-1979	89	0.15209	0.14134	0.5	21530	3043	20009	101483	4.71
1970-1979	90	0.16737	0.15445	0.5	18487	2855	17059	81475	4.41
1970-1979	91	0.18385	0.16838	0.5	15632	2632	14316	64415	4.12
1970-1979	92	0.20157	0.18311	0.5	13000	2380	11810	50099	3.85
1970-1979	93	0.22052	0.19862	0.5	10619	2109	9565	38290	3.61
1970-1979	94	0.24073	0.21487	0.5	8510	1829	7596	28725	3.38
1970-1979	95	0.26216	0.23178	0.5	6682	1549	5907	21129	3.16
1970-1979	96	0.28478	0.24929	0.5	5133	1280	4493	15222	2.97
1970-1979	97	0.30854	0.26731	0.5	3853	1030	3338	10729	2.78
1970-1979	98	0.33336	0.28573	0.5	2823	807	2420	7391	2.62
1970-1979	99	0.35914	0.30447	0.5	2017	614	1710	4971	2.46
1970-1979	100	0.38576	0.32338	0.5	1403	454	1176	3261	2.32
1970-1979	101	0.41307	0.34236	0.5	949	325	787	2085	2.20
1970-1979	102	0.44094	0.36129	0.5	624	225	511	1299	2.08
1970-1979	103	0.46918	0.38003	0.5	399	151	323	787	1.97
1970-1979	104	0.49762	0.39848	0.5	247	98	198	464	1.88
1970-1979	105	0.52608	0.41652	0.5	149	62	118	266	1.79
1970-1979	106	0.55436	0.43405	0.5	87	38	68	149	1.71
1970-1979	107	0.58230	0.45100	0.5	49	22	38	81	1.65
1970-1979	108	0.60972	0.46727	0.5	27	13	21	43	1.59
1970-1979	109	0.63647	0.48282	0.5	14	7	11	22	1.54
1970-1979	110+	0.66240	1.00000	1.51	7	7	11	11	1.51
1980-1989	0	0.00786	0.00780	0.08	100000	780	99278	7885415	78.85
1980-1989	1	0.00065	0.00065	0.5	99220	65	99187	7786137	78.47
1980-1989	2	0.00031	0.00031	0.5	99155	31	99139	7686950	77.52
1980-1989	3	0.00034	0.00034	0.5	99124	33	99107	7587810	76.55
1980-1989	4	0.00022	0.00022	0.5	99090	22	99079	7488703	75.57
1980-1989	5	0.00019	0.00019	0.5	99068	19	99059	7389624	74.59
1980-1989	6	0.00020	0.00020	0.5	99050	20	99040	7290565	73.61
1980-1989	7	0.00026	0.00026	0.5	99030	26	99017	7191525	72.62
1980-1989	8	0.00017	0.00017	0.5	99004	16	98996	7092508	71.64
1980-1989	9	0.00016	0.00016	0.5	98988	16	98980	6993512	70.65
1980-1989	10	0.00018	0.00018	0.5	98972	18	98963	6894532	69.66
1980-1989	11	0.00016	0.00016	0.5	98954	16	98946	6795569	68.67
1980-1989	12	0.00015	0.00015	0.5	98939	15	98931	6696622	67.68
1980-1989	13	0.00022	0.00022	0.5	98923	22	98913	6597691	66.69
1980-1989	14	0.00033	0.00033	0.5	98902	33	98885	6498779	65.71
1980-1989	15	0.00023	0.00023	0.5	98869	23	98858	6399893	64.73
1980-1989	16	0.00046	0.00046	0.5	98846	45	98824	6301036	63.75
1980-1989	17	0.00028	0.00028	0.5	98801	28	98787	6202212	62.77
1980-1989	18	0.00047	0.00047	0.5	98773	46	98750	6103425	61.79
1980-1989	19	0.00042	0.00042	0.5	98727	41	98706	6004675	60.82
1980-1989	20	0.00048	0.00048	0.5	98686	48	98662	5905968	59.85
1980-1989	21	0.00054	0.00054	0.5	98638	53	98611	5807306	58.87
1980-1989	22	0.00041	0.00041	0.5	98585	40	98565	5708695	57.91
1980-1989	23	0.00051	0.00051	0.5	98545	50	98520	5610130	56.93
1980-1989	24	0.00060	0.00060	0.5	98495	59	98465	5511610	55.96
1980-1989	25	0.00048	0.00048	0.5	98436	47	98412	5413145	54.99
1980-1989	26	0.00043	0.00043	0.5	98388	43	98367	5314733	54.02
1980-1989	27	0.00053	0.00053	0.5	98346	52	98320	5216367	53.04
1980-1989	28	0.00053	0.00053	0.5	98294	52	98268	5118047	52.07
1980-1989	29	0.00047	0.00047	0.5	98242	46	98219	5019780	51.10
1980-1989	30	0.00044	0.00044	0.5	98196	43	98174	4921561	50.12
1980-1989	31	0.00057	0.00057	0.5	98153	56	98125	4823387	49.14
1980-1989	32	0.00062	0.00062	0.5	98096	61	98066	4725262	48.17
1980-1989	33	0.00067	0.00067	0.5	98035	66	98002	4627196	47.20
1980-1989	34	0.00057	0.00057	0.5	97970	55	97942	4529194	46.23
1980-1989	35	0.00068	0.00068	0.5	97914	67	97881	4431252	45.26
1980-1989	36	0.00062	0.00062	0.5	97848	61	97817	4333371	44.29
1980-1989	37	0.00091	0.00091	0.5	97787	89	97742	4235554	43.31
1980-1989	38	0.00093	0.00093	0.5	97698	91	97652	4137811	42.35
1980-1989	39	0.00102	0.00102	0.5	97607	99	97557	4040159	41.39
1980-1989	40	0.00104	0.00104	0.5	97508	101	97457	3942601	40.43
1980-1989	41	0.00130	0.00130	0.5	97407	127	97343	3845144	39.48
1980-1989	42	0.00151	0.00151	0.5	97279	147	97206	3747801	38.53
1980-1989	43	0.00149	0.00149	0.5	97133	145	97060	3650595	37.58
1980-1989	44	0.00177	0.00176	0.5	96988	171	96902	3553535	36.64
1980-1989	45	0.00239	0.00239	0.5	96817	231	96701	3456633	35.70
1980-1989	46	0.00191	0.00191	0.5	96586	184	96494	3359931	34.79
1980-1989	47	0.00265	0.00264	0.5	96402	255	96274	3263438	33.85
1980-1989	48	0.00282	0.00282	0.5	96147	271	96011	3167164	32.94
1980-1989	49	0.00280	0.00280	0.5	95876	269	95742	3071152	32.03
1980-1989	50	0.00280	0.00280	0.5	95607	268	95474	2975411	31.12
1980-1989	51	0.00404	0.00403	0.5	95340	384	95148	2879937	30.21
1980-1989	52	0.00454	0.00453	0.5	94956	430	94740	2784789	29.33
1980-1989	53	0.00480	0.00479	0.5	94525	452	94299	2690049	28.46
1980-1989	54	0.00479	0.00478	0.5	94073	449	93848	2595750	27.59
1980-1989	55	0.00563	0.00562	0.5	93624	526	93361	2501902	26.72
1980-1989	56	0.00591	0.00590	0.5	93098	549	92823	2408541	25.87
1980-1989	57	0.00617	0.00615	0.5	92549	570	92264	2315718	25.02
1980-1989	58	0.00771	0.00768	0.5	91979	707	91626	2223454	24.17
1980-1989	59	0.00875	0.00871	0.5	91272	795	90875	2131828	23.36
1980-1989	60	0.00869	0.00865	0.5	90477	782	90086	2040954	22.56
1980-1989	61	0.00964	0.00959	0.5	89695	860	89265	1950868	21.75
1980-1989	62	0.01256	0.01248	0.5	88834	1109	88280	1861603	20.96
1980-1989	63	0.01231	0.01224	0.5	87725	1073	87189	1773323	20.21
1980-1989	64	0.01269	0.01261	0.5	86652	1093	86106	1686134	19.46
1980-1989	65	0.01396	0.01386	0.5	85559	1186	84966	1600029	18.70
1980-1989	66	0.01506	0.01495	0.5	84373	1261	83742	1515063	17.96
1980-1989	67	0.01668	0.01655	0.5	83112	1375	82424	1431321	17.22
1980-1989	68	0.01883	0.01865	0.5	81736	1525	80974	1348897	16.50
1980-1989	69	0.02032	0.02011	0.5	80212	1613	79405	1267922	15.81
1980-1989	70	0.02112	0.02090	0.5	78599	1643	77777	1188517	15.12
1980-1989	71	0.02288	0.02262	0.5	76956	1741	76085	1110740	14.43
1980-1989	72	0.02792	0.02753	0.5	75215	2071	74179	1034655	13.76
1980-1989	73	0.02821	0.02782	0.5	73144	2035	72126	960475	13.13
1980-1989	74	0.03168	0.03118	0.5	71109	2217	70000	888349	12.49
1980-1989	75	0.03370	0.03314	0.5	68892	2283	67750	818349	11.88
1980-1989	76	0.03997	0.03919	0.5	66608	2610	65303	750599	11.27
1980-1989	77	0.04054	0.03973	0.5	63998	2543	62726	685296	10.71
1980-1989	78	0.04553	0.04452	0.5	61455	2736	60087	622569	10.13
1980-1989	79	0.05222	0.05089	0.5	58719	2988	57225	562482	9.58
1980-1989	80	0.05239	0.05106	0.5	55731	2845	54308	505257	9.07
1980-1989	81	0.06018	0.05842	0.5	52886	3090	51341	450949	8.53
1980-1989	82	0.06607	0.06395	0.5	49796	3185	48204	399608	8.02
1980-1989	83	0.07334	0.07075	0.5	46611	3298	44962	351404	7.54
1980-1989	84	0.08150	0.07831	0.5	43314	3392	41618	306442	7.07
1980-1989	85	0.09047	0.08656	0.5	39922	3456	38194	264824	6.63
1980-1989	86	0.10033	0.09554	0.5	36466	3484	34724	226630	6.21
1980-1989	87	0.11113	0.10528	0.5	32982	3472	31246	191906	5.82
1980-1989	88	0.12293	0.11581	0.5	29510	3418	27801	160659	5.44
1980-1989	89	0.13579	0.12716	0.5	26093	3318	24434	132858	5.09
1980-1989	90	0.14977	0.13934	0.5	22775	3173	21188	108425	4.76
1980-1989	91	0.16491	0.15235	0.5	19601	2986	18108	87237	4.45
1980-1989	92	0.18126	0.16620	0.5	16615	2761	15234	69129	4.16
1980-1989	93	0.19885	0.18086	0.5	13854	2506	12601	53894	3.89
1980-1989	94	0.21768	0.19631	0.5	11348	2228	10234	41293	3.64
1980-1989	95	0.23777	0.21251	0.5	9120	1938	8151	31059	3.41
1980-1989	96	0.25910	0.22939	0.5	7182	1647	6358	22908	3.19
1980-1989	97	0.28164	0.24687	0.5	5535	1366	4851	16550	2.99
1980-1989	98	0.30533	0.26489	0.5	4168	1104	3616	11699	2.81
1980-1989	99	0.33009	0.28333	0.5	3064	868	2630	8082	2.64
1980-1989	100	0.35584	0.30209	0.5	2196	663	1864	5452	2.48
1980-1989	101	0.38245	0.32105	0.5	1533	492	1287	3588	2.34
1980-1989	102	0.40978	0.34010	0.5	1041	354	864	2301	2.21
1980-1989	103	0.43768	0.35909	0.5	687	247	563	1438	2.09
1980-1989	104	0.46598	0.37793	0.5	440	166	357	874	1.99
1980-1989	105	0.49450	0.39647	0.5	274	109	219	518	1.89
1980-1989	106	0.52306	0.41462	0.5	165	69	131	298	1.80
1980-1989	107	0.55146	0.43227	0.5	97	42	76	167	1.73
1980-1989	108	0.57954	0.44933	0.5	55	25	43	91	1.66
1980-1989	109	0.60711	0.46573	0.5	30	14	23	49	1.61
1980-1989	110+	0.63401	1.00000	1.58	16	16	25	25	1.58
1990-1999	0	0.00521	0.00519	0.07	100000	519	99516	7987805	79.88
1990-1999	1	0.00047	0.00047	0.5	99481	47	99458	7888289	79.29
1990-1999	2	0.00021	0.00021	0.5	99434	21	99423	7788832	78.33
1990-1999	3	0.00022	0.00022	0.5	99413	22	99402	7689408	77.35
1990-1999	4	0.00022	0.00022	0.5	99391	22	99380	7590006	76.36
1990-1999	5	0.00017	0.00017	0.5	99369	17	99361	7490626	75.38
1990-1999	6	0.00014	0.00014	0.5	99353	14	99346	7391265	74.39
1990-1999	7	0.00021	0.00021	0.5	99339	21	99328	7291919	73.40
1990-1999	8	0.00006	0.00006	0.5	99318	6	99315	7192591	72.42
1990-1999	9	0.00017	0.00017	0.5	99312	17	99304	7093276	71.42
1990-1999	10	0.00007	0.00007	0.5	99296	7	99292	6993972	70.44
1990-1999	11	0.00023	0.00023	0.5	99289	23	99277	6894679	69.44
1990-1999	12	0.00016	0.00016	0.5	99266	16	99258	6795402	68.46
1990-1999	13	0.00015	0.00015	0.5	99250	15	99243	6696144	67.47
1990-1999	14	0.00020	0.00020	0.5	99235	20	99225	6596901	66.48
1990-1999	15	0.00029	0.00029	0.5	99216	29	99201	6497676	65.49
1990-1999	16	0.00044	0.00044	0.5	99186	44	99164	6398475	64.51
1990-1999	17	0.00057	0.00057	0.5	99142	56	99114	6299310	63.54
1990-1999	18	0.00042	0.00042	0.5	99086	42	99065	6200196	62.57
1990-1999	19	0.00043	0.00043	0.5	99044	43	99023	6101131	61.60
1990-1999	20	0.00050	0.00050	0.5	99002	49	98977	6002108	60.63
1990-1999	21	0.00037	0.00037	0.5	98953	36	98935	5903131	59.66
1990-1999	22	0.00043	0.00043	0.5	98916	43	98895	5804196	58.68
1990-1999	23	0.00036	0.00036	0.5	98874	36	98856	5705301	57.70
1990-1999	24	0.00035	0.00035	0.5	98838	34	98821	5606445	56.72
1990-1999	25	0.00041	0.00041	0.5	98804	40	98784	5507624	55.74
1990-1999	26	0.00049	0.00049	0.5	98763	48	98740	5408841	54.77
1990-1999	27	0.00043	0.00043	0.5	98716	43	98694	5310101	53.79
1990-1999	28	0.00051	0.00051	0.5	98673	50	98648	5211407	52.82
1990-1999	29	0.00045	0.00045	0.5	98623	44	98601	5112759	51.84
1990-1999	30	0.00046	0.00046	0.5	98578	45	98556	5014159	50.86
1990-1999	31	0.00078	0.00078	0.5	98533	77	98495	4915603	49.89
1990-1999	32	0.00053	0.00053	0.5	98456	53	98430	4817108	48.93
1990-1999	33	0.00065	0.00065	0.5	98403	64	98372	4718679	47.95
1990-1999	34	0.00078	0.00078	0.5	98340	76	98302	4620307	46.98
1990-1999	35	0.00059	0.00058	0.5	98264	57	98235	4522005	46.02
1990-1999	36	0.00076	0.00076	0.5	98206	74	98169	4423771	45.05
1990-1999	37	0.00070	0.00070	0.5	98132	68	98098	4325602	44.08
1990-1999	38	0.00096	0.00096	0.5	98063	94	98016	4227504	43.11
1990-1999	39	0.00103	0.00103	0.5	97969	101	97919	4129488	42.15
1990-1999	40	0.00098	0.00098	0.5	97868	96	97820	4031570	41.19
1990-1999	41	0.00123	0.00123	0.5	97772	120	97712	3933749	40.23
1990-1999	42	0.00119	0.00119	0.5	97652	116	97594	3836037	39.28
1990-1999	43	0.00129	0.00129	0.5	97536	125	97474	3738443	38.33
1990-1999	44	0.00137	0.00136	0.5	97411	133	97345	3640969	37.38
1990-1999	45	0.00177	0.00177	0.5	97278	172	97192	3543625	36.43
1990-1999	46	0.00172	0.00171	0.5	97106	166	97022	3446433	35.49
1990-1999	47	0.00206	0.00206	0.5	96939	200	96839	3349410	34.55
1990-1999	48	0.00220	0.00219	0.5	96739	212	96633	3252571	33.62
1990-1999	49	0.00265	0.00265	0.5	96527	255	96400	3155938	32.69
1990-1999	50	0.00282	0.00281	0.5	96272	271	96136	3059538	31.78
1990-1999	51	0.00326	0.00325	0.5	96001	312	95845	2963402	30.87
1990-1999	52	0.00367	0.00366	0.5	95689	350	95514	2867557	29.97
1990-1999	53	0.00447	0.00446	0.5	95339	425	95126	2772043	29.08
1990-1999	54	0.00456	0.00455	0.5	94914	432	94698	2676917	28.20
1990-1999	55	0.00448	0.00447	0.5	94482	422	94271	2582219	27.33
1990-1999	56	0.00521	0.00520	0.5	94059	489	93815	2487949	26.45
1990-1999	57	0.00580	0.00579	0.5	93570	541	93299	2394134	25.59
1990-1999	58	0.00626	0.00624	0.5	93029	580	92739	2300835	24.73
1990-1999	59	0.00730	0.00727	0.5	92449	673	92112	2208096	23.88
1990-1999	60	0.00758	0.00755	0.5	91776	693	91430	2115984	23.06
1990-1999	61	0.00926	0.00922	0.5	91083	840	90663	2024554	22.23
1990-1999	62	0.00988	0.00983	0.5	90243	887	89800	1933891	21.43
1990-1999	63	0.01114	0.01108	0.5	89356	990	88861	1844091	20.64
1990-1999	64	0.01107	0.01101	0.5	88366	973	87880	1755230	19.86
1990-1999	65	0.01384	0.01374	0.5	87393	1201	86792	1667351	19.08
1990-1999	66	0.01412	0.01402	0.5	86192	1209	85587	1580558	18.34
1990-1999	67	0.01593	0.01581	0.5	84983	1343	84311	1494971	17.59
1990-1999	68	0.01725	0.01711	0.5	83640	1431	82924	1410659	16.87
1990-1999	69	0.01920	0.01902	0.5	82209	1563	81427	1327735	16.15
1990-1999	70	0.02047	0.02027	0.5	80645	1634	79828	1246308	15.45
1990-1999	71	0.02260	0.02235	0.5	79011	1766	78128	1166480	14.76
1990-1999	72	0.02466	0.02436	0.5	77245	1882	76304	1088352	14.09
1990-1999	73	0.02810	0.02771	0.5	75363	2089	74319	1012048	13.43
1990-1999	74	0.03000	0.02956	0.5	73275	2166	72192	937729	12.80
1990-1999	75	0.03120	0.03072	0.5	71109	2184	70017	865537	12.17
1990-1999	76	0.03537	0.03476	0.5	68925	2396	67727	795520	11.54
1990-1999	77	0.04060	0.03979	0.5	66529	2647	65205	727793	10.94
1990-1999	78	0.04334	0.04242	0.5	63882	2710	62527	662588	10.37
1990-1999	79	0.04781	0.04670	0.5	61172	2856	59744	600061	9.81
1990-1999	80	0.04829	0.04715	0.5	58316	2750	56941	540317	9.27
1990-1999	81	0.05452	0.05307	0.5	55566	2949	54091	483377	8.70
1990-1999	82	0.06379	0.06182	0.5	52617	3253	50990	429285	8.16
1990-1999	83	0.06805	0.06581	0.5	49364	3249	47739	378295	7.66
1990-1999	84	0.07635	0.07354	0.5	46115	3391	44419	330556	7.17
1990-1999	85	0.08557	0.08206	0.5	42724	3506	40971	286137	6.70
1990-1999	86	0.09578	0.09140	0.5	39218	3585	37426	245166	6.25
1990-1999	87	0.10707	0.10163	0.5	35633	3621	33823	207740	5.83
1990-1999	88	0.11951	0.11277	0.5	32012	3610	30207	173918	5.43
1990-1999	89	0.13318	0.12487	0.5	28402	3546	26629	143711	5.06
1990-1999	90	0.14816	0.13794	0.5	24856	3429	23141	117082	4.71
1990-1999	91	0.16450	0.15200	0.5	21427	3257	19799	93941	4.38
1990-1999	92	0.18225	0.16703	0.5	18170	3035	16653	74142	4.08
1990-1999	93	0.20146	0.18302	0.5	15135	2770	13750	57489	3.80
1990-1999	94	0.22215	0.19994	0.5	12365	2472	11129	43739	3.54
1990-1999	95	0.24430	0.21771	0.5	9893	2154	8816	32610	3.30
1990-1999	96	0.26791	0.23626	0.5	7739	1828	6825	23794	3.07
1990-1999	97	0.29291	0.25550	0.5	5911	1510	5156	16970	2.87
1990-1999	98	0.31923	0.27529	0.5	4400	1211	3795	11814	2.68
1990-1999	99	0.34676	0.29552	0.5	3189	942	2718	8019	2.51
1990-1999	100	0.37535	0.31604	0.5	2247	710	1892	5301	2.36
1990-1999	101	0.40484	0.33668	0.5	1537	517	1278	3410	2.22
1990-1999	102	0.43503	0.35731	0.5	1019	364	837	2132	2.09
1990-1999	103	0.46570	0.37775	0.5	655	247	531	1295	1.98
1990-1999	104	0.49665	0.39785	0.5	408	162	327	763	1.87
1990-1999	105	0.52761	0.41748	0.5	245	102	194	437	1.78
1990-1999	106	0.55837	0.43650	0.5	143	62	112	243	1.70
1990-1999	107	0.58868	0.45481	0.5	81	37	62	131	1.62
1990-1999	108	0.61834	0.47231	0.5	44	21	34	69	1.56
1990-1999	109	0.64714	0.48893	0.5	23	11	18	35	1.51
1990-1999	110+	0.67491	1.00000	1.48	12	12	18	18	1.48
2000-2009	0	0.00506	0.00504	0.07	100000	504	99530	8058186	80.58
2000-2009	1	0.00046	0.00046	0.5	99496	45	99473	7958656	79.99
2000-2009	2	0.00016	0.00016	0.5	99451	16	99443	7859183	79.03
2000-2009	3	0.00014	0.00014	0.5	99435	14	99427	7759740	78.04
2000-2009	4	0.00010	0.00010	0.5	99420	10	99415	7660313	77.05
2000-2009	5	0.00011	0.00011	0.5	99410	11	99405	7560897	76.06
2000-2009	6	0.00025	0.00025	0.5	99400	24	99387	7461492	75.07
2000-2009	7	0.00009	0.00009	0.5	99375	9	99371	7362105	74.08
2000-2009	8	0.00010	0.00010	0.5	99366	10	99361	7262734	73.09
2000-2009	9	0.00013	0.00013	0.5	99356	13	99349	7163374	72.10
2000-2009	10	0.00012	0.00012	0.5	99343	12	99337	7064024	71.11
2000-2009	11	0.00006	0.00006	0.5	99331	6	99328	6964688	70.12
2000-2009	12	0.00013	0.00013	0.5	99325	13	99319	6865360	69.12
2000-2009	13	0.00009	0.00009	0.5	99312	9	99308	6766041	68.13
2000-2009	14	0.00018	0.00018	0.5	99303	18	99294	6666733	67.14
2000-2009	15	0.00033	0.00033	0.5	99285	32	99269	6567439	66.15
2000-2009	16	0.00025	0.00025	0.5	99253	25	99240	6468170	65.17
2000-2009	17	0.00047	0.00047	0.5	99228	47	99204	6368930	64.18
2000-2009	18	0.00039	0.00039	0.5	99181	39	99162	6269726	63.21
2000-2009	19	0.00051	0.00051	0.5	99142	50	99117	6170564	62.24
2000-2009	20	0.00046	0.00046	0.5	99092	46	99069	6071446	61.27
2000-2009	21	0.00058	0.00058	0.5	99047	57	99018	5972377	60.30
2000-2009	22	0.00054	0.00053	0.5	98989	53	98963	5873359	59.33
2000-2009	23	0.00048	0.00048	0.5	98936	48	98912	5774396	58.36
2000-2009	24	0.00051	0.00051	0.5	98888	50	98863	5675484	57.39
2000-2009	25	0.00032	0.00032	0.5	98838	32	98822	5576621	56.42
2000-2009	26	0.00057	0.00057	0.5	98806	56	98778	5477799	55.44
2000-2009	27	0.00052	0.00052	0.5	98750	51	98724	5379020	54.47
2000-2009	28	0.00060	0.00060	0.5	98699	59	98669	5280296	53.50
2000-2009	29	0.00053	0.00053	0.5	98640	53	98613	5181627	52.53
2000-2009	30	0.00055	0.00055	0.5	98587	54	98560	5083014	51.56
2000-2009	31	0.00066	0.00066	0.5	98533	65	98501	4984454	50.59
2000-2009	32	0.00061	0.00061	0.5	98468	60	98438	4885953	49.62
2000-2009	33	0.00059	0.00059	0.5	98408	58	98379	4787515	48.65
2000-2009	34	0.00061	0.00061	0.5	98350	60	98320	4689136	47.68
2000-2009	35	0.00097	0.00097	0.5	98290	95	98243	4590815	46.71
2000-2009	36	0.00083	0.00083	0.5	98195	82	98154	4492573	45.75
2000-2009	37	0.00084	0.00084	0.5	98113	82	98072	4394418	44.79
2000-2009	38	0.00106	0.00106	0.5	98031	104	97980	4296346	43.83
2000-2009	39	0.00100	0.00100	0.5	97928	98	97879	4198366	42.87
2000-2009	40	0.00108	0.00108	0.5	97830	106	97777	4100488	41.91
2000-2009	41	0.00137	0.00137	0.5	97724	134	97657	4002710	40.96
2000-2009	42	0.00133	0.00133	0.5	97590	130	97526	3905053	40.01
2000-2009	43	0.00153	0.00153	0.5	97461	149	97386	3807527	39.07
2000-2009	44	0.00161	0.00161	0.5	97312	157	97234	3710141	38.13
2000-2009	45	0.00156	0.00156	0.5	97155	151	97079	3612907	37.19
2000-2009	46	0.00181	0.00181	0.5	97004	176	96916	3515828	36.24
2000-2009	47	0.00224	0.00224	0.5	96828	217	96720	3418912	35.31
2000-2009	48	0.00219	0.00219	0.5	96611	211	96506	3322192	34.39
2000-2009	49	0.00229	0.00229	0.5	96400	220	96290	3225686	33.46
2000-2009	50	0.00256	0.00256	0.5	96180	246	96057	3129396	32.54
2000-2009	51	0.00284	0.00283	0.5	95934	272	95798	3033340	31.62
2000-2009	52	0.00292	0.00292	0.5	95662	279	95523	2937542	30.71
2000-2009	53	0.00315	0.00314	0.5	95383	300	95233	2842019	29.80
2000-2009	54	0.00391	0.00391	0.5	95083	371	94897	2746786	28.89
2000-2009	55	0.00415	0.00414	0.5	94712	392	94516	2651888	28.00
2000-2009	56	0.00461	0.00460	0.5	94319	434	94103	2557373	27.11
2000-2009	57	0.00521	0.00520	0.5	93886	488	93642	2463270	26.24
2000-2009	58	0.00516	0.00514	0.5	93398	480	93158	2369629	25.37
2000-2009	59	0.00619	0.00617	0.5	92918	574	92631	2276471	24.50
2000-2009	60	0.00691	0.00688	0.5	92344	636	92026	2183840	23.65
2000-2009	61	0.00758	0.00755	0.5	91708	693	91362	2091814	22.81
2000-2009	62	0.00844	0.00840	0.5	91016	765	90633	2000452	21.98
2000-2009	63	0.00915	0.00911	0.5	90251	822	89840	1909819	21.16
2000-2009	64	0.01062	0.01056	0.5	89429	944	88957	1819979	20.35
2000-2009	65	0.01147	0.01141	0.5	88484	1009	87980	1731022	19.56
2000-2009	66	0.01098	0.01092	0.5	87475	955	86997	1643042	18.78
2000-2009	67	0.01314	0.01306	0.5	86520	1130	85955	1556045	17.98
2000-2009	68	0.01564	0.01552	0.5	85390	1325	84727	1470090	17.22
2000-2009	69	0.01570	0.01558	0.5	84065	1310	83410	1385362	16.48
2000-2009	70	0.01724	0.01709	0.5	82755	1415	82048	1301952	15.73
2000-2009	71	0.01939	0.01920	0.5	81341	1562	80560	1219904	15.00
2000-2009	72	0.02297	0.02271	0.5	79779	1812	78873	1139345	14.28
2000-2009	73	0.02483	0.02453	0.5	77967	1912	77011	1060472	13.60
2000-2009	74	0.02621	0.02587	0.5	76055	1968	75071	983461	12.93
2000-2009	75	0.03001	0.02957	0.5	74087	2191	72992	908390	12.26
2000-2009	76	0.03093	0.03046	0.5	71897	2190	70802	835398	11.62
2000-2009	77	0.03635	0.03570	0.5	69707	2488	68463	764596	10.97
2000-2009	78	0.04005	0.03927	0.5	67219	2639	65899	696133	10.36
2000-2009	79	0.04442	0.04345	0.5	64579	2806	63176	630234	9.76
2000-2009	80	0.04928	0.04809	0.5	61773	2971	60288	567058	9.18
2000-2009	81	0.05525	0.05377	0.5	58802	3162	57221	506770	8.62
2000-2009	82	0.05878	0.05710	0.5	55641	3177	54052	449549	8.08
2000-2009	83	0.06764	0.06543	0.5	52464	3433	50747	395497	7.54
2000-2009	84	0.07640	0.07359	0.5	49031	3608	47227	344749	7.03
2000-2009	85	0.08620	0.08263	0.5	45423	3753	43546	297522	6.55
2000-2009	86	0.09711	0.09261	0.5	41669	3859	39740	253976	6.10
2000-2009	87	0.10924	0.10358	0.5	37810	3917	35852	214237	5.67
2000-2009	88	0.12268	0.11559	0.5	33894	3918	31935	178385	5.26
2000-2009	89	0.13752	0.12867	0.5	29976	3857	28047	146450	4.89
2000-2009	90	0.15384	0.14285	0.5	26119	3731	24253	118403	4.53
2000-2009	91	0.17171	0.15814	0.5	22388	3540	20617	94150	4.21
2000-2009	92	0.19119	0.17451	0.5	18847	3289	17203	73532	3.90
2000-2009	93	0.21231	0.19194	0.5	15558	2986	14065	56330	3.62
2000-2009	94	0.23509	0.21036	0.5	12572	2645	11250	42265	3.36
2000-2009	95	0.25950	0.22970	0.5	9927	2280	8787	31015	3.12
2000-2009	96	0.28551	0.24984	0.5	7647	1911	6692	22228	2.91
2000-2009	97	0.31301	0.27065	0.5	5737	1553	4960	15536	2.71
2000-2009	98	0.34190	0.29199	0.5	4184	1222	3573	10576	2.53
2000-2009	99	0.37201	0.31367	0.5	2962	929	2498	7003	2.36
2000-2009	100	0.40315	0.33552	0.5	2033	682	1692	4505	2.22
2000-2009	101	0.43509	0.35735	0.5	1351	483	1110	2813	2.08
2000-2009	102	0.46758	0.37898	0.5	868	329	704	1703	1.96
2000-2009	103	0.50035	0.40022	0.5	539	216	431	1000	1.85
2000-2009	104	0.53311	0.42091	0.5	323	136	255	568	1.76
2000-2009	105	0.56559	0.44090	0.5	187	83	146	313	1.67
2000-2009	106	0.59751	0.46007	0.5	105	48	81	167	1.60
2000-2009	107	0.62863	0.47830	0.5	57	27	43	86	1.53
2000-2009	108	0.65872	0.49552	0.5	29	15	22	43	1.47
2000-2009	109	0.68758	0.51167	0.5	15	8	11	21	1.43
2000-2009	110+	0.71506	1.00000	1.4	7	7	10	10	1.40
2010-2019	0	0.00585	0.00582	0.07	100000	582	99459	8127790	81.28
2010-2019	1	0.00027	0.00027	0.5	99418	27	99405	8028332	80.75
2010-2019	2	0.00020	0.00020	0.5	99391	20	99381	7928927	79.77
2010-2019	3	0.00009	0.00009	0.5	99371	9	99366	7829546	78.79
2010-2019	4	0.00018	0.00018	0.5	99362	18	99353	7730180	77.80
2010-2019	5	0.00012	0.00012	0.5	99344	12	99338	7630827	76.81
2010-2019	6	0.00016	0.00016	0.5	99332	16	99324	7531489	75.82
2010-2019	7	0.00010	0.00010	0.5	99316	10	99311	7432166	74.83
2010-2019	8	0.00004	0.00004	0.5	99306	4	99304	7332855	73.84
2010-2019	9	0.00003	0.00003	0.5	99301	3	99300	7233551	72.84
2010-2019	10	0.00017	0.00017	0.5	99299	17	99290	7134251	71.85
2010-2019	11	0.00010	0.00010	0.5	99282	10	99277	7034961	70.86
2010-2019	12	0.00005	0.00005	0.5	99272	5	99270	6935684	69.87
2010-2019	13	0.00013	0.00013	0.5	99267	13	99260	6836414	68.87
2010-2019	14	0.00008	0.00008	0.5	99254	8	99250	6737154	67.88
2010-2019	15	0.00021	0.00021	0.5	99246	21	99235	6637904	66.88
2010-2019	16	0.00026	0.00026	0.5	99225	26	99212	6538669	65.90
2010-2019	17	0.00023	0.00023	0.5	99199	22	99188	6439457	64.91
2010-2019	18	0.00036	0.00036	0.5	99177	36	99159	6340270	63.93
2010-2019	19	0.00033	0.00033	0.5	99141	33	99124	6241111	62.95
2010-2019	20	0.00042	0.00042	0.5	99108	41	99087	6141987	61.97
2010-2019	21	0.00034	0.00034	0.5	99067	33	99050	6042899	61.00
2010-2019	22	0.00046	0.00046	0.5	99033	45	99011	5943849	60.02
2010-2019	23	0.00057	0.00057	0.5	98988	57	98960	5844839	59.05
2010-2019	24	0.00046	0.00046	0.5	98931	46	98908	5745879	58.08
2010-2019	25	0.00048	0.00048	0.5	98886	47	98862	5646970	57.11
2010-2019	26	0.00068	0.00068	0.5	98839	68	98805	5548108	56.13
2010-2019	27	0.00048	0.00048	0.5	98771	48	98747	5449304	55.17
2010-2019	28	0.00073	0.00073	0.5	98723	72	98688	5350557	54.20
2010-2019	29	0.00078	0.00078	0.5	98652	77	98613	5251869	53.24
2010-2019	30	0.00073	0.00073	0.5	98575	72	98539	5153256	52.28
2010-2019	31	0.00087	0.00087	0.5	98503	86	98460	5054717	51.32
2010-2019	32	0.00065	0.00065	0.5	98417	64	98385	4956257	50.36
2010-2019	33	0.00082	0.00082	0.5	98353	81	98312	4857872	49.39
2010-2019	34	0.00105	0.00105	0.5	98272	104	98220	4759559	48.43
2010-2019	35	0.00101	0.00101	0.5	98168	99	98119	4661339	47.48
2010-2019	36	0.00105	0.00105	0.5	98069	103	98018	4563220	46.53
2010-2019	37	0.00111	0.00111	0.5	97966	109	97912	4465203	45.58
2010-2019	38	0.00110	0.00110	0.5	97858	107	97804	4367290	44.63
2010-2019	39	0.00134	0.00133	0.5	97750	130	97685	4269486	43.68
2010-2019	40	0.00115	0.00115	0.5	97620	113	97564	4171801	42.74
2010-2019	41	0.00122	0.00122	0.5	97507	119	97448	4074238	41.78
2010-2019	42	0.00141	0.00141	0.5	97389	137	97320	3976790	40.83
2010-2019	43	0.00160	0.00160	0.5	97252	155	97174	3879470	39.89
2010-2019	44	0.00185	0.00185	0.5	97096	179	97006	3782296	38.95
2010-2019	45	0.00194	0.00193	0.5	96917	187	96823	3685289	38.03
2010-2019	46	0.00193	0.00193	0.5	96729	187	96636	3588466	37.10
2010-2019	47	0.00215	0.00214	0.5	96543	207	96439	3491830	36.17
2010-2019	48	0.00224	0.00224	0.5	96336	215	96228	3395391	35.25
2010-2019	49	0.00271	0.00270	0.5	96120	260	95990	3299163	34.32
2010-2019	50	0.00257	0.00257	0.5	95860	246	95737	3203173	33.42
2010-2019	51	0.00294	0.00294	0.5	95614	281	95473	3107436	32.50
2010-2019	52	0.00333	0.00332	0.5	95333	317	95175	3011962	31.59
2010-2019	53	0.00411	0.00410	0.5	95016	390	94821	2916788	30.70
2010-2019	54	0.00382	0.00382	0.5	94627	361	94446	2821966	29.82
2010-2019	55	0.00441	0.00440	0.5	94265	415	94058	2727520	28.93
2010-2019	56	0.00411	0.00410	0.5	93850	385	93658	2633462	28.06
2010-2019	57	0.00493	0.00492	0.5	93465	460	93235	2539805	27.17
2010-2019	58	0.00484	0.00482	0.5	93005	449	92781	2446569	26.31
2010-2019	59	0.00552	0.00550	0.5	92557	509	92302	2353788	25.43
2010-2019	60	0.00640	0.00638	0.5	92047	588	91754	2261486	24.57
2010-2019	61	0.00613	0.00611	0.5	91460	559	91181	2169732	23.72
2010-2019	62	0.00686	0.00683	0.5	90901	621	90591	2078552	22.87
2010-2019	63	0.00779	0.00776	0.5	90280	701	89930	1987961	22.02
2010-2019	64	0.00857	0.00854	0.5	89579	765	89197	1898032	21.19
2010-2019	65	0.00928	0.00924	0.5	88815	820	88404	1808835	20.37
2010-2019	66	0.01006	0.01001	0.5	87994	881	87554	1720430	19.55
2010-2019	67	0.01092	0.01086	0.5	87113	946	86640	1632877	18.74
2010-2019	68	0.01291	0.01282	0.5	86167	1105	85615	1546237	17.94
2010-2019	69	0.01299	0.01290	0.5	85062	1098	84513	1460622	17.17
2010-2019	70	0.01445	0.01434	0.5	83965	1204	83363	1376108	16.39
2010-2019	71	0.01685	0.01671	0.5	82760	1383	82069	1292746	15.62
2010-2019	72	0.01812	0.01796	0.5	81378	1461	80647	1210677	14.88
2010-2019	73	0.02012	0.01992	0.5	79916	1592	79120	1130030	14.14
2010-2019	74	0.02334	0.02307	0.5	78325	1807	77421	1050909	13.42
2010-2019	75	0.02523	0.02492	0.5	76518	1907	75565	973488	12.72
2010-2019	76	0.02791	0.02753	0.5	74611	2054	73584	897924	12.03
2010-2019	77	0.03248	0.03196	0.5	72557	2319	71398	824339	11.36
2010-2019	78	0.03585	0.03521	0.5	70238	2473	69002	752942	10.72
2010-2019	79	0.03830	0.03758	0.5	67765	2547	66492	683940	10.09
2010-2019	80	0.04537	0.04436	0.5	65218	2893	63772	617448	9.47
2010-2019	81	0.04912	0.04794	0.5	62325	2988	60831	553677	8.88
2010-2019	82	0.05592	0.05440	0.5	59337	3228	57723	492846	8.31
2010-2019	83	0.06259	0.06069	0.5	56109	3405	54407	435123	7.75
2010-2019	84	0.07111	0.06867	0.5	52704	3619	50894	380716	7.22
2010-2019	85	0.08069	0.07756	0.5	49085	3807	47181	329822	6.72
2010-2019	86	0.09144	0.08744	0.5	45277	3959	43298	282641	6.24
2010-2019	87	0.10345	0.09836	0.5	41318	4064	39286	239343	5.79
2010-2019	88	0.11684	0.11039	0.5	37254	4113	35198	200057	5.37
2010-2019	89	0.13171	0.12357	0.5	33142	4095	31094	164859	4.97
2010-2019	90	0.14815	0.13794	0.5	29046	4006	27043	133765	4.61
2010-2019	91	0.16626	0.15350	0.5	25040	3843	23118	106722	4.26
2010-2019	92	0.18609	0.17025	0.5	21196	3609	19392	83604	3.94
2010-2019	93	0.20769	0.18815	0.5	17588	3309	15933	64212	3.65
2010-2019	94	0.23110	0.20716	0.5	14278	2958	12799	48279	3.38
2010-2019	95	0.25629	0.22718	0.5	11320	2572	10035	35480	3.13
2010-2019	96	0.28321	0.24808	0.5	8749	2170	7664	25445	2.91
2010-2019	97	0.31177	0.26973	0.5	6578	1774	5691	17782	2.70
2010-2019	98	0.34185	0.29195	0.5	4804	1403	4103	12091	2.52
2010-2019	99	0.37325	0.31454	0.5	3401	1070	2867	7988	2.35
2010-2019	100	0.40575	0.33732	0.5	2332	786	1938	5121	2.20
2010-2019	101	0.43910	0.36005	0.5	1545	556	1267	3183	2.06
2010-2019	102	0.47302	0.38254	0.5	989	378	800	1916	1.94
2010-2019	103	0.50718	0.40458	0.5	611	247	487	1116	1.83
2010-2019	104	0.54128	0.42599	0.5	364	155	286	629	1.73
2010-2019	105	0.57499	0.44660	0.5	209	93	162	343	1.64
2010-2019	106	0.60802	0.46627	0.5	115	54	89	181	1.57
2010-2019	107	0.64009	0.48490	0.5	62	30	47	93	1.50
2010-2019	108	0.67096	0.50241	0.5	32	16	24	46	1.45
2010-2019	109	0.70042	0.51875	0.5	16	8	12	22	1.40
2010-2019	110+	0.72831	1.00000	1.37	8	8	10	10	1.37
2020-2022	0	0.00591	0.00588	0.07	100000	588	99453	8024596	80.25
2020-2022	1	0.00034	0.00034	0.5	99412	33	99395	7925143	79.72
2020-2022	2	0.00011	0.00011	0.5	99379	11	99373	7825748	78.75
2020-2022	3	0.00016	0.00016	0.5	99368	16	99360	7726375	77.76
2020-2022	4	0.00021	0.00021	0.5	99352	21	99342	7627015	76.77
2020-2022	5	0.00010	0.00010	0.5	99331	10	99326	7527673	75.78
2020-2022	6	0.00005	0.00005	0.5	99321	5	99319	7428347	74.79
2020-2022	7	0.00010	0.00010	0.5	99316	10	99311	7329029	73.79
2020-2022	8	0.00010	0.00010	0.5	99306	10	99301	7229717	72.80
2020-2022	9	0.00005	0.00005	0.5	99296	5	99294	7130416	71.81
2020-2022	10	0.00005	0.00005	0.5	99291	5	99289	7031123	70.81
2020-2022	11	0.00000	0.00000	0.5	99286	0	99286	6931834	69.82
2020-2022	12	0.00018	0.00018	0.5	99286	18	99277	6832547	68.82
2020-2022	13	0.00013	0.00013	0.5	99268	13	99261	6733270	67.83
2020-2022	14	0.00027	0.00027	0.5	99255	26	99242	6634008	66.84
2020-2022	15	0.00031	0.00031	0.5	99228	31	99213	6534767	65.86
2020-2022	16	0.00022	0.00022	0.5	99198	22	99187	6435554	64.88
2020-2022	17	0.00026	0.00026	0.5	99176	26	99163	6336367	63.89
2020-2022	18	0.00038	0.00038	0.5	99150	37	99131	6237204	62.91
2020-2022	19	0.00033	0.00033	0.5	99112	33	99096	6138073	61.93
2020-2022	20	0.00026	0.00026	0.5	99079	26	99066	6038977	60.95
2020-2022	21	0.00036	0.00036	0.5	99053	35	99036	5939911	59.97
2020-2022	22	0.00027	0.00027	0.5	99018	27	99005	5840875	58.99
2020-2022	23	0.00069	0.00069	0.5	98991	68	98957	5741871	58.00
2020-2022	24	0.00059	0.00059	0.5	98923	58	98894	5642913	57.04
2020-2022	25	0.00067	0.00067	0.5	98865	66	98832	5544020	56.08
2020-2022	26	0.00086	0.00086	0.5	98799	85	98756	5445188	55.11
2020-2022	27	0.00088	0.00088	0.5	98714	87	98670	5346431	54.16
2020-2022	28	0.00098	0.00098	0.5	98627	97	98579	5247761	53.21
2020-2022	29	0.00120	0.00120	0.5	98530	118	98471	5149182	52.26
2020-2022	30	0.00126	0.00126	0.5	98412	124	98350	5050711	51.32
2020-2022	31	0.00070	0.00070	0.5	98288	69	98254	4952361	50.39
2020-2022	32	0.00112	0.00112	0.5	98220	110	98165	4854107	49.42
2020-2022	33	0.00142	0.00142	0.5	98110	139	98040	4755942	48.48
2020-2022	34	0.00120	0.00120	0.5	97971	118	97912	4657902	47.54
2020-2022	35	0.00164	0.00164	0.5	97853	160	97773	4559990	46.60
2020-2022	36	0.00102	0.00102	0.5	97693	100	97643	4462217	45.68
2020-2022	37	0.00198	0.00198	0.5	97593	193	97497	4364574	44.72
2020-2022	38	0.00175	0.00175	0.5	97400	170	97315	4267078	43.81
2020-2022	39	0.00202	0.00202	0.5	97230	196	97132	4169763	42.89
2020-2022	40	0.00183	0.00183	0.5	97034	177	96945	4072631	41.97
2020-2022	41	0.00226	0.00226	0.5	96856	219	96747	3975686	41.05
2020-2022	42	0.00230	0.00230	0.5	96638	222	96527	3878939	40.14
2020-2022	43	0.00231	0.00231	0.5	96416	222	96304	3782412	39.23
2020-2022	44	0.00197	0.00197	0.5	96193	189	96099	3686108	38.32
2020-2022	45	0.00264	0.00263	0.5	96004	253	95878	3590009	37.39
2020-2022	46	0.00272	0.00271	0.5	95752	260	95622	3494131	36.49
2020-2022	47	0.00287	0.00286	0.5	95492	273	95355	3398510	35.59
2020-2022	48	0.00327	0.00326	0.5	95218	311	95063	3303155	34.69
2020-2022	49	0.00266	0.00266	0.5	94908	252	94781	3208092	33.80
2020-2022	50	0.00348	0.00347	0.5	94655	329	94491	3113310	32.89
2020-2022	51	0.00337	0.00337	0.5	94327	318	94168	3018819	32.00
2020-2022	52	0.00341	0.00340	0.5	94009	320	93849	2924652	31.11
2020-2022	53	0.00445	0.00444	0.5	93689	416	93481	2830803	30.21
2020-2022	54	0.00444	0.00443	0.5	93273	413	93066	2737322	29.35
2020-2022	55	0.00583	0.00582	0.5	92860	540	92590	2644255	28.48
2020-2022	56	0.00517	0.00515	0.5	92319	476	92082	2551666	27.64
2020-2022	57	0.00535	0.00534	0.5	91844	490	91599	2459584	26.78
2020-2022	58	0.00602	0.00600	0.5	91354	548	91079	2367986	25.92
2020-2022	59	0.00675	0.00673	0.5	90805	611	90500	2276906	25.07
2020-2022	60	0.00679	0.00677	0.5	90194	610	89889	2186407	24.24
2020-2022	61	0.00771	0.00769	0.5	89584	688	89240	2096518	23.40
2020-2022	62	0.00753	0.00750	0.5	88895	667	88562	2007278	22.58
2020-2022	63	0.00798	0.00795	0.5	88229	701	87878	1918716	21.75
2020-2022	64	0.00886	0.00882	0.5	87527	772	87141	1830838	20.92
2020-2022	65	0.00982	0.00977	0.5	86755	848	86332	1743697	20.10
2020-2022	66	0.01030	0.01025	0.5	85908	880	85467	1657366	19.29
2020-2022	67	0.01097	0.01091	0.5	85027	928	84563	1571898	18.49
2020-2022	68	0.01271	0.01263	0.5	84100	1063	83568	1487335	17.69
2020-2022	69	0.01336	0.01327	0.5	83037	1102	82486	1403766	16.91
2020-2022	70	0.01587	0.01574	0.5	81935	1290	81290	1321281	16.13
2020-2022	71	0.01527	0.01515	0.5	80645	1222	80034	1239991	15.38
2020-2022	72	0.01761	0.01746	0.5	79423	1387	78730	1159957	14.60
2020-2022	73	0.02058	0.02037	0.5	78036	1589	77242	1081227	13.86
2020-2022	74	0.02384	0.02356	0.5	76447	1801	75547	1003985	13.13
2020-2022	75	0.02475	0.02445	0.5	74646	1825	73734	928438	12.44
2020-2022	76	0.02997	0.02953	0.5	72821	2151	71746	854705	11.74
2020-2022	77	0.03558	0.03496	0.5	70671	2470	69436	782959	11.08
2020-2022	78	0.03979	0.03902	0.5	68201	2661	66870	713523	10.46
2020-2022	79	0.03934	0.03858	0.5	65539	2529	64275	646653	9.87
2020-2022	80	0.04291	0.04201	0.5	63011	2647	61687	582378	9.24
2020-2022	81	0.05189	0.05058	0.5	60364	3053	58837	520691	8.63
2020-2022	82	0.05864	0.05697	0.5	57310	3265	55678	461854	8.06
2020-2022	83	0.06427	0.06227	0.5	54045	3365	52363	406176	7.52
2020-2022	84	0.07355	0.07094	0.5	50680	3595	48883	353813	6.98
2020-2022	85	0.08389	0.08052	0.5	47085	3791	45189	304930	6.48
2020-2022	86	0.09554	0.09119	0.5	43294	3948	41320	259741	6.00
2020-2022	87	0.10862	0.10303	0.5	39346	4054	37319	218421	5.55
2020-2022	88	0.12325	0.11609	0.5	35292	4097	33244	181102	5.13
2020-2022	89	0.13953	0.13043	0.5	31195	4069	29161	147858	4.74
2020-2022	90	0.15758	0.14608	0.5	27126	3962	25145	118697	4.38
2020-2022	91	0.17749	0.16302	0.5	23164	3776	21276	93552	4.04
2020-2022	92	0.19931	0.18125	0.5	19388	3514	17631	72277	3.73
2020-2022	93	0.22309	0.20070	0.5	15874	3186	14281	54646	3.44
2020-2022	94	0.24883	0.22129	0.5	12688	2808	11284	40366	3.18
2020-2022	95	0.27647	0.24290	0.5	9880	2400	8680	29082	2.94
2020-2022	96	0.30594	0.26535	0.5	7480	1985	6488	20402	2.73
2020-2022	97	0.33708	0.28847	0.5	5495	1585	4703	13914	2.53
2020-2022	98	0.36971	0.31203	0.5	3910	1220	3300	9211	2.36
2020-2022	99	0.40357	0.33581	0.5	2690	903	2238	5911	2.20
2020-2022	100	0.43838	0.35957	0.5	1787	642	1465	3673	2.06
2020-2022	101	0.47380	0.38306	0.5	1144	438	925	2207	1.93
2020-2022	102	0.50949	0.40605	0.5	706	287	563	1282	1.82
2020-2022	103	0.54508	0.42834	0.5	419	180	329	720	1.72
2020-2022	104	0.58022	0.44975	0.5	240	108	186	390	1.63
2020-2022	105	0.61457	0.47011	0.5	132	62	101	204	1.55
2020-2022	106	0.64780	0.48931	0.5	70	34	53	104	1.48
2020-2022	107	0.67967	0.50728	0.5	36	18	27	51	1.42
2020-2022	108	0.70994	0.52395	0.5	18	9	13	24	1.37
2020-2022	109	0.73846	0.53932	0.5	8	5	6	11	1.33
2020-2022	110+	0.76510	1.00000	1.31	4	4	5	5	1.31
