USA: USA, Lifetables (period 5x10), Both sexes Last modified: February 4 2025, MPv5 (May07) 

Year     	Age	mx	qx	ax	lx	dx	Lx	Tx	ex
1960-1969	0	0.02446	0.02394	0.12	100000	2394	97884	7019610	70.20
1960-1969	1-4	0.00097	0.00387	1.61	97606	378	389520	6921726	70.91
1960-1969	5-9	0.00045	0.00223	2.3	97228	217	485554	6532206	67.18
1960-1969	10-14	0.00042	0.00209	2.7	97011	203	484590	6046651	62.33
1960-1969	15-19	0.00099	0.00496	2.81	96808	480	482993	5562062	57.45
1960-1969	20-24	0.00130	0.00649	2.5	96328	625	480082	5079069	52.73
1960-1969	25-29	0.00135	0.00673	2.54	95703	644	476930	4598987	48.05
1960-1969	30-34	0.00167	0.00831	2.62	95059	790	473414	4122057	43.36
1960-1969	35-39	0.00241	0.01198	2.66	94270	1129	468708	3648643	38.70
1960-1969	40-44	0.00372	0.01844	2.67	93141	1717	461700	3179935	34.14
1960-1969	45-49	0.00582	0.02873	2.67	91423	2627	450991	2718235	29.73
1960-1969	50-54	0.00920	0.04501	2.65	88796	3997	434601	2267244	25.53
1960-1969	55-59	0.01379	0.06678	2.64	84800	5663	410610	1832644	21.61
1960-1969	60-64	0.02062	0.09829	2.62	79137	7778	377145	1422034	17.97
1960-1969	65-69	0.03082	0.14342	2.58	71359	10234	332055	1044889	14.64
1960-1969	70-74	0.04616	0.20757	2.58	61124	12687	274869	712834	11.66
1960-1969	75-79	0.06942	0.29609	2.52	48437	14341	206595	437964	9.04
1960-1969	80-84	0.10862	0.42602	2.47	34095	14525	133725	231370	6.79
1960-1969	85-89	0.16867	0.58092	2.32	19570	11369	67400	97644	4.99
1960-1969	90-94	0.24732	0.72454	2.14	8201	5942	24027	30244	3.69
1960-1969	95-99	0.34803	0.84146	1.93	2259	1901	5462	6217	2.75
1960-1969	100-104	0.46598	0.91752	1.7	358	329	705	755	2.11
1960-1969	105-109	0.58913	0.95849	1.48	30	28	48	50	1.69
1960-1969	110+	0.68682	1.00000	1.46	1	1	2	2	1.46
1970-1979	0	0.01686	0.01661	0.1	100000	1661	98497	7222811	72.23
1970-1979	1-4	0.00074	0.00296	1.66	98339	291	392677	7124314	72.45
1970-1979	5-9	0.00037	0.00186	2.32	98049	183	489754	6731637	68.66
1970-1979	10-14	0.00037	0.00184	2.75	97866	180	488924	6241883	63.78
1970-1979	15-19	0.00104	0.00519	2.85	97685	507	487335	5752959	58.89
1970-1979	20-24	0.00137	0.00684	2.49	97178	665	484222	5265624	54.19
1970-1979	25-29	0.00134	0.00669	2.51	96513	646	480955	4781401	49.54
1970-1979	30-34	0.00152	0.00757	2.6	95867	726	477590	4300446	44.86
1970-1979	35-39	0.00215	0.01068	2.65	95141	1016	473322	3822856	40.18
1970-1979	40-44	0.00333	0.01651	2.68	94125	1554	467014	3349534	35.59
1970-1979	45-49	0.00525	0.02595	2.66	92571	2402	457238	2882520	31.14
1970-1979	50-54	0.00802	0.03934	2.65	90169	3547	442498	2425282	26.90
1970-1979	55-59	0.01215	0.05907	2.64	86622	5116	421045	1982784	22.89
1970-1979	60-64	0.01839	0.08812	2.63	81505	7182	390473	1561738	19.16
1970-1979	65-69	0.02680	0.12588	2.59	74323	9356	349109	1171265	15.76
1970-1979	70-74	0.03993	0.18207	2.58	64967	11828	296231	822157	12.66
1970-1979	75-79	0.06058	0.26371	2.55	53139	14013	231301	525926	9.90
1970-1979	80-84	0.09333	0.37822	2.49	39125	14798	158555	294625	7.53
1970-1979	85-89	0.14409	0.52279	2.38	24327	12718	88266	136070	5.59
1970-1979	90-94	0.21597	0.67473	2.22	11609	7833	36270	47804	4.12
1970-1979	95-99	0.30897	0.80354	2.01	3776	3034	9820	11534	3.05
1970-1979	100-104	0.42223	0.89487	1.78	742	664	1572	1714	2.31
1970-1979	105-109	0.54573	0.94717	1.55	78	74	135	142	1.82
1970-1979	110+	0.64652	1.00000	1.55	4	4	6	6	1.55
1980-1989	0	0.01111	0.01100	0.08	100000	1100	98987	7458370	74.58
1980-1989	1-4	0.00055	0.00218	1.62	98900	216	395088	7359382	74.41
1980-1989	5-9	0.00026	0.00130	2.38	98685	129	493086	6964294	70.57
1980-1989	10-14	0.00028	0.00141	2.78	98556	139	492471	6471208	65.66
1980-1989	15-19	0.00085	0.00425	2.85	98417	418	491185	5978737	60.75
1980-1989	20-24	0.00114	0.00570	2.52	97999	559	488607	5487552	56.00
1980-1989	25-29	0.00121	0.00604	2.53	97440	588	485746	4998944	51.30
1980-1989	30-34	0.00141	0.00704	2.57	96851	682	482600	4513198	46.60
1980-1989	35-39	0.00181	0.00899	2.61	96169	865	478781	4030599	41.91
1980-1989	40-44	0.00258	0.01281	2.66	95304	1221	473659	3551818	37.27
1980-1989	45-49	0.00406	0.02010	2.68	94083	1892	466021	3078159	32.72
1980-1989	50-54	0.00653	0.03218	2.67	92192	2966	454038	2612138	28.33
1980-1989	55-59	0.01022	0.04991	2.65	89225	4453	435679	2158100	24.19
1980-1989	60-64	0.01568	0.07560	2.63	84773	6409	408664	1722422	20.32
1980-1989	65-69	0.02328	0.11027	2.61	78364	8641	371168	1313758	16.76
1980-1989	70-74	0.03523	0.16237	2.59	69723	11321	321379	942590	13.52
1980-1989	75-79	0.05245	0.23245	2.56	58402	13575	258835	621211	10.64
1980-1989	80-84	0.08292	0.34372	2.51	44827	15408	185813	362376	8.08
1980-1989	85-89	0.12932	0.48464	2.42	29419	14258	110248	176563	6.00
1980-1989	90-94	0.19887	0.64431	2.27	15161	9769	49121	66315	4.37
1980-1989	95-99	0.29333	0.78669	2.05	5393	4242	14463	17193	3.19
1980-1989	100-104	0.40966	0.88790	1.81	1150	1021	2493	2730	2.37
1980-1989	105-109	0.53881	0.94550	1.57	129	122	226	237	1.84
1980-1989	110+	0.64499	1.00000	1.55	7	7	11	11	1.55
1990-1999	0	0.00829	0.00822	0.07	100000	822	99236	7601227	76.01
1990-1999	1-4	0.00041	0.00163	1.62	99178	162	396325	7501991	75.64
1990-1999	5-9	0.00019	0.00097	2.38	99016	96	494825	7105666	71.76
1990-1999	10-14	0.00024	0.00120	2.87	98919	118	494344	6610840	66.83
1990-1999	15-19	0.00080	0.00399	2.83	98801	394	493151	6116496	61.91
1990-1999	20-24	0.00103	0.00511	2.49	98407	503	490774	5623345	57.14
1990-1999	25-29	0.00110	0.00550	2.57	97904	538	488212	5132571	52.42
1990-1999	30-34	0.00143	0.00711	2.61	97365	692	485171	4644359	47.70
1990-1999	35-39	0.00189	0.00939	2.61	96673	908	481199	4159188	43.02
1990-1999	40-44	0.00256	0.01273	2.62	95766	1219	475930	3677989	38.41
1990-1999	45-49	0.00364	0.01805	2.64	94546	1706	468710	3202059	33.87
1990-1999	50-54	0.00548	0.02707	2.67	92840	2513	458335	2733349	29.44
1990-1999	55-59	0.00866	0.04244	2.66	90327	3833	442685	2275013	25.19
1990-1999	60-64	0.01364	0.06609	2.64	86494	5716	418996	1832329	21.18
1990-1999	65-69	0.02057	0.09806	2.62	80778	7921	385071	1413333	17.50
1990-1999	70-74	0.03122	0.14524	2.6	72856	10582	338901	1028262	14.11
1990-1999	75-79	0.04718	0.21172	2.58	62275	13185	279455	689361	11.07
1990-1999	80-84	0.07731	0.32462	2.53	49090	15936	206125	409906	8.35
1990-1999	85-89	0.12317	0.46818	2.44	33154	15522	126025	203781	6.15
1990-1999	90-94	0.19548	0.63881	2.29	17632	11263	57619	77756	4.41
1990-1999	95-99	0.29534	0.79003	2.06	6369	5031	17036	20137	3.16
1990-1999	100-104	0.41971	0.89479	1.79	1337	1197	2851	3101	2.32
1990-1999	105-109	0.55699	0.95123	1.54	141	134	240	251	1.78
1990-1999	110+	0.66865	1.00000	1.5	7	7	10	10	1.50
2000-2009	0	0.00699	0.00695	0.07	100000	695	99352	7757115	77.57
2000-2009	1-4	0.00030	0.00121	1.6	99305	120	396932	7657763	77.11
2000-2009	5-9	0.00014	0.00072	2.41	99185	71	495740	7260830	73.21
2000-2009	10-14	0.00018	0.00089	2.81	99114	88	495376	6765091	68.26
2000-2009	15-19	0.00062	0.00312	2.94	99026	309	494495	6269715	63.31
2000-2009	20-24	0.00095	0.00476	2.52	98717	470	492422	5775219	58.50
2000-2009	25-29	0.00098	0.00490	2.53	98247	482	490046	5282797	53.77
2000-2009	30-34	0.00112	0.00560	2.59	97766	548	487507	4792752	49.02
2000-2009	35-39	0.00154	0.00765	2.65	97218	744	484342	4305245	44.28
2000-2009	40-44	0.00232	0.01155	2.67	96474	1114	479771	3820903	39.61
2000-2009	45-49	0.00350	0.01738	2.65	95360	1657	472909	3341132	35.04
2000-2009	50-54	0.00512	0.02531	2.63	93703	2372	462899	2868223	30.61
2000-2009	55-59	0.00744	0.03654	2.64	91331	3338	448786	2405324	26.34
2000-2009	60-64	0.01129	0.05501	2.65	87993	4840	428580	1956538	22.24
2000-2009	65-69	0.01707	0.08203	2.63	83153	6821	399608	1527957	18.38
2000-2009	70-74	0.02643	0.12436	2.62	76332	9493	359112	1128350	14.78
2000-2009	75-79	0.04168	0.18947	2.6	66839	12664	303815	769238	11.51
2000-2009	80-84	0.07079	0.30188	2.56	54175	16355	231019	465423	8.59
2000-2009	85-89	0.11909	0.45769	2.47	37821	17310	145351	234404	6.20
2000-2009	90-94	0.19800	0.64492	2.3	20510	13228	66807	89053	4.34
2000-2009	95-99	0.30651	0.80399	2.04	7283	5855	19104	22246	3.05
2000-2009	100-104	0.44373	0.90903	1.75	1428	1298	2925	3143	2.20
2000-2009	105-109	0.59183	0.96039	1.48	130	125	211	218	1.68
2000-2009	110+	0.70889	1.00000	1.41	5	5	7	7	1.41
2010-2019	0	0.00588	0.00584	0.06	100000	584	99453	7876728	78.77
2010-2019	1-4	0.00025	0.00100	1.61	99416	100	397423	7777275	78.23
2010-2019	5-9	0.00012	0.00058	2.41	99316	58	496428	7379852	74.31
2010-2019	10-14	0.00015	0.00073	2.82	99258	72	496131	6883423	69.35
2010-2019	15-19	0.00048	0.00241	2.98	99186	239	495445	6387292	64.40
2010-2019	20-24	0.00089	0.00443	2.6	98947	438	493684	5891847	59.55
2010-2019	25-29	0.00107	0.00534	2.56	98509	526	491261	5398163	54.80
2010-2019	30-34	0.00127	0.00634	2.57	97982	622	488404	4906901	50.08
2010-2019	35-39	0.00156	0.00779	2.59	97361	759	484976	4418497	45.38
2010-2019	40-44	0.00208	0.01035	2.63	96602	1000	480643	3933522	40.72
2010-2019	45-49	0.00315	0.01562	2.67	95602	1494	474532	3452879	36.12
2010-2019	50-54	0.00489	0.02417	2.66	94108	2275	465215	2978347	31.65
2010-2019	55-59	0.00729	0.03581	2.63	91834	3289	451378	2513132	27.37
2010-2019	60-64	0.01040	0.05074	2.62	88545	4492	432043	2061755	23.28
2010-2019	65-69	0.01484	0.07166	2.63	84052	6023	405961	1629712	19.39
2010-2019	70-74	0.02259	0.10723	2.63	78029	8367	370323	1223750	15.68
2010-2019	75-79	0.03588	0.16528	2.62	69662	11514	320880	853428	12.25
2010-2019	80-84	0.06217	0.27036	2.59	58149	15721	252895	532548	9.16
2010-2019	85-89	0.10707	0.42259	2.51	42427	17930	167455	279653	6.59
2010-2019	90-94	0.18383	0.61692	2.33	24498	15113	82212	112198	4.58
2010-2019	95-99	0.29012	0.78592	2.08	9385	7376	25422	29986	3.20
2010-2019	100-104	0.42866	0.90141	1.79	2009	1811	4225	4564	2.27
2010-2019	105-109	0.58065	0.95804	1.5	198	190	327	339	1.71
2010-2019	110+	0.70172	1.00000	1.43	8	8	12	12	1.43
2020-2022	0	0.00548	0.00545	0.06	100000	545	99490	7700740	77.01
2020-2022	1-4	0.00025	0.00101	1.6	99455	101	397580	7601250	76.43
2020-2022	5-9	0.00012	0.00059	2.36	99355	59	496619	7203670	72.50
2020-2022	10-14	0.00017	0.00083	2.89	99296	82	496307	6707051	67.55
2020-2022	15-19	0.00059	0.00296	2.98	99214	294	495478	6210744	62.60
2020-2022	20-24	0.00110	0.00546	2.63	98920	540	493318	5715266	57.78
2020-2022	25-29	0.00147	0.00731	2.61	98380	719	490183	5221948	53.08
2020-2022	30-34	0.00189	0.00941	2.58	97661	919	486080	4731765	48.45
2020-2022	35-39	0.00232	0.01153	2.59	96742	1115	481020	4245684	43.89
2020-2022	40-44	0.00295	0.01465	2.59	95626	1401	474752	3764664	39.37
2020-2022	45-49	0.00393	0.01948	2.63	94226	1835	466786	3289912	34.92
2020-2022	50-54	0.00569	0.02806	2.63	92391	2592	455821	2823126	30.56
2020-2022	55-59	0.00849	0.04159	2.64	89799	3735	440178	2367305	26.36
2020-2022	60-64	0.01243	0.06035	2.62	86064	5194	417943	1927127	22.39
2020-2022	65-69	0.01717	0.08245	2.59	80870	6668	388296	1509184	18.66
2020-2022	70-74	0.02504	0.11816	2.62	74202	8768	350142	1120887	15.11
2020-2022	75-79	0.04009	0.18302	2.63	65434	11976	298752	770746	11.78
2020-2022	80-84	0.06645	0.28625	2.58	53458	15302	230274	471993	8.83
2020-2022	85-89	0.11380	0.44263	2.49	38156	16889	148409	241719	6.33
2020-2022	90-94	0.19466	0.63899	2.31	21267	13589	69811	93310	4.39
2020-2022	95-99	0.30533	0.80333	2.05	7678	6168	20200	23499	3.06
2020-2022	100-104	0.44713	0.91120	1.75	1510	1376	3077	3299	2.19
2020-2022	105-109	0.59969	0.96231	1.47	134	129	215	222	1.66
2020-2022	110+	0.71925	1.00000	1.39	5	5	7	7	1.39
