https://data.bls.gov/pdq/SurveyOutputServlet
Median wkly earnings, Emp FT, Wage & sal wrkrs - LEU0252881500 

Year,Annual
1979,241
1980,262
1981,284
1982,302
1983,313
1984,326
1985,344
1986,359
1987,374
1988,385
1989,399
1990,412
1991,426
1992,440
1993,459
1994,467
1995,479
1996,490
1997,503
1998,523
1999,549
2000,576
2001,596
2002,608
2003,620
2004,638
2005,651
2006,671
2007,695
2008,722
2009,739
2010,747
2011,756
2012,768
2013,776
2014,791
2015,809
2016,832
2017,860
2018,886
2019,917
2020,984
2021,998


--------------

 CPI for All Urban Consumers (CPI-U)


Series Id:    CUUR0000SEEB01

Not Seasonally Adjusted
Series Title: College tuition and fees in U.S. city average, all urban consumers, not seasonally adjusted
Area:         U.S. city average
Item:         College tuition and fees
Base Period:  1982-84=100

Index 1982-84 = 100
Year,
1979,64.7
1980,70.8
1981,79.6
1982,90.3
1983,99.7
1984,109.9
1985,119.9
1986,129.6
1987,139.4
1988,150.0
1989,161.9
1990,175.0
1991,192.8
1992,213.5
1993,233.5
1994,249.8
1995,264.8
1996,279.8
1997,294.1
1998,306.5
1999,318.7
2000,331.9
2001,348.8
2002,372.6
2003,403.9
2004,442.1
2005,475.1
2006,507.0
2007,538.687
2008,572.283
2009,606.674
2010,638.188
2011,670.251
2012,702.758
2013,732.440
2014,759.495
2015,785.850
2016,807.000
2017,823.129
2018,841.332
2019,865.354
2020,877.263
2021,884.885


------------
https://nces.ed.gov/programs/digest/d07/tables/dt07_320.asp

1979–80 	2,165 	2,327 	2,487 	2,198 	1,822 	583 	738 	840 	662 	355 	715 	725 	750 	703 	574 	867 	865 	898 	833 	893
1980–81 	2,373 	2,550 	2,712 	2,421 	2,027 	635 	804 	915 	722 	391 	799 	811 	827 	796 	642 	940 	936 	969 	904 	994
1981–82 	2,663 	2,871 	3,079 	2,705 	2,224 	714 	909 	1,042 	813 	434 	909 	925 	970 	885 	703 	1,039 	1,036 	1,067 	1,006 	1,086
1982–83 	2,945 	3,196 	3,403 	3,032 	2,390 	798 	1,031 	1,164 	936 	473 	1,010 	1,030 	1,072 	993 	755 	1,136 	1,134 	1,167 	1,103 	1,162
1983–84 	3,156 	3,433 	3,628 	3,285 	2,534 	891 	1,148 	1,284 	1,052 	528 	1,087 	1,110 	1,131 	1,092 	801 	1,178 	1,175 	1,213 	1,141 	1,205
  	  	  	  	  	  	  	  	  	  	  	  	  	  	  	  	  	  	  	  	 
1984–85 	3,408 	3,682 	3,899 	3,518 	2,807 	971 	1,228 	1,386 	1,117 	584 	1,196 	1,217 	1,237 	1,200 	921 	1,241 	1,237 	1,276 	1,201 	1,302
1985–862  	3,571 	3,859 	4,146 	3,637 	2,981 	1,045 	1,318 	1,536 	1,157 	641 	1,242 	1,263 	1,290 	1,240 	960 	1,285 	1,278 	1,320 	1,240 	1,380
1986–87 	3,805 	4,138 	4,469 	3,891 	2,989 	1,106 	1,414 	1,651 	1,248 	660 	1,301 	1,323 	1,355 	1,295 	979 	1,398 	1,401 	1,464 	1,348 	1,349
1987–88 	4,050 	4,403 	4,619 	4,250 	3,066 	1,218 	1,537 	1,726 	1,407 	706 	1,378 	1,410 	1,410 	1,409 	943 	1,454 	1,456 	1,482 	1,434 	1,417
1988–89 	4,274 	4,678 	4,905 	4,526 	3,183 	1,285 	1,646 	1,846 	1,515 	730 	1,457 	1,496 	1,483 	1,506 	965 	1,533 	1,536 	1,576 	1,504 	1,488
  	  	  	  	  	  	  	  	  	  	  	  	  	  	  	  	  	  	  	  	 
1989–90 	4,504 	4,975 	5,324 	4,723 	3,299 	1,356 	1,780 	2,035 	1,608 	756 	1,513 	1,557 	1,561 	1,554 	962 	1,635 	1,638 	1,728 	1,561 	1,581
1990–91 	4,757 	5,243 	5,585 	5,004 	3,467 	1,454 	1,888 	2,159 	1,707 	824 	1,612 	1,657 	1,658 	1,655 	1,050 	1,691 	1,698 	1,767 	1,641 	1,594
1991–92 	5,138 	5,693 	6,050 	5,458 	3,623 	1,628 	2,117 	2,409 	1,931 	936 	1,731 	1,785 	1,789 	1,782 	1,074 	1,780 	1,792 	1,852 	1,745 	1,612
1992–93 	5,379 	6,020 	6,442 	5,740 	3,799 	1,782 	2,349 	2,604 	2,192 	1,025 	1,756 	1,816 	1,856 	1,787 	1,106 	1,841 	1,854 	1,982 	1,761 	1,668
1993–94 	5,694 	6,365 	6,710 	6,146 	3,996 	1,942 	2,537 	2,820 	2,360 	1,125 	1,873 	1,934 	1,897 	1,958 	1,190 	1,880 	1,895 	1,993 	1,828 	1,681
  	  	  	  	  	  	  	  	  	  	  	  	  	  	  	  	  	  	  	  	 
1994–95 	5,965 	6,670 	7,077 	6,409 	4,137 	2,057 	2,681 	2,977 	2,499 	1,192 	1,959 	2,023 	1,992 	2,044 	1,232 	1,949 	1,967 	2,108 	1,866 	1,712
1995–96 	6,256 	7,014 	7,448 	6,730 	4,217 	2,179 	2,848 	3,151 	2,660 	1,239 	2,057 	2,121 	2,104 	2,133 	1,297 	2,020 	2,045 	2,192 	1,937 	1,681
1996–97 	6,530 	7,334 	7,792 	7,035 	4,404 	2,271 	2,987 	3,323 	2,778 	1,276 	2,148 	2,214 	2,187 	2,232 	1,339 	2,111 	2,133 	2,282 	2,025 	1,789
1997–98 	6,813 	7,673 	8,210 	7,318 	4,509 	2,360 	3,110 	3,486 	2,877 	1,314 	2,225 	2,301 	2,285 	2,312 	1,401 	2,228 	2,263 	2,438 	2,130 	1,795
1998–99 	7,107 	8,027 	8,625 	7,631 	4,604 	2,430 	3,229 	3,640 	2,974 	1,327 	2,330 	2,409 	2,408 	2,410 	1,450 	2,347 	2,389 	2,576 	2,247 	1,828
  	  	  	  	  	  	  	  	  	  	  	  	  	  	  	  	  	  	  	  	 
1999–2000 	7,310 	8,275 	8,912 	7,852 	4,720 	2,506 	3,349 	3,768 	3,091 	1,338 	2,440 	2,519 	2,516 	2,521 	1,549 	2,364 	2,406 	2,628 	2,239 	1,834
2000–01 	7,586 	8,653 	9,321 	8,218 	4,839 	2,562 	3,501 	3,979 	3,208 	1,333 	2,569 	2,654 	2,657 	2,652 	1,600 	2,455 	2,499 	2,686 	2,358 	1,906
2001–02 	8,022 	9,196 	9,948 	8,715 	5,137 	2,700 	3,735 	4,273 	3,409 	1,380 	2,723 	2,816 	2,838 	2,801 	1,722 	2,598 	2,645 	2,837 	2,504 	2,036
2002–03 	8,502 	9,787 	10,604 	9,280 	5,601 	2,903 	4,046 	4,686 	3,668 	1,483 	2,930 	3,029 	3,023 	3,032 	1,954 	2,669 	2,712 	2,895 	2,580 	2,164
2003–043  	9,247 	10,674 	11,679 	10,063 	6,012 	3,319 	4,587 	5,363 	4,141 	1,702 	3,106 	3,212 	3,232 	3,199 	2,089 	2,822 	2,875 	3,084 	2,724 	2,221
  	  	  	  	  	  	  	  	  	  	  	  	  	  	  	  	  	  	  	  	 
2004–05 	9,864 	11,426 	12,588 	10,734 	6,375 	3,629 	5,027 	5,939 	4,512 	1,849 	3,304 	3,418 	3,427 	3,413 	2,174 	2,931 	2,981 	3,222 	2,809 	2,353
2005–06 	10,454 	12,108 	13,424 	11,335 	6,492 	3,874 	5,351 	6,399 	4,765 	1,935 	3,545 	3,664 	3,654 	3,672 	2,251 	3,035 	3,093 	3,372 	2,899 	2,306
2006–074  	11,034 	12,805 	14,203 	11,990 	6,810 	4,101 	5,685 	6,836 	5,043 	2,017 	3,747 	3,872 	3,873 	3,871 	2,394 	3,185 	3,248 	3,494 	3,076 	2,398

-------------
https://nces.ed.gov/programs/digest/d21/tables/dt21_316.10.asp
Faculty salaries



https://nces.ed.gov/programs/digest/d21/tables/dt21_330.40.asp
costs 2010-2021

https://nces.ed.gov/programs/digest/d20/tables/dt20_330.10.asp