NC: NC, Lifetables (period 1x10), Males Last modified: February 4 2025, MPv5 (May07) 

Year     	Age	mx	qx	ax	lx	dx	Lx	Tx	ex
1941-1949	0	0.04999	0.04802	0.18	100000	4802	96059	6293914	62.94
1941-1949	1	0.00408	0.00407	0.5	95198	388	95005	6197855	65.10
1941-1949	2	0.00222	0.00222	0.5	94811	211	94705	6102851	64.37
1941-1949	3	0.00150	0.00150	0.5	94600	142	94529	6008145	63.51
1941-1949	4	0.00132	0.00132	0.5	94458	124	94396	5913616	62.61
1941-1949	5	0.00115	0.00115	0.5	94334	108	94280	5819220	61.69
1941-1949	6	0.00101	0.00101	0.5	94226	95	94178	5724940	60.76
1941-1949	7	0.00090	0.00090	0.5	94131	84	94089	5630762	59.82
1941-1949	8	0.00082	0.00082	0.5	94046	77	94008	5536673	58.87
1941-1949	9	0.00077	0.00077	0.5	93969	73	93933	5442665	57.92
1941-1949	10	0.00076	0.00076	0.5	93897	72	93861	5348732	56.96
1941-1949	11	0.00079	0.00079	0.5	93825	74	93788	5254871	56.01
1941-1949	12	0.00087	0.00087	0.5	93751	81	93710	5161083	55.05
1941-1949	13	0.00098	0.00098	0.5	93670	92	93624	5067373	54.10
1941-1949	14	0.00114	0.00114	0.5	93578	106	93524	4973749	53.15
1941-1949	15	0.00133	0.00133	0.5	93471	124	93409	4880225	52.21
1941-1949	16	0.00154	0.00154	0.5	93347	144	93275	4786816	51.28
1941-1949	17	0.00176	0.00176	0.5	93203	164	93121	4693541	50.36
1941-1949	18	0.00200	0.00200	0.5	93039	186	92946	4600420	49.45
1941-1949	19	0.00226	0.00225	0.5	92853	209	92749	4507474	48.54
1941-1949	20	0.00252	0.00252	0.5	92644	233	92527	4414725	47.65
1941-1949	21	0.00274	0.00274	0.5	92411	253	92284	4322198	46.77
1941-1949	22	0.00290	0.00289	0.5	92158	267	92024	4229914	45.90
1941-1949	23	0.00298	0.00298	0.5	91891	274	91754	4137889	45.03
1941-1949	24	0.00300	0.00299	0.5	91617	274	91480	4046135	44.16
1941-1949	25	0.00296	0.00295	0.5	91343	270	91208	3954655	43.29
1941-1949	26	0.00294	0.00293	0.5	91073	267	90939	3863447	42.42
1941-1949	27	0.00296	0.00296	0.5	90806	268	90672	3772507	41.54
1941-1949	28	0.00303	0.00303	0.5	90537	274	90400	3681836	40.67
1941-1949	29	0.00315	0.00314	0.5	90263	284	90122	3591435	39.79
1941-1949	30	0.00331	0.00331	0.5	89980	297	89831	3501314	38.91
1941-1949	31	0.00346	0.00346	0.5	89682	310	89527	3411482	38.04
1941-1949	32	0.00361	0.00361	0.5	89372	322	89211	3321955	37.17
1941-1949	33	0.00380	0.00379	0.5	89050	338	88881	3232744	36.30
1941-1949	34	0.00400	0.00400	0.5	88712	354	88535	3143863	35.44
1941-1949	35	0.00424	0.00423	0.5	88358	374	88171	3055328	34.58
1941-1949	36	0.00448	0.00447	0.5	87984	394	87787	2967157	33.72
1941-1949	37	0.00478	0.00476	0.5	87590	417	87382	2879370	32.87
1941-1949	38	0.00517	0.00516	0.5	87173	450	86948	2791988	32.03
1941-1949	39	0.00561	0.00559	0.5	86723	485	86481	2705040	31.19
1941-1949	40	0.00604	0.00602	0.5	86239	519	85979	2618559	30.36
1941-1949	41	0.00641	0.00639	0.5	85719	548	85445	2532580	29.55
1941-1949	42	0.00688	0.00686	0.5	85171	584	84879	2447135	28.73
1941-1949	43	0.00744	0.00741	0.5	84587	627	84274	2362256	27.93
1941-1949	44	0.00797	0.00794	0.5	83960	667	83627	2277982	27.13
1941-1949	45	0.00859	0.00856	0.5	83294	713	82937	2194355	26.34
1941-1949	46	0.00919	0.00915	0.5	82581	756	82203	2111418	25.57
1941-1949	47	0.00985	0.00980	0.5	81825	802	81424	2029215	24.80
1941-1949	48	0.01072	0.01066	0.5	81023	864	80591	1947790	24.04
1941-1949	49	0.01184	0.01177	0.5	80159	944	79687	1867199	23.29
1941-1949	50	0.01317	0.01309	0.5	79215	1037	78697	1787512	22.57
1941-1949	51	0.01417	0.01407	0.5	78179	1100	77629	1708815	21.86
1941-1949	52	0.01509	0.01498	0.5	77079	1154	76501	1631186	21.16
1941-1949	53	0.01610	0.01597	0.5	75924	1213	75318	1554685	20.48
1941-1949	54	0.01702	0.01687	0.5	74711	1261	74081	1479367	19.80
1941-1949	55	0.01804	0.01788	0.5	73451	1313	72794	1405287	19.13
1941-1949	56	0.01909	0.01891	0.5	72137	1364	71455	1332493	18.47
1941-1949	57	0.02019	0.01998	0.5	70773	1414	70066	1261038	17.82
1941-1949	58	0.02157	0.02134	0.5	69359	1480	68619	1190972	17.17
1941-1949	59	0.02317	0.02290	0.5	67879	1555	67101	1122353	16.53
1941-1949	60	0.02503	0.02472	0.5	66324	1639	65504	1055252	15.91
1941-1949	61	0.02673	0.02638	0.5	64685	1706	63832	989747	15.30
1941-1949	62	0.02872	0.02832	0.5	62979	1783	62087	925915	14.70
1941-1949	63	0.03138	0.03089	0.5	61195	1891	60250	863828	14.12
1941-1949	64	0.03431	0.03373	0.5	59305	2000	58305	803578	13.55
1941-1949	65	0.03789	0.03719	0.5	57304	2131	56239	745274	13.01
1941-1949	66	0.04088	0.04006	0.5	55173	2210	54068	689035	12.49
1941-1949	67	0.04341	0.04249	0.5	52963	2250	51838	634967	11.99
1941-1949	68	0.04648	0.04543	0.5	50713	2304	49561	583129	11.50
1941-1949	69	0.04933	0.04814	0.5	48409	2330	47244	533568	11.02
1941-1949	70	0.05222	0.05089	0.5	46079	2345	44906	486324	10.55
1941-1949	71	0.05460	0.05315	0.5	43734	2325	42571	441418	10.09
1941-1949	72	0.05747	0.05586	0.5	41409	2313	40252	398847	9.63
1941-1949	73	0.06122	0.05940	0.5	39096	2322	37935	358594	9.17
1941-1949	74	0.06490	0.06286	0.5	36773	2312	35618	320660	8.72
1941-1949	75	0.06920	0.06689	0.5	34462	2305	33309	285042	8.27
1941-1949	76	0.07361	0.07100	0.5	32157	2283	31015	251733	7.83
1941-1949	77	0.07862	0.07565	0.5	29874	2260	28744	220718	7.39
1941-1949	78	0.08507	0.08160	0.5	27614	2253	26487	191974	6.95
1941-1949	79	0.09158	0.08757	0.5	25361	2221	24250	165486	6.53
1941-1949	80	0.11378	0.10765	0.5	23140	2491	21894	141236	6.10
1941-1949	81	0.12354	0.11635	0.5	20649	2402	19447	119342	5.78
1941-1949	82	0.13371	0.12534	0.5	18246	2287	17103	99895	5.47
1941-1949	83	0.14453	0.13479	0.5	15959	2151	14884	82792	5.19
1941-1949	84	0.15641	0.14507	0.5	13808	2003	12807	67909	4.92
1941-1949	85	0.16985	0.15656	0.5	11805	1848	10881	55102	4.67
1941-1949	86	0.17888	0.16419	0.5	9957	1635	9139	44221	4.44
1941-1949	87	0.19146	0.17473	0.5	8322	1454	7595	35082	4.22
1941-1949	88	0.20471	0.18570	0.5	6868	1275	6230	27487	4.00
1941-1949	89	0.21863	0.19709	0.5	5592	1102	5041	21257	3.80
1941-1949	90	0.23322	0.20886	0.5	4490	938	4021	16215	3.61
1941-1949	91	0.24847	0.22101	0.5	3552	785	3160	12194	3.43
1941-1949	92	0.26437	0.23351	0.5	2767	646	2444	9034	3.26
1941-1949	93	0.28092	0.24632	0.5	2121	522	1860	6590	3.11
1941-1949	94	0.29807	0.25941	0.5	1599	415	1391	4730	2.96
1941-1949	95	0.31582	0.27275	0.5	1184	323	1022	3339	2.82
1941-1949	96	0.33412	0.28629	0.5	861	247	738	2316	2.69
1941-1949	97	0.35293	0.29999	0.5	615	184	522	1578	2.57
1941-1949	98	0.37221	0.31381	0.5	430	135	363	1056	2.45
1941-1949	99	0.39190	0.32769	0.5	295	97	247	693	2.35
1941-1949	100	0.41196	0.34160	0.5	198	68	165	446	2.25
1941-1949	101	0.43231	0.35547	0.5	131	46	107	282	2.16
1941-1949	102	0.45289	0.36927	0.5	84	31	69	175	2.07
1941-1949	103	0.47363	0.38294	0.5	53	20	43	106	1.99
1941-1949	104	0.49447	0.39645	0.5	33	13	26	63	1.92
1941-1949	105	0.51532	0.40974	0.5	20	8	16	37	1.85
1941-1949	106	0.53612	0.42279	0.5	12	5	9	21	1.79
1941-1949	107	0.55680	0.43554	0.5	7	3	5	12	1.73
1941-1949	108	0.57728	0.44797	0.5	4	2	3	6	1.68
1941-1949	109	0.59750	0.46005	0.5	2	1	2	3	1.64
1941-1949	110+	0.61739	1.00000	1.62	1	1	2	2	1.62
1950-1959	0	0.03711	0.03597	0.14	100000	3597	96923	6499727	65.00
1950-1959	1	0.00247	0.00246	0.5	96403	237	96285	6402804	66.42
1950-1959	2	0.00145	0.00145	0.5	96166	139	96096	6306519	65.58
1950-1959	3	0.00112	0.00112	0.5	96027	107	95973	6210423	64.67
1950-1959	4	0.00087	0.00087	0.5	95920	83	95878	6114449	63.75
1950-1959	5	0.00076	0.00075	0.5	95836	72	95800	6018571	62.80
1950-1959	6	0.00069	0.00069	0.5	95764	66	95731	5922771	61.85
1950-1959	7	0.00062	0.00062	0.5	95698	59	95669	5827040	60.89
1950-1959	8	0.00058	0.00058	0.5	95639	55	95611	5731371	59.93
1950-1959	9	0.00055	0.00055	0.5	95584	52	95557	5635760	58.96
1950-1959	10	0.00053	0.00053	0.5	95531	51	95506	5540203	57.99
1950-1959	11	0.00056	0.00056	0.5	95481	53	95454	5444697	57.02
1950-1959	12	0.00061	0.00061	0.5	95427	58	95398	5349243	56.06
1950-1959	13	0.00071	0.00071	0.5	95370	67	95336	5253844	55.09
1950-1959	14	0.00089	0.00089	0.5	95302	85	95260	5158509	54.13
1950-1959	15	0.00112	0.00112	0.5	95217	106	95164	5063249	53.18
1950-1959	16	0.00139	0.00139	0.5	95111	132	95045	4968085	52.23
1950-1959	17	0.00154	0.00154	0.5	94979	146	94906	4873040	51.31
1950-1959	18	0.00175	0.00175	0.5	94833	166	94750	4778134	50.38
1950-1959	19	0.00189	0.00189	0.5	94667	179	94577	4683384	49.47
1950-1959	20	0.00201	0.00201	0.5	94488	190	94393	4588807	48.57
1950-1959	21	0.00219	0.00219	0.5	94298	206	94194	4494414	47.66
1950-1959	22	0.00226	0.00226	0.5	94091	213	93985	4400219	46.77
1950-1959	23	0.00222	0.00222	0.5	93878	209	93774	4306235	45.87
1950-1959	24	0.00225	0.00225	0.5	93670	211	93565	4212461	44.97
1950-1959	25	0.00226	0.00225	0.5	93459	211	93354	4118896	44.07
1950-1959	26	0.00226	0.00226	0.5	93249	211	93143	4025542	43.17
1950-1959	27	0.00223	0.00223	0.5	93038	208	92934	3932399	42.27
1950-1959	28	0.00230	0.00230	0.5	92830	213	92724	3839465	41.36
1950-1959	29	0.00241	0.00240	0.5	92617	223	92506	3746741	40.45
1950-1959	30	0.00253	0.00252	0.5	92394	233	92278	3654236	39.55
1950-1959	31	0.00279	0.00279	0.5	92161	257	92033	3561958	38.65
1950-1959	32	0.00292	0.00291	0.5	91904	268	91771	3469925	37.76
1950-1959	33	0.00302	0.00302	0.5	91637	277	91499	3378154	36.86
1950-1959	34	0.00335	0.00334	0.5	91360	305	91208	3286656	35.97
1950-1959	35	0.00345	0.00345	0.5	91055	314	90898	3195448	35.09
1950-1959	36	0.00373	0.00372	0.5	90741	338	90572	3104550	34.21
1950-1959	37	0.00396	0.00396	0.5	90403	358	90224	3013978	33.34
1950-1959	38	0.00435	0.00434	0.5	90046	391	89850	2923753	32.47
1950-1959	39	0.00478	0.00477	0.5	89655	428	89441	2833903	31.61
1950-1959	40	0.00525	0.00524	0.5	89227	467	88994	2744462	30.76
1950-1959	41	0.00561	0.00559	0.5	88760	496	88512	2655469	29.92
1950-1959	42	0.00618	0.00617	0.5	88263	544	87991	2566957	29.08
1950-1959	43	0.00660	0.00658	0.5	87719	577	87431	2478966	28.26
1950-1959	44	0.00721	0.00718	0.5	87143	626	86830	2391535	27.44
1950-1959	45	0.00761	0.00758	0.5	86517	656	86189	2304705	26.64
1950-1959	46	0.00838	0.00834	0.5	85861	716	85503	2218516	25.84
1950-1959	47	0.00917	0.00913	0.5	85145	777	84756	2133013	25.05
1950-1959	48	0.01018	0.01013	0.5	84368	855	83940	2048257	24.28
1950-1959	49	0.01099	0.01093	0.5	83513	913	83056	1964317	23.52
1950-1959	50	0.01181	0.01174	0.5	82600	969	82115	1881261	22.78
1950-1959	51	0.01279	0.01271	0.5	81630	1037	81112	1799146	22.04
1950-1959	52	0.01392	0.01382	0.5	80593	1114	80036	1718034	21.32
1950-1959	53	0.01510	0.01498	0.5	79479	1191	78884	1637998	20.61
1950-1959	54	0.01615	0.01602	0.5	78288	1254	77661	1559115	19.92
1950-1959	55	0.01720	0.01705	0.5	77034	1314	76377	1481453	19.23
1950-1959	56	0.01831	0.01814	0.5	75720	1374	75033	1405076	18.56
1950-1959	57	0.01953	0.01934	0.5	74346	1438	73627	1330043	17.89
1950-1959	58	0.02160	0.02137	0.5	72908	1558	72130	1256415	17.23
1950-1959	59	0.02356	0.02329	0.5	71351	1662	70520	1184286	16.60
1950-1959	60	0.02510	0.02479	0.5	69689	1728	68825	1113766	15.98
1950-1959	61	0.02697	0.02661	0.5	67961	1808	67057	1044941	15.38
1950-1959	62	0.02929	0.02886	0.5	66153	1909	65198	977883	14.78
1950-1959	63	0.03190	0.03140	0.5	64244	2017	63235	912685	14.21
1950-1959	64	0.03429	0.03371	0.5	62227	2098	61178	849450	13.65
1950-1959	65	0.03686	0.03620	0.5	60129	2177	59041	788272	13.11
1950-1959	66	0.03921	0.03846	0.5	57952	2229	56838	729232	12.58
1950-1959	67	0.04242	0.04154	0.5	55724	2315	54567	672393	12.07
1950-1959	68	0.04480	0.04382	0.5	53409	2341	52239	617827	11.57
1950-1959	69	0.04733	0.04624	0.5	51069	2361	49888	565588	11.08
1950-1959	70	0.05001	0.04879	0.5	48707	2376	47519	515700	10.59
1950-1959	71	0.05281	0.05145	0.5	46331	2384	45139	468181	10.11
1950-1959	72	0.05706	0.05547	0.5	43947	2438	42729	423041	9.63
1950-1959	73	0.06135	0.05952	0.5	41510	2471	40274	380313	9.16
1950-1959	74	0.06641	0.06427	0.5	39039	2509	37784	340039	8.71
1950-1959	75	0.07317	0.07058	0.5	36530	2578	35240	302254	8.27
1950-1959	76	0.07654	0.07372	0.5	33951	2503	32700	267014	7.86
1950-1959	77	0.08271	0.07943	0.5	31448	2498	30199	234314	7.45
1950-1959	78	0.09043	0.08652	0.5	28950	2505	27698	204115	7.05
1950-1959	79	0.09718	0.09268	0.5	26446	2451	25220	176417	6.67
1950-1959	80	0.11108	0.10523	0.5	23995	2525	22732	151197	6.30
1950-1959	81	0.11661	0.11019	0.5	21470	2366	20287	128464	5.98
1950-1959	82	0.12890	0.12110	0.5	19104	2313	17947	108177	5.66
1950-1959	83	0.13768	0.12881	0.5	16791	2163	15709	90230	5.37
1950-1959	84	0.15073	0.14017	0.5	14628	2050	13602	74521	5.09
1950-1959	85	0.16140	0.14935	0.5	12577	1878	11638	60919	4.84
1950-1959	86	0.17088	0.15743	0.5	10699	1684	9857	49280	4.61
1950-1959	87	0.18290	0.16758	0.5	9015	1511	8259	39424	4.37
1950-1959	88	0.19557	0.17815	0.5	7504	1337	6836	31164	4.15
1950-1959	89	0.20890	0.18914	0.5	6167	1166	5584	24329	3.94
1950-1959	90	0.22288	0.20053	0.5	5001	1003	4499	18745	3.75
1950-1959	91	0.23752	0.21230	0.5	3998	849	3573	14246	3.56
1950-1959	92	0.25280	0.22443	0.5	3149	707	2796	10672	3.39
1950-1959	93	0.26872	0.23689	0.5	2442	579	2153	7877	3.22
1950-1959	94	0.28527	0.24966	0.5	1864	465	1631	5723	3.07
1950-1959	95	0.30240	0.26269	0.5	1398	367	1215	4092	2.93
1950-1959	96	0.32011	0.27595	0.5	1031	285	889	2878	2.79
1950-1959	97	0.33835	0.28939	0.5	747	216	639	1989	2.66
1950-1959	98	0.35709	0.30299	0.5	531	161	450	1350	2.55
1950-1959	99	0.37627	0.31669	0.5	370	117	311	900	2.43
1950-1959	100	0.39585	0.33045	0.5	253	83	211	589	2.33
1950-1959	101	0.41577	0.34421	0.5	169	58	140	378	2.23
1950-1959	102	0.43597	0.35794	0.5	111	40	91	238	2.14
1950-1959	103	0.45638	0.37159	0.5	71	26	58	147	2.06
1950-1959	104	0.47694	0.38510	0.5	45	17	36	89	1.98
1950-1959	105	0.49757	0.39845	0.5	28	11	22	53	1.91
1950-1959	106	0.51822	0.41158	0.5	17	7	13	31	1.85
1950-1959	107	0.53880	0.42446	0.5	10	4	8	17	1.79
1950-1959	108	0.55926	0.43705	0.5	6	2	4	10	1.74
1950-1959	109	0.57951	0.44932	0.5	3	1	2	5	1.69
1950-1959	110+	0.59950	1.00000	1.67	2	2	3	3	1.67
1960-1969	0	0.03341	0.03247	0.13	100000	3247	97190	6472420	64.72
1960-1969	1	0.00200	0.00199	0.5	96753	193	96656	6375230	65.89
1960-1969	2	0.00120	0.00120	0.5	96560	116	96502	6278573	65.02
1960-1969	3	0.00089	0.00089	0.5	96444	86	96401	6182071	64.10
1960-1969	4	0.00074	0.00074	0.5	96359	71	96323	6085670	63.16
1960-1969	5	0.00070	0.00069	0.5	96287	67	96254	5989347	62.20
1960-1969	6	0.00069	0.00069	0.5	96220	66	96187	5893093	61.25
1960-1969	7	0.00068	0.00068	0.5	96154	65	96122	5796905	60.29
1960-1969	8	0.00054	0.00054	0.5	96089	52	96063	5700784	59.33
1960-1969	9	0.00056	0.00056	0.5	96037	54	96010	5604720	58.36
1960-1969	10	0.00055	0.00055	0.5	95983	53	95957	5508710	57.39
1960-1969	11	0.00056	0.00056	0.5	95930	54	95904	5412753	56.42
1960-1969	12	0.00060	0.00060	0.5	95877	57	95848	5316849	55.46
1960-1969	13	0.00069	0.00069	0.5	95819	66	95786	5221001	54.49
1960-1969	14	0.00078	0.00078	0.5	95753	74	95716	5125215	53.53
1960-1969	15	0.00099	0.00099	0.5	95679	95	95631	5029500	52.57
1960-1969	16	0.00138	0.00138	0.5	95584	132	95518	4933868	51.62
1960-1969	17	0.00173	0.00173	0.5	95452	165	95370	4838350	50.69
1960-1969	18	0.00216	0.00215	0.5	95287	205	95184	4742981	49.78
1960-1969	19	0.00223	0.00223	0.5	95082	212	94976	4647796	48.88
1960-1969	20	0.00224	0.00223	0.5	94870	212	94764	4552821	47.99
1960-1969	21	0.00238	0.00238	0.5	94658	225	94545	4458057	47.10
1960-1969	22	0.00231	0.00231	0.5	94433	218	94324	4363511	46.21
1960-1969	23	0.00234	0.00234	0.5	94215	220	94105	4269187	45.31
1960-1969	24	0.00212	0.00212	0.5	93995	199	93895	4175082	44.42
1960-1969	25	0.00232	0.00232	0.5	93796	218	93687	4081187	43.51
1960-1969	26	0.00237	0.00236	0.5	93578	221	93467	3987500	42.61
1960-1969	27	0.00232	0.00232	0.5	93357	217	93249	3894033	41.71
1960-1969	28	0.00236	0.00236	0.5	93140	220	93030	3800784	40.81
1960-1969	29	0.00249	0.00249	0.5	92921	231	92805	3707754	39.90
1960-1969	30	0.00288	0.00288	0.5	92690	267	92556	3614949	39.00
1960-1969	31	0.00277	0.00277	0.5	92423	256	92295	3522392	38.11
1960-1969	32	0.00277	0.00277	0.5	92167	255	92039	3430097	37.22
1960-1969	33	0.00292	0.00291	0.5	91912	268	91778	3338058	36.32
1960-1969	34	0.00306	0.00306	0.5	91644	280	91504	3246280	35.42
1960-1969	35	0.00341	0.00341	0.5	91364	311	91208	3154776	34.53
1960-1969	36	0.00359	0.00358	0.5	91053	326	90890	3063567	33.65
1960-1969	37	0.00381	0.00380	0.5	90727	345	90554	2972678	32.77
1960-1969	38	0.00439	0.00438	0.5	90381	396	90184	2882124	31.89
1960-1969	39	0.00468	0.00467	0.5	89986	420	89775	2791940	31.03
1960-1969	40	0.00513	0.00512	0.5	89565	459	89336	2702165	30.17
1960-1969	41	0.00575	0.00573	0.5	89107	511	88851	2612829	29.32
1960-1969	42	0.00645	0.00643	0.5	88596	570	88311	2523977	28.49
1960-1969	43	0.00669	0.00667	0.5	88026	587	87733	2435666	27.67
1960-1969	44	0.00731	0.00728	0.5	87439	637	87121	2347934	26.85
1960-1969	45	0.00800	0.00797	0.5	86803	691	86457	2260813	26.05
1960-1969	46	0.00850	0.00846	0.5	86111	729	85747	2174356	25.25
1960-1969	47	0.00948	0.00944	0.5	85382	806	84979	2088609	24.46
1960-1969	48	0.01037	0.01032	0.5	84576	873	84140	2003630	23.69
1960-1969	49	0.01160	0.01154	0.5	83703	966	83220	1919490	22.93
1960-1969	50	0.01206	0.01199	0.5	82738	992	82242	1836270	22.19
1960-1969	51	0.01342	0.01333	0.5	81746	1090	81201	1754028	21.46
1960-1969	52	0.01523	0.01512	0.5	80656	1219	80047	1672827	20.74
1960-1969	53	0.01554	0.01542	0.5	79437	1225	78825	1592781	20.05
1960-1969	54	0.01722	0.01708	0.5	78212	1336	77544	1513956	19.36
1960-1969	55	0.01820	0.01804	0.5	76877	1387	76183	1436411	18.68
1960-1969	56	0.01976	0.01957	0.5	75490	1477	74751	1360228	18.02
1960-1969	57	0.02094	0.02072	0.5	74013	1533	73246	1285477	17.37
1960-1969	58	0.02350	0.02322	0.5	72479	1683	71638	1212231	16.73
1960-1969	59	0.02488	0.02458	0.5	70796	1740	69926	1140594	16.11
1960-1969	60	0.02655	0.02621	0.5	69056	1810	68151	1070668	15.50
1960-1969	61	0.02773	0.02735	0.5	67246	1839	66327	1002516	14.91
1960-1969	62	0.03106	0.03058	0.5	65407	2000	64407	936190	14.31
1960-1969	63	0.03366	0.03310	0.5	63407	2099	62357	871783	13.75
1960-1969	64	0.03658	0.03592	0.5	61308	2202	60207	809426	13.20
1960-1969	65	0.04040	0.03960	0.5	59106	2340	57935	749219	12.68
1960-1969	66	0.04102	0.04019	0.5	56765	2282	55624	691284	12.18
1960-1969	67	0.04611	0.04507	0.5	54484	2456	53256	635659	11.67
1960-1969	68	0.04868	0.04752	0.5	52028	2473	50792	582404	11.19
1960-1969	69	0.05054	0.04930	0.5	49555	2443	48334	531612	10.73
1960-1969	70	0.05390	0.05249	0.5	47112	2473	45876	483278	10.26
1960-1969	71	0.05637	0.05482	0.5	44640	2447	43416	437402	9.80
1960-1969	72	0.06521	0.06315	0.5	42193	2664	40860	393986	9.34
1960-1969	73	0.06675	0.06459	0.5	39528	2553	38251	353125	8.93
1960-1969	74	0.07053	0.06813	0.5	36975	2519	35715	314874	8.52
1960-1969	75	0.07601	0.07323	0.5	34456	2523	33194	279159	8.10
1960-1969	76	0.07995	0.07687	0.5	31933	2455	30705	245964	7.70
1960-1969	77	0.08377	0.08040	0.5	29478	2370	28293	215259	7.30
1960-1969	78	0.09331	0.08915	0.5	27108	2417	25900	186966	6.90
1960-1969	79	0.09721	0.09271	0.5	24691	2289	23547	161066	6.52
1960-1969	80	0.11162	0.10572	0.5	22402	2368	21218	137519	6.14
1960-1969	81	0.11357	0.10747	0.5	20034	2153	18957	116301	5.81
1960-1969	82	0.13048	0.12249	0.5	17881	2190	16786	97344	5.44
1960-1969	83	0.14297	0.13343	0.5	15691	2094	14644	80558	5.13
1960-1969	84	0.15981	0.14799	0.5	13597	2012	12591	65914	4.85
1960-1969	85	0.17092	0.15746	0.5	11585	1824	10673	53323	4.60
1960-1969	86	0.17908	0.16436	0.5	9761	1604	8959	42650	4.37
1960-1969	87	0.19292	0.17595	0.5	8156	1435	7439	33692	4.13
1960-1969	88	0.20756	0.18805	0.5	6721	1264	6089	26253	3.91
1960-1969	89	0.22301	0.20064	0.5	5457	1095	4910	20164	3.69
1960-1969	90	0.23926	0.21370	0.5	4362	932	3896	15254	3.50
1960-1969	91	0.25631	0.22719	0.5	3430	779	3041	11357	3.31
1960-1969	92	0.27413	0.24108	0.5	2651	639	2331	8317	3.14
1960-1969	93	0.29270	0.25533	0.5	2012	514	1755	5985	2.98
1960-1969	94	0.31199	0.26989	0.5	1498	404	1296	4230	2.82
1960-1969	95	0.33195	0.28470	0.5	1094	311	938	2935	2.68
1960-1969	96	0.35254	0.29971	0.5	782	234	665	1996	2.55
1960-1969	97	0.37368	0.31486	0.5	548	173	462	1331	2.43
1960-1969	98	0.39533	0.33008	0.5	375	124	313	870	2.32
1960-1969	99	0.41739	0.34532	0.5	251	87	208	556	2.21
1960-1969	100	0.43978	0.36051	0.5	165	59	135	348	2.11
1960-1969	101	0.46243	0.37559	0.5	105	40	86	213	2.02
1960-1969	102	0.48523	0.39049	0.5	66	26	53	128	1.94
1960-1969	103	0.50809	0.40516	0.5	40	16	32	75	1.86
1960-1969	104	0.53092	0.41955	0.5	24	10	19	43	1.79
1960-1969	105	0.55362	0.43360	0.5	14	6	11	24	1.73
1960-1969	106	0.57610	0.44726	0.5	8	4	6	13	1.67
1960-1969	107	0.59827	0.46051	0.5	4	2	3	7	1.62
1960-1969	108	0.62004	0.47331	0.5	2	1	2	4	1.57
1960-1969	109	0.64134	0.48562	0.5	1	1	1	2	1.53
1960-1969	110+	0.66210	1.00000	1.51	1	1	1	1	1.51
1970-1979	0	0.02253	0.02208	0.11	100000	2208	98024	6652951	66.53
1970-1979	1	0.00126	0.00126	0.5	97792	123	97730	6554927	67.03
1970-1979	2	0.00100	0.00100	0.5	97669	98	97620	6457197	66.11
1970-1979	3	0.00070	0.00070	0.5	97571	68	97537	6359577	65.18
1970-1979	4	0.00072	0.00072	0.5	97503	70	97468	6262040	64.22
1970-1979	5	0.00064	0.00064	0.5	97433	62	97402	6164572	63.27
1970-1979	6	0.00051	0.00051	0.5	97371	50	97346	6067171	62.31
1970-1979	7	0.00051	0.00051	0.5	97321	50	97296	5969825	61.34
1970-1979	8	0.00049	0.00049	0.5	97271	47	97248	5872528	60.37
1970-1979	9	0.00042	0.00042	0.5	97224	40	97204	5775281	59.40
1970-1979	10	0.00039	0.00039	0.5	97184	38	97165	5678077	58.43
1970-1979	11	0.00046	0.00046	0.5	97146	45	97123	5580912	57.45
1970-1979	12	0.00049	0.00049	0.5	97101	47	97077	5483789	56.48
1970-1979	13	0.00062	0.00062	0.5	97054	60	97024	5386712	55.50
1970-1979	14	0.00074	0.00074	0.5	96993	72	96958	5289688	54.54
1970-1979	15	0.00092	0.00092	0.5	96922	89	96877	5192730	53.58
1970-1979	16	0.00137	0.00137	0.5	96832	132	96766	5095853	52.63
1970-1979	17	0.00173	0.00173	0.5	96700	167	96616	4999087	51.70
1970-1979	18	0.00205	0.00205	0.5	96533	198	96434	4902471	50.79
1970-1979	19	0.00215	0.00215	0.5	96335	207	96231	4806037	49.89
1970-1979	20	0.00212	0.00212	0.5	96127	204	96025	4709806	49.00
1970-1979	21	0.00210	0.00210	0.5	95923	201	95823	4613781	48.10
1970-1979	22	0.00215	0.00215	0.5	95722	205	95619	4517958	47.20
1970-1979	23	0.00211	0.00211	0.5	95517	202	95416	4422339	46.30
1970-1979	24	0.00210	0.00210	0.5	95315	200	95215	4326923	45.40
1970-1979	25	0.00219	0.00219	0.5	95115	208	95011	4231708	44.49
1970-1979	26	0.00215	0.00215	0.5	94907	204	94805	4136697	43.59
1970-1979	27	0.00223	0.00223	0.5	94703	211	94598	4041891	42.68
1970-1979	28	0.00227	0.00226	0.5	94492	214	94385	3947294	41.77
1970-1979	29	0.00228	0.00228	0.5	94279	214	94171	3852908	40.87
1970-1979	30	0.00224	0.00224	0.5	94064	210	93959	3758737	39.96
1970-1979	31	0.00243	0.00243	0.5	93854	228	93740	3664778	39.05
1970-1979	32	0.00254	0.00254	0.5	93626	238	93507	3571038	38.14
1970-1979	33	0.00262	0.00262	0.5	93388	244	93266	3477531	37.24
1970-1979	34	0.00291	0.00290	0.5	93144	270	93009	3384265	36.33
1970-1979	35	0.00285	0.00284	0.5	92874	264	92742	3291256	35.44
1970-1979	36	0.00338	0.00337	0.5	92610	312	92454	3198514	34.54
1970-1979	37	0.00359	0.00359	0.5	92297	331	92132	3106061	33.65
1970-1979	38	0.00396	0.00395	0.5	91966	363	91785	3013929	32.77
1970-1979	39	0.00417	0.00416	0.5	91603	381	91413	2922144	31.90
1970-1979	40	0.00440	0.00439	0.5	91222	400	91022	2830732	31.03
1970-1979	41	0.00504	0.00503	0.5	90822	457	90593	2739710	30.17
1970-1979	42	0.00572	0.00571	0.5	90365	516	90107	2649116	29.32
1970-1979	43	0.00621	0.00619	0.5	89849	556	89571	2559009	28.48
1970-1979	44	0.00638	0.00636	0.5	89293	568	89009	2469438	27.66
1970-1979	45	0.00705	0.00703	0.5	88725	624	88413	2380429	26.83
1970-1979	46	0.00812	0.00808	0.5	88101	712	87745	2292016	26.02
1970-1979	47	0.00862	0.00859	0.5	87389	750	87014	2204271	25.22
1970-1979	48	0.00922	0.00918	0.5	86639	795	86241	2117257	24.44
1970-1979	49	0.01015	0.01010	0.5	85844	867	85410	2031016	23.66
1970-1979	50	0.01159	0.01152	0.5	84977	979	84487	1945605	22.90
1970-1979	51	0.01216	0.01209	0.5	83998	1015	83490	1861118	22.16
1970-1979	52	0.01330	0.01322	0.5	82982	1097	82434	1777628	21.42
1970-1979	53	0.01421	0.01411	0.5	81886	1155	81308	1695194	20.70
1970-1979	54	0.01543	0.01531	0.5	80730	1236	80112	1613886	19.99
1970-1979	55	0.01674	0.01660	0.5	79494	1320	78834	1533773	19.29
1970-1979	56	0.01844	0.01827	0.5	78175	1428	77460	1454939	18.61
1970-1979	57	0.01992	0.01973	0.5	76746	1514	75989	1377478	17.95
1970-1979	58	0.02092	0.02070	0.5	75232	1557	74454	1301489	17.30
1970-1979	59	0.02287	0.02261	0.5	73675	1666	72842	1227035	16.65
1970-1979	60	0.02488	0.02458	0.5	72009	1770	71124	1154193	16.03
1970-1979	61	0.02682	0.02647	0.5	70239	1859	69310	1083069	15.42
1970-1979	62	0.02968	0.02925	0.5	68380	2000	67380	1013759	14.83
1970-1979	63	0.03214	0.03163	0.5	66380	2100	65330	946379	14.26
1970-1979	64	0.03448	0.03390	0.5	64281	2179	63191	881048	13.71
1970-1979	65	0.03615	0.03551	0.5	62102	2205	60999	817857	13.17
1970-1979	66	0.03790	0.03719	0.5	59896	2228	58783	756858	12.64
1970-1979	67	0.04250	0.04162	0.5	57669	2400	56469	698076	12.10
1970-1979	68	0.04477	0.04379	0.5	55269	2420	54059	641607	11.61
1970-1979	69	0.04696	0.04589	0.5	52849	2425	51636	587548	11.12
1970-1979	70	0.05140	0.05011	0.5	50424	2527	49160	535912	10.63
1970-1979	71	0.05406	0.05264	0.5	47897	2521	46636	486752	10.16
1970-1979	72	0.06140	0.05957	0.5	45376	2703	44024	440116	9.70
1970-1979	73	0.06384	0.06187	0.5	42672	2640	41352	396092	9.28
1970-1979	74	0.06838	0.06612	0.5	40032	2647	38709	354739	8.86
1970-1979	75	0.07246	0.06993	0.5	37386	2614	36078	316030	8.45
1970-1979	76	0.07696	0.07410	0.5	34771	2577	33483	279952	8.05
1970-1979	77	0.08237	0.07911	0.5	32195	2547	30921	246469	7.66
1970-1979	78	0.08959	0.08575	0.5	29648	2542	28376	215548	7.27
1970-1979	79	0.09660	0.09215	0.5	27105	2498	25856	187172	6.91
1970-1979	80	0.10550	0.10022	0.5	24608	2466	23375	161315	6.56
1970-1979	81	0.11069	0.10488	0.5	22142	2322	20980	137941	6.23
1970-1979	82	0.12278	0.11568	0.5	19819	2293	18673	116960	5.90
1970-1979	83	0.12776	0.12009	0.5	17527	2105	16474	98287	5.61
1970-1979	84	0.14416	0.13446	0.5	15422	2074	14385	81813	5.30
1970-1979	85	0.14870	0.13841	0.5	13348	1848	12424	67428	5.05
1970-1979	86	0.16233	0.15014	0.5	11501	1727	10637	55003	4.78
1970-1979	87	0.17395	0.16004	0.5	9774	1564	8992	44366	4.54
1970-1979	88	0.18623	0.17037	0.5	8210	1399	7510	35374	4.31
1970-1979	89	0.19916	0.18112	0.5	6811	1234	6194	27864	4.09
1970-1979	90	0.21276	0.19230	0.5	5577	1073	5041	21669	3.89
1970-1979	91	0.22702	0.20387	0.5	4505	918	4046	16628	3.69
1970-1979	92	0.24194	0.21583	0.5	3586	774	3199	12582	3.51
1970-1979	93	0.25751	0.22814	0.5	2812	642	2492	9383	3.34
1970-1979	94	0.27373	0.24078	0.5	2171	523	1909	6891	3.17
1970-1979	95	0.29057	0.25371	0.5	1648	418	1439	4982	3.02
1970-1979	96	0.30800	0.26690	0.5	1230	328	1066	3543	2.88
1970-1979	97	0.32600	0.28031	0.5	902	253	775	2477	2.75
1970-1979	98	0.34453	0.29390	0.5	649	191	554	1702	2.62
1970-1979	99	0.36354	0.30763	0.5	458	141	388	1148	2.51
1970-1979	100	0.38299	0.32144	0.5	317	102	266	760	2.40
1970-1979	101	0.40282	0.33529	0.5	215	72	179	494	2.29
1970-1979	102	0.42298	0.34914	0.5	143	50	118	315	2.20
1970-1979	103	0.44339	0.36293	0.5	93	34	76	197	2.11
1970-1979	104	0.46400	0.37662	0.5	59	22	48	120	2.03
1970-1979	105	0.48473	0.39017	0.5	37	14	30	72	1.96
1970-1979	106	0.50551	0.40352	0.5	23	9	18	43	1.89
1970-1979	107	0.52628	0.41664	0.5	13	6	11	25	1.82
1970-1979	108	0.54695	0.42950	0.5	8	3	6	14	1.77
1970-1979	109	0.56747	0.44204	0.5	4	2	3	8	1.73
1970-1979	110+	0.58775	1.00000	1.7	2	2	4	4	1.70
1980-1989	0	0.01413	0.01395	0.08	100000	1395	98720	6972190	69.72
1980-1989	1	0.00101	0.00101	0.5	98605	100	98555	6873469	69.71
1980-1989	2	0.00065	0.00065	0.5	98505	64	98473	6774914	68.78
1980-1989	3	0.00054	0.00054	0.5	98441	53	98414	6676442	67.82
1980-1989	4	0.00044	0.00044	0.5	98388	43	98366	6578028	66.86
1980-1989	5	0.00035	0.00035	0.5	98344	35	98327	6479662	65.89
1980-1989	6	0.00034	0.00034	0.5	98310	33	98293	6381335	64.91
1980-1989	7	0.00034	0.00034	0.5	98276	33	98260	6283042	63.93
1980-1989	8	0.00036	0.00036	0.5	98243	35	98226	6184782	62.95
1980-1989	9	0.00033	0.00033	0.5	98208	32	98192	6086557	61.98
1980-1989	10	0.00034	0.00034	0.5	98176	33	98159	5988365	61.00
1980-1989	11	0.00031	0.00031	0.5	98143	31	98128	5890205	60.02
1980-1989	12	0.00042	0.00042	0.5	98112	41	98092	5792078	59.04
1980-1989	13	0.00044	0.00044	0.5	98071	44	98050	5693986	58.06
1980-1989	14	0.00048	0.00048	0.5	98028	47	98004	5595936	57.09
1980-1989	15	0.00068	0.00068	0.5	97981	67	97947	5497932	56.11
1980-1989	16	0.00116	0.00116	0.5	97914	113	97857	5399985	55.15
1980-1989	17	0.00130	0.00130	0.5	97800	127	97737	5302128	54.21
1980-1989	18	0.00152	0.00151	0.5	97673	148	97599	5204391	53.28
1980-1989	19	0.00147	0.00147	0.5	97525	143	97454	5106792	52.36
1980-1989	20	0.00154	0.00154	0.5	97382	150	97307	5009339	51.44
1980-1989	21	0.00162	0.00162	0.5	97232	157	97153	4912031	50.52
1980-1989	22	0.00166	0.00166	0.5	97075	161	96994	4814878	49.60
1980-1989	23	0.00158	0.00158	0.5	96913	153	96837	4717884	48.68
1980-1989	24	0.00169	0.00169	0.5	96760	163	96679	4621047	47.76
1980-1989	25	0.00161	0.00161	0.5	96597	155	96520	4524368	46.84
1980-1989	26	0.00157	0.00157	0.5	96442	151	96366	4427849	45.91
1980-1989	27	0.00164	0.00164	0.5	96290	158	96212	4331482	44.98
1980-1989	28	0.00184	0.00184	0.5	96133	177	96044	4235271	44.06
1980-1989	29	0.00182	0.00182	0.5	95956	175	95868	4139226	43.14
1980-1989	30	0.00194	0.00194	0.5	95781	186	95688	4043358	42.21
1980-1989	31	0.00204	0.00204	0.5	95595	195	95498	3947670	41.30
1980-1989	32	0.00202	0.00202	0.5	95400	193	95304	3852172	40.38
1980-1989	33	0.00210	0.00210	0.5	95208	200	95108	3756868	39.46
1980-1989	34	0.00218	0.00218	0.5	95008	207	94905	3661760	38.54
1980-1989	35	0.00224	0.00223	0.5	94801	212	94695	3566856	37.62
1980-1989	36	0.00254	0.00253	0.5	94590	240	94470	3472160	36.71
1980-1989	37	0.00268	0.00268	0.5	94350	253	94223	3377691	35.80
1980-1989	38	0.00289	0.00288	0.5	94097	271	93961	3283467	34.89
1980-1989	39	0.00289	0.00288	0.5	93826	271	93690	3189506	33.99
1980-1989	40	0.00327	0.00326	0.5	93555	305	93403	3095816	33.09
1980-1989	41	0.00348	0.00348	0.5	93250	324	93088	3002413	32.20
1980-1989	42	0.00391	0.00391	0.5	92926	363	92744	2909325	31.31
1980-1989	43	0.00408	0.00408	0.5	92563	377	92374	2816581	30.43
1980-1989	44	0.00474	0.00473	0.5	92185	436	91967	2724207	29.55
1980-1989	45	0.00505	0.00504	0.5	91749	462	91518	2632239	28.69
1980-1989	46	0.00547	0.00545	0.5	91287	498	91038	2540721	27.83
1980-1989	47	0.00624	0.00622	0.5	90789	564	90507	2449683	26.98
1980-1989	48	0.00720	0.00717	0.5	90225	647	89901	2359176	26.15
1980-1989	49	0.00714	0.00711	0.5	89578	637	89259	2269275	25.33
1980-1989	50	0.00839	0.00836	0.5	88940	743	88569	2180016	24.51
1980-1989	51	0.00909	0.00905	0.5	88197	798	87798	2091447	23.71
1980-1989	52	0.00985	0.00981	0.5	87399	857	86971	2003649	22.93
1980-1989	53	0.01098	0.01092	0.5	86542	945	86070	1916678	22.15
1980-1989	54	0.01192	0.01185	0.5	85597	1014	85090	1830608	21.39
1980-1989	55	0.01297	0.01289	0.5	84583	1090	84038	1745518	20.64
1980-1989	56	0.01409	0.01399	0.5	83493	1168	82909	1661480	19.90
1980-1989	57	0.01556	0.01544	0.5	82325	1271	81689	1578571	19.17
1980-1989	58	0.01776	0.01761	0.5	81054	1427	80340	1496882	18.47
1980-1989	59	0.01853	0.01836	0.5	79627	1462	78896	1416542	17.79
1980-1989	60	0.02063	0.02042	0.5	78164	1596	77366	1337646	17.11
1980-1989	61	0.02208	0.02184	0.5	76569	1672	75732	1260280	16.46
1980-1989	62	0.02478	0.02447	0.5	74896	1833	73980	1184547	15.82
1980-1989	63	0.02652	0.02617	0.5	73063	1912	72107	1110567	15.20
1980-1989	64	0.02773	0.02735	0.5	71151	1946	70178	1038460	14.60
1980-1989	65	0.03050	0.03004	0.5	69205	2079	68166	968282	13.99
1980-1989	66	0.03306	0.03252	0.5	67126	2183	66035	900116	13.41
1980-1989	67	0.03404	0.03347	0.5	64943	2173	63857	834081	12.84
1980-1989	68	0.03824	0.03752	0.5	62770	2355	61592	770225	12.27
1980-1989	69	0.04179	0.04094	0.5	60415	2473	59178	708632	11.73
1980-1989	70	0.04560	0.04458	0.5	57942	2583	56650	649454	11.21
1980-1989	71	0.04770	0.04659	0.5	55359	2579	54069	592804	10.71
1980-1989	72	0.05407	0.05264	0.5	52779	2779	51390	538735	10.21
1980-1989	73	0.05807	0.05643	0.5	50001	2821	48590	487345	9.75
1980-1989	74	0.06115	0.05934	0.5	47179	2800	45779	438755	9.30
1980-1989	75	0.06550	0.06342	0.5	44380	2815	42972	392976	8.85
1980-1989	76	0.07199	0.06949	0.5	41565	2888	40121	350003	8.42
1980-1989	77	0.07590	0.07312	0.5	38677	2828	37263	309882	8.01
1980-1989	78	0.08215	0.07891	0.5	35849	2829	34434	272620	7.60
1980-1989	79	0.08706	0.08343	0.5	33020	2755	31642	238185	7.21
1980-1989	80	0.09609	0.09169	0.5	30265	2775	28878	206543	6.82
1980-1989	81	0.10380	0.09868	0.5	27490	2713	26134	177665	6.46
1980-1989	82	0.11245	0.10646	0.5	24778	2638	23459	151532	6.12
1980-1989	83	0.12206	0.11504	0.5	22140	2547	20866	128073	5.78
1980-1989	84	0.13375	0.12536	0.5	19593	2456	18365	107207	5.47
1980-1989	85	0.14348	0.13388	0.5	17136	2294	15989	88842	5.18
1980-1989	86	0.15379	0.14281	0.5	14842	2120	13782	72853	4.91
1980-1989	87	0.16583	0.15314	0.5	12723	1948	11749	59070	4.64
1980-1989	88	0.17863	0.16398	0.5	10774	1767	9891	47322	4.39
1980-1989	89	0.19218	0.17533	0.5	9008	1579	8218	37431	4.16
1980-1989	90	0.20650	0.18717	0.5	7428	1390	6733	29213	3.93
1980-1989	91	0.22159	0.19949	0.5	6038	1205	5436	22480	3.72
1980-1989	92	0.23746	0.21226	0.5	4833	1026	4320	17044	3.53
1980-1989	93	0.25409	0.22545	0.5	3807	858	3378	12724	3.34
1980-1989	94	0.27148	0.23903	0.5	2949	705	2597	9345	3.17
1980-1989	95	0.28959	0.25296	0.5	2244	568	1960	6749	3.01
1980-1989	96	0.30840	0.26720	0.5	1676	448	1453	4788	2.86
1980-1989	97	0.32786	0.28169	0.5	1229	346	1055	3336	2.72
1980-1989	98	0.34794	0.29638	0.5	882	262	752	2280	2.58
1980-1989	99	0.36857	0.31122	0.5	621	193	524	1529	2.46
1980-1989	100	0.38969	0.32615	0.5	428	139	358	1004	2.35
1980-1989	101	0.41124	0.34110	0.5	288	98	239	646	2.24
1980-1989	102	0.43313	0.35603	0.5	190	68	156	407	2.15
1980-1989	103	0.45529	0.37086	0.5	122	45	100	251	2.06
1980-1989	104	0.47762	0.38555	0.5	77	30	62	152	1.97
1980-1989	105	0.50005	0.40003	0.5	47	19	38	90	1.90
1980-1989	106	0.52247	0.41425	0.5	28	12	22	52	1.83
1980-1989	107	0.54481	0.42817	0.5	17	7	13	29	1.76
1980-1989	108	0.56696	0.44174	0.5	9	4	7	16	1.71
1980-1989	109	0.58885	0.45491	0.5	5	2	4	9	1.67
1980-1989	110+	0.61040	1.00000	1.64	3	3	5	5	1.64
1990-1999	0	0.01134	0.01122	0.08	100000	1122	98962	7157798	71.58
1990-1999	1	0.00074	0.00074	0.5	98878	74	98841	7058835	71.39
1990-1999	2	0.00047	0.00047	0.5	98804	47	98781	6959994	70.44
1990-1999	3	0.00036	0.00036	0.5	98758	36	98740	6861213	69.48
1990-1999	4	0.00027	0.00027	0.5	98722	27	98708	6762473	68.50
1990-1999	5	0.00027	0.00027	0.5	98695	27	98681	6663765	67.52
1990-1999	6	0.00022	0.00022	0.5	98668	21	98657	6565083	66.54
1990-1999	7	0.00024	0.00024	0.5	98646	24	98634	6466426	65.55
1990-1999	8	0.00025	0.00025	0.5	98622	25	98610	6367792	64.57
1990-1999	9	0.00024	0.00024	0.5	98597	23	98586	6269182	63.58
1990-1999	10	0.00020	0.00020	0.5	98574	20	98564	6170596	62.60
1990-1999	11	0.00027	0.00027	0.5	98554	26	98541	6072032	61.61
1990-1999	12	0.00031	0.00031	0.5	98527	30	98512	5973492	60.63
1990-1999	13	0.00039	0.00039	0.5	98497	38	98478	5874979	59.65
1990-1999	14	0.00050	0.00050	0.5	98459	49	98435	5776501	58.67
1990-1999	15	0.00063	0.00063	0.5	98410	62	98379	5678067	57.70
1990-1999	16	0.00109	0.00109	0.5	98348	107	98294	5579688	56.73
1990-1999	17	0.00124	0.00124	0.5	98241	122	98180	5481393	55.80
1990-1999	18	0.00155	0.00155	0.5	98119	152	98043	5383214	54.86
1990-1999	19	0.00158	0.00158	0.5	97967	155	97890	5285171	53.95
1990-1999	20	0.00155	0.00155	0.5	97812	152	97737	5187281	53.03
1990-1999	21	0.00154	0.00154	0.5	97661	151	97586	5089544	52.11
1990-1999	22	0.00155	0.00155	0.5	97510	151	97435	4991959	51.19
1990-1999	23	0.00151	0.00151	0.5	97359	147	97286	4894524	50.27
1990-1999	24	0.00153	0.00152	0.5	97212	148	97138	4797238	49.35
1990-1999	25	0.00145	0.00145	0.5	97064	141	96994	4700100	48.42
1990-1999	26	0.00150	0.00150	0.5	96923	145	96851	4603106	47.49
1990-1999	27	0.00164	0.00164	0.5	96778	159	96699	4506255	46.56
1990-1999	28	0.00170	0.00169	0.5	96619	164	96537	4409557	45.64
1990-1999	29	0.00176	0.00176	0.5	96456	170	96371	4313019	44.72
1990-1999	30	0.00180	0.00180	0.5	96286	173	96200	4216648	43.79
1990-1999	31	0.00206	0.00206	0.5	96113	198	96014	4120449	42.87
1990-1999	32	0.00208	0.00208	0.5	95916	200	95816	4024434	41.96
1990-1999	33	0.00221	0.00221	0.5	95716	212	95610	3928618	41.04
1990-1999	34	0.00233	0.00233	0.5	95504	222	95393	3833008	40.13
1990-1999	35	0.00244	0.00243	0.5	95282	232	95166	3737615	39.23
1990-1999	36	0.00261	0.00260	0.5	95050	248	94926	3642449	38.32
1990-1999	37	0.00268	0.00268	0.5	94802	254	94675	3547523	37.42
1990-1999	38	0.00295	0.00295	0.5	94548	279	94409	3452848	36.52
1990-1999	39	0.00290	0.00290	0.5	94269	273	94133	3358439	35.63
1990-1999	40	0.00305	0.00304	0.5	93996	286	93853	3264306	34.73
1990-1999	41	0.00337	0.00336	0.5	93710	315	93553	3170453	33.83
1990-1999	42	0.00365	0.00364	0.5	93395	340	93225	3076900	32.94
1990-1999	43	0.00385	0.00385	0.5	93055	358	92876	2983675	32.06
1990-1999	44	0.00406	0.00406	0.5	92697	376	92509	2890799	31.19
1990-1999	45	0.00456	0.00455	0.5	92321	420	92111	2798290	30.31
1990-1999	46	0.00493	0.00492	0.5	91901	452	91675	2706179	29.45
1990-1999	47	0.00546	0.00545	0.5	91449	498	91200	2614504	28.59
1990-1999	48	0.00572	0.00571	0.5	90951	519	90691	2523304	27.74
1990-1999	49	0.00585	0.00583	0.5	90432	527	90168	2432613	26.90
1990-1999	50	0.00669	0.00667	0.5	89905	600	89605	2342444	26.05
1990-1999	51	0.00728	0.00725	0.5	89305	647	88981	2252840	25.23
1990-1999	52	0.00788	0.00785	0.5	88658	696	88310	2163858	24.41
1990-1999	53	0.00881	0.00877	0.5	87962	772	87576	2075548	23.60
1990-1999	54	0.00940	0.00936	0.5	87190	816	86782	1987972	22.80
1990-1999	55	0.01015	0.01010	0.5	86374	873	85938	1901190	22.01
1990-1999	56	0.01125	0.01119	0.5	85502	957	85023	1815252	21.23
1990-1999	57	0.01254	0.01246	0.5	84545	1054	84018	1730228	20.47
1990-1999	58	0.01419	0.01409	0.5	83491	1176	82903	1646210	19.72
1990-1999	59	0.01477	0.01466	0.5	82315	1207	81712	1563306	18.99
1990-1999	60	0.01621	0.01608	0.5	81109	1304	80457	1481594	18.27
1990-1999	61	0.01827	0.01811	0.5	79805	1445	79082	1401138	17.56
1990-1999	62	0.02032	0.02011	0.5	78360	1576	77572	1322055	16.87
1990-1999	63	0.02119	0.02097	0.5	76784	1610	75979	1244484	16.21
1990-1999	64	0.02255	0.02230	0.5	75173	1677	74335	1168505	15.54
1990-1999	65	0.02467	0.02437	0.5	73497	1791	72601	1094170	14.89
1990-1999	66	0.02699	0.02663	0.5	71706	1910	70751	1021568	14.25
1990-1999	67	0.02905	0.02864	0.5	69796	1999	68797	950817	13.62
1990-1999	68	0.03267	0.03214	0.5	67798	2179	66708	882020	13.01
1990-1999	69	0.03544	0.03482	0.5	65618	2285	64476	815312	12.43
1990-1999	70	0.03812	0.03741	0.5	63333	2369	62149	750836	11.86
1990-1999	71	0.04159	0.04075	0.5	60964	2484	59722	688688	11.30
1990-1999	72	0.04438	0.04341	0.5	58480	2539	57211	628965	10.76
1990-1999	73	0.04790	0.04678	0.5	55941	2617	54633	571754	10.22
1990-1999	74	0.05276	0.05140	0.5	53324	2741	51954	517122	9.70
1990-1999	75	0.05644	0.05489	0.5	50583	2776	49195	465168	9.20
1990-1999	76	0.06339	0.06144	0.5	47807	2937	46338	415973	8.70
1990-1999	77	0.06915	0.06684	0.5	44870	2999	43370	369634	8.24
1990-1999	78	0.07437	0.07170	0.5	41871	3002	40370	326264	7.79
1990-1999	79	0.07862	0.07565	0.5	38869	2940	37398	285894	7.36
1990-1999	80	0.08875	0.08498	0.5	35928	3053	34402	248496	6.92
1990-1999	81	0.09942	0.09471	0.5	32875	3114	31318	214094	6.51
1990-1999	82	0.10672	0.10131	0.5	29761	3015	28254	182776	6.14
1990-1999	83	0.11613	0.10976	0.5	26746	2936	25278	154522	5.78
1990-1999	84	0.12929	0.12144	0.5	23810	2892	22365	129244	5.43
1990-1999	85	0.14023	0.13104	0.5	20919	2741	19548	106880	5.11
1990-1999	86	0.15298	0.14211	0.5	18178	2583	16886	87331	4.80
1990-1999	87	0.16666	0.15384	0.5	15594	2399	14395	70445	4.52
1990-1999	88	0.18131	0.16624	0.5	13195	2194	12099	56050	4.25
1990-1999	89	0.19695	0.17929	0.5	11002	1973	10015	43952	3.99
1990-1999	90	0.21358	0.19297	0.5	9029	1742	8158	33936	3.76
1990-1999	91	0.23120	0.20725	0.5	7287	1510	6532	25778	3.54
1990-1999	92	0.24983	0.22208	0.5	5777	1283	5135	19246	3.33
1990-1999	93	0.26942	0.23744	0.5	4494	1067	3960	14111	3.14
1990-1999	94	0.28996	0.25324	0.5	3427	868	2993	10151	2.96
1990-1999	95	0.31140	0.26944	0.5	2559	690	2214	7158	2.80
1990-1999	96	0.33367	0.28596	0.5	1869	535	1602	4944	2.64
1990-1999	97	0.35672	0.30273	0.5	1335	404	1133	3342	2.50
1990-1999	98	0.38045	0.31964	0.5	931	298	782	2209	2.37
1990-1999	99	0.40476	0.33663	0.5	633	213	527	1427	2.25
1990-1999	100	0.42955	0.35360	0.5	420	149	346	900	2.14
1990-1999	101	0.45470	0.37047	0.5	272	101	221	554	2.04
1990-1999	102	0.48008	0.38715	0.5	171	66	138	333	1.95
1990-1999	103	0.50556	0.40355	0.5	105	42	84	195	1.86
1990-1999	104	0.53102	0.41961	0.5	62	26	49	112	1.79
1990-1999	105	0.55632	0.43525	0.5	36	16	28	62	1.71
1990-1999	106	0.58132	0.45041	0.5	20	9	16	34	1.65
1990-1999	107	0.60592	0.46503	0.5	11	5	9	18	1.59
1990-1999	108	0.62999	0.47908	0.5	6	3	5	9	1.54
1990-1999	109	0.65343	0.49252	0.5	3	2	2	5	1.50
1990-1999	110+	0.67615	1.00000	1.48	2	2	2	2	1.48
2000-2009	0	0.00944	0.00936	0.07	100000	936	99130	7376022	73.76
2000-2009	1	0.00051	0.00051	0.5	99064	50	99039	7276892	73.46
2000-2009	2	0.00035	0.00035	0.5	99014	35	98997	7177853	72.49
2000-2009	3	0.00025	0.00025	0.5	98979	24	98967	7078856	71.52
2000-2009	4	0.00022	0.00022	0.5	98955	22	98944	6979889	70.54
2000-2009	5	0.00018	0.00018	0.5	98933	18	98924	6880945	69.55
2000-2009	6	0.00018	0.00018	0.5	98915	18	98906	6782021	68.56
2000-2009	7	0.00016	0.00016	0.5	98897	16	98889	6683115	67.58
2000-2009	8	0.00016	0.00016	0.5	98881	16	98873	6584226	66.59
2000-2009	9	0.00018	0.00018	0.5	98865	18	98856	6485353	65.60
2000-2009	10	0.00015	0.00015	0.5	98848	15	98840	6386496	64.61
2000-2009	11	0.00017	0.00017	0.5	98832	17	98824	6287656	63.62
2000-2009	12	0.00021	0.00021	0.5	98815	20	98805	6188833	62.63
2000-2009	13	0.00025	0.00025	0.5	98795	25	98782	6090028	61.64
2000-2009	14	0.00036	0.00036	0.5	98770	35	98752	5991246	60.66
2000-2009	15	0.00042	0.00042	0.5	98734	42	98714	5892494	59.68
2000-2009	16	0.00071	0.00071	0.5	98693	70	98658	5793780	58.71
2000-2009	17	0.00098	0.00098	0.5	98623	96	98575	5695122	57.75
2000-2009	18	0.00116	0.00116	0.5	98526	115	98469	5596548	56.80
2000-2009	19	0.00145	0.00145	0.5	98412	142	98341	5498079	55.87
2000-2009	20	0.00141	0.00141	0.5	98270	138	98200	5399738	54.95
2000-2009	21	0.00155	0.00155	0.5	98131	152	98055	5301538	54.02
2000-2009	22	0.00169	0.00168	0.5	97980	165	97897	5203482	53.11
2000-2009	23	0.00167	0.00167	0.5	97815	164	97733	5105585	52.20
2000-2009	24	0.00166	0.00166	0.5	97651	162	97570	5007853	51.28
2000-2009	25	0.00156	0.00155	0.5	97489	152	97413	4910283	50.37
2000-2009	26	0.00169	0.00169	0.5	97337	164	97255	4812870	49.45
2000-2009	27	0.00160	0.00160	0.5	97173	155	97095	4715615	48.53
2000-2009	28	0.00163	0.00163	0.5	97018	158	96939	4618519	47.60
2000-2009	29	0.00152	0.00152	0.5	96860	148	96786	4521580	46.68
2000-2009	30	0.00147	0.00147	0.5	96712	142	96641	4424794	45.75
2000-2009	31	0.00161	0.00160	0.5	96570	155	96493	4328153	44.82
2000-2009	32	0.00161	0.00161	0.5	96415	155	96338	4231660	43.89
2000-2009	33	0.00164	0.00164	0.5	96260	158	96181	4135323	42.96
2000-2009	34	0.00184	0.00184	0.5	96102	177	96014	4039142	42.03
2000-2009	35	0.00189	0.00188	0.5	95926	181	95835	3943127	41.11
2000-2009	36	0.00200	0.00200	0.5	95745	191	95649	3847292	40.18
2000-2009	37	0.00206	0.00206	0.5	95554	197	95455	3751643	39.26
2000-2009	38	0.00239	0.00239	0.5	95357	228	95243	3656187	38.34
2000-2009	39	0.00247	0.00246	0.5	95129	234	95012	3560944	37.43
2000-2009	40	0.00264	0.00264	0.5	94895	250	94770	3465932	36.52
2000-2009	41	0.00295	0.00295	0.5	94644	279	94505	3371162	35.62
2000-2009	42	0.00320	0.00319	0.5	94366	301	94215	3276657	34.72
2000-2009	43	0.00341	0.00340	0.5	94064	320	93904	3182442	33.83
2000-2009	44	0.00368	0.00368	0.5	93744	345	93572	3088538	32.95
2000-2009	45	0.00401	0.00400	0.5	93400	374	93213	2994965	32.07
2000-2009	46	0.00445	0.00444	0.5	93026	413	92819	2901752	31.19
2000-2009	47	0.00483	0.00481	0.5	92613	446	92390	2808933	30.33
2000-2009	48	0.00529	0.00528	0.5	92167	486	91924	2716543	29.47
2000-2009	49	0.00584	0.00582	0.5	91680	534	91413	2624619	28.63
2000-2009	50	0.00620	0.00618	0.5	91146	563	90865	2533206	27.79
2000-2009	51	0.00689	0.00686	0.5	90583	622	90272	2442341	26.96
2000-2009	52	0.00741	0.00738	0.5	89961	664	89630	2352069	26.15
2000-2009	53	0.00790	0.00787	0.5	89298	703	88946	2262440	25.34
2000-2009	54	0.00832	0.00829	0.5	88595	734	88228	2173493	24.53
2000-2009	55	0.00909	0.00905	0.5	87861	795	87463	2085265	23.73
2000-2009	56	0.00945	0.00941	0.5	87066	819	86656	1997802	22.95
2000-2009	57	0.01034	0.01029	0.5	86247	888	85803	1911146	22.16
2000-2009	58	0.01108	0.01102	0.5	85359	940	84889	1825343	21.38
2000-2009	59	0.01195	0.01188	0.5	84419	1003	83917	1740454	20.62
2000-2009	60	0.01298	0.01290	0.5	83416	1076	82878	1656536	19.86
2000-2009	61	0.01394	0.01385	0.5	82340	1140	81770	1573658	19.11
2000-2009	62	0.01554	0.01542	0.5	81200	1252	80574	1491889	18.37
2000-2009	63	0.01683	0.01669	0.5	79948	1334	79281	1411315	17.65
2000-2009	64	0.01801	0.01785	0.5	78614	1404	77912	1332034	16.94
2000-2009	65	0.01949	0.01930	0.5	77210	1490	76465	1254123	16.24
2000-2009	66	0.02184	0.02161	0.5	75720	1636	74902	1177658	15.55
2000-2009	67	0.02363	0.02336	0.5	74084	1730	73219	1102756	14.89
2000-2009	68	0.02472	0.02442	0.5	72353	1767	71470	1029537	14.23
2000-2009	69	0.02698	0.02662	0.5	70586	1879	69647	958068	13.57
2000-2009	70	0.03007	0.02962	0.5	68708	2035	67690	888421	12.93
2000-2009	71	0.03291	0.03238	0.5	66672	2159	65593	820731	12.31
2000-2009	72	0.03598	0.03534	0.5	64514	2280	63374	755138	11.71
2000-2009	73	0.03915	0.03840	0.5	62234	2390	61039	691764	11.12
2000-2009	74	0.04214	0.04127	0.5	59844	2470	58609	630725	10.54
2000-2009	75	0.04754	0.04644	0.5	57374	2664	56042	572116	9.97
2000-2009	76	0.05057	0.04933	0.5	54710	2699	53360	516074	9.43
2000-2009	77	0.05720	0.05561	0.5	52011	2892	50565	462714	8.90
2000-2009	78	0.06153	0.05969	0.5	49119	2932	47653	412149	8.39
2000-2009	79	0.06835	0.06609	0.5	46187	3053	44661	364496	7.89
2000-2009	80	0.07610	0.07331	0.5	43134	3162	41553	319835	7.41
2000-2009	81	0.08321	0.07988	0.5	39972	3193	38376	278282	6.96
2000-2009	82	0.09332	0.08916	0.5	36779	3279	35139	239906	6.52
2000-2009	83	0.10078	0.09594	0.5	33500	3214	31893	204766	6.11
2000-2009	84	0.11392	0.10778	0.5	30286	3264	28654	172874	5.71
2000-2009	85	0.12323	0.11608	0.5	27021	3137	25453	144220	5.34
2000-2009	86	0.13795	0.12905	0.5	23885	3082	22344	118767	4.97
2000-2009	87	0.15439	0.14333	0.5	20802	2982	19312	96423	4.64
2000-2009	88	0.17034	0.15697	0.5	17821	2797	16422	77112	4.33
2000-2009	89	0.18756	0.17148	0.5	15024	2576	13735	60689	4.04
2000-2009	90	0.20610	0.18685	0.5	12447	2326	11284	46954	3.77
2000-2009	91	0.22596	0.20303	0.5	10122	2055	9094	35669	3.52
2000-2009	92	0.24714	0.21996	0.5	8067	1774	7179	26575	3.29
2000-2009	93	0.26962	0.23759	0.5	6292	1495	5545	19396	3.08
2000-2009	94	0.29334	0.25582	0.5	4797	1227	4184	13851	2.89
2000-2009	95	0.31823	0.27455	0.5	3570	980	3080	9667	2.71
2000-2009	96	0.34421	0.29367	0.5	2590	761	2210	6587	2.54
2000-2009	97	0.37116	0.31306	0.5	1829	573	1543	4378	2.39
2000-2009	98	0.39894	0.33259	0.5	1257	418	1048	2835	2.26
2000-2009	99	0.42738	0.35213	0.5	839	295	691	1787	2.13
2000-2009	100	0.45630	0.37154	0.5	543	202	442	1096	2.02
2000-2009	101	0.48553	0.39069	0.5	341	133	275	654	1.91
2000-2009	102	0.51486	0.40945	0.5	208	85	165	379	1.82
2000-2009	103	0.54408	0.42772	0.5	123	53	97	213	1.74
2000-2009	104	0.57300	0.44540	0.5	70	31	55	117	1.66
2000-2009	105	0.60143	0.46239	0.5	39	18	30	62	1.59
2000-2009	106	0.62920	0.47862	0.5	21	10	16	32	1.53
2000-2009	107	0.65613	0.49405	0.5	11	5	8	16	1.48
2000-2009	108	0.68210	0.50863	0.5	6	3	4	8	1.43
2000-2009	109	0.70698	0.52234	0.5	3	1	2	4	1.39
2000-2009	110+	0.73069	1.00000	1.37	1	1	2	2	1.37
2010-2019	0	0.00771	0.00766	0.07	100000	766	99285	7525557	75.26
2010-2019	1	0.00047	0.00047	0.5	99234	47	99211	7426272	74.84
2010-2019	2	0.00033	0.00033	0.5	99187	33	99171	7327062	73.87
2010-2019	3	0.00024	0.00024	0.5	99155	24	99143	7227891	72.90
2010-2019	4	0.00019	0.00019	0.5	99131	19	99122	7128748	71.91
2010-2019	5	0.00018	0.00018	0.5	99112	18	99103	7029626	70.93
2010-2019	6	0.00014	0.00014	0.5	99094	14	99088	6930523	69.94
2010-2019	7	0.00015	0.00015	0.5	99081	15	99073	6831436	68.95
2010-2019	8	0.00011	0.00011	0.5	99066	11	99061	6732362	67.96
2010-2019	9	0.00013	0.00013	0.5	99055	13	99049	6633301	66.97
2010-2019	10	0.00015	0.00015	0.5	99042	14	99035	6534253	65.97
2010-2019	11	0.00015	0.00015	0.5	99028	14	99021	6435218	64.98
2010-2019	12	0.00015	0.00015	0.5	99013	15	99006	6336197	63.99
2010-2019	13	0.00021	0.00021	0.5	98999	21	98988	6237191	63.00
2010-2019	14	0.00027	0.00027	0.5	98978	26	98965	6138203	62.02
2010-2019	15	0.00031	0.00031	0.5	98952	31	98936	6039238	61.03
2010-2019	16	0.00054	0.00054	0.5	98921	53	98894	5940302	60.05
2010-2019	17	0.00069	0.00069	0.5	98867	68	98833	5841408	59.08
2010-2019	18	0.00102	0.00102	0.5	98799	101	98749	5742574	58.12
2010-2019	19	0.00104	0.00104	0.5	98698	103	98647	5643826	57.18
2010-2019	20	0.00110	0.00110	0.5	98596	109	98541	5545179	56.24
2010-2019	21	0.00134	0.00134	0.5	98487	131	98421	5446637	55.30
2010-2019	22	0.00143	0.00143	0.5	98356	141	98285	5348216	54.38
2010-2019	23	0.00138	0.00137	0.5	98215	135	98147	5249931	53.45
2010-2019	24	0.00152	0.00152	0.5	98080	149	98005	5151783	52.53
2010-2019	25	0.00152	0.00152	0.5	97930	149	97856	5053778	51.61
2010-2019	26	0.00166	0.00166	0.5	97782	163	97700	4955922	50.68
2010-2019	27	0.00164	0.00163	0.5	97619	160	97539	4858222	49.77
2010-2019	28	0.00172	0.00172	0.5	97459	168	97376	4760683	48.85
2010-2019	29	0.00175	0.00175	0.5	97292	170	97207	4663307	47.93
2010-2019	30	0.00172	0.00172	0.5	97122	167	97038	4566101	47.01
2010-2019	31	0.00190	0.00190	0.5	96954	184	96862	4469063	46.09
2010-2019	32	0.00179	0.00179	0.5	96770	173	96684	4372200	45.18
2010-2019	33	0.00194	0.00194	0.5	96598	187	96504	4275516	44.26
2010-2019	34	0.00189	0.00189	0.5	96410	182	96319	4179012	43.35
2010-2019	35	0.00194	0.00194	0.5	96228	186	96135	4082693	42.43
2010-2019	36	0.00202	0.00202	0.5	96042	194	95944	3986559	41.51
2010-2019	37	0.00220	0.00220	0.5	95847	211	95742	3890614	40.59
2010-2019	38	0.00219	0.00219	0.5	95636	209	95532	3794872	39.68
2010-2019	39	0.00230	0.00230	0.5	95427	219	95318	3699341	38.77
2010-2019	40	0.00248	0.00248	0.5	95208	236	95090	3604023	37.85
2010-2019	41	0.00253	0.00252	0.5	94972	240	94852	3508933	36.95
2010-2019	42	0.00267	0.00266	0.5	94733	252	94606	3414080	36.04
2010-2019	43	0.00292	0.00292	0.5	94480	276	94342	3319474	35.13
2010-2019	44	0.00317	0.00317	0.5	94204	298	94055	3225131	34.24
2010-2019	45	0.00325	0.00324	0.5	93906	305	93754	3131076	33.34
2010-2019	46	0.00384	0.00383	0.5	93601	359	93422	3037322	32.45
2010-2019	47	0.00413	0.00412	0.5	93243	384	93051	2943900	31.57
2010-2019	48	0.00444	0.00443	0.5	92859	411	92653	2850850	30.70
2010-2019	49	0.00488	0.00486	0.5	92447	450	92223	2758197	29.84
2010-2019	50	0.00560	0.00558	0.5	91998	514	91741	2665974	28.98
2010-2019	51	0.00601	0.00600	0.5	91484	549	91210	2574233	28.14
2010-2019	52	0.00654	0.00652	0.5	90936	593	90639	2483023	27.31
2010-2019	53	0.00718	0.00715	0.5	90343	646	90019	2392384	26.48
2010-2019	54	0.00785	0.00782	0.5	89696	701	89346	2302364	25.67
2010-2019	55	0.00851	0.00847	0.5	88995	754	88618	2213019	24.87
2010-2019	56	0.00942	0.00938	0.5	88241	828	87827	2124401	24.08
2010-2019	57	0.01007	0.01002	0.5	87413	876	86975	2036574	23.30
2010-2019	58	0.01096	0.01090	0.5	86537	943	86066	1949598	22.53
2010-2019	59	0.01166	0.01160	0.5	85594	993	85098	1863533	21.77
2010-2019	60	0.01266	0.01258	0.5	84601	1064	84069	1778435	21.02
2010-2019	61	0.01344	0.01335	0.5	83537	1115	82979	1694366	20.28
2010-2019	62	0.01433	0.01423	0.5	82422	1173	81836	1611387	19.55
2010-2019	63	0.01546	0.01534	0.5	81249	1246	80626	1529551	18.83
2010-2019	64	0.01661	0.01647	0.5	80003	1318	79344	1448925	18.11
2010-2019	65	0.01726	0.01711	0.5	78685	1346	78012	1369581	17.41
2010-2019	66	0.01858	0.01841	0.5	77339	1424	76627	1291569	16.70
2010-2019	67	0.02019	0.01999	0.5	75915	1517	75157	1214943	16.00
2010-2019	68	0.02151	0.02129	0.5	74398	1584	73606	1139786	15.32
2010-2019	69	0.02309	0.02283	0.5	72814	1662	71983	1066180	14.64
2010-2019	70	0.02482	0.02452	0.5	71152	1745	70280	994197	13.97
2010-2019	71	0.02718	0.02681	0.5	69408	1861	68477	923917	13.31
2010-2019	72	0.02994	0.02950	0.5	67547	1993	66550	855440	12.66
2010-2019	73	0.03274	0.03221	0.5	65554	2112	64498	788890	12.03
2010-2019	74	0.03569	0.03506	0.5	63442	2224	62330	724391	11.42
2010-2019	75	0.03908	0.03833	0.5	61218	2347	60045	662061	10.81
2010-2019	76	0.04242	0.04154	0.5	58872	2446	57649	602016	10.23
2010-2019	77	0.04649	0.04543	0.5	56426	2564	55144	544368	9.65
2010-2019	78	0.05103	0.04976	0.5	53862	2680	52522	489224	9.08
2010-2019	79	0.05608	0.05455	0.5	51182	2792	49786	436701	8.53
2010-2019	80	0.06528	0.06322	0.5	48390	3059	46861	386915	8.00
2010-2019	81	0.07171	0.06923	0.5	45331	3138	43762	340055	7.50
2010-2019	82	0.07986	0.07680	0.5	42193	3240	40573	296293	7.02
2010-2019	83	0.08711	0.08347	0.5	38953	3251	37327	255720	6.56
2010-2019	84	0.09830	0.09369	0.5	35701	3345	34029	218393	6.12
2010-2019	85	0.10880	0.10319	0.5	32356	3339	30687	184364	5.70
2010-2019	86	0.12184	0.11484	0.5	29018	3332	27351	153677	5.30
2010-2019	87	0.13841	0.12945	0.5	25685	3325	24023	126326	4.92
2010-2019	88	0.15405	0.14304	0.5	22360	3198	20761	102303	4.58
2010-2019	89	0.17112	0.15763	0.5	19162	3020	17652	81542	4.26
2010-2019	90	0.18964	0.17322	0.5	16141	2796	14743	63890	3.96
2010-2019	91	0.20967	0.18977	0.5	13345	2533	12079	49147	3.68
2010-2019	92	0.23121	0.20725	0.5	10813	2241	9692	37068	3.43
2010-2019	93	0.25424	0.22557	0.5	8572	1934	7605	27376	3.19
2010-2019	94	0.27874	0.24465	0.5	6638	1624	5826	19771	2.98
2010-2019	95	0.30464	0.26437	0.5	5014	1326	4351	13944	2.78
2010-2019	96	0.33184	0.28461	0.5	3689	1050	3164	9593	2.60
2010-2019	97	0.36020	0.30523	0.5	2639	805	2236	6429	2.44
2010-2019	98	0.38958	0.32607	0.5	1833	598	1534	4193	2.29
2010-2019	99	0.41978	0.34696	0.5	1236	429	1021	2659	2.15
2010-2019	100	0.45060	0.36774	0.5	807	297	659	1637	2.03
2010-2019	101	0.48179	0.38826	0.5	510	198	411	979	1.92
2010-2019	102	0.51313	0.40836	0.5	312	127	248	568	1.82
2010-2019	103	0.54437	0.42790	0.5	185	79	145	319	1.73
2010-2019	104	0.57526	0.44676	0.5	106	47	82	174	1.65
2010-2019	105	0.60558	0.46483	0.5	58	27	45	92	1.58
2010-2019	106	0.63510	0.48203	0.5	31	15	24	47	1.51
2010-2019	107	0.66365	0.49830	0.5	16	8	12	24	1.46
2010-2019	108	0.69104	0.51359	0.5	8	4	6	11	1.41
2010-2019	109	0.71716	0.52787	0.5	4	2	3	5	1.37
2010-2019	110+	0.74189	1.00000	1.35	2	2	3	3	1.35
2020-2022	0	0.00753	0.00748	0.07	100000	748	99301	7288946	72.89
2020-2022	1	0.00056	0.00056	0.5	99252	56	99224	7189645	72.44
2020-2022	2	0.00033	0.00033	0.5	99196	33	99180	7090421	71.48
2020-2022	3	0.00019	0.00019	0.5	99163	19	99154	6991242	70.50
2020-2022	4	0.00021	0.00021	0.5	99144	21	99134	6892088	69.52
2020-2022	5	0.00018	0.00018	0.5	99123	18	99114	6792954	68.53
2020-2022	6	0.00016	0.00016	0.5	99105	16	99097	6693840	67.54
2020-2022	7	0.00011	0.00011	0.5	99089	11	99083	6594743	66.55
2020-2022	8	0.00011	0.00011	0.5	99078	11	99072	6495660	65.56
2020-2022	9	0.00014	0.00014	0.5	99066	14	99059	6396588	64.57
2020-2022	10	0.00019	0.00019	0.5	99052	19	99043	6297529	63.58
2020-2022	11	0.00020	0.00020	0.5	99033	20	99023	6198486	62.59
2020-2022	12	0.00018	0.00018	0.5	99014	18	99005	6099462	61.60
2020-2022	13	0.00022	0.00022	0.5	98996	21	98985	6000458	60.61
2020-2022	14	0.00033	0.00033	0.5	98974	32	98958	5901473	59.63
2020-2022	15	0.00046	0.00045	0.5	98942	45	98920	5802515	58.65
2020-2022	16	0.00068	0.00068	0.5	98897	67	98863	5703595	57.67
2020-2022	17	0.00099	0.00099	0.5	98830	97	98781	5604732	56.71
2020-2022	18	0.00123	0.00123	0.5	98732	122	98672	5505951	55.77
2020-2022	19	0.00153	0.00153	0.5	98611	151	98535	5407279	54.83
2020-2022	20	0.00155	0.00155	0.5	98460	153	98383	5308744	53.92
2020-2022	21	0.00185	0.00185	0.5	98307	181	98216	5210360	53.00
2020-2022	22	0.00182	0.00182	0.5	98126	178	98036	5112144	52.10
2020-2022	23	0.00197	0.00197	0.5	97947	193	97851	5014108	51.19
2020-2022	24	0.00217	0.00216	0.5	97755	212	97649	4916257	50.29
2020-2022	25	0.00245	0.00245	0.5	97543	239	97424	4818608	49.40
2020-2022	26	0.00240	0.00240	0.5	97304	233	97188	4721184	48.52
2020-2022	27	0.00258	0.00258	0.5	97071	251	96946	4623996	47.64
2020-2022	28	0.00283	0.00283	0.5	96820	274	96684	4527051	46.76
2020-2022	29	0.00292	0.00292	0.5	96547	282	96406	4430367	45.89
2020-2022	30	0.00297	0.00297	0.5	96265	286	96122	4333961	45.02
2020-2022	31	0.00306	0.00306	0.5	95979	294	95832	4237839	44.15
2020-2022	32	0.00319	0.00318	0.5	95685	305	95533	4142007	43.29
2020-2022	33	0.00309	0.00308	0.5	95381	294	95234	4046474	42.42
2020-2022	34	0.00331	0.00331	0.5	95087	315	94929	3951241	41.55
2020-2022	35	0.00329	0.00328	0.5	94772	311	94617	3856312	40.69
2020-2022	36	0.00333	0.00333	0.5	94461	314	94304	3761695	39.82
2020-2022	37	0.00344	0.00343	0.5	94147	323	93985	3667391	38.95
2020-2022	38	0.00370	0.00369	0.5	93823	346	93650	3573406	38.09
2020-2022	39	0.00383	0.00382	0.5	93477	357	93299	3479756	37.23
2020-2022	40	0.00394	0.00394	0.5	93120	366	92937	3386457	36.37
2020-2022	41	0.00420	0.00419	0.5	92754	389	92559	3293520	35.51
2020-2022	42	0.00421	0.00420	0.5	92365	388	92171	3200961	34.66
2020-2022	43	0.00447	0.00446	0.5	91977	411	91772	3108790	33.80
2020-2022	44	0.00467	0.00466	0.5	91567	426	91354	3017018	32.95
2020-2022	45	0.00488	0.00487	0.5	91140	444	90918	2925665	32.10
2020-2022	46	0.00522	0.00521	0.5	90697	473	90460	2834746	31.26
2020-2022	47	0.00497	0.00496	0.5	90224	448	90000	2744286	30.42
2020-2022	48	0.00569	0.00567	0.5	89776	509	89522	2654286	29.57
2020-2022	49	0.00611	0.00609	0.5	89267	543	88995	2564764	28.73
2020-2022	50	0.00672	0.00670	0.5	88724	594	88426	2475769	27.90
2020-2022	51	0.00733	0.00730	0.5	88129	643	87808	2387342	27.09
2020-2022	52	0.00802	0.00799	0.5	87486	699	87137	2299535	26.28
2020-2022	53	0.00802	0.00799	0.5	86787	694	86440	2212398	25.49
2020-2022	54	0.00899	0.00895	0.5	86093	771	85708	2125958	24.69
2020-2022	55	0.01016	0.01010	0.5	85323	862	84892	2040250	23.91
2020-2022	56	0.01090	0.01084	0.5	84461	916	84003	1955358	23.15
2020-2022	57	0.01161	0.01155	0.5	83545	965	83063	1871355	22.40
2020-2022	58	0.01271	0.01263	0.5	82580	1043	82059	1788293	21.66
2020-2022	59	0.01326	0.01317	0.5	81538	1074	81001	1706234	20.93
2020-2022	60	0.01487	0.01476	0.5	80464	1188	79870	1625233	20.20
2020-2022	61	0.01564	0.01552	0.5	79276	1230	78661	1545363	19.49
2020-2022	62	0.01667	0.01653	0.5	78046	1290	77401	1466702	18.79
2020-2022	63	0.01803	0.01787	0.5	76756	1372	76070	1389301	18.10
2020-2022	64	0.01923	0.01905	0.5	75384	1436	74666	1313231	17.42
2020-2022	65	0.01972	0.01953	0.5	73948	1444	73226	1238565	16.75
2020-2022	66	0.02137	0.02114	0.5	72504	1533	71738	1165339	16.07
2020-2022	67	0.02250	0.02225	0.5	70971	1579	70182	1093601	15.41
2020-2022	68	0.02436	0.02407	0.5	69392	1670	68557	1023419	14.75
2020-2022	69	0.02581	0.02548	0.5	67722	1725	66859	954862	14.10
2020-2022	70	0.02831	0.02791	0.5	65996	1842	65075	888003	13.46
2020-2022	71	0.02969	0.02926	0.5	64154	1877	63216	822928	12.83
2020-2022	72	0.03228	0.03177	0.5	62277	1978	61288	759712	12.20
2020-2022	73	0.03631	0.03566	0.5	60299	2150	59224	698424	11.58
2020-2022	74	0.03771	0.03701	0.5	58149	2152	57073	639200	10.99
2020-2022	75	0.04089	0.04007	0.5	55997	2244	54875	582127	10.40
2020-2022	76	0.04519	0.04419	0.5	53753	2375	52565	527253	9.81
2020-2022	77	0.05106	0.04979	0.5	51378	2558	50098	474687	9.24
2020-2022	78	0.05756	0.05595	0.5	48819	2732	47454	424589	8.70
2020-2022	79	0.06219	0.06031	0.5	46088	2780	44698	377135	8.18
2020-2022	80	0.06975	0.06740	0.5	43308	2919	41849	332437	7.68
2020-2022	81	0.07526	0.07253	0.5	40389	2930	38924	290589	7.19
2020-2022	82	0.08577	0.08225	0.5	37459	3081	35919	251665	6.72
2020-2022	83	0.09488	0.09059	0.5	34379	3114	32821	215746	6.28
2020-2022	84	0.10492	0.09969	0.5	31264	3117	29706	182924	5.85
2020-2022	85	0.12106	0.11415	0.5	28148	3213	26541	153218	5.44
2020-2022	86	0.12843	0.12068	0.5	24935	3009	23430	126677	5.08
2020-2022	87	0.14350	0.13390	0.5	21926	2936	20458	103247	4.71
2020-2022	88	0.16481	0.15227	0.5	18990	2892	17544	82789	4.36
2020-2022	89	0.18298	0.16764	0.5	16098	2699	14749	65245	4.05
2020-2022	90	0.20265	0.18401	0.5	13400	2466	12167	50496	3.77
2020-2022	91	0.22387	0.20133	0.5	10934	2201	9833	38329	3.51
2020-2022	92	0.24662	0.21954	0.5	8733	1917	7774	28496	3.26
2020-2022	93	0.27087	0.23856	0.5	6815	1626	6002	20722	3.04
2020-2022	94	0.29657	0.25827	0.5	5190	1340	4519	14719	2.84
2020-2022	95	0.32362	0.27855	0.5	3849	1072	3313	10200	2.65
2020-2022	96	0.35191	0.29926	0.5	2777	831	2362	6887	2.48
2020-2022	97	0.38128	0.32023	0.5	1946	623	1634	4525	2.33
2020-2022	98	0.41154	0.34131	0.5	1323	451	1097	2891	2.19
2020-2022	99	0.44249	0.36232	0.5	871	316	713	1794	2.06
2020-2022	100	0.47388	0.38311	0.5	556	213	449	1080	1.94
2020-2022	101	0.50549	0.40351	0.5	343	138	274	631	1.84
2020-2022	102	0.53705	0.42337	0.5	204	87	161	358	1.75
2020-2022	103	0.56832	0.44256	0.5	118	52	92	196	1.67
2020-2022	104	0.59906	0.46098	0.5	66	30	51	105	1.59
2020-2022	105	0.62903	0.47853	0.5	35	17	27	54	1.53
2020-2022	106	0.65804	0.49513	0.5	18	9	14	27	1.47
2020-2022	107	0.68592	0.51075	0.5	9	5	7	13	1.42
2020-2022	108	0.71251	0.52535	0.5	5	2	3	6	1.37
2020-2022	109	0.73772	0.53893	0.5	2	1	2	3	1.34
2020-2022	110+	0.76146	1.00000	1.31	1	1	1	1	1.31
