GA: GA, Lifetables (period 5x5), Both sexes Last modified: February 4 2025, MPv5 (May07) 

Year     	Age	mx	qx	ax	lx	dx	Lx	Tx	ex
1941-1944	0	0.05238	0.05026	0.19	100000	5026	95945	6222955	62.23
1941-1944	1-4	0.00306	0.01213	1.45	94974	1152	376959	6127010	64.51
1941-1944	5-9	0.00098	0.00487	2.25	93822	456	467857	5750051	61.29
1941-1944	10-14	0.00095	0.00474	2.73	93366	442	465826	5282194	56.58
1941-1944	15-19	0.00199	0.00991	2.79	92924	921	462587	4816368	51.83
1941-1944	20-24	0.00339	0.01684	2.61	92003	1549	456307	4353781	47.32
1941-1944	25-29	0.00379	0.01877	2.52	90454	1698	448059	3897474	43.09
1941-1944	30-34	0.00454	0.02248	2.6	88756	1995	438997	3449414	38.86
1941-1944	35-39	0.00629	0.03096	2.61	86761	2687	427383	3010418	34.70
1941-1944	40-44	0.00808	0.03964	2.61	84075	3332	412394	2583035	30.72
1941-1944	45-49	0.01188	0.05776	2.59	80742	4664	392484	2170641	26.88
1941-1944	50-54	0.01583	0.07624	2.59	76078	5800	366387	1778157	23.37
1941-1944	55-59	0.02050	0.09750	2.5	70278	6852	334291	1411770	20.09
1941-1944	60-64	0.02537	0.11958	2.6	63426	7584	298932	1077479	16.99
1941-1944	65-69	0.03575	0.16410	2.5	55841	9164	256338	778547	13.94
1941-1944	70-74	0.05014	0.22335	2.56	46678	10425	207924	522209	11.19
1941-1944	75-79	0.07269	0.30771	2.51	36252	11155	153464	314285	8.67
1941-1944	80-84	0.12875	0.48197	2.39	25097	12096	93953	160821	6.41
1941-1944	85-89	0.17149	0.58321	2.26	13001	7582	44215	66868	5.14
1941-1944	90-94	0.21992	0.67647	2.16	5419	3666	16667	22653	4.18
1941-1944	95-99	0.27761	0.76147	2.04	1753	1335	4809	5986	3.41
1941-1944	100-104	0.34403	0.83272	1.9	418	348	1012	1177	2.82
1941-1944	105-109	0.41755	0.88754	1.76	70	62	149	165	2.36
1941-1944	110+	0.47805	1.00000	2.09	8	8	16	16	2.09
1945-1949	0	0.03765	0.03649	0.15	100000	3649	96907	6530491	65.30
1945-1949	1-4	0.00181	0.00722	1.57	96351	696	383715	6433584	66.77
1945-1949	5-9	0.00079	0.00396	2.36	95655	379	477274	6049869	63.25
1945-1949	10-14	0.00078	0.00392	2.71	95276	373	475523	5572595	58.49
1945-1949	15-19	0.00156	0.00780	2.74	94903	740	472841	5097072	53.71
1945-1949	20-24	0.00235	0.01170	2.59	94163	1102	468154	4624231	49.11
1945-1949	25-29	0.00280	0.01390	2.57	93061	1294	462157	4156077	44.66
1945-1949	30-34	0.00349	0.01730	2.6	91767	1588	455018	3693920	40.25
1945-1949	35-39	0.00483	0.02387	2.64	90179	2152	445816	3238902	35.92
1945-1949	40-44	0.00704	0.03464	2.63	88027	3049	432920	2793086	31.73
1945-1949	45-49	0.01001	0.04890	2.66	84978	4155	415152	2360167	27.77
1945-1949	50-54	0.01509	0.07279	2.58	80823	5883	389880	1945015	24.07
1945-1949	55-59	0.01956	0.09339	2.58	74940	6998	357746	1555135	20.75
1945-1949	60-64	0.02370	0.11190	2.51	67941	7603	320774	1197390	17.62
1945-1949	65-69	0.03361	0.15560	2.62	60339	9389	279320	876615	14.53
1945-1949	70-74	0.04652	0.20856	2.52	50950	10626	228433	597295	11.72
1945-1949	75-79	0.06803	0.29126	2.53	40324	11745	172647	368862	9.15
1945-1949	80-84	0.11578	0.44600	2.43	28579	12746	110096	196215	6.87
1945-1949	85-89	0.15784	0.55334	2.3	15833	8761	55506	86119	5.44
1945-1949	90-94	0.20934	0.65890	2.19	7072	4660	22259	30613	4.33
1945-1949	95-99	0.27194	0.75516	2.06	2412	1822	6699	8354	3.46
1945-1949	100-104	0.34492	0.83442	1.91	591	493	1429	1655	2.80
1945-1949	105-109	0.42605	0.89334	1.75	98	87	205	226	2.31
1945-1949	110+	0.49303	1.00000	2.03	10	10	21	21	2.03
1950-1954	0	0.03418	0.03321	0.14	100000	3321	97154	6648168	66.48
1950-1954	1-4	0.00162	0.00645	1.55	96679	624	385190	6551014	67.76
1950-1954	5-9	0.00064	0.00318	2.28	96055	306	479446	6165824	64.19
1950-1954	10-14	0.00063	0.00313	2.76	95750	300	478076	5686378	59.39
1950-1954	15-19	0.00131	0.00655	2.72	95450	626	475820	5208302	54.57
1950-1954	20-24	0.00188	0.00935	2.58	94824	887	471973	4732481	49.91
1950-1954	25-29	0.00221	0.01098	2.57	93937	1031	467183	4260508	45.35
1950-1954	30-34	0.00290	0.01442	2.63	92906	1340	461354	3793325	40.83
1950-1954	35-39	0.00405	0.02006	2.62	91566	1837	453463	3331971	36.39
1950-1954	40-44	0.00584	0.02878	2.64	89729	2583	442553	2878508	32.08
1950-1954	45-49	0.00892	0.04369	2.68	87146	3807	426883	2435955	27.95
1950-1954	50-54	0.01401	0.06783	2.64	83339	5653	403351	2009071	24.11
1950-1954	55-59	0.01884	0.09004	2.54	77686	6995	371230	1605720	20.67
1950-1954	60-64	0.02564	0.12078	2.6	70691	8538	332988	1234490	17.46
1950-1954	65-69	0.03298	0.15243	2.52	62153	9474	287245	901502	14.50
1950-1954	70-74	0.04680	0.21019	2.58	52679	11072	236599	614258	11.66
1950-1954	75-79	0.06788	0.29013	2.5	41607	12071	177822	377658	9.08
1950-1954	80-84	0.11580	0.44652	2.44	29536	13188	113892	199836	6.77
1950-1954	85-89	0.16252	0.56394	2.29	16347	9219	56724	85945	5.26
1950-1954	90-94	0.22105	0.68067	2.18	7128	4852	21950	29221	4.10
1950-1954	95-99	0.29625	0.78651	2.02	2276	1790	6043	7271	3.19
1950-1954	100-104	0.38478	0.86799	1.84	486	422	1096	1228	2.53
1950-1954	105-109	0.48237	0.92278	1.65	64	59	123	132	2.05
1950-1954	110+	0.56327	1.00000	1.78	5	5	9	9	1.78
1955-1959	0	0.03165	0.03081	0.14	100000	3081	97338	6771431	67.71
1955-1959	1-4	0.00136	0.00543	1.49	96919	527	386356	6674093	68.86
1955-1959	5-9	0.00056	0.00277	2.36	96392	267	481258	6287737	65.23
1955-1959	10-14	0.00057	0.00283	2.7	96125	272	479999	5806480	60.41
1955-1959	15-19	0.00112	0.00560	2.75	95853	537	478055	5326480	55.57
1955-1959	20-24	0.00159	0.00793	2.56	95316	756	474736	4848425	50.87
1955-1959	25-29	0.00183	0.00913	2.58	94560	864	470712	4373689	46.25
1955-1959	30-34	0.00245	0.01218	2.61	93697	1141	465756	3902977	41.66
1955-1959	35-39	0.00339	0.01681	2.69	92556	1556	459181	3437221	37.14
1955-1959	40-44	0.00531	0.02623	2.65	90999	2387	449394	2978040	32.73
1955-1959	45-49	0.00789	0.03872	2.65	88612	3431	435014	2528646	28.54
1955-1959	50-54	0.01223	0.05942	2.63	85181	5062	413925	2093632	24.58
1955-1959	55-59	0.01759	0.08447	2.65	80119	6768	384683	1679707	20.97
1955-1959	60-64	0.02423	0.11438	2.56	73351	8390	346278	1295024	17.66
1955-1959	65-69	0.03408	0.15741	2.58	64961	10226	300044	948746	14.60
1955-1959	70-74	0.04540	0.20405	2.52	54735	11169	246003	648702	11.85
1955-1959	75-79	0.06694	0.28747	2.55	43566	12524	187108	402699	9.24
1955-1959	80-84	0.11113	0.43280	2.45	31042	13435	120894	215591	6.95
1955-1959	85-89	0.15731	0.55306	2.32	17607	9738	61902	94697	5.38
1955-1959	90-94	0.21665	0.67313	2.19	7869	5297	24450	32795	4.17
1955-1959	95-99	0.29099	0.78039	2.03	2572	2007	6898	8345	3.24
1955-1959	100-104	0.37903	0.86381	1.85	565	488	1287	1447	2.56
1955-1959	105-109	0.47663	0.92033	1.67	77	71	149	160	2.07
1955-1959	110+	0.55777	1.00000	1.79	6	6	11	11	1.79
1960-1964	0	0.03137	0.03055	0.14	100000	3055	97359	6792461	67.92
1960-1964	1-4	0.00129	0.00515	1.54	96945	499	386554	6695102	69.06
1960-1964	5-9	0.00053	0.00264	2.3	96446	255	481543	6308549	65.41
1960-1964	10-14	0.00051	0.00255	2.75	96192	245	480405	5827005	60.58
1960-1964	15-19	0.00110	0.00550	2.76	95946	528	478551	5346600	55.72
1960-1964	20-24	0.00148	0.00738	2.55	95418	704	475370	4868049	51.02
1960-1964	25-29	0.00177	0.00879	2.58	94714	833	471557	4392679	46.38
1960-1964	30-34	0.00232	0.01152	2.63	93881	1081	466848	3921122	41.77
1960-1964	35-39	0.00332	0.01649	2.66	92800	1530	460413	3454274	37.22
1960-1964	40-44	0.00500	0.02473	2.65	91270	2257	451039	2993861	32.80
1960-1964	45-49	0.00740	0.03636	2.65	89013	3237	437455	2542822	28.57
1960-1964	50-54	0.01189	0.05780	2.61	85776	4958	417046	2105367	24.54
1960-1964	55-59	0.01673	0.08043	2.59	80819	6500	388452	1688322	20.89
1960-1964	60-64	0.02519	0.11864	2.55	74319	8817	349994	1299869	17.49
1960-1964	65-69	0.03497	0.16082	2.51	65501	10534	301240	949875	14.50
1960-1964	70-74	0.04678	0.20954	2.51	54968	11518	246203	648635	11.80
1960-1964	75-79	0.06485	0.27896	2.5	43449	12121	186914	402432	9.26
1960-1964	80-84	0.11085	0.43321	2.48	31329	13572	122437	215518	6.88
1960-1964	85-89	0.16108	0.56237	2.32	17757	9986	61992	93081	5.24
1960-1964	90-94	0.22633	0.69031	2.18	7771	5364	23702	31089	4.00
1960-1964	95-99	0.30900	0.80165	2	2407	1929	6243	7387	3.07
1960-1964	100-104	0.40696	0.88393	1.8	477	422	1037	1144	2.40
1960-1964	105-109	0.51416	0.93585	1.6	55	52	101	107	1.93
1960-1964	110+	0.60262	1.00000	1.66	4	4	6	6	1.66
1965-1969	0	0.02675	0.02613	0.12	100000	2613	97707	6819802	68.20
1965-1969	1-4	0.00118	0.00472	1.55	97387	460	388421	6722096	69.02
1965-1969	5-9	0.00053	0.00265	2.34	96927	257	483950	6333675	65.35
1965-1969	10-14	0.00052	0.00262	2.74	96669	253	482775	5849725	60.51
1965-1969	15-19	0.00128	0.00638	2.8	96416	616	480725	5366951	55.66
1965-1969	20-24	0.00163	0.00811	2.54	95801	777	477094	4886226	51.00
1965-1969	25-29	0.00182	0.00908	2.55	95024	863	473007	4409132	46.40
1965-1969	30-34	0.00229	0.01141	2.63	94161	1074	468258	3936125	41.80
1965-1969	35-39	0.00339	0.01684	2.66	93087	1568	461761	3467867	37.25
1965-1969	40-44	0.00508	0.02509	2.64	91519	2296	452180	3006106	32.85
1965-1969	45-49	0.00756	0.03714	2.61	89223	3314	438202	2553926	28.62
1965-1969	50-54	0.01177	0.05724	2.61	85909	4918	417786	2115724	24.63
1965-1969	55-59	0.01684	0.08096	2.62	80992	6557	389354	1697938	20.96
1965-1969	60-64	0.02381	0.11258	2.58	74435	8380	351928	1308584	17.58
1965-1969	65-69	0.03521	0.16203	2.54	66055	10703	303953	956656	14.48
1965-1969	70-74	0.04879	0.21748	2.51	55352	12038	246753	652703	11.79
1965-1969	75-79	0.06654	0.28483	2.48	43314	12337	185422	405950	9.37
1965-1969	80-84	0.10377	0.41086	2.47	30977	12727	122654	220528	7.12
1965-1969	85-89	0.15560	0.54984	2.33	18250	10034	64488	97873	5.36
1965-1969	90-94	0.22143	0.68249	2.19	8215	5607	25321	33385	4.06
1965-1969	95-99	0.30604	0.79888	2.01	2608	2084	6809	8064	3.09
1965-1969	100-104	0.40723	0.88450	1.8	525	464	1139	1255	2.39
1965-1969	105-109	0.51825	0.93756	1.6	61	57	110	116	1.91
1965-1969	110+	0.60973	1.00000	1.64	4	4	6	6	1.64
1970-1974	0	0.02078	0.02041	0.11	100000	2041	98175	6906688	69.07
1970-1974	1-4	0.00098	0.00390	1.64	97959	382	390936	6808513	69.50
1970-1974	5-9	0.00049	0.00245	2.33	97578	239	487250	6417577	65.77
1970-1974	10-14	0.00048	0.00241	2.76	97339	235	486168	5930327	60.92
1970-1974	15-19	0.00135	0.00673	2.81	97104	654	484086	5444159	56.07
1970-1974	20-24	0.00174	0.00867	2.5	96450	837	480156	4960073	51.43
1970-1974	25-29	0.00187	0.00929	2.54	95613	888	475886	4479917	46.85
1970-1974	30-34	0.00236	0.01175	2.62	94726	1113	470980	4004031	42.27
1970-1974	35-39	0.00332	0.01647	2.6	93613	1542	464361	3533052	37.74
1970-1974	40-44	0.00499	0.02467	2.63	92071	2272	454959	3068691	33.33
1970-1974	45-49	0.00737	0.03624	2.64	89799	3254	441310	2613732	29.11
1970-1974	50-54	0.01124	0.05476	2.62	86545	4739	421446	2172421	25.10
1970-1974	55-59	0.01573	0.07580	2.62	81806	6201	394264	1750976	21.40
1970-1974	60-64	0.02344	0.11094	2.59	75605	8388	357846	1356712	17.94
1970-1974	65-69	0.03175	0.14723	2.53	67217	9896	311688	998866	14.86
1970-1974	70-74	0.04800	0.21458	2.53	57321	12300	256266	687178	11.99
1970-1974	75-79	0.06509	0.28017	2.52	45021	12614	193772	430911	9.57
1970-1974	80-84	0.10006	0.39969	2.48	32408	12953	129454	237139	7.32
1970-1974	85-89	0.14936	0.53485	2.35	19455	10405	69665	107685	5.54
1970-1974	90-94	0.21273	0.66729	2.21	9049	6039	28386	38020	4.20
1970-1974	95-99	0.29432	0.78552	2.03	3011	2365	8036	9634	3.20
1970-1974	100-104	0.39251	0.87460	1.83	646	565	1439	1599	2.48
1970-1974	105-109	0.50135	0.93130	1.63	81	75	150	160	1.97
1970-1974	110+	0.59159	1.00000	1.69	6	6	9	9	1.69
1975-1979	0	0.01654	0.01629	0.09	100000	1629	98524	7141613	71.42
1975-1979	1-4	0.00076	0.00303	1.64	98371	298	392781	7043089	71.60
1975-1979	5-9	0.00040	0.00202	2.31	98073	198	489832	6650308	67.81
1975-1979	10-14	0.00040	0.00200	2.79	97875	196	488943	6160476	62.94
1975-1979	15-19	0.00108	0.00537	2.82	97679	525	487254	5671534	58.06
1975-1979	20-24	0.00140	0.00699	2.47	97155	679	484059	5184280	53.36
1975-1979	25-29	0.00152	0.00757	2.51	96476	730	480562	4700221	48.72
1975-1979	30-34	0.00169	0.00840	2.6	95745	804	476800	4219660	44.07
1975-1979	35-39	0.00260	0.01293	2.68	94941	1228	471851	3742859	39.42
1975-1979	40-44	0.00394	0.01953	2.68	93713	1830	464323	3271008	34.90
1975-1979	45-49	0.00610	0.03006	2.65	91883	2762	452923	2806685	30.55
1975-1979	50-54	0.00940	0.04598	2.65	89121	4098	435984	2353762	26.41
1975-1979	55-59	0.01405	0.06798	2.62	85023	5780	411388	1917778	22.56
1975-1979	60-64	0.02033	0.09697	2.62	79244	7684	377954	1506390	19.01
1975-1979	65-69	0.02886	0.13490	2.58	71560	9653	334468	1128436	15.77
1975-1979	70-74	0.04100	0.18637	2.56	61907	11537	281404	793968	12.83
1975-1979	75-79	0.05899	0.25739	2.53	50369	12965	219779	512564	10.18
1975-1979	80-84	0.08991	0.36740	2.51	37405	13743	152849	292786	7.83
1975-1979	85-89	0.13520	0.49996	2.4	23662	11830	87502	139937	5.91
1975-1979	90-94	0.19814	0.64095	2.25	11832	7584	38274	52435	4.43
1975-1979	95-99	0.28005	0.76890	2.07	4248	3267	11664	14161	3.33
1975-1979	100-104	0.38075	0.86681	1.86	982	851	2235	2497	2.54
1975-1979	105-109	0.49422	0.92896	1.64	131	121	246	262	2.00
1975-1979	110+	0.58904	1.00000	1.7	9	9	16	16	1.70
1980-1984	0	0.01358	0.01342	0.09	100000	1342	98774	7276538	72.77
1980-1984	1-4	0.00069	0.00275	1.65	98658	271	393997	7177764	72.75
1980-1984	5-9	0.00036	0.00180	2.3	98387	177	491459	6783767	68.95
1980-1984	10-14	0.00033	0.00164	2.68	98210	161	490676	6292308	64.07
1980-1984	15-19	0.00095	0.00473	2.82	98049	463	489236	5801632	59.17
1980-1984	20-24	0.00122	0.00610	2.54	97586	595	486461	5312396	54.44
1980-1984	25-29	0.00138	0.00689	2.52	96990	668	483293	4825935	49.76
1980-1984	30-34	0.00153	0.00763	2.56	96322	735	479817	4342642	45.08
1980-1984	35-39	0.00212	0.01053	2.7	95587	1006	475617	3862825	40.41
1980-1984	40-44	0.00321	0.01594	2.69	94581	1508	469414	3387208	35.81
1980-1984	45-49	0.00519	0.02562	2.67	93073	2385	459818	2917794	31.35
1980-1984	50-54	0.00843	0.04131	2.66	90688	3747	444664	2457976	27.10
1980-1984	55-59	0.01238	0.06015	2.63	86942	5229	422317	2013313	23.16
1980-1984	60-64	0.01912	0.09144	2.61	81713	7472	390709	1590996	19.47
1980-1984	65-69	0.02697	0.12663	2.59	74240	9401	348572	1200287	16.17
1980-1984	70-74	0.03956	0.18046	2.57	64839	11701	295820	851716	13.14
1980-1984	75-79	0.05553	0.24367	2.49	53138	12948	233180	555896	10.46
1980-1984	80-84	0.08629	0.35465	2.49	40190	14253	165185	322716	8.03
1980-1984	85-89	0.13035	0.48677	2.4	25937	12625	96856	157531	6.07
1980-1984	90-94	0.19110	0.62730	2.26	13312	8350	43696	60675	4.56
1980-1984	95-99	0.27145	0.75794	2.09	4961	3760	13853	16979	3.42
1980-1984	100-104	0.37106	0.85958	1.88	1201	1032	2782	3126	2.60
1980-1984	105-109	0.48436	0.92501	1.66	169	156	322	344	2.04
1980-1984	110+	0.57957	1.00000	1.73	13	13	22	22	1.73
1985-1989	0	0.01302	0.01287	0.08	100000	1287	98822	7319070	73.19
1985-1989	1-4	0.00059	0.00236	1.67	98713	233	394309	7220249	73.14
1985-1989	5-9	0.00031	0.00155	2.21	98480	152	491976	6825939	69.31
1985-1989	10-14	0.00032	0.00160	2.79	98328	157	491292	6333964	64.42
1985-1989	15-19	0.00097	0.00486	2.78	98171	477	489795	5842672	59.52
1985-1989	20-24	0.00123	0.00615	2.55	97694	601	486996	5352877	54.79
1985-1989	25-29	0.00139	0.00695	2.56	97093	675	483813	4865881	50.12
1985-1989	30-34	0.00173	0.00859	2.58	96418	828	480083	4382069	45.45
1985-1989	35-39	0.00212	0.01055	2.6	95589	1008	475530	3901985	40.82
1985-1989	40-44	0.00298	0.01479	2.67	94581	1399	469641	3426455	36.23
1985-1989	45-49	0.00477	0.02358	2.65	93182	2197	460756	2956814	31.73
1985-1989	50-54	0.00746	0.03668	2.69	90985	3337	447202	2496059	27.43
1985-1989	55-59	0.01176	0.05720	2.65	87647	5013	426468	2048857	23.38
1985-1989	60-64	0.01801	0.08636	2.63	82634	7136	396241	1622389	19.63
1985-1989	65-69	0.02626	0.12351	2.59	75498	9325	355028	1226148	16.24
1985-1989	70-74	0.03863	0.17672	2.59	66173	11694	302690	871120	13.16
1985-1989	75-79	0.05639	0.24726	2.51	54479	13471	238879	568431	10.43
1985-1989	80-84	0.08411	0.34756	2.5	41009	14253	169460	329551	8.04
1985-1989	85-89	0.13104	0.48897	2.41	26756	13083	99839	160091	5.98
1985-1989	90-94	0.19762	0.64105	2.26	13673	8765	44354	60252	4.41
1985-1989	95-99	0.28820	0.78026	2.06	4908	3829	13288	15899	3.24
1985-1989	100-104	0.40101	0.88211	1.83	1078	951	2372	2611	2.42
1985-1989	105-109	0.52732	0.94172	1.59	127	120	227	239	1.88
1985-1989	110+	0.63191	1.00000	1.58	7	7	12	12	1.58
1990-1994	0	0.01132	0.01121	0.08	100000	1121	98969	7410329	74.10
1990-1994	1-4	0.00052	0.00207	1.63	98879	205	395032	7311360	73.94
1990-1994	5-9	0.00025	0.00123	2.25	98675	121	493041	6916328	70.09
1990-1994	10-14	0.00027	0.00136	2.81	98554	134	492474	6423287	65.18
1990-1994	15-19	0.00092	0.00457	2.81	98420	450	491113	5930813	60.26
1990-1994	20-24	0.00119	0.00592	2.51	97970	580	488408	5439700	55.52
1990-1994	25-29	0.00134	0.00669	2.59	97390	651	485384	4951291	50.84
1990-1994	30-34	0.00179	0.00890	2.63	96739	861	481651	4465907	46.16
1990-1994	35-39	0.00233	0.01159	2.59	95878	1111	476713	3984256	41.56
1990-1994	40-44	0.00300	0.01492	2.6	94767	1414	470440	3507543	37.01
1990-1994	45-49	0.00446	0.02209	2.64	93353	2062	461907	3037104	32.53
1990-1994	50-54	0.00672	0.03310	2.67	91291	3022	449407	2575196	28.21
1990-1994	55-59	0.01069	0.05217	2.66	88269	4605	430559	2125789	24.08
1990-1994	60-64	0.01650	0.07939	2.62	83664	6642	402532	1695230	20.26
1990-1994	65-69	0.02424	0.11454	2.59	77022	8822	363890	1292698	16.78
1990-1994	70-74	0.03591	0.16531	2.6	68200	11274	313951	928809	13.62
1990-1994	75-79	0.05220	0.23144	2.55	56926	13175	252399	614858	10.80
1990-1994	80-84	0.07991	0.33343	2.52	43751	14588	182547	362459	8.28
1990-1994	85-89	0.12515	0.47297	2.42	29163	13793	110215	179912	6.17
1990-1994	90-94	0.19013	0.62659	2.28	15370	9630	50652	69697	4.53
1990-1994	95-99	0.27992	0.77030	2.08	5739	4421	15794	19046	3.32
1990-1994	100-104	0.39276	0.87675	1.84	1318	1156	2943	3252	2.47
1990-1994	105-109	0.52017	0.93946	1.6	162	153	293	309	1.90
1990-1994	110+	0.62615	1.00000	1.6	10	10	16	16	1.60
1995-1999	0	0.00923	0.00915	0.07	100000	915	99152	7489067	74.89
1995-1999	1-4	0.00043	0.00170	1.67	99085	168	395946	7389915	74.58
1995-1999	5-9	0.00023	0.00113	2.38	98916	111	494290	6993968	70.71
1995-1999	10-14	0.00026	0.00131	2.87	98805	129	493750	6499678	65.78
1995-1999	15-19	0.00086	0.00429	2.8	98676	423	492446	6005929	60.87
1995-1999	20-24	0.00104	0.00517	2.49	98253	508	489989	5513483	56.12
1995-1999	25-29	0.00114	0.00568	2.58	97745	555	487380	5023494	51.39
1995-1999	30-34	0.00146	0.00729	2.62	97190	709	484263	4536114	46.67
1995-1999	35-39	0.00205	0.01021	2.65	96481	985	480089	4051850	42.00
1995-1999	40-44	0.00294	0.01460	2.64	95496	1394	474191	3571761	37.40
1995-1999	45-49	0.00415	0.02052	2.62	94102	1931	465912	3097570	32.92
1995-1999	50-54	0.00622	0.03065	2.66	92171	2825	454240	2631658	28.55
1995-1999	55-59	0.00981	0.04796	2.65	89346	4285	436669	2177418	24.37
1995-1999	60-64	0.01542	0.07440	2.66	85061	6328	410494	1740749	20.46
1995-1999	65-69	0.02299	0.10896	2.61	78733	8579	373184	1330255	16.90
1995-1999	70-74	0.03490	0.16103	2.6	70154	11297	323669	957072	13.64
1995-1999	75-79	0.05155	0.22891	2.55	58857	13473	261331	633403	10.76
1995-1999	80-84	0.07989	0.33383	2.54	45384	15151	189648	372072	8.20
1995-1999	85-89	0.12714	0.47918	2.43	30234	14487	113944	182424	6.03
1995-1999	90-94	0.19922	0.64526	2.27	15746	10160	51001	68480	4.35
1995-1999	95-99	0.29905	0.79419	2.05	5586	4436	14835	17479	3.13
1995-1999	100-104	0.42355	0.89698	1.79	1150	1031	2435	2644	2.30
1995-1999	105-109	0.56053	0.95216	1.53	118	113	201	210	1.77
1995-1999	110+	0.67168	1.00000	1.49	6	6	8	8	1.49
2000-2004	0	0.00892	0.00884	0.07	100000	884	99180	7546606	75.47
2000-2004	1-4	0.00037	0.00147	1.66	99116	146	396121	7447425	75.14
2000-2004	5-9	0.00016	0.00082	2.41	98970	81	494639	7051304	71.25
2000-2004	10-14	0.00022	0.00111	2.8	98889	109	494202	6556666	66.30
2000-2004	15-19	0.00073	0.00363	2.91	98779	358	493148	6062464	61.37
2000-2004	20-24	0.00104	0.00519	2.52	98421	511	490838	5569316	56.59
2000-2004	25-29	0.00109	0.00545	2.58	97910	534	488257	5078478	51.87
2000-2004	30-34	0.00126	0.00627	2.58	97376	611	485400	4590221	47.14
2000-2004	35-39	0.00182	0.00906	2.64	96765	877	481754	4104822	42.42
2000-2004	40-44	0.00286	0.01422	2.69	95889	1363	476292	3623068	37.78
2000-2004	45-49	0.00422	0.02087	2.66	94526	1973	468006	3146776	33.29
2000-2004	50-54	0.00610	0.03005	2.65	92552	2781	456226	2678769	28.94
2000-2004	55-59	0.00915	0.04478	2.66	89771	4020	439444	2222544	24.76
2000-2004	60-64	0.01420	0.06873	2.65	85751	5893	414891	1783099	20.79
2000-2004	65-69	0.02132	0.10144	2.63	79858	8101	380057	1368208	17.13
2000-2004	70-74	0.03287	0.15229	2.59	71757	10928	332481	988151	13.77
2000-2004	75-79	0.05061	0.22553	2.59	60829	13719	271067	655671	10.78
2000-2004	80-84	0.07883	0.33046	2.56	47110	15568	197496	384604	8.16
2000-2004	85-89	0.12861	0.48385	2.44	31542	15262	118670	187108	5.93
2000-2004	90-94	0.20712	0.66082	2.26	16280	10758	51942	68438	4.20
2000-2004	95-99	0.31514	0.81245	2.02	5522	4486	14236	16496	2.99
2000-2004	100-104	0.44828	0.91083	1.74	1036	943	2104	2259	2.18
2000-2004	105-109	0.59121	0.96000	1.48	92	89	150	155	1.68
2000-2004	110+	0.70442	1.00000	1.42	4	4	5	5	1.42
2005-2009	0	0.00832	0.00825	0.07	100000	825	99234	7656838	76.57
2005-2009	1-4	0.00034	0.00134	1.61	99175	133	396381	7557604	76.21
2005-2009	5-9	0.00016	0.00078	2.45	99042	77	495013	7161223	72.31
2005-2009	10-14	0.00018	0.00088	2.8	98965	87	494632	6666210	67.36
2005-2009	15-19	0.00066	0.00328	2.95	98878	324	493724	6171578	62.42
2005-2009	20-24	0.00106	0.00529	2.57	98553	521	491500	5677855	57.61
2005-2009	25-29	0.00114	0.00567	2.52	98032	556	488784	5186354	52.90
2005-2009	30-34	0.00127	0.00635	2.56	97477	619	485870	4697570	48.19
2005-2009	35-39	0.00163	0.00812	2.63	96858	787	482421	4211701	43.48
2005-2009	40-44	0.00253	0.01259	2.69	96071	1210	477564	3729279	38.82
2005-2009	45-49	0.00394	0.01954	2.64	94861	1854	469924	3251715	34.28
2005-2009	50-54	0.00602	0.02969	2.64	93007	2761	458516	2781791	29.91
2005-2009	55-59	0.00852	0.04176	2.63	90246	3768	442287	2323275	25.74
2005-2009	60-64	0.01253	0.06085	2.64	86478	5263	419987	1880988	21.75
2005-2009	65-69	0.01856	0.08885	2.62	81215	7216	388887	1461001	17.99
2005-2009	70-74	0.02849	0.13345	2.64	74000	9876	346670	1072114	14.49
2005-2009	75-79	0.04472	0.20173	2.58	64124	12936	289272	725444	11.31
2005-2009	80-84	0.07270	0.30867	2.56	51188	15800	217344	436172	8.52
2005-2009	85-89	0.12049	0.46145	2.46	35388	16330	135532	218828	6.18
2005-2009	90-94	0.19644	0.64095	2.29	19058	12215	62186	83296	4.37
2005-2009	95-99	0.30325	0.79999	2.05	6843	5474	18052	21111	3.09
2005-2009	100-104	0.43669	0.90505	1.77	1369	1239	2837	3058	2.23
2005-2009	105-109	0.58161	0.95789	1.5	130	124	214	222	1.71
2005-2009	110+	0.69714	1.00000	1.43	5	5	8	8	1.43
2010-2014	0	0.00680	0.00675	0.07	100000	675	99370	7753528	77.54
2010-2014	1-4	0.00031	0.00123	1.64	99325	122	397012	7654158	77.06
2010-2014	5-9	0.00013	0.00067	2.47	99203	67	495845	7257146	73.15
2010-2014	10-14	0.00016	0.00080	2.86	99136	80	495509	6761301	68.20
2010-2014	15-19	0.00048	0.00242	3.03	99056	240	494810	6265792	63.25
2010-2014	20-24	0.00088	0.00440	2.61	98816	434	493045	5770982	58.40
2010-2014	25-29	0.00104	0.00520	2.56	98382	512	490662	5277937	53.65
2010-2014	30-34	0.00124	0.00617	2.57	97870	604	487882	4787275	48.91
2010-2014	35-39	0.00152	0.00758	2.63	97267	737	484585	4299393	44.20
2010-2014	40-44	0.00216	0.01072	2.63	96530	1035	480200	3814809	39.52
2010-2014	45-49	0.00353	0.01749	2.69	95495	1670	473614	3334609	34.92
2010-2014	50-54	0.00567	0.02799	2.67	93825	2626	462994	2860995	30.49
2010-2014	55-59	0.00845	0.04144	2.61	91198	3779	446963	2398000	26.29
2010-2014	60-64	0.01188	0.05775	2.61	87419	5048	425011	1951038	22.32
2010-2014	65-69	0.01706	0.08199	2.63	82371	6754	395837	1526026	18.53
2010-2014	70-74	0.02585	0.12172	2.61	75617	9204	356104	1130189	14.95
2010-2014	75-79	0.04128	0.18787	2.61	66413	12477	302285	774086	11.66
2010-2014	80-84	0.06885	0.29486	2.57	53936	15903	230985	471801	8.75
2010-2014	85-89	0.11546	0.44701	2.48	38033	17001	147248	240816	6.33
2010-2014	90-94	0.19121	0.63111	2.31	21032	13273	69418	93567	4.45
2010-2014	95-99	0.29968	0.79650	2.06	7758	6180	20621	24150	3.11
2010-2014	100-104	0.43638	0.90526	1.77	1579	1429	3275	3529	2.24
2010-2014	105-109	0.58510	0.95890	1.49	150	143	245	254	1.70
2010-2014	110+	0.70325	1.00000	1.42	6	6	9	9	1.42
2015-2019	0	0.00731	0.00726	0.07	100000	726	99324	7751793	77.52
2015-2019	1-4	0.00029	0.00116	1.65	99274	115	396826	7652469	77.08
2015-2019	5-9	0.00014	0.00069	2.35	99159	69	495612	7255643	73.17
2015-2019	10-14	0.00016	0.00081	2.8	99090	81	495272	6760032	68.22
2015-2019	15-19	0.00056	0.00280	2.96	99009	277	494481	6264760	63.27
2015-2019	20-24	0.00101	0.00504	2.6	98733	498	492468	5770278	58.44
2015-2019	25-29	0.00119	0.00594	2.54	98234	583	489737	5277810	53.73
2015-2019	30-34	0.00146	0.00726	2.53	97651	709	486509	4788073	49.03
2015-2019	35-39	0.00178	0.00886	2.59	96943	859	482644	4301564	44.37
2015-2019	40-44	0.00230	0.01145	2.62	96084	1100	477795	3818920	39.75
2015-2019	45-49	0.00333	0.01652	2.65	94984	1569	471236	3341126	35.18
2015-2019	50-54	0.00535	0.02642	2.68	93414	2468	461350	2869889	30.72
2015-2019	55-59	0.00846	0.04147	2.65	90947	3771	445862	2408539	26.48
2015-2019	60-64	0.01225	0.05952	2.61	87176	5189	423491	1962677	22.51
2015-2019	65-69	0.01687	0.08105	2.59	81987	6645	393951	1539186	18.77
2015-2019	70-74	0.02522	0.11899	2.63	75342	8965	355439	1145235	15.20
2015-2019	75-79	0.03927	0.17950	2.61	66377	11915	303379	789796	11.90
2015-2019	80-84	0.06579	0.28371	2.58	54462	15451	234853	486417	8.93
2015-2019	85-89	0.11210	0.43739	2.49	39011	17063	152211	251565	6.45
2015-2019	90-94	0.18674	0.62217	2.32	21948	13655	73125	99353	4.53
2015-2019	95-99	0.29405	0.79006	2.07	8292	6552	22281	26228	3.16
2015-2019	100-104	0.42967	0.90159	1.78	1741	1570	3653	3947	2.27
2015-2019	105-109	0.57788	0.95717	1.51	171	164	284	294	1.72
2015-2019	110+	0.69613	1.00000	1.44	7	7	11	11	1.44
2020-2022	0	0.00656	0.00652	0.07	100000	652	99391	7549470	75.49
2020-2022	1-4	0.00031	0.00125	1.55	99348	124	397088	7450078	74.99
2020-2022	5-9	0.00013	0.00067	2.29	99224	66	495940	7052990	71.08
2020-2022	10-14	0.00020	0.00102	2.73	99158	101	495558	6557051	66.13
2020-2022	15-19	0.00070	0.00349	3.03	99057	346	494601	6061492	61.19
2020-2022	20-24	0.00127	0.00631	2.59	98711	623	492050	5566891	56.40
2020-2022	25-29	0.00160	0.00795	2.63	98088	780	488591	5074841	51.74
2020-2022	30-34	0.00207	0.01030	2.56	97308	1002	484099	4586250	47.13
2020-2022	35-39	0.00253	0.01255	2.59	96306	1209	478614	4102151	42.60
2020-2022	40-44	0.00325	0.01613	2.56	95097	1534	471745	3623537	38.10
2020-2022	45-49	0.00436	0.02160	2.64	93563	2021	463056	3151792	33.69
2020-2022	50-54	0.00628	0.03093	2.64	91542	2832	451037	2688736	29.37
2020-2022	55-59	0.00964	0.04714	2.66	88711	4182	433786	2237699	25.22
2020-2022	60-64	0.01463	0.07065	2.61	84529	5972	408356	1803912	21.34
2020-2022	65-69	0.01993	0.09510	2.59	78556	7471	374787	1395557	17.77
2020-2022	70-74	0.02891	0.13519	2.61	71086	9610	332448	1020770	14.36
2020-2022	75-79	0.04495	0.20304	2.62	61476	12482	277684	688322	11.20
2020-2022	80-84	0.07448	0.31500	2.55	48994	15433	207208	410638	8.38
2020-2022	85-89	0.12306	0.46858	2.46	33561	15726	127788	203429	6.06
2020-2022	90-94	0.20401	0.65565	2.28	17835	11693	57317	75642	4.24
2020-2022	95-99	0.31523	0.81308	2.02	6141	4993	15840	18324	2.98
2020-2022	100-104	0.45219	0.91307	1.74	1148	1048	2318	2484	2.16
2020-2022	105-109	0.59810	0.96164	1.47	100	96	160	166	1.66
2020-2022	110+	0.71261	1.00000	1.4	4	4	5	5	1.40
