KY: KY, Lifetables (period 1x10), Both sexes Last modified: February 4 2025, MPv5 (May07) 

Year     	Age	mx	qx	ax	lx	dx	Lx	Tx	ex
1941-1949	0	0.04725	0.04548	0.18	100000	4548	96265	6527863	65.28
1941-1949	1	0.00497	0.00496	0.5	95452	473	95215	6431598	67.38
1941-1949	2	0.00248	0.00248	0.5	94979	235	94861	6336383	66.71
1941-1949	3	0.00175	0.00175	0.5	94744	165	94661	6241521	65.88
1941-1949	4	0.00131	0.00131	0.5	94578	124	94516	6146860	64.99
1941-1949	5	0.00110	0.00110	0.5	94454	104	94402	6052344	64.08
1941-1949	6	0.00101	0.00101	0.5	94350	95	94303	5957942	63.15
1941-1949	7	0.00093	0.00093	0.5	94255	88	94211	5863639	62.21
1941-1949	8	0.00086	0.00086	0.5	94167	81	94127	5769428	61.27
1941-1949	9	0.00080	0.00080	0.5	94086	76	94048	5675301	60.32
1941-1949	10	0.00077	0.00077	0.5	94011	72	93975	5581253	59.37
1941-1949	11	0.00078	0.00077	0.5	93938	73	93902	5487278	58.41
1941-1949	12	0.00084	0.00084	0.5	93866	79	93826	5393376	57.46
1941-1949	13	0.00095	0.00095	0.5	93787	89	93743	5299550	56.51
1941-1949	14	0.00112	0.00111	0.5	93698	104	93646	5205807	55.56
1941-1949	15	0.00133	0.00133	0.5	93594	124	93532	5112161	54.62
1941-1949	16	0.00153	0.00153	0.5	93470	143	93398	5018630	53.69
1941-1949	17	0.00172	0.00172	0.5	93326	161	93246	4925232	52.77
1941-1949	18	0.00190	0.00190	0.5	93166	177	93077	4831986	51.86
1941-1949	19	0.00206	0.00206	0.5	92989	191	92893	4738909	50.96
1941-1949	20	0.00220	0.00219	0.5	92798	204	92696	4646015	50.07
1941-1949	21	0.00233	0.00233	0.5	92594	215	92486	4553320	49.18
1941-1949	22	0.00244	0.00244	0.5	92379	225	92266	4460833	48.29
1941-1949	23	0.00253	0.00252	0.5	92154	233	92037	4368567	47.41
1941-1949	24	0.00259	0.00258	0.5	91921	238	91802	4276530	46.52
1941-1949	25	0.00263	0.00262	0.5	91683	241	91563	4184728	45.64
1941-1949	26	0.00267	0.00267	0.5	91443	244	91321	4093164	44.76
1941-1949	27	0.00273	0.00273	0.5	91199	249	91074	4001844	43.88
1941-1949	28	0.00281	0.00281	0.5	90950	255	90822	3910769	43.00
1941-1949	29	0.00289	0.00289	0.5	90695	262	90564	3819947	42.12
1941-1949	30	0.00298	0.00298	0.5	90432	269	90298	3729384	41.24
1941-1949	31	0.00308	0.00307	0.5	90163	277	90025	3639086	40.36
1941-1949	32	0.00321	0.00320	0.5	89886	288	89742	3549061	39.48
1941-1949	33	0.00337	0.00336	0.5	89598	301	89448	3459319	38.61
1941-1949	34	0.00356	0.00355	0.5	89297	317	89138	3369872	37.74
1941-1949	35	0.00378	0.00377	0.5	88980	336	88812	3280733	36.87
1941-1949	36	0.00400	0.00399	0.5	88644	354	88467	3191921	36.01
1941-1949	37	0.00422	0.00421	0.5	88290	372	88104	3103454	35.15
1941-1949	38	0.00447	0.00446	0.5	87918	392	87722	3015350	34.30
1941-1949	39	0.00472	0.00471	0.5	87526	412	87320	2927628	33.45
1941-1949	40	0.00494	0.00492	0.5	87114	429	86899	2840308	32.60
1941-1949	41	0.00512	0.00511	0.5	86685	443	86463	2753409	31.76
1941-1949	42	0.00542	0.00540	0.5	86242	466	86009	2666946	30.92
1941-1949	43	0.00579	0.00578	0.5	85776	495	85528	2580937	30.09
1941-1949	44	0.00616	0.00614	0.5	85280	524	85018	2495409	29.26
1941-1949	45	0.00658	0.00656	0.5	84757	556	84478	2410391	28.44
1941-1949	46	0.00701	0.00698	0.5	84200	588	83906	2325912	27.62
1941-1949	47	0.00749	0.00746	0.5	83612	624	83301	2242006	26.81
1941-1949	48	0.00809	0.00806	0.5	82989	669	82654	2158705	26.01
1941-1949	49	0.00881	0.00877	0.5	82320	722	81959	2076051	25.22
1941-1949	50	0.00963	0.00958	0.5	81598	782	81207	1994092	24.44
1941-1949	51	0.01029	0.01024	0.5	80816	827	80402	1912885	23.67
1941-1949	52	0.01097	0.01091	0.5	79989	873	79553	1832483	22.91
1941-1949	53	0.01173	0.01166	0.5	79116	922	78655	1752930	22.16
1941-1949	54	0.01247	0.01239	0.5	78194	969	77709	1674275	21.41
1941-1949	55	0.01329	0.01320	0.5	77225	1019	76715	1596566	20.67
1941-1949	56	0.01409	0.01399	0.5	76205	1066	75672	1519851	19.94
1941-1949	57	0.01496	0.01485	0.5	75139	1116	74582	1444178	19.22
1941-1949	58	0.01599	0.01586	0.5	74024	1174	73437	1369597	18.50
1941-1949	59	0.01705	0.01690	0.5	72850	1231	72234	1296160	17.79
1941-1949	60	0.01821	0.01804	0.5	71618	1292	70972	1223926	17.09
1941-1949	61	0.01943	0.01925	0.5	70326	1353	69649	1152954	16.39
1941-1949	62	0.02101	0.02079	0.5	68973	1434	68256	1083304	15.71
1941-1949	63	0.02302	0.02276	0.5	67539	1537	66770	1015049	15.03
1941-1949	64	0.02525	0.02494	0.5	66002	1646	65179	948278	14.37
1941-1949	65	0.02799	0.02760	0.5	64356	1776	63468	883099	13.72
1941-1949	66	0.03058	0.03012	0.5	62580	1885	61637	819631	13.10
1941-1949	67	0.03318	0.03264	0.5	60695	1981	59704	757994	12.49
1941-1949	68	0.03641	0.03576	0.5	58714	2099	57664	698290	11.89
1941-1949	69	0.03985	0.03907	0.5	56614	2212	55508	640626	11.32
1941-1949	70	0.04355	0.04262	0.5	54402	2319	53243	585117	10.76
1941-1949	71	0.04700	0.04592	0.5	52084	2392	50888	531874	10.21
1941-1949	72	0.05122	0.04994	0.5	49692	2482	48451	480986	9.68
1941-1949	73	0.05653	0.05498	0.5	47210	2595	45913	432535	9.16
1941-1949	74	0.06208	0.06021	0.5	44615	2686	43272	386622	8.67
1941-1949	75	0.06853	0.06626	0.5	41929	2778	40540	343350	8.19
1941-1949	76	0.07521	0.07248	0.5	39150	2838	37732	302811	7.73
1941-1949	77	0.08235	0.07910	0.5	36313	2872	34877	265079	7.30
1941-1949	78	0.09088	0.08693	0.5	33440	2907	31987	230203	6.88
1941-1949	79	0.09990	0.09515	0.5	30533	2905	29081	198216	6.49
1941-1949	80	0.10881	0.10319	0.5	27628	2851	26203	169135	6.12
1941-1949	81	0.11926	0.11255	0.5	24777	2789	23383	142933	5.77
1941-1949	82	0.13058	0.12257	0.5	21989	2695	20641	119550	5.44
1941-1949	83	0.14282	0.13330	0.5	19293	2572	18007	98909	5.13
1941-1949	84	0.15587	0.14460	0.5	16722	2418	15513	80901	4.84
1941-1949	85	0.16950	0.15626	0.5	14304	2235	13186	65389	4.57
1941-1949	86	0.18433	0.16877	0.5	12068	2037	11050	52203	4.33
1941-1949	87	0.20080	0.18248	0.5	10032	1831	9116	41153	4.10
1941-1949	88	0.21847	0.19695	0.5	8201	1615	7393	32036	3.91
1941-1949	89	0.22032	0.19846	0.5	6586	1307	5932	24643	3.74
1941-1949	90	0.23607	0.21115	0.5	5279	1115	4722	18710	3.54
1941-1949	91	0.25258	0.22426	0.5	4164	934	3697	13989	3.36
1941-1949	92	0.26983	0.23776	0.5	3230	768	2846	10292	3.19
1941-1949	93	0.28781	0.25160	0.5	2462	620	2153	7445	3.02
1941-1949	94	0.30648	0.26575	0.5	1843	490	1598	5293	2.87
1941-1949	95	0.32580	0.28016	0.5	1353	379	1164	3695	2.73
1941-1949	96	0.34573	0.29477	0.5	974	287	830	2531	2.60
1941-1949	97	0.36622	0.30954	0.5	687	213	581	1701	2.48
1941-1949	98	0.38720	0.32440	0.5	474	154	397	1120	2.36
1941-1949	99	0.40861	0.33929	0.5	320	109	266	723	2.26
1941-1949	100	0.43036	0.35416	0.5	212	75	174	457	2.16
1941-1949	101	0.45240	0.36894	0.5	137	50	112	282	2.07
1941-1949	102	0.47462	0.38359	0.5	86	33	70	171	1.98
1941-1949	103	0.49694	0.39804	0.5	53	21	43	101	1.90
1941-1949	104	0.51927	0.41224	0.5	32	13	25	59	1.83
1941-1949	105	0.54153	0.42615	0.5	19	8	15	33	1.77
1941-1949	106	0.56363	0.43971	0.5	11	5	8	18	1.71
1941-1949	107	0.58548	0.45290	0.5	6	3	5	10	1.65
1941-1949	108	0.60700	0.46567	0.5	3	2	3	5	1.60
1941-1949	109	0.62812	0.47800	0.5	2	1	1	3	1.57
1941-1949	110+	0.64876	1.00000	1.54	1	1	1	1	1.54
1950-1959	0	0.03220	0.03133	0.14	100000	3133	97298	6891954	68.92
1950-1959	1	0.00236	0.00236	0.5	96867	228	96753	6794656	70.14
1950-1959	2	0.00142	0.00141	0.5	96639	137	96571	6697903	69.31
1950-1959	3	0.00106	0.00106	0.5	96502	102	96451	6601332	68.41
1950-1959	4	0.00078	0.00078	0.5	96400	75	96363	6504881	67.48
1950-1959	5	0.00067	0.00067	0.5	96326	65	96293	6408518	66.53
1950-1959	6	0.00062	0.00062	0.5	96261	59	96231	6312225	65.57
1950-1959	7	0.00056	0.00056	0.5	96202	54	96175	6215994	64.61
1950-1959	8	0.00053	0.00053	0.5	96148	50	96122	6119819	63.65
1950-1959	9	0.00050	0.00050	0.5	96097	48	96073	6023696	62.68
1950-1959	10	0.00047	0.00047	0.5	96049	45	96027	5927623	61.71
1950-1959	11	0.00048	0.00048	0.5	96004	46	95981	5831597	60.74
1950-1959	12	0.00052	0.00052	0.5	95958	50	95933	5735615	59.77
1950-1959	13	0.00060	0.00060	0.5	95908	57	95879	5639682	58.80
1950-1959	14	0.00074	0.00074	0.5	95851	71	95815	5543803	57.84
1950-1959	15	0.00093	0.00093	0.5	95780	89	95735	5447988	56.88
1950-1959	16	0.00111	0.00111	0.5	95691	106	95638	5352253	55.93
1950-1959	17	0.00124	0.00123	0.5	95584	118	95525	5256615	54.99
1950-1959	18	0.00132	0.00132	0.5	95466	126	95403	5161090	54.06
1950-1959	19	0.00143	0.00143	0.5	95340	136	95272	5065686	53.13
1950-1959	20	0.00148	0.00148	0.5	95204	141	95134	4970414	52.21
1950-1959	21	0.00154	0.00154	0.5	95063	146	94990	4875281	51.28
1950-1959	22	0.00157	0.00157	0.5	94917	149	94843	4780290	50.36
1950-1959	23	0.00163	0.00162	0.5	94768	154	94691	4685448	49.44
1950-1959	24	0.00161	0.00161	0.5	94614	152	94538	4590757	48.52
1950-1959	25	0.00164	0.00164	0.5	94462	155	94384	4496219	47.60
1950-1959	26	0.00170	0.00170	0.5	94307	160	94227	4401834	46.68
1950-1959	27	0.00174	0.00174	0.5	94147	164	94065	4307607	45.75
1950-1959	28	0.00177	0.00177	0.5	93983	167	93900	4213542	44.83
1950-1959	29	0.00183	0.00183	0.5	93816	171	93731	4119643	43.91
1950-1959	30	0.00189	0.00189	0.5	93645	177	93556	4025912	42.99
1950-1959	31	0.00197	0.00196	0.5	93468	184	93376	3932356	42.07
1950-1959	32	0.00207	0.00207	0.5	93284	193	93187	3838980	41.15
1950-1959	33	0.00223	0.00223	0.5	93091	208	92987	3745792	40.24
1950-1959	34	0.00236	0.00236	0.5	92883	219	92774	3652805	39.33
1950-1959	35	0.00249	0.00249	0.5	92664	231	92549	3560032	38.42
1950-1959	36	0.00261	0.00261	0.5	92433	241	92313	3467483	37.51
1950-1959	37	0.00283	0.00282	0.5	92192	260	92062	3375170	36.61
1950-1959	38	0.00311	0.00311	0.5	91932	286	91790	3283108	35.71
1950-1959	39	0.00335	0.00335	0.5	91647	307	91493	3191318	34.82
1950-1959	40	0.00360	0.00359	0.5	91340	328	91176	3099825	33.94
1950-1959	41	0.00389	0.00388	0.5	91012	353	90835	3008649	33.06
1950-1959	42	0.00417	0.00416	0.5	90659	377	90470	2917814	32.18
1950-1959	43	0.00456	0.00455	0.5	90282	411	90076	2827343	31.32
1950-1959	44	0.00487	0.00486	0.5	89871	437	89653	2737267	30.46
1950-1959	45	0.00532	0.00530	0.5	89434	474	89197	2647614	29.60
1950-1959	46	0.00580	0.00578	0.5	88960	514	88703	2558417	28.76
1950-1959	47	0.00632	0.00630	0.5	88446	557	88167	2469714	27.92
1950-1959	48	0.00690	0.00688	0.5	87889	605	87586	2381547	27.10
1950-1959	49	0.00747	0.00744	0.5	87284	649	86959	2293960	26.28
1950-1959	50	0.00789	0.00786	0.5	86635	681	86294	2207001	25.47
1950-1959	51	0.00867	0.00864	0.5	85954	742	85582	2120707	24.67
1950-1959	52	0.00953	0.00949	0.5	85211	808	84807	2035125	23.88
1950-1959	53	0.01002	0.00997	0.5	84403	841	83982	1950318	23.11
1950-1959	54	0.01086	0.01080	0.5	83561	903	83110	1866335	22.33
1950-1959	55	0.01145	0.01138	0.5	82659	941	82188	1783225	21.57
1950-1959	56	0.01234	0.01226	0.5	81718	1002	81217	1701037	20.82
1950-1959	57	0.01326	0.01317	0.5	80716	1063	80184	1619821	20.07
1950-1959	58	0.01453	0.01443	0.5	79653	1149	79078	1539636	19.33
1950-1959	59	0.01590	0.01577	0.5	78503	1238	77884	1460558	18.61
1950-1959	60	0.01705	0.01690	0.5	77265	1306	76612	1382674	17.90
1950-1959	61	0.01818	0.01802	0.5	75959	1368	75275	1306062	17.19
1950-1959	62	0.01998	0.01978	0.5	74591	1476	73853	1230787	16.50
1950-1959	63	0.02172	0.02149	0.5	73115	1571	72330	1156934	15.82
1950-1959	64	0.02366	0.02338	0.5	71544	1673	70708	1084604	15.16
1950-1959	65	0.02550	0.02518	0.5	69871	1759	68992	1013896	14.51
1950-1959	66	0.02761	0.02724	0.5	68112	1855	67185	944904	13.87
1950-1959	67	0.03004	0.02959	0.5	66257	1961	65277	877720	13.25
1950-1959	68	0.03210	0.03159	0.5	64296	2031	63281	812443	12.64
1950-1959	69	0.03488	0.03428	0.5	62265	2135	61198	749162	12.03
1950-1959	70	0.03810	0.03739	0.5	60131	2248	59007	687964	11.44
1950-1959	71	0.04131	0.04047	0.5	57883	2343	56711	628958	10.87
1950-1959	72	0.04547	0.04446	0.5	55540	2469	54305	572246	10.30
1950-1959	73	0.05018	0.04895	0.5	53071	2598	51772	517941	9.76
1950-1959	74	0.05549	0.05399	0.5	50473	2725	49111	466169	9.24
1950-1959	75	0.06109	0.05928	0.5	47748	2831	46333	417058	8.73
1950-1959	76	0.06794	0.06570	0.5	44918	2951	43442	370725	8.25
1950-1959	77	0.07393	0.07129	0.5	41966	2992	40470	327284	7.80
1950-1959	78	0.08137	0.07819	0.5	38974	3047	37451	286813	7.36
1950-1959	79	0.09050	0.08658	0.5	35927	3111	34372	249362	6.94
1950-1959	80	0.09675	0.09229	0.5	32816	3029	31302	214991	6.55
1950-1959	81	0.10485	0.09963	0.5	29788	2968	28304	183688	6.17
1950-1959	82	0.11603	0.10966	0.5	26820	2941	25349	155385	5.79
1950-1959	83	0.12642	0.11890	0.5	23879	2839	22459	130035	5.45
1950-1959	84	0.13995	0.13079	0.5	21040	2752	19664	107576	5.11
1950-1959	85	0.15180	0.14109	0.5	18288	2580	16998	87912	4.81
1950-1959	86	0.16929	0.15608	0.5	15708	2452	14482	70915	4.51
1950-1959	87	0.18820	0.17202	0.5	13256	2280	12116	56433	4.26
1950-1959	88	0.19432	0.17712	0.5	10976	1944	10004	44317	4.04
1950-1959	89	0.21071	0.19063	0.5	9032	1722	8171	34313	3.80
1950-1959	90	0.22810	0.20475	0.5	7310	1497	6562	26142	3.58
1950-1959	91	0.24647	0.21943	0.5	5813	1276	5176	19581	3.37
1950-1959	92	0.26583	0.23464	0.5	4538	1065	4005	14405	3.17
1950-1959	93	0.28613	0.25032	0.5	3473	869	3038	10400	2.99
1950-1959	94	0.30735	0.26641	0.5	2604	694	2257	7362	2.83
1950-1959	95	0.32942	0.28283	0.5	1910	540	1640	5105	2.67
1950-1959	96	0.35228	0.29952	0.5	1370	410	1165	3465	2.53
1950-1959	97	0.37584	0.31639	0.5	960	304	808	2300	2.40
1950-1959	98	0.40002	0.33335	0.5	656	219	547	1493	2.28
1950-1959	99	0.42471	0.35032	0.5	437	153	361	946	2.16
1950-1959	100	0.44980	0.36721	0.5	284	104	232	585	2.06
1950-1959	101	0.47515	0.38394	0.5	180	69	145	353	1.97
1950-1959	102	0.50065	0.40042	0.5	111	44	89	208	1.88
1950-1959	103	0.52616	0.41657	0.5	66	28	53	119	1.80
1950-1959	104	0.55155	0.43232	0.5	39	17	30	67	1.73
1950-1959	105	0.57668	0.44761	0.5	22	10	17	37	1.66
1950-1959	106	0.60144	0.46239	0.5	12	6	9	19	1.60
1950-1959	107	0.62570	0.47660	0.5	7	3	5	10	1.55
1950-1959	108	0.64936	0.49020	0.5	3	2	3	5	1.50
1950-1959	109	0.67232	0.50317	0.5	2	1	1	3	1.46
1950-1959	110+	0.69450	1.00000	1.44	1	1	1	1	1.44
1960-1969	0	0.02587	0.02529	0.12	100000	2529	97774	6988660	69.89
1960-1969	1	0.00170	0.00170	0.5	97471	165	97388	6890886	70.70
1960-1969	2	0.00100	0.00100	0.5	97306	97	97257	6793497	69.82
1960-1969	3	0.00075	0.00075	0.5	97208	73	97172	6696240	68.89
1960-1969	4	0.00067	0.00067	0.5	97135	65	97103	6599069	67.94
1960-1969	5	0.00060	0.00060	0.5	97070	58	97041	6501966	66.98
1960-1969	6	0.00050	0.00050	0.5	97012	49	96988	6404925	66.02
1960-1969	7	0.00048	0.00048	0.5	96963	46	96940	6307937	65.05
1960-1969	8	0.00042	0.00042	0.5	96917	41	96897	6210997	64.09
1960-1969	9	0.00041	0.00041	0.5	96876	40	96856	6114100	63.11
1960-1969	10	0.00037	0.00037	0.5	96836	36	96818	6017244	62.14
1960-1969	11	0.00042	0.00042	0.5	96800	40	96780	5920425	61.16
1960-1969	12	0.00040	0.00040	0.5	96760	38	96740	5823646	60.19
1960-1969	13	0.00051	0.00051	0.5	96721	49	96697	5726905	59.21
1960-1969	14	0.00060	0.00060	0.5	96672	58	96643	5630209	58.24
1960-1969	15	0.00073	0.00073	0.5	96614	71	96578	5533566	57.28
1960-1969	16	0.00103	0.00103	0.5	96543	100	96493	5436987	56.32
1960-1969	17	0.00121	0.00121	0.5	96444	117	96385	5340494	55.37
1960-1969	18	0.00131	0.00130	0.5	96327	126	96264	5244109	54.44
1960-1969	19	0.00140	0.00140	0.5	96201	135	96134	5147845	53.51
1960-1969	20	0.00128	0.00128	0.5	96067	123	96005	5051711	52.59
1960-1969	21	0.00134	0.00134	0.5	95944	129	95879	4955706	51.65
1960-1969	22	0.00146	0.00146	0.5	95815	140	95745	4859827	50.72
1960-1969	23	0.00141	0.00141	0.5	95675	135	95607	4764082	49.79
1960-1969	24	0.00140	0.00140	0.5	95540	134	95473	4668474	48.86
1960-1969	25	0.00143	0.00143	0.5	95406	136	95338	4573001	47.93
1960-1969	26	0.00148	0.00148	0.5	95270	141	95199	4477663	47.00
1960-1969	27	0.00135	0.00135	0.5	95129	129	95065	4382464	46.07
1960-1969	28	0.00165	0.00165	0.5	95000	156	94922	4287399	45.13
1960-1969	29	0.00157	0.00157	0.5	94844	149	94770	4192477	44.20
1960-1969	30	0.00150	0.00150	0.5	94695	142	94624	4097708	43.27
1960-1969	31	0.00170	0.00169	0.5	94553	160	94473	4003083	42.34
1960-1969	32	0.00180	0.00179	0.5	94393	169	94308	3908610	41.41
1960-1969	33	0.00200	0.00200	0.5	94224	188	94130	3814302	40.48
1960-1969	34	0.00213	0.00213	0.5	94035	201	93935	3720173	39.56
1960-1969	35	0.00224	0.00224	0.5	93835	210	93730	3626237	38.64
1960-1969	36	0.00240	0.00240	0.5	93625	224	93513	3532507	37.73
1960-1969	37	0.00257	0.00257	0.5	93401	240	93281	3438995	36.82
1960-1969	38	0.00284	0.00283	0.5	93161	264	93029	3345714	35.91
1960-1969	39	0.00322	0.00321	0.5	92897	298	92748	3252685	35.01
1960-1969	40	0.00334	0.00334	0.5	92599	309	92444	3159937	34.13
1960-1969	41	0.00353	0.00352	0.5	92290	325	92127	3067493	33.24
1960-1969	42	0.00422	0.00421	0.5	91965	387	91771	2975366	32.35
1960-1969	43	0.00443	0.00442	0.5	91577	404	91375	2883595	31.49
1960-1969	44	0.00489	0.00488	0.5	91173	445	90950	2792219	30.63
1960-1969	45	0.00513	0.00511	0.5	90728	464	90496	2701269	29.77
1960-1969	46	0.00557	0.00556	0.5	90264	502	90013	2610773	28.92
1960-1969	47	0.00623	0.00621	0.5	89762	557	89484	2520760	28.08
1960-1969	48	0.00688	0.00686	0.5	89205	612	88899	2431276	27.25
1960-1969	49	0.00746	0.00743	0.5	88593	658	88264	2342377	26.44
1960-1969	50	0.00767	0.00764	0.5	87935	672	87599	2254113	25.63
1960-1969	51	0.00841	0.00837	0.5	87263	730	86898	2166514	24.83
1960-1969	52	0.00933	0.00929	0.5	86533	804	86131	2079616	24.03
1960-1969	53	0.01003	0.00998	0.5	85729	856	85301	1993485	23.25
1960-1969	54	0.01100	0.01094	0.5	84873	928	84409	1908184	22.48
1960-1969	55	0.01182	0.01175	0.5	83945	986	83452	1823775	21.73
1960-1969	56	0.01228	0.01221	0.5	82959	1013	82453	1740322	20.98
1960-1969	57	0.01345	0.01336	0.5	81946	1095	81399	1657870	20.23
1960-1969	58	0.01481	0.01470	0.5	80851	1189	80257	1576471	19.50
1960-1969	59	0.01593	0.01580	0.5	79663	1259	79033	1496214	18.78
1960-1969	60	0.01675	0.01661	0.5	78404	1302	77753	1417181	18.08
1960-1969	61	0.01791	0.01775	0.5	77102	1369	76417	1339428	17.37
1960-1969	62	0.02055	0.02034	0.5	75733	1541	74963	1263011	16.68
1960-1969	63	0.02172	0.02149	0.5	74192	1594	73395	1188048	16.01
1960-1969	64	0.02312	0.02286	0.5	72598	1660	71768	1114652	15.35
1960-1969	65	0.02601	0.02568	0.5	70938	1821	70028	1042884	14.70
1960-1969	66	0.02684	0.02649	0.5	69117	1831	68202	972857	14.08
1960-1969	67	0.03038	0.02992	0.5	67286	2013	66280	904655	13.44
1960-1969	68	0.03276	0.03223	0.5	65273	2104	64221	838375	12.84
1960-1969	69	0.03431	0.03373	0.5	63169	2131	62104	774154	12.26
1960-1969	70	0.03803	0.03732	0.5	61038	2278	59900	712051	11.67
1960-1969	71	0.03963	0.03886	0.5	58761	2283	57619	652151	11.10
1960-1969	72	0.04673	0.04566	0.5	56477	2579	55188	594532	10.53
1960-1969	73	0.04958	0.04838	0.5	53898	2608	52595	539344	10.01
1960-1969	74	0.05405	0.05263	0.5	51291	2699	49941	486749	9.49
1960-1969	75	0.05900	0.05731	0.5	48591	2785	47199	436808	8.99
1960-1969	76	0.06272	0.06081	0.5	45807	2786	44414	389609	8.51
1960-1969	77	0.06929	0.06697	0.5	43021	2881	41580	345196	8.02
1960-1969	78	0.07452	0.07184	0.5	40140	2884	38698	303615	7.56
1960-1969	79	0.08314	0.07982	0.5	37256	2974	35769	264917	7.11
1960-1969	80	0.09391	0.08970	0.5	34282	3075	32745	229148	6.68
1960-1969	81	0.09506	0.09075	0.5	31207	2832	29791	196403	6.29
1960-1969	82	0.11188	0.10596	0.5	28375	3007	26872	166612	5.87
1960-1969	83	0.12662	0.11908	0.5	25369	3021	23858	139740	5.51
1960-1969	84	0.13865	0.12966	0.5	22348	2898	20899	115881	5.19
1960-1969	85	0.14983	0.13939	0.5	19450	2711	18095	94982	4.88
1960-1969	86	0.16322	0.15091	0.5	16739	2526	15476	76887	4.59
1960-1969	87	0.17712	0.16271	0.5	14213	2313	13057	61411	4.32
1960-1969	88	0.19517	0.17782	0.5	11900	2116	10842	48354	4.06
1960-1969	89	0.20663	0.18728	0.5	9784	1832	8868	37512	3.83
1960-1969	90	0.22434	0.20171	0.5	7952	1604	7150	28644	3.60
1960-1969	91	0.24314	0.21678	0.5	6348	1376	5660	21494	3.39
1960-1969	92	0.26303	0.23246	0.5	4972	1156	4394	15834	3.18
1960-1969	93	0.28398	0.24867	0.5	3816	949	3342	11440	3.00
1960-1969	94	0.30595	0.26536	0.5	2867	761	2487	8099	2.82
1960-1969	95	0.32890	0.28245	0.5	2106	595	1809	5612	2.66
1960-1969	96	0.35274	0.29986	0.5	1511	453	1285	3803	2.52
1960-1969	97	0.37739	0.31748	0.5	1058	336	890	2518	2.38
1960-1969	98	0.40274	0.33524	0.5	722	242	601	1628	2.25
1960-1969	99	0.42868	0.35301	0.5	480	169	395	1027	2.14
1960-1969	100	0.45505	0.37071	0.5	311	115	253	632	2.03
1960-1969	101	0.48174	0.38822	0.5	195	76	158	379	1.94
1960-1969	102	0.50857	0.40546	0.5	120	48	95	221	1.85
1960-1969	103	0.53539	0.42233	0.5	71	30	56	126	1.77
1960-1969	104	0.56206	0.43875	0.5	41	18	32	70	1.69
1960-1969	105	0.58840	0.45465	0.5	23	10	18	38	1.63
1960-1969	106	0.61429	0.46995	0.5	13	6	10	20	1.57
1960-1969	107	0.63958	0.48461	0.5	7	3	5	10	1.51
1960-1969	108	0.66416	0.49859	0.5	3	2	3	5	1.47
1960-1969	109	0.68790	0.51185	0.5	2	1	1	2	1.43
1960-1969	110+	0.71072	1.00000	1.41	1	1	1	1	1.41
1970-1979	0	0.01626	0.01602	0.09	100000	1602	98547	7136218	71.36
1970-1979	1	0.00113	0.00113	0.5	98398	111	98342	7037671	71.52
1970-1979	2	0.00079	0.00079	0.5	98287	78	98248	6939329	70.60
1970-1979	3	0.00064	0.00064	0.5	98209	63	98178	6841081	69.66
1970-1979	4	0.00049	0.00049	0.5	98147	48	98123	6742903	68.70
1970-1979	5	0.00049	0.00049	0.5	98099	48	98075	6644780	67.74
1970-1979	6	0.00050	0.00050	0.5	98051	49	98026	6546706	66.77
1970-1979	7	0.00040	0.00040	0.5	98002	39	97982	6448679	65.80
1970-1979	8	0.00033	0.00033	0.5	97963	32	97947	6350697	64.83
1970-1979	9	0.00036	0.00036	0.5	97931	35	97913	6252751	63.85
1970-1979	10	0.00038	0.00038	0.5	97896	37	97877	6154837	62.87
1970-1979	11	0.00034	0.00034	0.5	97859	33	97842	6056960	61.89
1970-1979	12	0.00034	0.00034	0.5	97826	33	97809	5959118	60.92
1970-1979	13	0.00044	0.00044	0.5	97792	43	97771	5861309	59.94
1970-1979	14	0.00052	0.00052	0.5	97750	51	97724	5763538	58.96
1970-1979	15	0.00074	0.00074	0.5	97699	72	97663	5665814	57.99
1970-1979	16	0.00100	0.00100	0.5	97626	98	97577	5568151	57.04
1970-1979	17	0.00114	0.00114	0.5	97528	111	97473	5470574	56.09
1970-1979	18	0.00131	0.00131	0.5	97417	127	97353	5373101	55.16
1970-1979	19	0.00138	0.00138	0.5	97290	135	97222	5275748	54.23
1970-1979	20	0.00134	0.00134	0.5	97155	130	97090	5178525	53.30
1970-1979	21	0.00133	0.00133	0.5	97025	129	96961	5081435	52.37
1970-1979	22	0.00142	0.00142	0.5	96896	137	96828	4984475	51.44
1970-1979	23	0.00130	0.00130	0.5	96759	126	96696	4887647	50.51
1970-1979	24	0.00129	0.00129	0.5	96633	125	96571	4790951	49.58
1970-1979	25	0.00128	0.00128	0.5	96508	124	96446	4694380	48.64
1970-1979	26	0.00142	0.00142	0.5	96384	137	96316	4597934	47.70
1970-1979	27	0.00141	0.00140	0.5	96248	135	96180	4501618	46.77
1970-1979	28	0.00141	0.00141	0.5	96113	135	96045	4405438	45.84
1970-1979	29	0.00143	0.00143	0.5	95977	137	95909	4309393	44.90
1970-1979	30	0.00142	0.00141	0.5	95841	136	95773	4213483	43.96
1970-1979	31	0.00147	0.00147	0.5	95705	141	95635	4117711	43.03
1970-1979	32	0.00161	0.00161	0.5	95564	154	95487	4022076	42.09
1970-1979	33	0.00174	0.00174	0.5	95410	166	95327	3926589	41.15
1970-1979	34	0.00187	0.00187	0.5	95244	178	95155	3831262	40.23
1970-1979	35	0.00203	0.00203	0.5	95066	193	94969	3736107	39.30
1970-1979	36	0.00220	0.00220	0.5	94873	209	94768	3641138	38.38
1970-1979	37	0.00243	0.00242	0.5	94664	229	94549	3546370	37.46
1970-1979	38	0.00260	0.00260	0.5	94435	246	94312	3451821	36.55
1970-1979	39	0.00279	0.00279	0.5	94189	263	94058	3357509	35.65
1970-1979	40	0.00310	0.00309	0.5	93926	291	93781	3263451	34.74
1970-1979	41	0.00320	0.00319	0.5	93636	299	93486	3169670	33.85
1970-1979	42	0.00366	0.00366	0.5	93337	341	93166	3076184	32.96
1970-1979	43	0.00393	0.00392	0.5	92995	364	92813	2983018	32.08
1970-1979	44	0.00453	0.00452	0.5	92631	419	92421	2890205	31.20
1970-1979	45	0.00509	0.00508	0.5	92212	468	91978	2797784	30.34
1970-1979	46	0.00539	0.00537	0.5	91743	493	91497	2705806	29.49
1970-1979	47	0.00590	0.00588	0.5	91251	537	90982	2614309	28.65
1970-1979	48	0.00632	0.00630	0.5	90714	572	90428	2523327	27.82
1970-1979	49	0.00714	0.00711	0.5	90142	641	89821	2432899	26.99
1970-1979	50	0.00757	0.00754	0.5	89501	675	89164	2343077	26.18
1970-1979	51	0.00836	0.00833	0.5	88826	740	88456	2253914	25.37
1970-1979	52	0.00903	0.00899	0.5	88087	792	87691	2165457	24.58
1970-1979	53	0.00991	0.00987	0.5	87295	861	86864	2077767	23.80
1970-1979	54	0.01028	0.01023	0.5	86434	884	85991	1990903	23.03
1970-1979	55	0.01086	0.01080	0.5	85549	924	85087	1904911	22.27
1970-1979	56	0.01260	0.01252	0.5	84626	1060	84096	1819824	21.50
1970-1979	57	0.01343	0.01334	0.5	83566	1115	83008	1735728	20.77
1970-1979	58	0.01420	0.01410	0.5	82451	1162	81869	1652720	20.04
1970-1979	59	0.01553	0.01541	0.5	81288	1253	80662	1570851	19.32
1970-1979	60	0.01654	0.01640	0.5	80036	1313	79379	1490189	18.62
1970-1979	61	0.01837	0.01820	0.5	78723	1433	78006	1410809	17.92
1970-1979	62	0.02002	0.01982	0.5	77290	1532	76524	1332803	17.24
1970-1979	63	0.02120	0.02098	0.5	75758	1589	74964	1256279	16.58
1970-1979	64	0.02312	0.02286	0.5	74169	1696	73321	1181315	15.93
1970-1979	65	0.02442	0.02412	0.5	72473	1748	71599	1107994	15.29
1970-1979	66	0.02626	0.02592	0.5	70725	1833	69808	1036395	14.65
1970-1979	67	0.02822	0.02783	0.5	68892	1917	67933	966586	14.03
1970-1979	68	0.03034	0.02989	0.5	66974	2002	65973	898654	13.42
1970-1979	69	0.03301	0.03247	0.5	64973	2110	63918	832680	12.82
1970-1979	70	0.03536	0.03474	0.5	62863	2184	61771	768762	12.23
1970-1979	71	0.03779	0.03709	0.5	60679	2251	59553	706992	11.65
1970-1979	72	0.04241	0.04153	0.5	58428	2427	57215	647438	11.08
1970-1979	73	0.04567	0.04465	0.5	56001	2501	54751	590224	10.54
1970-1979	74	0.04980	0.04859	0.5	53501	2600	52201	535473	10.01
1970-1979	75	0.05271	0.05136	0.5	50901	2614	49594	483272	9.49
1970-1979	76	0.05838	0.05673	0.5	48287	2739	46917	433678	8.98
1970-1979	77	0.06435	0.06234	0.5	45548	2839	44128	386760	8.49
1970-1979	78	0.07070	0.06829	0.5	42708	2916	41250	342633	8.02
1970-1979	79	0.07738	0.07450	0.5	39792	2964	38310	301382	7.57
1970-1979	80	0.08543	0.08193	0.5	36827	3017	35319	263073	7.14
1970-1979	81	0.09056	0.08663	0.5	33810	2929	32346	227754	6.74
1970-1979	82	0.10207	0.09711	0.5	30881	2999	29382	195408	6.33
1970-1979	83	0.11084	0.10502	0.5	27882	2928	26418	166026	5.95
1970-1979	84	0.12686	0.11929	0.5	24954	2977	23466	139608	5.59
1970-1979	85	0.13177	0.12363	0.5	21977	2717	20619	116142	5.28
1970-1979	86	0.14697	0.13691	0.5	19260	2637	17942	95524	4.96
1970-1979	87	0.15932	0.14757	0.5	16623	2453	15397	77582	4.67
1970-1979	88	0.17490	0.16083	0.5	14170	2279	13031	62185	4.39
1970-1979	89	0.18823	0.17204	0.5	11891	2046	10868	49154	4.13
1970-1979	90	0.20421	0.18529	0.5	9846	1824	8933	38285	3.89
1970-1979	91	0.22120	0.19917	0.5	8021	1598	7222	29352	3.66
1970-1979	92	0.23921	0.21366	0.5	6424	1372	5737	22130	3.45
1970-1979	93	0.25824	0.22871	0.5	5051	1155	4474	16392	3.25
1970-1979	94	0.27825	0.24427	0.5	3896	952	3420	11919	3.06
1970-1979	95	0.29924	0.26029	0.5	2944	766	2561	8498	2.89
1970-1979	96	0.32113	0.27670	0.5	2178	603	1877	5937	2.73
1970-1979	97	0.34388	0.29343	0.5	1575	462	1344	4061	2.58
1970-1979	98	0.36741	0.31039	0.5	1113	345	940	2717	2.44
1970-1979	99	0.39163	0.32750	0.5	768	251	642	1776	2.31
1970-1979	100	0.41643	0.34467	0.5	516	178	427	1134	2.20
1970-1979	101	0.44170	0.36180	0.5	338	122	277	707	2.09
1970-1979	102	0.46732	0.37881	0.5	216	82	175	430	1.99
1970-1979	103	0.49314	0.39560	0.5	134	53	108	255	1.90
1970-1979	104	0.51904	0.41209	0.5	81	33	64	148	1.82
1970-1979	105	0.54487	0.42821	0.5	48	20	37	83	1.74
1970-1979	106	0.57049	0.44388	0.5	27	12	21	46	1.68
1970-1979	107	0.59577	0.45903	0.5	15	7	12	25	1.62
1970-1979	108	0.62058	0.47362	0.5	8	4	6	13	1.56
1970-1979	109	0.64479	0.48759	0.5	4	2	3	7	1.52
1970-1979	110+	0.66832	1.00000	1.5	2	2	3	3	1.50
1980-1989	0	0.01126	0.01114	0.08	100000	1114	98975	7362949	73.63
1980-1989	1	0.00082	0.00082	0.5	98886	81	98846	7263974	73.46
1980-1989	2	0.00057	0.00057	0.5	98805	57	98777	7165129	72.52
1980-1989	3	0.00044	0.00044	0.5	98749	43	98727	7066352	71.56
1980-1989	4	0.00034	0.00034	0.5	98705	33	98689	6967625	70.59
1980-1989	5	0.00029	0.00029	0.5	98672	29	98658	6868936	69.61
1980-1989	6	0.00028	0.00028	0.5	98643	28	98629	6770279	68.63
1980-1989	7	0.00024	0.00024	0.5	98616	23	98604	6671649	67.65
1980-1989	8	0.00024	0.00024	0.5	98593	24	98581	6573045	66.67
1980-1989	9	0.00019	0.00019	0.5	98569	18	98560	6474465	65.68
1980-1989	10	0.00024	0.00024	0.5	98551	24	98539	6375905	64.70
1980-1989	11	0.00021	0.00021	0.5	98527	20	98517	6277366	63.71
1980-1989	12	0.00024	0.00024	0.5	98506	24	98494	6178849	62.73
1980-1989	13	0.00032	0.00032	0.5	98482	32	98467	6080355	61.74
1980-1989	14	0.00042	0.00042	0.5	98451	41	98430	5981888	60.76
1980-1989	15	0.00052	0.00052	0.5	98409	51	98384	5883458	59.79
1980-1989	16	0.00081	0.00081	0.5	98358	79	98319	5785074	58.82
1980-1989	17	0.00108	0.00108	0.5	98279	106	98226	5686756	57.86
1980-1989	18	0.00117	0.00117	0.5	98173	115	98116	5588530	56.93
1980-1989	19	0.00113	0.00113	0.5	98058	110	98003	5490414	55.99
1980-1989	20	0.00111	0.00111	0.5	97948	109	97893	5392411	55.05
1980-1989	21	0.00108	0.00108	0.5	97839	105	97786	5294518	54.11
1980-1989	22	0.00120	0.00120	0.5	97734	117	97675	5196731	53.17
1980-1989	23	0.00121	0.00121	0.5	97617	118	97558	5099056	52.24
1980-1989	24	0.00114	0.00114	0.5	97499	111	97443	5001499	51.30
1980-1989	25	0.00117	0.00117	0.5	97388	113	97331	4904055	50.36
1980-1989	26	0.00108	0.00108	0.5	97275	105	97222	4806724	49.41
1980-1989	27	0.00112	0.00112	0.5	97170	109	97116	4709502	48.47
1980-1989	28	0.00120	0.00120	0.5	97061	116	97003	4612386	47.52
1980-1989	29	0.00111	0.00111	0.5	96945	108	96891	4515383	46.58
1980-1989	30	0.00118	0.00118	0.5	96837	114	96780	4418492	45.63
1980-1989	31	0.00123	0.00123	0.5	96723	119	96664	4321712	44.68
1980-1989	32	0.00133	0.00133	0.5	96604	128	96540	4225048	43.74
1980-1989	33	0.00136	0.00136	0.5	96476	131	96410	4128508	42.79
1980-1989	34	0.00138	0.00138	0.5	96345	133	96278	4032098	41.85
1980-1989	35	0.00159	0.00159	0.5	96211	153	96135	3935820	40.91
1980-1989	36	0.00160	0.00159	0.5	96059	153	95982	3839685	39.97
1980-1989	37	0.00164	0.00164	0.5	95906	157	95827	3743703	39.04
1980-1989	38	0.00207	0.00207	0.5	95749	198	95650	3647876	38.10
1980-1989	39	0.00195	0.00195	0.5	95551	187	95458	3552226	37.18
1980-1989	40	0.00224	0.00224	0.5	95364	214	95258	3456768	36.25
1980-1989	41	0.00247	0.00247	0.5	95151	235	95033	3361511	35.33
1980-1989	42	0.00270	0.00269	0.5	94916	256	94788	3266477	34.41
1980-1989	43	0.00290	0.00290	0.5	94660	274	94523	3171689	33.51
1980-1989	44	0.00329	0.00328	0.5	94386	310	94231	3077166	32.60
1980-1989	45	0.00375	0.00374	0.5	94076	352	93900	2982935	31.71
1980-1989	46	0.00391	0.00390	0.5	93724	365	93541	2889035	30.82
1980-1989	47	0.00435	0.00434	0.5	93359	405	93156	2795494	29.94
1980-1989	48	0.00527	0.00526	0.5	92954	489	92709	2702337	29.07
1980-1989	49	0.00530	0.00528	0.5	92465	488	92221	2609628	28.22
1980-1989	50	0.00612	0.00610	0.5	91977	561	91696	2517407	27.37
1980-1989	51	0.00679	0.00677	0.5	91415	619	91106	2425712	26.54
1980-1989	52	0.00745	0.00743	0.5	90796	674	90459	2334606	25.71
1980-1989	53	0.00828	0.00825	0.5	90122	743	89751	2244147	24.90
1980-1989	54	0.00882	0.00879	0.5	89379	785	88986	2154396	24.10
1980-1989	55	0.00974	0.00969	0.5	88594	858	88164	2065410	23.31
1980-1989	56	0.01034	0.01028	0.5	87735	902	87284	1977245	22.54
1980-1989	57	0.01146	0.01140	0.5	86833	990	86338	1889961	21.77
1980-1989	58	0.01297	0.01289	0.5	85843	1106	85290	1803623	21.01
1980-1989	59	0.01366	0.01357	0.5	84737	1150	84162	1718333	20.28
1980-1989	60	0.01489	0.01478	0.5	83587	1235	82969	1634171	19.55
1980-1989	61	0.01639	0.01625	0.5	82352	1338	81682	1551202	18.84
1980-1989	62	0.01839	0.01823	0.5	81013	1477	80275	1469520	18.14
1980-1989	63	0.01899	0.01881	0.5	79537	1496	78788	1389245	17.47
1980-1989	64	0.02013	0.01993	0.5	78040	1555	77262	1310457	16.79
1980-1989	65	0.02309	0.02282	0.5	76485	1746	75612	1233194	16.12
1980-1989	66	0.02445	0.02415	0.5	74739	1805	73837	1157582	15.49
1980-1989	67	0.02622	0.02588	0.5	72934	1887	71991	1083746	14.86
1980-1989	68	0.02818	0.02779	0.5	71047	1974	70060	1011755	14.24
1980-1989	69	0.02983	0.02939	0.5	69073	2030	68058	941695	13.63
1980-1989	70	0.03325	0.03271	0.5	67042	2193	65946	873638	13.03
1980-1989	71	0.03470	0.03410	0.5	64849	2212	63744	807692	12.45
1980-1989	72	0.03758	0.03689	0.5	62638	2311	61482	743948	11.88
1980-1989	73	0.04284	0.04194	0.5	60327	2530	59062	682466	11.31
1980-1989	74	0.04349	0.04256	0.5	57797	2460	56567	623404	10.79
1980-1989	75	0.04911	0.04793	0.5	55337	2652	54011	566836	10.24
1980-1989	76	0.05328	0.05190	0.5	52685	2734	51318	512825	9.73
1980-1989	77	0.05560	0.05409	0.5	49951	2702	48600	461507	9.24
1980-1989	78	0.06174	0.05989	0.5	47249	2830	45834	412908	8.74
1980-1989	79	0.06503	0.06299	0.5	44419	2798	43020	367074	8.26
1980-1989	80	0.07515	0.07243	0.5	41621	3015	40114	324054	7.79
1980-1989	81	0.08146	0.07827	0.5	38607	3022	37096	283940	7.35
1980-1989	82	0.08783	0.08414	0.5	35585	2994	34088	246844	6.94
1980-1989	83	0.09813	0.09354	0.5	32591	3049	31066	212757	6.53
1980-1989	84	0.10814	0.10259	0.5	29542	3031	28027	181690	6.15
1980-1989	85	0.11697	0.11050	0.5	26511	2930	25046	153664	5.80
1980-1989	86	0.13076	0.12274	0.5	23582	2894	22135	128617	5.45
1980-1989	87	0.13980	0.13067	0.5	20687	2703	19336	106483	5.15
1980-1989	88	0.14822	0.13799	0.5	17984	2482	16743	87147	4.85
1980-1989	89	0.16489	0.15233	0.5	15503	2362	14322	70403	4.54
1980-1989	90	0.17946	0.16468	0.5	13141	2164	12059	56082	4.27
1980-1989	91	0.19507	0.17774	0.5	10977	1951	10001	44023	4.01
1980-1989	92	0.21177	0.19149	0.5	9026	1728	8162	34021	3.77
1980-1989	93	0.22956	0.20592	0.5	7298	1503	6546	25860	3.54
1980-1989	94	0.24845	0.22099	0.5	5795	1281	5154	19313	3.33
1980-1989	95	0.26843	0.23667	0.5	4514	1068	3980	14159	3.14
1980-1989	96	0.28948	0.25288	0.5	3446	871	3010	10179	2.95
1980-1989	97	0.31157	0.26957	0.5	2574	694	2227	7169	2.78
1980-1989	98	0.33463	0.28667	0.5	1880	539	1611	4941	2.63
1980-1989	99	0.35859	0.30407	0.5	1341	408	1137	3330	2.48
1980-1989	100	0.38337	0.32170	0.5	934	300	783	2193	2.35
1980-1989	101	0.40885	0.33945	0.5	633	215	526	1410	2.23
1980-1989	102	0.43490	0.35723	0.5	418	149	344	884	2.11
1980-1989	103	0.46141	0.37491	0.5	269	101	218	540	2.01
1980-1989	104	0.48820	0.39241	0.5	168	66	135	322	1.92
1980-1989	105	0.51513	0.40963	0.5	102	42	81	187	1.83
1980-1989	106	0.54204	0.42646	0.5	60	26	47	106	1.75
1980-1989	107	0.56877	0.44284	0.5	35	15	27	58	1.68
1980-1989	108	0.59517	0.45867	0.5	19	9	15	31	1.62
1980-1989	109	0.62107	0.47391	0.5	10	5	8	16	1.58
1980-1989	110+	0.64635	1.00000	1.55	5	5	8	8	1.55
1990-1999	0	0.00824	0.00817	0.07	100000	817	99241	7480840	74.81
1990-1999	1	0.00062	0.00062	0.5	99183	62	99152	7381599	74.42
1990-1999	2	0.00043	0.00043	0.5	99121	42	99100	7282448	73.47
1990-1999	3	0.00036	0.00036	0.5	99079	36	99061	7183348	72.50
1990-1999	4	0.00029	0.00029	0.5	99043	29	99028	7084287	71.53
1990-1999	5	0.00024	0.00024	0.5	99014	24	99001	6985259	70.55
1990-1999	6	0.00022	0.00022	0.5	98989	22	98979	6886258	69.57
1990-1999	7	0.00026	0.00026	0.5	98968	26	98955	6787279	68.58
1990-1999	8	0.00021	0.00021	0.5	98941	21	98931	6688325	67.60
1990-1999	9	0.00019	0.00019	0.5	98920	19	98911	6589394	66.61
1990-1999	10	0.00019	0.00019	0.5	98901	18	98892	6490483	65.63
1990-1999	11	0.00019	0.00019	0.5	98883	19	98874	6391591	64.64
1990-1999	12	0.00021	0.00021	0.5	98864	21	98854	6292717	63.65
1990-1999	13	0.00027	0.00027	0.5	98843	27	98830	6193863	62.66
1990-1999	14	0.00035	0.00035	0.5	98817	35	98799	6095033	61.68
1990-1999	15	0.00054	0.00054	0.5	98782	53	98755	5996234	60.70
1990-1999	16	0.00079	0.00079	0.5	98728	78	98689	5897479	59.73
1990-1999	17	0.00095	0.00095	0.5	98650	94	98603	5798790	58.78
1990-1999	18	0.00112	0.00112	0.5	98556	110	98501	5700187	57.84
1990-1999	19	0.00100	0.00100	0.5	98446	98	98397	5601686	56.90
1990-1999	20	0.00093	0.00093	0.5	98347	91	98302	5503289	55.96
1990-1999	21	0.00107	0.00107	0.5	98256	105	98204	5404987	55.01
1990-1999	22	0.00101	0.00101	0.5	98151	100	98101	5306784	54.07
1990-1999	23	0.00092	0.00092	0.5	98052	90	98007	5208682	53.12
1990-1999	24	0.00102	0.00102	0.5	97961	100	97912	5110676	52.17
1990-1999	25	0.00102	0.00102	0.5	97862	100	97812	5012764	51.22
1990-1999	26	0.00106	0.00106	0.5	97762	104	97710	4914953	50.27
1990-1999	27	0.00115	0.00115	0.5	97658	112	97602	4817243	49.33
1990-1999	28	0.00110	0.00110	0.5	97546	107	97492	4719641	48.38
1990-1999	29	0.00110	0.00110	0.5	97438	107	97385	4622149	47.44
1990-1999	30	0.00120	0.00120	0.5	97331	117	97273	4524764	46.49
1990-1999	31	0.00130	0.00130	0.5	97214	126	97151	4427491	45.54
1990-1999	32	0.00145	0.00145	0.5	97088	141	97018	4330340	44.60
1990-1999	33	0.00151	0.00151	0.5	96948	146	96875	4233322	43.67
1990-1999	34	0.00147	0.00147	0.5	96802	142	96730	4136448	42.73
1990-1999	35	0.00149	0.00149	0.5	96659	144	96588	4039717	41.79
1990-1999	36	0.00172	0.00172	0.5	96516	166	96432	3943130	40.85
1990-1999	37	0.00178	0.00178	0.5	96349	172	96264	3846697	39.92
1990-1999	38	0.00196	0.00196	0.5	96178	189	96083	3750434	38.99
1990-1999	39	0.00204	0.00203	0.5	95989	195	95892	3654350	38.07
1990-1999	40	0.00211	0.00211	0.5	95794	202	95693	3558459	37.15
1990-1999	41	0.00241	0.00241	0.5	95592	230	95477	3462766	36.22
1990-1999	42	0.00249	0.00249	0.5	95362	237	95243	3367289	35.31
1990-1999	43	0.00270	0.00270	0.5	95125	256	94997	3272045	34.40
1990-1999	44	0.00290	0.00290	0.5	94868	275	94731	3177049	33.49
1990-1999	45	0.00312	0.00312	0.5	94594	295	94446	3082318	32.58
1990-1999	46	0.00354	0.00354	0.5	94298	334	94132	2987872	31.69
1990-1999	47	0.00370	0.00369	0.5	93965	347	93791	2893740	30.80
1990-1999	48	0.00445	0.00444	0.5	93618	416	93410	2799949	29.91
1990-1999	49	0.00461	0.00460	0.5	93202	429	92987	2706539	29.04
1990-1999	50	0.00480	0.00479	0.5	92773	444	92551	2613551	28.17
1990-1999	51	0.00582	0.00581	0.5	92329	536	92061	2521000	27.30
1990-1999	52	0.00658	0.00655	0.5	91793	602	91492	2428939	26.46
1990-1999	53	0.00683	0.00681	0.5	91191	621	90881	2337447	25.63
1990-1999	54	0.00733	0.00730	0.5	90570	661	90240	2246567	24.80
1990-1999	55	0.00831	0.00828	0.5	89909	744	89537	2156327	23.98
1990-1999	56	0.00911	0.00907	0.5	89165	808	88761	2066790	23.18
1990-1999	57	0.00998	0.00993	0.5	88356	877	87918	1978029	22.39
1990-1999	58	0.01123	0.01117	0.5	87479	977	86991	1890112	21.61
1990-1999	59	0.01235	0.01227	0.5	86502	1062	85971	1803121	20.84
1990-1999	60	0.01314	0.01305	0.5	85440	1115	84883	1717149	20.10
1990-1999	61	0.01490	0.01479	0.5	84325	1247	83702	1632266	19.36
1990-1999	62	0.01659	0.01645	0.5	83078	1367	82395	1548565	18.64
1990-1999	63	0.01733	0.01718	0.5	81711	1404	81009	1466170	17.94
1990-1999	64	0.01870	0.01852	0.5	80307	1488	79564	1385161	17.25
1990-1999	65	0.02081	0.02060	0.5	78820	1624	78008	1305597	16.56
1990-1999	66	0.02211	0.02187	0.5	77196	1688	76352	1227589	15.90
1990-1999	67	0.02382	0.02354	0.5	75508	1777	74619	1151237	15.25
1990-1999	68	0.02608	0.02574	0.5	73731	1898	72782	1076618	14.60
1990-1999	69	0.02789	0.02751	0.5	71833	1976	70844	1003836	13.97
1990-1999	70	0.03046	0.03000	0.5	69856	2096	68809	932992	13.36
1990-1999	71	0.03329	0.03274	0.5	67761	2219	66652	864183	12.75
1990-1999	72	0.03681	0.03615	0.5	65542	2369	64358	797532	12.17
1990-1999	73	0.03991	0.03913	0.5	63173	2472	61937	733174	11.61
1990-1999	74	0.04222	0.04135	0.5	60701	2510	59446	671237	11.06
1990-1999	75	0.04588	0.04485	0.5	58191	2610	56886	611791	10.51
1990-1999	76	0.04908	0.04790	0.5	55581	2662	54250	554904	9.98
1990-1999	77	0.05399	0.05257	0.5	52919	2782	51528	500654	9.46
1990-1999	78	0.05732	0.05572	0.5	50137	2794	48740	449126	8.96
1990-1999	79	0.06414	0.06215	0.5	47343	2942	45872	400386	8.46
1990-1999	80	0.06988	0.06752	0.5	44401	2998	42902	354514	7.98
1990-1999	81	0.07620	0.07340	0.5	41403	3039	39883	311612	7.53
1990-1999	82	0.08387	0.08049	0.5	38364	3088	36820	271728	7.08
1990-1999	83	0.09370	0.08951	0.5	35276	3157	33697	234908	6.66
1990-1999	84	0.10205	0.09710	0.5	32119	3119	30559	201211	6.26
1990-1999	85	0.10962	0.10392	0.5	29000	3014	27493	170652	5.88
1990-1999	86	0.12231	0.11526	0.5	25986	2995	24488	143159	5.51
1990-1999	87	0.13478	0.12627	0.5	22991	2903	21539	118671	5.16
1990-1999	88	0.14479	0.13501	0.5	20088	2712	18732	97131	4.84
1990-1999	89	0.16317	0.15086	0.5	17376	2621	16065	78400	4.51
1990-1999	90	0.17876	0.16409	0.5	14754	2421	13544	62335	4.22
1990-1999	91	0.19554	0.17813	0.5	12333	2197	11235	48791	3.96
1990-1999	92	0.21354	0.19294	0.5	10136	1956	9158	37556	3.71
1990-1999	93	0.23278	0.20851	0.5	8181	1706	7328	28398	3.47
1990-1999	94	0.25325	0.22479	0.5	6475	1455	5747	21070	3.25
1990-1999	95	0.27495	0.24172	0.5	5019	1213	4413	15323	3.05
1990-1999	96	0.29782	0.25922	0.5	3806	987	3313	10910	2.87
1990-1999	97	0.32183	0.27722	0.5	2819	782	2429	7597	2.69
1990-1999	98	0.34689	0.29561	0.5	2038	602	1737	5169	2.54
1990-1999	99	0.37289	0.31430	0.5	1435	451	1210	3432	2.39
1990-1999	100	0.39973	0.33315	0.5	984	328	820	2222	2.26
1990-1999	101	0.42726	0.35205	0.5	656	231	541	1402	2.14
1990-1999	102	0.45532	0.37088	0.5	425	158	346	861	2.02
1990-1999	103	0.48373	0.38952	0.5	268	104	215	515	1.92
1990-1999	104	0.51232	0.40785	0.5	163	67	130	299	1.83
1990-1999	105	0.54089	0.42575	0.5	97	41	76	169	1.75
1990-1999	106	0.56925	0.44313	0.5	56	25	43	93	1.67
1990-1999	107	0.59722	0.45989	0.5	31	14	24	50	1.61
1990-1999	108	0.62463	0.47597	0.5	17	8	13	26	1.55
1990-1999	109	0.65130	0.49131	0.5	9	4	7	13	1.51
1990-1999	110+	0.67711	1.00000	1.48	4	4	7	7	1.48
2000-2009	0	0.00702	0.00697	0.07	100000	697	99350	7543454	75.43
2000-2009	1	0.00056	0.00056	0.5	99303	56	99275	7444104	74.96
2000-2009	2	0.00035	0.00035	0.5	99247	35	99230	7344829	74.01
2000-2009	3	0.00029	0.00029	0.5	99212	29	99198	7245599	73.03
2000-2009	4	0.00021	0.00021	0.5	99183	20	99173	7146402	72.05
2000-2009	5	0.00016	0.00016	0.5	99163	15	99155	7047229	71.07
2000-2009	6	0.00019	0.00019	0.5	99147	19	99138	6948074	70.08
2000-2009	7	0.00015	0.00015	0.5	99128	15	99121	6848936	69.09
2000-2009	8	0.00014	0.00014	0.5	99113	14	99106	6749815	68.10
2000-2009	9	0.00015	0.00015	0.5	99099	15	99092	6650709	67.11
2000-2009	10	0.00016	0.00016	0.5	99084	16	99076	6551617	66.12
2000-2009	11	0.00020	0.00020	0.5	99068	20	99058	6452541	65.13
2000-2009	12	0.00017	0.00017	0.5	99048	16	99040	6353483	64.15
2000-2009	13	0.00021	0.00021	0.5	99032	21	99021	6254443	63.16
2000-2009	14	0.00031	0.00031	0.5	99011	31	98995	6155422	62.17
2000-2009	15	0.00037	0.00037	0.5	98980	37	98961	6056427	61.19
2000-2009	16	0.00062	0.00062	0.5	98943	61	98912	5957465	60.21
2000-2009	17	0.00080	0.00080	0.5	98882	79	98842	5858553	59.25
2000-2009	18	0.00093	0.00093	0.5	98802	92	98757	5759711	58.30
2000-2009	19	0.00102	0.00102	0.5	98711	100	98660	5660955	57.35
2000-2009	20	0.00103	0.00103	0.5	98610	101	98560	5562294	56.41
2000-2009	21	0.00120	0.00120	0.5	98509	118	98450	5463734	55.46
2000-2009	22	0.00104	0.00104	0.5	98391	102	98339	5365285	54.53
2000-2009	23	0.00111	0.00111	0.5	98288	109	98234	5266945	53.59
2000-2009	24	0.00114	0.00114	0.5	98180	111	98124	5168711	52.65
2000-2009	25	0.00126	0.00126	0.5	98068	123	98006	5070588	51.70
2000-2009	26	0.00134	0.00134	0.5	97945	131	97879	4972581	50.77
2000-2009	27	0.00125	0.00125	0.5	97814	122	97753	4874702	49.84
2000-2009	28	0.00136	0.00136	0.5	97692	133	97625	4776949	48.90
2000-2009	29	0.00142	0.00142	0.5	97559	138	97490	4679324	47.96
2000-2009	30	0.00144	0.00144	0.5	97421	140	97351	4581834	47.03
2000-2009	31	0.00149	0.00149	0.5	97281	145	97208	4484483	46.10
2000-2009	32	0.00143	0.00143	0.5	97136	139	97066	4387275	45.17
2000-2009	33	0.00155	0.00155	0.5	96997	150	96922	4290209	44.23
2000-2009	34	0.00161	0.00161	0.5	96847	156	96769	4193287	43.30
2000-2009	35	0.00161	0.00161	0.5	96691	156	96613	4096518	42.37
2000-2009	36	0.00180	0.00180	0.5	96536	173	96449	3999904	41.43
2000-2009	37	0.00194	0.00194	0.5	96362	187	96269	3903456	40.51
2000-2009	38	0.00205	0.00205	0.5	96175	197	96077	3807187	39.59
2000-2009	39	0.00231	0.00231	0.5	95978	222	95867	3711110	38.67
2000-2009	40	0.00245	0.00244	0.5	95757	234	95639	3615243	37.75
2000-2009	41	0.00274	0.00274	0.5	95522	262	95392	3519604	36.85
2000-2009	42	0.00287	0.00286	0.5	95261	273	95124	3424212	35.95
2000-2009	43	0.00323	0.00322	0.5	94988	306	94835	3329088	35.05
2000-2009	44	0.00345	0.00344	0.5	94682	326	94518	3234253	34.16
2000-2009	45	0.00362	0.00361	0.5	94355	341	94185	3139735	33.28
2000-2009	46	0.00401	0.00400	0.5	94015	376	93826	3045550	32.39
2000-2009	47	0.00408	0.00407	0.5	93638	382	93447	2951723	31.52
2000-2009	48	0.00452	0.00451	0.5	93257	421	93046	2858276	30.65
2000-2009	49	0.00488	0.00486	0.5	92836	452	92610	2765230	29.79
2000-2009	50	0.00523	0.00522	0.5	92384	482	92143	2672620	28.93
2000-2009	51	0.00576	0.00574	0.5	91902	528	91638	2580476	28.08
2000-2009	52	0.00619	0.00617	0.5	91374	564	91093	2488838	27.24
2000-2009	53	0.00660	0.00657	0.5	90811	597	90512	2397745	26.40
2000-2009	54	0.00690	0.00688	0.5	90214	620	89904	2307233	25.58
2000-2009	55	0.00771	0.00768	0.5	89594	688	89250	2217329	24.75
2000-2009	56	0.00830	0.00827	0.5	88906	735	88538	2128080	23.94
2000-2009	57	0.00894	0.00890	0.5	88170	785	87778	2039542	23.13
2000-2009	58	0.00963	0.00958	0.5	87386	838	86967	1951763	22.34
2000-2009	59	0.01077	0.01071	0.5	86548	927	86085	1864796	21.55
2000-2009	60	0.01167	0.01161	0.5	85621	994	85124	1778712	20.77
2000-2009	61	0.01232	0.01225	0.5	84627	1037	84109	1693588	20.01
2000-2009	62	0.01412	0.01402	0.5	83591	1172	83005	1609479	19.25
2000-2009	63	0.01558	0.01546	0.5	82419	1274	81782	1526474	18.52
2000-2009	64	0.01665	0.01651	0.5	81144	1340	80475	1444693	17.80
2000-2009	65	0.01838	0.01821	0.5	79805	1453	79078	1364218	17.09
2000-2009	66	0.01969	0.01950	0.5	78351	1528	77587	1285141	16.40
2000-2009	67	0.02174	0.02151	0.5	76824	1652	75997	1207553	15.72
2000-2009	68	0.02304	0.02278	0.5	75171	1712	74315	1131556	15.05
2000-2009	69	0.02531	0.02499	0.5	73459	1836	72541	1057241	14.39
2000-2009	70	0.02774	0.02737	0.5	71623	1960	70643	984699	13.75
2000-2009	71	0.02903	0.02861	0.5	69663	1993	68667	914056	13.12
2000-2009	72	0.03206	0.03155	0.5	67670	2135	66602	845390	12.49
2000-2009	73	0.03563	0.03501	0.5	65535	2294	64388	778787	11.88
2000-2009	74	0.03827	0.03755	0.5	63240	2375	62053	714400	11.30
2000-2009	75	0.04222	0.04135	0.5	60866	2517	59608	652346	10.72
2000-2009	76	0.04551	0.04449	0.5	58349	2596	57051	592739	10.16
2000-2009	77	0.04912	0.04794	0.5	55753	2673	54416	535688	9.61
2000-2009	78	0.05317	0.05180	0.5	53080	2749	51705	481271	9.07
2000-2009	79	0.06040	0.05863	0.5	50331	2951	48855	429566	8.53
2000-2009	80	0.06686	0.06469	0.5	47380	3065	45847	380711	8.04
2000-2009	81	0.07254	0.07000	0.5	44314	3102	42763	334864	7.56
2000-2009	82	0.08063	0.07751	0.5	41212	3194	39615	292101	7.09
2000-2009	83	0.08953	0.08569	0.5	38018	3258	36389	252486	6.64
2000-2009	84	0.09913	0.09445	0.5	34760	3283	33119	216096	6.22
2000-2009	85	0.10877	0.10316	0.5	31477	3247	29854	182978	5.81
2000-2009	86	0.12254	0.11546	0.5	28230	3259	26600	153124	5.42
2000-2009	87	0.13337	0.12503	0.5	24971	3122	23410	126524	5.07
2000-2009	88	0.14999	0.13953	0.5	21849	3048	20324	103114	4.72
2000-2009	89	0.16419	0.15174	0.5	18800	2853	17374	82790	4.40
2000-2009	90	0.18231	0.16708	0.5	15947	2664	14615	65416	4.10
2000-2009	91	0.20091	0.18257	0.5	13283	2425	12070	50801	3.82
2000-2009	92	0.22092	0.19894	0.5	10858	2160	9778	38730	3.57
2000-2009	93	0.24235	0.21616	0.5	8698	1880	7758	28952	3.33
2000-2009	94	0.26518	0.23413	0.5	6818	1596	6020	21194	3.11
2000-2009	95	0.28937	0.25280	0.5	5221	1320	4561	15175	2.91
2000-2009	96	0.31486	0.27204	0.5	3901	1061	3371	10613	2.72
2000-2009	97	0.34156	0.29174	0.5	2840	829	2426	7243	2.55
2000-2009	98	0.36935	0.31177	0.5	2012	627	1698	4817	2.39
2000-2009	99	0.39807	0.33199	0.5	1384	460	1155	3119	2.25
2000-2009	100	0.42755	0.35225	0.5	925	326	762	1964	2.12
2000-2009	101	0.45761	0.37240	0.5	599	223	487	1202	2.01
2000-2009	102	0.48802	0.39229	0.5	376	147	302	715	1.90
2000-2009	103	0.51856	0.41179	0.5	228	94	181	413	1.81
2000-2009	104	0.54901	0.43076	0.5	134	58	105	231	1.72
2000-2009	105	0.57914	0.44909	0.5	76	34	59	126	1.64
2000-2009	106	0.60873	0.46668	0.5	42	20	32	66	1.57
2000-2009	107	0.63757	0.48345	0.5	22	11	17	34	1.51
2000-2009	108	0.66549	0.49934	0.5	12	6	9	17	1.46
2000-2009	109	0.69233	0.51430	0.5	6	3	4	8	1.42
2000-2009	110+	0.71796	1.00000	1.39	3	3	4	4	1.39
2010-2019	0	0.00648	0.00644	0.07	100000	644	99399	7558687	75.59
2010-2019	1	0.00043	0.00043	0.5	99356	43	99335	7459288	75.08
2010-2019	2	0.00032	0.00032	0.5	99313	32	99297	7359954	74.11
2010-2019	3	0.00024	0.00024	0.5	99281	24	99269	7260657	73.13
2010-2019	4	0.00019	0.00019	0.5	99257	19	99248	7161388	72.15
2010-2019	5	0.00017	0.00017	0.5	99239	17	99230	7062139	71.16
2010-2019	6	0.00013	0.00013	0.5	99222	13	99215	6962909	70.18
2010-2019	7	0.00012	0.00012	0.5	99209	12	99202	6863694	69.18
2010-2019	8	0.00015	0.00015	0.5	99196	15	99189	6764492	68.19
2010-2019	9	0.00014	0.00014	0.5	99181	14	99174	6665303	67.20
2010-2019	10	0.00014	0.00014	0.5	99167	14	99161	6566129	66.21
2010-2019	11	0.00014	0.00014	0.5	99154	14	99147	6466968	65.22
2010-2019	12	0.00016	0.00016	0.5	99140	16	99132	6367821	64.23
2010-2019	13	0.00021	0.00021	0.5	99124	21	99114	6268689	63.24
2010-2019	14	0.00025	0.00025	0.5	99104	25	99091	6169575	62.25
2010-2019	15	0.00030	0.00030	0.5	99079	30	99064	6070484	61.27
2010-2019	16	0.00038	0.00038	0.5	99049	37	99030	5971420	60.29
2010-2019	17	0.00057	0.00057	0.5	99012	57	98983	5872389	59.31
2010-2019	18	0.00075	0.00075	0.5	98955	74	98918	5773406	58.34
2010-2019	19	0.00088	0.00088	0.5	98881	87	98838	5674488	57.39
2010-2019	20	0.00088	0.00088	0.5	98794	87	98751	5575651	56.44
2010-2019	21	0.00103	0.00103	0.5	98707	101	98657	5476900	55.49
2010-2019	22	0.00100	0.00100	0.5	98606	99	98557	5378243	54.54
2010-2019	23	0.00111	0.00111	0.5	98507	109	98453	5279686	53.60
2010-2019	24	0.00112	0.00112	0.5	98398	110	98343	5181234	52.66
2010-2019	25	0.00123	0.00123	0.5	98288	121	98228	5082890	51.71
2010-2019	26	0.00136	0.00136	0.5	98167	133	98101	4984663	50.78
2010-2019	27	0.00146	0.00145	0.5	98034	143	97963	4886562	49.85
2010-2019	28	0.00155	0.00155	0.5	97891	152	97816	4788599	48.92
2010-2019	29	0.00158	0.00158	0.5	97740	155	97662	4690784	47.99
2010-2019	30	0.00173	0.00173	0.5	97585	168	97501	4593121	47.07
2010-2019	31	0.00184	0.00184	0.5	97417	179	97327	4495620	46.15
2010-2019	32	0.00197	0.00197	0.5	97237	192	97141	4398293	45.23
2010-2019	33	0.00199	0.00199	0.5	97046	193	96949	4301152	44.32
2010-2019	34	0.00214	0.00214	0.5	96853	207	96749	4204203	43.41
2010-2019	35	0.00226	0.00226	0.5	96645	218	96536	4107454	42.50
2010-2019	36	0.00225	0.00225	0.5	96427	217	96319	4010918	41.60
2010-2019	37	0.00239	0.00238	0.5	96210	229	96096	3914599	40.69
2010-2019	38	0.00255	0.00254	0.5	95981	244	95859	3818503	39.78
2010-2019	39	0.00274	0.00274	0.5	95737	262	95606	3722644	38.88
2010-2019	40	0.00277	0.00277	0.5	95475	265	95343	3627038	37.99
2010-2019	41	0.00292	0.00291	0.5	95211	278	95072	3531695	37.09
2010-2019	42	0.00322	0.00322	0.5	94933	306	94780	3436623	36.20
2010-2019	43	0.00326	0.00325	0.5	94628	308	94474	3341843	35.32
2010-2019	44	0.00347	0.00347	0.5	94320	327	94156	3247369	34.43
2010-2019	45	0.00395	0.00394	0.5	93993	370	93808	3153213	33.55
2010-2019	46	0.00421	0.00420	0.5	93623	393	93426	3059405	32.68
2010-2019	47	0.00465	0.00464	0.5	93229	432	93013	2965979	31.81
2010-2019	48	0.00491	0.00490	0.5	92797	455	92570	2872966	30.96
2010-2019	49	0.00554	0.00553	0.5	92343	511	92087	2780396	30.11
2010-2019	50	0.00606	0.00604	0.5	91832	555	91555	2688309	29.27
2010-2019	51	0.00652	0.00650	0.5	91277	593	90981	2596754	28.45
2010-2019	52	0.00693	0.00691	0.5	90684	626	90371	2505773	27.63
2010-2019	53	0.00749	0.00746	0.5	90058	672	89722	2415402	26.82
2010-2019	54	0.00798	0.00795	0.5	89386	710	89031	2325681	26.02
2010-2019	55	0.00873	0.00869	0.5	88675	770	88290	2236650	25.22
2010-2019	56	0.00939	0.00935	0.5	87905	822	87494	2148360	24.44
2010-2019	57	0.01002	0.00997	0.5	87083	868	86649	2060866	23.67
2010-2019	58	0.01068	0.01062	0.5	86215	916	85757	1974216	22.90
2010-2019	59	0.01097	0.01091	0.5	85299	931	84834	1888459	22.14
2010-2019	60	0.01191	0.01184	0.5	84368	999	83869	1803626	21.38
2010-2019	61	0.01267	0.01259	0.5	83370	1050	82845	1719757	20.63
2010-2019	62	0.01366	0.01357	0.5	82320	1117	81762	1636912	19.88
2010-2019	63	0.01480	0.01469	0.5	81203	1193	80606	1555150	19.15
2010-2019	64	0.01561	0.01549	0.5	80010	1239	79390	1474544	18.43
2010-2019	65	0.01680	0.01666	0.5	78771	1312	78115	1395153	17.71
2010-2019	66	0.01808	0.01792	0.5	77458	1388	76764	1317039	17.00
2010-2019	67	0.01957	0.01938	0.5	76071	1475	75333	1240274	16.30
2010-2019	68	0.02092	0.02071	0.5	74596	1545	73824	1164941	15.62
2010-2019	69	0.02313	0.02287	0.5	73051	1671	72216	1091117	14.94
2010-2019	70	0.02538	0.02507	0.5	71381	1789	70486	1018901	14.27
2010-2019	71	0.02717	0.02681	0.5	69592	1866	68659	948415	13.63
2010-2019	72	0.03016	0.02971	0.5	67726	2012	66720	879756	12.99
2010-2019	73	0.03212	0.03161	0.5	65714	2077	64675	813036	12.37
2010-2019	74	0.03531	0.03470	0.5	63637	2208	62533	748361	11.76
2010-2019	75	0.03853	0.03781	0.5	61429	2322	60268	685828	11.16
2010-2019	76	0.04223	0.04135	0.5	59107	2444	57884	625560	10.58
2010-2019	77	0.04606	0.04503	0.5	56662	2551	55387	567676	10.02
2010-2019	78	0.04940	0.04821	0.5	54111	2609	52807	512289	9.47
2010-2019	79	0.05572	0.05421	0.5	51502	2792	50106	459483	8.92
2010-2019	80	0.06132	0.05949	0.5	48711	2898	47262	409376	8.40
2010-2019	81	0.06767	0.06546	0.5	45813	2999	44313	362115	7.90
2010-2019	82	0.07404	0.07140	0.5	42814	3057	41285	317801	7.42
2010-2019	83	0.08215	0.07891	0.5	39757	3137	38188	276516	6.96
2010-2019	84	0.09073	0.08679	0.5	36620	3178	35030	238328	6.51
2010-2019	85	0.10052	0.09571	0.5	33441	3201	31841	203298	6.08
2010-2019	86	0.11339	0.10731	0.5	30241	3245	28618	171457	5.67
2010-2019	87	0.12434	0.11707	0.5	26996	3160	25416	142838	5.29
2010-2019	88	0.14026	0.13107	0.5	23835	3124	22273	117423	4.93
2010-2019	89	0.15516	0.14399	0.5	20711	2982	19220	95150	4.59
2010-2019	90	0.17089	0.15744	0.5	17729	2791	16334	75929	4.28
2010-2019	91	0.18885	0.17256	0.5	14938	2578	13649	59596	3.99
2010-2019	92	0.20825	0.18861	0.5	12360	2331	11195	45947	3.72
2010-2019	93	0.22909	0.20554	0.5	10029	2061	8998	34752	3.47
2010-2019	94	0.25137	0.22330	0.5	7968	1779	7078	25754	3.23
2010-2019	95	0.27507	0.24181	0.5	6188	1496	5440	18676	3.02
2010-2019	96	0.30013	0.26096	0.5	4692	1224	4080	13236	2.82
2010-2019	97	0.32647	0.28065	0.5	3468	973	2981	9156	2.64
2010-2019	98	0.35398	0.30075	0.5	2494	750	2119	6175	2.48
2010-2019	99	0.38252	0.32111	0.5	1744	560	1464	4056	2.33
2010-2019	100	0.41193	0.34158	0.5	1184	404	982	2592	2.19
2010-2019	101	0.44201	0.36201	0.5	780	282	639	1610	2.06
2010-2019	102	0.47256	0.38225	0.5	497	190	402	971	1.95
2010-2019	103	0.50335	0.40214	0.5	307	124	245	569	1.85
2010-2019	104	0.53415	0.42156	0.5	184	77	145	323	1.76
2010-2019	105	0.56472	0.44038	0.5	106	47	83	178	1.68
2010-2019	106	0.59484	0.45848	0.5	59	27	46	95	1.61
2010-2019	107	0.62430	0.47578	0.5	32	15	25	50	1.54
2010-2019	108	0.65288	0.49221	0.5	17	8	13	25	1.49
2010-2019	109	0.68044	0.50771	0.5	9	4	6	12	1.44
2010-2019	110+	0.70681	1.00000	1.41	4	4	6	6	1.41
2020-2022	0	0.00612	0.00609	0.07	100000	609	99431	7326191	73.26
2020-2022	1	0.00046	0.00046	0.5	99391	46	99368	7226760	72.71
2020-2022	2	0.00034	0.00034	0.5	99345	34	99328	7127392	71.74
2020-2022	3	0.00024	0.00024	0.5	99311	24	99299	7028063	70.77
2020-2022	4	0.00018	0.00018	0.5	99287	18	99278	6928764	69.79
2020-2022	5	0.00015	0.00015	0.5	99269	15	99262	6829486	68.80
2020-2022	6	0.00021	0.00021	0.5	99254	21	99244	6730225	67.81
2020-2022	7	0.00013	0.00013	0.5	99234	13	99227	6630981	66.82
2020-2022	8	0.00016	0.00016	0.5	99221	16	99213	6531754	65.83
2020-2022	9	0.00012	0.00012	0.5	99205	12	99199	6432541	64.84
2020-2022	10	0.00017	0.00017	0.5	99193	16	99184	6333342	63.85
2020-2022	11	0.00022	0.00022	0.5	99176	21	99165	6234158	62.86
2020-2022	12	0.00016	0.00016	0.5	99155	16	99147	6134992	61.87
2020-2022	13	0.00027	0.00027	0.5	99139	27	99125	6035846	60.88
2020-2022	14	0.00026	0.00026	0.5	99112	26	99099	5936721	59.90
2020-2022	15	0.00039	0.00039	0.5	99086	39	99067	5837622	58.91
2020-2022	16	0.00057	0.00057	0.5	99047	56	99019	5738555	57.94
2020-2022	17	0.00066	0.00066	0.5	98991	65	98959	5639536	56.97
2020-2022	18	0.00096	0.00096	0.5	98926	95	98879	5540578	56.01
2020-2022	19	0.00117	0.00117	0.5	98831	115	98774	5441699	55.06
2020-2022	20	0.00112	0.00112	0.5	98716	110	98661	5342925	54.12
2020-2022	21	0.00134	0.00134	0.5	98606	132	98540	5244264	53.18
2020-2022	22	0.00131	0.00131	0.5	98473	129	98409	5145724	52.26
2020-2022	23	0.00165	0.00165	0.5	98344	162	98263	5047316	51.32
2020-2022	24	0.00145	0.00145	0.5	98182	143	98111	4949053	50.41
2020-2022	25	0.00169	0.00169	0.5	98039	166	97957	4850942	49.48
2020-2022	26	0.00161	0.00161	0.5	97874	158	97795	4752986	48.56
2020-2022	27	0.00171	0.00171	0.5	97716	167	97633	4655191	47.64
2020-2022	28	0.00193	0.00193	0.5	97549	189	97455	4557558	46.72
2020-2022	29	0.00233	0.00233	0.5	97360	227	97247	4460104	45.81
2020-2022	30	0.00239	0.00239	0.5	97133	232	97017	4362857	44.92
2020-2022	31	0.00255	0.00255	0.5	96901	247	96778	4265839	44.02
2020-2022	32	0.00271	0.00270	0.5	96654	261	96524	4169061	43.13
2020-2022	33	0.00290	0.00289	0.5	96393	279	96254	4072538	42.25
2020-2022	34	0.00302	0.00301	0.5	96114	289	95970	3976284	41.37
2020-2022	35	0.00318	0.00318	0.5	95825	304	95673	3880314	40.49
2020-2022	36	0.00330	0.00330	0.5	95521	315	95363	3784641	39.62
2020-2022	37	0.00353	0.00352	0.5	95205	335	95038	3689278	38.75
2020-2022	38	0.00396	0.00395	0.5	94870	375	94682	3594241	37.89
2020-2022	39	0.00447	0.00446	0.5	94495	421	94284	3499558	37.03
2020-2022	40	0.00419	0.00418	0.5	94074	394	93877	3405274	36.20
2020-2022	41	0.00433	0.00432	0.5	93680	405	93478	3311397	35.35
2020-2022	42	0.00457	0.00456	0.5	93275	426	93063	3217919	34.50
2020-2022	43	0.00463	0.00462	0.5	92850	429	92635	3124857	33.65
2020-2022	44	0.00499	0.00497	0.5	92421	460	92191	3032222	32.81
2020-2022	45	0.00514	0.00513	0.5	91961	472	91725	2940031	31.97
2020-2022	46	0.00548	0.00546	0.5	91489	500	91240	2848306	31.13
2020-2022	47	0.00596	0.00595	0.5	90990	541	90719	2757066	30.30
2020-2022	48	0.00609	0.00607	0.5	90449	549	90174	2666347	29.48
2020-2022	49	0.00655	0.00653	0.5	89900	587	89607	2576172	28.66
2020-2022	50	0.00731	0.00728	0.5	89313	651	88988	2486566	27.84
2020-2022	51	0.00738	0.00735	0.5	88663	652	88337	2397578	27.04
2020-2022	52	0.00883	0.00880	0.5	88011	774	87624	2309241	26.24
2020-2022	53	0.00861	0.00858	0.5	87237	748	86863	2221618	25.47
2020-2022	54	0.00959	0.00955	0.5	86488	826	86076	2134755	24.68
2020-2022	55	0.01045	0.01039	0.5	85663	890	85218	2048680	23.92
2020-2022	56	0.01166	0.01159	0.5	84773	982	84281	1963462	23.16
2020-2022	57	0.01184	0.01177	0.5	83790	986	83297	1879181	22.43
2020-2022	58	0.01287	0.01279	0.5	82804	1059	82275	1795884	21.69
2020-2022	59	0.01329	0.01321	0.5	81745	1080	81205	1713609	20.96
2020-2022	60	0.01522	0.01511	0.5	80666	1219	80056	1632404	20.24
2020-2022	61	0.01610	0.01597	0.5	79447	1269	78813	1552347	19.54
2020-2022	62	0.01729	0.01714	0.5	78178	1340	77508	1473535	18.85
2020-2022	63	0.01860	0.01843	0.5	76838	1416	76130	1396026	18.17
2020-2022	64	0.01922	0.01904	0.5	75422	1436	74704	1319896	17.50
2020-2022	65	0.02010	0.01990	0.5	73987	1473	73250	1245191	16.83
2020-2022	66	0.02143	0.02121	0.5	72514	1538	71745	1171941	16.16
2020-2022	67	0.02302	0.02275	0.5	70976	1615	70169	1100196	15.50
2020-2022	68	0.02417	0.02388	0.5	69361	1656	68533	1030027	14.85
2020-2022	69	0.02631	0.02597	0.5	67705	1759	66826	961494	14.20
2020-2022	70	0.02797	0.02758	0.5	65946	1819	65037	894669	13.57
2020-2022	71	0.03046	0.03000	0.5	64127	1924	63166	829632	12.94
2020-2022	72	0.03335	0.03281	0.5	62204	2041	61183	766466	12.32
2020-2022	73	0.03619	0.03554	0.5	60163	2138	59094	705283	11.72
2020-2022	74	0.03812	0.03740	0.5	58025	2170	56939	646189	11.14
2020-2022	75	0.04416	0.04320	0.5	55854	2413	54648	589250	10.55
2020-2022	76	0.04693	0.04586	0.5	53441	2451	52216	534602	10.00
2020-2022	77	0.05283	0.05147	0.5	50991	2624	49678	482386	9.46
2020-2022	78	0.05853	0.05687	0.5	48366	2750	46991	432708	8.95
2020-2022	79	0.06173	0.05989	0.5	45616	2732	44250	385717	8.46
2020-2022	80	0.06873	0.06645	0.5	42884	2849	41459	341467	7.96
2020-2022	81	0.07723	0.07435	0.5	40035	2977	38546	300008	7.49
2020-2022	82	0.08244	0.07918	0.5	37058	2934	35591	261462	7.06
2020-2022	83	0.09214	0.08808	0.5	34124	3006	32621	225871	6.62
2020-2022	84	0.09794	0.09337	0.5	31118	2905	29665	193250	6.21
2020-2022	85	0.10715	0.10170	0.5	28213	2869	26778	163585	5.80
2020-2022	86	0.12182	0.11483	0.5	25343	2910	23888	136807	5.40
2020-2022	87	0.13243	0.12420	0.5	22433	2786	21040	112919	5.03
2020-2022	88	0.15330	0.14238	0.5	19647	2797	18248	91878	4.68
2020-2022	89	0.16684	0.15399	0.5	16850	2595	15552	73630	4.37
2020-2022	90	0.18417	0.16864	0.5	14255	2404	13053	58078	4.07
2020-2022	91	0.20287	0.18419	0.5	11851	2183	10760	45025	3.80
2020-2022	92	0.22298	0.20061	0.5	9668	1940	8698	34266	3.54
2020-2022	93	0.24449	0.21786	0.5	7729	1684	6887	25567	3.31
2020-2022	94	0.26740	0.23586	0.5	6045	1426	5332	18680	3.09
2020-2022	95	0.29164	0.25453	0.5	4619	1176	4031	13349	2.89
2020-2022	96	0.31717	0.27376	0.5	3443	943	2972	9317	2.71
2020-2022	97	0.34388	0.29342	0.5	2501	734	2134	6345	2.54
2020-2022	98	0.37164	0.31341	0.5	1767	554	1490	4211	2.38
2020-2022	99	0.40032	0.33356	0.5	1213	405	1011	2721	2.24
2020-2022	100	0.42973	0.35373	0.5	809	286	666	1711	2.12
2020-2022	101	0.45969	0.37378	0.5	523	195	425	1045	2.00
2020-2022	102	0.48997	0.39356	0.5	327	129	263	620	1.90
2020-2022	103	0.52037	0.41293	0.5	198	82	157	357	1.80
2020-2022	104	0.55065	0.43177	0.5	116	50	91	200	1.72
2020-2022	105	0.58060	0.44997	0.5	66	30	51	109	1.64
2020-2022	106	0.60999	0.46743	0.5	36	17	28	57	1.57
2020-2022	107	0.63864	0.48407	0.5	19	9	15	29	1.51
2020-2022	108	0.66636	0.49983	0.5	10	5	8	15	1.46
2020-2022	109	0.69301	0.51467	0.5	5	3	4	7	1.42
2020-2022	110+	0.71845	1.00000	1.39	2	2	3	3	1.39
