TN: TN, Lifetables (period 1x10), Males Last modified: February 4 2025, MPv5 (May07) 

Year     	Age	mx	qx	ax	lx	dx	Lx	Tx	ex
1941-1949	0	0.05046	0.04846	0.18	100000	4846	96029	6330798	63.31
1941-1949	1	0.00428	0.00427	0.5	95154	406	94951	6234769	65.52
1941-1949	2	0.00235	0.00235	0.5	94748	222	94637	6139818	64.80
1941-1949	3	0.00163	0.00163	0.5	94526	154	94449	6045181	63.95
1941-1949	4	0.00129	0.00129	0.5	94372	122	94311	5950732	63.06
1941-1949	5	0.00112	0.00112	0.5	94250	106	94197	5856421	62.14
1941-1949	6	0.00103	0.00103	0.5	94144	97	94096	5762224	61.21
1941-1949	7	0.00095	0.00095	0.5	94047	90	94003	5668128	60.27
1941-1949	8	0.00089	0.00089	0.5	93958	83	93916	5574125	59.33
1941-1949	9	0.00083	0.00083	0.5	93875	78	93836	5480209	58.38
1941-1949	10	0.00079	0.00079	0.5	93797	74	93760	5386373	57.43
1941-1949	11	0.00080	0.00080	0.5	93723	75	93685	5292613	56.47
1941-1949	12	0.00088	0.00088	0.5	93648	82	93607	5198928	55.52
1941-1949	13	0.00101	0.00101	0.5	93566	95	93518	5105321	54.56
1941-1949	14	0.00121	0.00121	0.5	93471	113	93414	5011803	53.62
1941-1949	15	0.00146	0.00145	0.5	93358	136	93290	4918388	52.68
1941-1949	16	0.00170	0.00169	0.5	93222	158	93143	4825098	51.76
1941-1949	17	0.00192	0.00192	0.5	93064	178	92975	4731955	50.85
1941-1949	18	0.00213	0.00213	0.5	92886	198	92787	4638980	49.94
1941-1949	19	0.00233	0.00232	0.5	92688	215	92580	4546194	49.05
1941-1949	20	0.00250	0.00250	0.5	92472	231	92357	4453614	48.16
1941-1949	21	0.00265	0.00265	0.5	92241	245	92119	4361257	47.28
1941-1949	22	0.00277	0.00276	0.5	91997	254	91870	4269138	46.41
1941-1949	23	0.00284	0.00283	0.5	91743	260	91613	4177268	45.53
1941-1949	24	0.00287	0.00287	0.5	91483	262	91351	4085656	44.66
1941-1949	25	0.00288	0.00287	0.5	91220	262	91089	3994304	43.79
1941-1949	26	0.00290	0.00290	0.5	90958	264	90826	3903215	42.91
1941-1949	27	0.00296	0.00295	0.5	90695	268	90561	3812389	42.04
1941-1949	28	0.00305	0.00305	0.5	90427	276	90289	3721828	41.16
1941-1949	29	0.00317	0.00317	0.5	90151	286	90008	3631539	40.28
1941-1949	30	0.00333	0.00332	0.5	89866	299	89716	3541531	39.41
1941-1949	31	0.00347	0.00347	0.5	89567	311	89412	3451815	38.54
1941-1949	32	0.00363	0.00363	0.5	89256	324	89095	3362403	37.67
1941-1949	33	0.00381	0.00381	0.5	88933	338	88764	3273308	36.81
1941-1949	34	0.00401	0.00400	0.5	88594	355	88417	3184545	35.95
1941-1949	35	0.00426	0.00425	0.5	88240	375	88052	3096128	35.09
1941-1949	36	0.00451	0.00450	0.5	87865	395	87667	3008076	34.24
1941-1949	37	0.00480	0.00479	0.5	87469	419	87260	2920409	33.39
1941-1949	38	0.00516	0.00515	0.5	87050	448	86826	2833149	32.55
1941-1949	39	0.00555	0.00554	0.5	86602	479	86362	2746323	31.71
1941-1949	40	0.00594	0.00592	0.5	86122	510	85867	2659961	30.89
1941-1949	41	0.00628	0.00626	0.5	85612	536	85344	2574094	30.07
1941-1949	42	0.00673	0.00670	0.5	85076	570	84791	2488750	29.25
1941-1949	43	0.00724	0.00721	0.5	84506	609	84201	2403959	28.45
1941-1949	44	0.00770	0.00767	0.5	83896	644	83574	2319757	27.65
1941-1949	45	0.00823	0.00819	0.5	83253	682	82912	2236183	26.86
1941-1949	46	0.00875	0.00871	0.5	82570	719	82211	2153271	26.08
1941-1949	47	0.00935	0.00930	0.5	81851	761	81471	2071061	25.30
1941-1949	48	0.01012	0.01007	0.5	81090	816	80682	1989590	24.54
1941-1949	49	0.01108	0.01102	0.5	80273	885	79831	1908908	23.78
1941-1949	50	0.01220	0.01213	0.5	79389	963	78907	1829077	23.04
1941-1949	51	0.01307	0.01298	0.5	78426	1018	77917	1750170	22.32
1941-1949	52	0.01395	0.01385	0.5	77408	1072	76871	1672254	21.60
1941-1949	53	0.01496	0.01485	0.5	76335	1134	75768	1595382	20.90
1941-1949	54	0.01598	0.01585	0.5	75202	1192	74606	1519614	20.21
1941-1949	55	0.01715	0.01701	0.5	74009	1259	73380	1445008	19.52
1941-1949	56	0.01827	0.01811	0.5	72751	1317	72092	1371628	18.85
1941-1949	57	0.01934	0.01915	0.5	71433	1368	70749	1299536	18.19
1941-1949	58	0.02045	0.02025	0.5	70065	1419	69356	1228786	17.54
1941-1949	59	0.02154	0.02131	0.5	68647	1463	67916	1159430	16.89
1941-1949	60	0.02268	0.02243	0.5	67184	1507	66431	1091515	16.25
1941-1949	61	0.02379	0.02351	0.5	65677	1544	64905	1025084	15.61
1941-1949	62	0.02530	0.02499	0.5	64133	1603	63332	960179	14.97
1941-1949	63	0.02742	0.02705	0.5	62531	1691	61685	896847	14.34
1941-1949	64	0.02986	0.02942	0.5	60839	1790	59945	835161	13.73
1941-1949	65	0.03303	0.03250	0.5	59050	1919	58090	775217	13.13
1941-1949	66	0.03603	0.03539	0.5	57131	2022	56120	717126	12.55
1941-1949	67	0.03884	0.03810	0.5	55109	2099	54059	661006	11.99
1941-1949	68	0.04208	0.04121	0.5	53010	2185	51917	606947	11.45
1941-1949	69	0.04539	0.04438	0.5	50825	2256	49697	555030	10.92
1941-1949	70	0.04913	0.04795	0.5	48569	2329	47405	505333	10.40
1941-1949	71	0.05264	0.05129	0.5	46240	2372	45055	457928	9.90
1941-1949	72	0.05696	0.05538	0.5	43869	2429	42654	412873	9.41
1941-1949	73	0.06233	0.06044	0.5	41439	2505	40187	370219	8.93
1941-1949	74	0.06769	0.06548	0.5	38934	2549	37660	330032	8.48
1941-1949	75	0.07384	0.07121	0.5	36385	2591	35090	292373	8.04
1941-1949	76	0.07998	0.07691	0.5	33794	2599	32495	257283	7.61
1941-1949	77	0.08666	0.08306	0.5	31195	2591	29900	224788	7.21
1941-1949	78	0.09447	0.09021	0.5	28604	2580	27314	194889	6.81
1941-1949	79	0.10145	0.09655	0.5	26024	2513	24767	167575	6.44
1941-1949	80	0.11421	0.10804	0.5	23511	2540	22241	142807	6.07
1941-1949	81	0.12353	0.11634	0.5	20971	2440	19751	120566	5.75
1941-1949	82	0.13381	0.12542	0.5	18531	2324	17369	100815	5.44
1941-1949	83	0.14555	0.13568	0.5	16207	2199	15108	83446	5.15
1941-1949	84	0.15880	0.14712	0.5	14008	2061	12978	68339	4.88
1941-1949	85	0.17387	0.15996	0.5	11947	1911	10992	55361	4.63
1941-1949	86	0.19016	0.17365	0.5	10036	1743	9165	44369	4.42
1941-1949	87	0.19110	0.17443	0.5	8293	1447	7570	35205	4.24
1941-1949	88	0.20385	0.18500	0.5	6847	1267	6213	27635	4.04
1941-1949	89	0.21723	0.19595	0.5	5580	1093	5033	21421	3.84
1941-1949	90	0.23123	0.20727	0.5	4487	930	4022	16388	3.65
1941-1949	91	0.24585	0.21894	0.5	3557	779	3167	12366	3.48
1941-1949	92	0.26108	0.23094	0.5	2778	642	2457	9199	3.31
1941-1949	93	0.27691	0.24323	0.5	2136	520	1877	6742	3.16
1941-1949	94	0.29331	0.25580	0.5	1617	414	1410	4865	3.01
1941-1949	95	0.31027	0.26860	0.5	1203	323	1042	3455	2.87
1941-1949	96	0.32776	0.28161	0.5	880	248	756	2413	2.74
1941-1949	97	0.34574	0.29478	0.5	632	186	539	1657	2.62
1941-1949	98	0.36417	0.30807	0.5	446	137	377	1118	2.51
1941-1949	99	0.38301	0.32145	0.5	308	99	259	741	2.40
1941-1949	100	0.40220	0.33486	0.5	209	70	174	482	2.30
1941-1949	101	0.42170	0.34827	0.5	139	48	115	308	2.21
1941-1949	102	0.44145	0.36163	0.5	91	33	74	193	2.12
1941-1949	103	0.46138	0.37490	0.5	58	22	47	118	2.04
1941-1949	104	0.48144	0.38803	0.5	36	14	29	71	1.97
1941-1949	105	0.50156	0.40100	0.5	22	9	18	42	1.90
1941-1949	106	0.52167	0.41375	0.5	13	5	11	24	1.84
1941-1949	107	0.54171	0.42626	0.5	8	3	6	14	1.78
1941-1949	108	0.56162	0.43849	0.5	4	2	3	8	1.73
1941-1949	109	0.58133	0.45041	0.5	3	1	2	4	1.69
1941-1949	110+	0.60079	1.00000	1.66	1	1	2	2	1.66
1950-1959	0	0.03575	0.03469	0.14	100000	3469	97020	6598456	65.98
1950-1959	1	0.00241	0.00241	0.5	96531	232	96415	6501436	67.35
1950-1959	2	0.00143	0.00143	0.5	96299	137	96230	6405021	66.51
1950-1959	3	0.00105	0.00105	0.5	96162	101	96111	6308791	65.61
1950-1959	4	0.00079	0.00079	0.5	96061	76	96023	6212679	64.67
1950-1959	5	0.00072	0.00072	0.5	95985	69	95951	6116656	63.72
1950-1959	6	0.00063	0.00063	0.5	95916	60	95886	6020705	62.77
1950-1959	7	0.00062	0.00062	0.5	95856	59	95827	5924819	61.81
1950-1959	8	0.00060	0.00060	0.5	95797	57	95769	5828993	60.85
1950-1959	9	0.00058	0.00058	0.5	95740	55	95713	5733224	59.88
1950-1959	10	0.00055	0.00055	0.5	95685	53	95658	5637511	58.92
1950-1959	11	0.00058	0.00058	0.5	95632	55	95604	5541853	57.95
1950-1959	12	0.00066	0.00066	0.5	95577	63	95545	5446249	56.98
1950-1959	13	0.00072	0.00072	0.5	95514	69	95480	5350703	56.02
1950-1959	14	0.00086	0.00086	0.5	95445	82	95404	5255224	55.06
1950-1959	15	0.00103	0.00103	0.5	95363	98	95314	5159820	54.11
1950-1959	16	0.00129	0.00129	0.5	95265	122	95204	5064506	53.16
1950-1959	17	0.00144	0.00144	0.5	95142	137	95074	4969302	52.23
1950-1959	18	0.00161	0.00161	0.5	95005	153	94929	4874229	51.30
1950-1959	19	0.00176	0.00176	0.5	94852	167	94769	4779300	50.39
1950-1959	20	0.00190	0.00190	0.5	94686	179	94596	4684531	49.47
1950-1959	21	0.00202	0.00202	0.5	94506	190	94411	4589935	48.57
1950-1959	22	0.00206	0.00206	0.5	94316	194	94219	4495524	47.66
1950-1959	23	0.00215	0.00215	0.5	94122	203	94020	4401306	46.76
1950-1959	24	0.00214	0.00214	0.5	93919	201	93819	4307285	45.86
1950-1959	25	0.00214	0.00213	0.5	93718	200	93618	4213466	44.96
1950-1959	26	0.00207	0.00207	0.5	93518	194	93421	4119848	44.05
1950-1959	27	0.00210	0.00210	0.5	93324	196	93226	4026427	43.14
1950-1959	28	0.00217	0.00217	0.5	93128	202	93027	3933201	42.23
1950-1959	29	0.00223	0.00222	0.5	92926	207	92823	3840174	41.33
1950-1959	30	0.00231	0.00231	0.5	92720	214	92613	3747351	40.42
1950-1959	31	0.00239	0.00239	0.5	92505	221	92395	3654738	39.51
1950-1959	32	0.00258	0.00258	0.5	92285	238	92166	3562343	38.60
1950-1959	33	0.00273	0.00272	0.5	92047	251	91922	3470177	37.70
1950-1959	34	0.00283	0.00283	0.5	91796	260	91667	3378256	36.80
1950-1959	35	0.00301	0.00300	0.5	91537	275	91400	3286589	35.90
1950-1959	36	0.00324	0.00324	0.5	91262	296	91114	3195189	35.01
1950-1959	37	0.00348	0.00347	0.5	90967	316	90809	3104075	34.12
1950-1959	38	0.00381	0.00380	0.5	90651	344	90479	3013266	33.24
1950-1959	39	0.00417	0.00416	0.5	90306	375	90119	2922788	32.37
1950-1959	40	0.00449	0.00448	0.5	89931	403	89729	2832669	31.50
1950-1959	41	0.00485	0.00484	0.5	89528	434	89311	2742939	30.64
1950-1959	42	0.00535	0.00534	0.5	89094	475	88857	2653628	29.78
1950-1959	43	0.00572	0.00570	0.5	88619	505	88366	2564772	28.94
1950-1959	44	0.00621	0.00619	0.5	88113	545	87841	2476406	28.10
1950-1959	45	0.00672	0.00670	0.5	87568	587	87275	2388565	27.28
1950-1959	46	0.00738	0.00735	0.5	86981	639	86662	2301290	26.46
1950-1959	47	0.00804	0.00801	0.5	86342	692	85996	2214628	25.65
1950-1959	48	0.00868	0.00864	0.5	85650	740	85280	2128632	24.85
1950-1959	49	0.00964	0.00959	0.5	84910	815	84503	2043352	24.06
1950-1959	50	0.01035	0.01029	0.5	84096	866	83663	1958849	23.29
1950-1959	51	0.01140	0.01133	0.5	83230	943	82758	1875186	22.53
1950-1959	52	0.01252	0.01244	0.5	82287	1024	81775	1792428	21.78
1950-1959	53	0.01364	0.01355	0.5	81263	1101	80712	1710653	21.05
1950-1959	54	0.01440	0.01430	0.5	80162	1146	79589	1629940	20.33
1950-1959	55	0.01532	0.01520	0.5	79016	1201	78415	1550351	19.62
1950-1959	56	0.01641	0.01628	0.5	77815	1267	77181	1471936	18.92
1950-1959	57	0.01741	0.01726	0.5	76548	1321	75887	1394755	18.22
1950-1959	58	0.01954	0.01935	0.5	75227	1456	74499	1318868	17.53
1950-1959	59	0.02125	0.02103	0.5	73771	1551	72995	1244369	16.87
1950-1959	60	0.02272	0.02247	0.5	72219	1623	71408	1171374	16.22
1950-1959	61	0.02470	0.02440	0.5	70597	1723	69735	1099966	15.58
1950-1959	62	0.02675	0.02639	0.5	68874	1818	67965	1030231	14.96
1950-1959	63	0.02934	0.02892	0.5	67056	1939	66087	962266	14.35
1950-1959	64	0.03142	0.03093	0.5	65117	2014	64110	896179	13.76
1950-1959	65	0.03408	0.03351	0.5	63103	2114	62046	832069	13.19
1950-1959	66	0.03628	0.03563	0.5	60989	2173	59902	770023	12.63
1950-1959	67	0.03926	0.03850	0.5	58815	2265	57683	710121	12.07
1950-1959	68	0.04183	0.04098	0.5	56551	2317	55392	652438	11.54
1950-1959	69	0.04497	0.04398	0.5	54233	2385	53041	597046	11.01
1950-1959	70	0.04830	0.04716	0.5	51848	2445	50625	544006	10.49
1950-1959	71	0.05167	0.05037	0.5	49403	2488	48159	493380	9.99
1950-1959	72	0.05636	0.05482	0.5	46914	2572	45629	445222	9.49
1950-1959	73	0.06140	0.05957	0.5	44343	2642	43022	399593	9.01
1950-1959	74	0.06728	0.06509	0.5	41701	2714	40344	356571	8.55
1950-1959	75	0.07306	0.07049	0.5	38987	2748	37613	316227	8.11
1950-1959	76	0.07903	0.07603	0.5	36239	2755	34861	278614	7.69
1950-1959	77	0.08625	0.08269	0.5	33484	2769	32099	243753	7.28
1950-1959	78	0.09471	0.09043	0.5	30715	2778	29326	211654	6.89
1950-1959	79	0.10317	0.09811	0.5	27937	2741	26567	182327	6.53
1950-1959	80	0.11148	0.10559	0.5	25196	2661	23866	155761	6.18
1950-1959	81	0.12006	0.11326	0.5	22536	2552	21260	131894	5.85
1950-1959	82	0.13157	0.12345	0.5	19983	2467	18750	110635	5.54
1950-1959	83	0.14225	0.13280	0.5	17516	2326	16353	91885	5.25
1950-1959	84	0.15497	0.14383	0.5	15190	2185	14098	75531	4.97
1950-1959	85	0.16538	0.15275	0.5	13006	1987	12012	61433	4.72
1950-1959	86	0.17873	0.16407	0.5	11019	1808	10115	49421	4.49
1950-1959	87	0.18796	0.17182	0.5	9211	1583	8420	39306	4.27
1950-1959	88	0.20120	0.18281	0.5	7629	1395	6931	30886	4.05
1950-1959	89	0.21513	0.19424	0.5	6234	1211	5628	23955	3.84
1950-1959	90	0.22974	0.20607	0.5	5023	1035	4506	18327	3.65
1950-1959	91	0.24504	0.21829	0.5	3988	871	3553	13821	3.47
1950-1959	92	0.26101	0.23088	0.5	3117	720	2758	10268	3.29
1950-1959	93	0.27763	0.24379	0.5	2398	585	2105	7511	3.13
1950-1959	94	0.29489	0.25700	0.5	1813	466	1580	5405	2.98
1950-1959	95	0.31276	0.27047	0.5	1347	364	1165	3825	2.84
1950-1959	96	0.33121	0.28415	0.5	983	279	843	2660	2.71
1950-1959	97	0.35019	0.29801	0.5	704	210	599	1817	2.58
1950-1959	98	0.36965	0.31199	0.5	494	154	417	1218	2.47
1950-1959	99	0.38955	0.32605	0.5	340	111	284	802	2.36
1950-1959	100	0.40982	0.34013	0.5	229	78	190	517	2.26
1950-1959	101	0.43041	0.35419	0.5	151	54	124	327	2.16
1950-1959	102	0.45124	0.36817	0.5	98	36	80	203	2.08
1950-1959	103	0.47224	0.38203	0.5	62	24	50	123	2.00
1950-1959	104	0.49334	0.39572	0.5	38	15	31	73	1.92
1950-1959	105	0.51446	0.40920	0.5	23	9	18	43	1.85
1950-1959	106	0.53553	0.42242	0.5	14	6	11	24	1.79
1950-1959	107	0.55647	0.43535	0.5	8	3	6	14	1.73
1950-1959	108	0.57722	0.44794	0.5	4	2	3	7	1.68
1950-1959	109	0.59770	0.46017	0.5	2	1	2	4	1.64
1950-1959	110+	0.61784	1.00000	1.62	1	1	2	2	1.62
1960-1969	0	0.03110	0.03028	0.13	100000	3028	97361	6613721	66.14
1960-1969	1	0.00179	0.00179	0.5	96972	174	96885	6516360	67.20
1960-1969	2	0.00114	0.00113	0.5	96799	110	96744	6419474	66.32
1960-1969	3	0.00079	0.00079	0.5	96689	77	96650	6322731	65.39
1960-1969	4	0.00066	0.00066	0.5	96612	64	96580	6226080	64.44
1960-1969	5	0.00060	0.00060	0.5	96548	58	96519	6129500	63.49
1960-1969	6	0.00053	0.00053	0.5	96491	51	96465	6032981	62.52
1960-1969	7	0.00053	0.00053	0.5	96440	51	96414	5936516	61.56
1960-1969	8	0.00048	0.00048	0.5	96389	46	96366	5840101	60.59
1960-1969	9	0.00049	0.00049	0.5	96343	47	96319	5743736	59.62
1960-1969	10	0.00048	0.00048	0.5	96296	46	96272	5647416	58.65
1960-1969	11	0.00054	0.00054	0.5	96249	52	96223	5551144	57.67
1960-1969	12	0.00054	0.00054	0.5	96197	52	96171	5454920	56.71
1960-1969	13	0.00065	0.00065	0.5	96145	62	96114	5358749	55.74
1960-1969	14	0.00083	0.00083	0.5	96083	80	96043	5262635	54.77
1960-1969	15	0.00096	0.00096	0.5	96003	92	95957	5166592	53.82
1960-1969	16	0.00149	0.00149	0.5	95911	143	95840	5070635	52.87
1960-1969	17	0.00166	0.00166	0.5	95768	159	95689	4974795	51.95
1960-1969	18	0.00188	0.00187	0.5	95609	179	95520	4879106	51.03
1960-1969	19	0.00194	0.00193	0.5	95430	184	95338	4783586	50.13
1960-1969	20	0.00178	0.00178	0.5	95246	170	95161	4688248	49.22
1960-1969	21	0.00207	0.00206	0.5	95076	196	94978	4593087	48.31
1960-1969	22	0.00204	0.00204	0.5	94880	194	94783	4498110	47.41
1960-1969	23	0.00199	0.00198	0.5	94686	188	94592	4403327	46.50
1960-1969	24	0.00202	0.00202	0.5	94498	191	94402	4308735	45.60
1960-1969	25	0.00200	0.00200	0.5	94307	189	94213	4214333	44.69
1960-1969	26	0.00212	0.00212	0.5	94118	199	94019	4120120	43.78
1960-1969	27	0.00198	0.00197	0.5	93919	185	93826	4026101	42.87
1960-1969	28	0.00214	0.00214	0.5	93734	200	93633	3932275	41.95
1960-1969	29	0.00196	0.00196	0.5	93533	183	93442	3838642	41.04
1960-1969	30	0.00208	0.00208	0.5	93350	194	93253	3745200	40.12
1960-1969	31	0.00214	0.00214	0.5	93156	199	93057	3651947	39.20
1960-1969	32	0.00237	0.00237	0.5	92957	220	92847	3558890	38.29
1960-1969	33	0.00256	0.00256	0.5	92737	237	92618	3466043	37.38
1960-1969	34	0.00288	0.00288	0.5	92499	266	92366	3373425	36.47
1960-1969	35	0.00297	0.00296	0.5	92233	273	92097	3281059	35.57
1960-1969	36	0.00304	0.00303	0.5	91960	279	91821	3188962	34.68
1960-1969	37	0.00335	0.00334	0.5	91681	307	91528	3097141	33.78
1960-1969	38	0.00372	0.00371	0.5	91375	339	91205	3005614	32.89
1960-1969	39	0.00386	0.00385	0.5	91035	350	90860	2914409	32.01
1960-1969	40	0.00440	0.00439	0.5	90685	398	90486	2823548	31.14
1960-1969	41	0.00471	0.00470	0.5	90287	425	90075	2733062	30.27
1960-1969	42	0.00519	0.00517	0.5	89862	465	89630	2642988	29.41
1960-1969	43	0.00605	0.00603	0.5	89398	539	89128	2553358	28.56
1960-1969	44	0.00643	0.00641	0.5	88858	570	88573	2464230	27.73
1960-1969	45	0.00663	0.00661	0.5	88288	584	87997	2375657	26.91
1960-1969	46	0.00716	0.00714	0.5	87705	626	87392	2287660	26.08
1960-1969	47	0.00830	0.00827	0.5	87079	720	86719	2200268	25.27
1960-1969	48	0.00896	0.00892	0.5	86359	770	85974	2113549	24.47
1960-1969	49	0.00986	0.00982	0.5	85589	840	85168	2027576	23.69
1960-1969	50	0.01064	0.01059	0.5	84748	897	84300	1942407	22.92
1960-1969	51	0.01213	0.01206	0.5	83851	1011	83346	1858107	22.16
1960-1969	52	0.01356	0.01347	0.5	82840	1116	82282	1774762	21.42
1960-1969	53	0.01393	0.01383	0.5	81724	1131	81159	1692480	20.71
1960-1969	54	0.01508	0.01497	0.5	80594	1207	79990	1611321	19.99
1960-1969	55	0.01651	0.01637	0.5	79387	1300	78737	1531331	19.29
1960-1969	56	0.01769	0.01753	0.5	78087	1369	77402	1452594	18.60
1960-1969	57	0.01869	0.01851	0.5	76718	1420	76008	1375191	17.93
1960-1969	58	0.02015	0.01995	0.5	75298	1502	74546	1299184	17.25
1960-1969	59	0.02271	0.02246	0.5	73795	1657	72967	1224637	16.60
1960-1969	60	0.02305	0.02279	0.5	72138	1644	71316	1151670	15.96
1960-1969	61	0.02466	0.02436	0.5	70494	1718	69636	1080354	15.33
1960-1969	62	0.02828	0.02788	0.5	68777	1918	67818	1010719	14.70
1960-1969	63	0.03002	0.02958	0.5	66859	1978	65870	942901	14.10
1960-1969	64	0.03298	0.03244	0.5	64882	2105	63829	877030	13.52
1960-1969	65	0.03689	0.03622	0.5	62777	2274	61640	813201	12.95
1960-1969	66	0.03710	0.03642	0.5	60503	2204	59401	751562	12.42
1960-1969	67	0.04117	0.04034	0.5	58299	2352	57123	692160	11.87
1960-1969	68	0.04337	0.04245	0.5	55948	2375	54760	635037	11.35
1960-1969	69	0.04787	0.04675	0.5	53573	2505	52320	580277	10.83
1960-1969	70	0.05100	0.04974	0.5	51068	2540	49798	527957	10.34
1960-1969	71	0.05311	0.05174	0.5	48528	2511	47273	478159	9.85
1960-1969	72	0.06153	0.05970	0.5	46017	2747	44644	430886	9.36
1960-1969	73	0.06460	0.06258	0.5	43270	2708	41916	386243	8.93
1960-1969	74	0.07109	0.06865	0.5	40562	2784	39170	344326	8.49
1960-1969	75	0.07742	0.07453	0.5	37778	2816	36370	305156	8.08
1960-1969	76	0.08048	0.07737	0.5	34962	2705	33610	268786	7.69
1960-1969	77	0.08396	0.08057	0.5	32257	2599	30958	235177	7.29
1960-1969	78	0.09161	0.08760	0.5	29658	2598	28359	204219	6.89
1960-1969	79	0.10206	0.09710	0.5	27060	2628	25746	175860	6.50
1960-1969	80	0.10793	0.10240	0.5	24432	2502	23181	150114	6.14
1960-1969	81	0.11621	0.10983	0.5	21931	2409	20726	126932	5.79
1960-1969	82	0.12939	0.12153	0.5	19522	2373	18336	106206	5.44
1960-1969	83	0.14437	0.13465	0.5	17149	2309	15995	87870	5.12
1960-1969	84	0.15730	0.14583	0.5	14840	2164	13758	71875	4.84
1960-1969	85	0.16746	0.15452	0.5	12676	1959	11697	58117	4.58
1960-1969	86	0.18533	0.16962	0.5	10717	1818	9808	46421	4.33
1960-1969	87	0.19332	0.17628	0.5	8899	1569	8115	36612	4.11
1960-1969	88	0.20822	0.18859	0.5	7331	1382	6639	28497	3.89
1960-1969	89	0.22395	0.20140	0.5	5948	1198	5349	21858	3.67
1960-1969	90	0.24050	0.21469	0.5	4750	1020	4240	16509	3.48
1960-1969	91	0.25787	0.22842	0.5	3730	852	3304	12269	3.29
1960-1969	92	0.27604	0.24256	0.5	2878	698	2529	8964	3.11
1960-1969	93	0.29498	0.25707	0.5	2180	560	1900	6435	2.95
1960-1969	94	0.31466	0.27188	0.5	1620	440	1400	4535	2.80
1960-1969	95	0.33502	0.28696	0.5	1179	338	1010	3136	2.66
1960-1969	96	0.35602	0.30222	0.5	841	254	714	2125	2.53
1960-1969	97	0.37759	0.31762	0.5	587	186	494	1412	2.41
1960-1969	98	0.39965	0.33309	0.5	400	133	334	918	2.29
1960-1969	99	0.42213	0.34856	0.5	267	93	220	584	2.19
1960-1969	100	0.44493	0.36396	0.5	174	63	142	364	2.09
1960-1969	101	0.46797	0.37923	0.5	111	42	90	221	2.00
1960-1969	102	0.49115	0.39431	0.5	69	27	55	132	1.92
1960-1969	103	0.51436	0.40914	0.5	42	17	33	77	1.84
1960-1969	104	0.53751	0.42365	0.5	25	10	19	44	1.77
1960-1969	105	0.56050	0.43781	0.5	14	6	11	24	1.71
1960-1969	106	0.58324	0.45156	0.5	8	4	6	13	1.65
1960-1969	107	0.60563	0.46486	0.5	4	2	3	7	1.60
1960-1969	108	0.62758	0.47769	0.5	2	1	2	4	1.55
1960-1969	109	0.64902	0.49000	0.5	1	1	1	2	1.52
1960-1969	110+	0.66987	1.00000	1.49	1	1	1	1	1.49
1970-1979	0	0.02031	0.01995	0.1	100000	1995	98204	6741796	67.42
1970-1979	1	0.00127	0.00127	0.5	98005	124	97943	6643593	67.79
1970-1979	2	0.00080	0.00080	0.5	97881	78	97842	6545650	66.87
1970-1979	3	0.00064	0.00064	0.5	97803	63	97771	6447808	65.93
1970-1979	4	0.00052	0.00052	0.5	97740	51	97714	6350036	64.97
1970-1979	5	0.00051	0.00051	0.5	97689	49	97664	6252322	64.00
1970-1979	6	0.00051	0.00051	0.5	97640	50	97615	6154657	63.03
1970-1979	7	0.00044	0.00044	0.5	97590	43	97568	6057043	62.07
1970-1979	8	0.00043	0.00043	0.5	97547	42	97526	5959475	61.09
1970-1979	9	0.00037	0.00037	0.5	97505	36	97487	5861949	60.12
1970-1979	10	0.00043	0.00043	0.5	97469	42	97448	5764462	59.14
1970-1979	11	0.00044	0.00044	0.5	97426	43	97405	5667014	58.17
1970-1979	12	0.00047	0.00047	0.5	97384	46	97361	5569609	57.19
1970-1979	13	0.00068	0.00068	0.5	97338	66	97305	5472248	56.22
1970-1979	14	0.00079	0.00079	0.5	97272	77	97234	5374943	55.26
1970-1979	15	0.00107	0.00107	0.5	97195	104	97143	5277710	54.30
1970-1979	16	0.00137	0.00137	0.5	97091	133	97024	5180566	53.36
1970-1979	17	0.00169	0.00169	0.5	96958	164	96876	5083542	52.43
1970-1979	18	0.00213	0.00213	0.5	96794	206	96691	4986666	51.52
1970-1979	19	0.00215	0.00214	0.5	96588	207	96484	4889976	50.63
1970-1979	20	0.00213	0.00213	0.5	96381	205	96278	4793492	49.74
1970-1979	21	0.00228	0.00228	0.5	96175	219	96066	4697214	48.84
1970-1979	22	0.00231	0.00231	0.5	95956	221	95845	4601148	47.95
1970-1979	23	0.00225	0.00225	0.5	95735	216	95627	4505303	47.06
1970-1979	24	0.00226	0.00226	0.5	95519	216	95411	4409676	46.17
1970-1979	25	0.00236	0.00235	0.5	95303	224	95191	4314265	45.27
1970-1979	26	0.00212	0.00212	0.5	95079	201	94978	4219074	44.37
1970-1979	27	0.00202	0.00202	0.5	94877	192	94781	4124096	43.47
1970-1979	28	0.00208	0.00208	0.5	94686	197	94587	4029315	42.55
1970-1979	29	0.00214	0.00213	0.5	94489	202	94388	3934727	41.64
1970-1979	30	0.00208	0.00207	0.5	94287	195	94190	3840339	40.73
1970-1979	31	0.00218	0.00218	0.5	94092	205	93989	3746150	39.81
1970-1979	32	0.00232	0.00232	0.5	93887	218	93778	3652160	38.90
1970-1979	33	0.00224	0.00224	0.5	93669	210	93564	3558383	37.99
1970-1979	34	0.00264	0.00263	0.5	93459	246	93336	3464819	37.07
1970-1979	35	0.00258	0.00258	0.5	93213	240	93093	3371483	36.17
1970-1979	36	0.00292	0.00291	0.5	92972	271	92837	3278390	35.26
1970-1979	37	0.00318	0.00317	0.5	92702	294	92555	3185553	34.36
1970-1979	38	0.00341	0.00341	0.5	92408	315	92250	3092999	33.47
1970-1979	39	0.00390	0.00389	0.5	92093	358	91914	3000748	32.58
1970-1979	40	0.00382	0.00381	0.5	91734	350	91560	2908835	31.71
1970-1979	41	0.00440	0.00439	0.5	91385	401	91184	2817275	30.83
1970-1979	42	0.00478	0.00477	0.5	90984	434	90767	2726091	29.96
1970-1979	43	0.00532	0.00531	0.5	90550	481	90310	2635324	29.10
1970-1979	44	0.00609	0.00608	0.5	90069	547	89796	2545014	28.26
1970-1979	45	0.00642	0.00640	0.5	89522	573	89236	2455218	27.43
1970-1979	46	0.00698	0.00696	0.5	88949	619	88640	2365982	26.60
1970-1979	47	0.00775	0.00772	0.5	88330	682	87989	2277343	25.78
1970-1979	48	0.00820	0.00817	0.5	87648	716	87290	2189354	24.98
1970-1979	49	0.00922	0.00917	0.5	86932	797	86534	2102063	24.18
1970-1979	50	0.01017	0.01012	0.5	86135	872	85699	2015530	23.40
1970-1979	51	0.01058	0.01052	0.5	85263	897	84815	1929831	22.63
1970-1979	52	0.01214	0.01206	0.5	84366	1018	83857	1845016	21.87
1970-1979	53	0.01315	0.01306	0.5	83348	1089	82804	1761159	21.13
1970-1979	54	0.01463	0.01453	0.5	82259	1195	81662	1678355	20.40
1970-1979	55	0.01527	0.01515	0.5	81065	1229	80450	1596693	19.70
1970-1979	56	0.01678	0.01664	0.5	79836	1328	79172	1516243	18.99
1970-1979	57	0.01803	0.01787	0.5	78508	1403	77806	1437071	18.30
1970-1979	58	0.01936	0.01917	0.5	77105	1478	76366	1359264	17.63
1970-1979	59	0.02224	0.02199	0.5	75627	1663	74795	1282899	16.96
1970-1979	60	0.02294	0.02268	0.5	73963	1677	73125	1208104	16.33
1970-1979	61	0.02489	0.02458	0.5	72286	1777	71397	1134979	15.70
1970-1979	62	0.02789	0.02751	0.5	70509	1940	69539	1063582	15.08
1970-1979	63	0.02963	0.02920	0.5	68569	2002	67568	994043	14.50
1970-1979	64	0.03185	0.03135	0.5	66567	2087	65523	926475	13.92
1970-1979	65	0.03447	0.03389	0.5	64480	2185	63387	860952	13.35
1970-1979	66	0.03509	0.03448	0.5	62295	2148	61221	797564	12.80
1970-1979	67	0.03833	0.03761	0.5	60147	2262	59016	736344	12.24
1970-1979	68	0.04159	0.04074	0.5	57885	2358	56706	677328	11.70
1970-1979	69	0.04529	0.04429	0.5	55527	2459	54297	620622	11.18
1970-1979	70	0.04972	0.04851	0.5	53067	2574	51780	566325	10.67
1970-1979	71	0.05137	0.05008	0.5	50493	2529	49228	514545	10.19
1970-1979	72	0.05818	0.05654	0.5	47964	2712	46608	465317	9.70
1970-1979	73	0.06039	0.05862	0.5	45252	2653	43926	418709	9.25
1970-1979	74	0.06630	0.06417	0.5	42599	2734	41232	374783	8.80
1970-1979	75	0.07071	0.06830	0.5	39866	2723	38504	333551	8.37
1970-1979	76	0.07785	0.07493	0.5	37143	2783	35751	295046	7.94
1970-1979	77	0.08206	0.07882	0.5	34360	2708	33006	259295	7.55
1970-1979	78	0.09013	0.08624	0.5	31651	2730	30287	226289	7.15
1970-1979	79	0.09570	0.09133	0.5	28922	2641	27601	196003	6.78
1970-1979	80	0.10686	0.10144	0.5	26280	2666	24947	168402	6.41
1970-1979	81	0.11306	0.10701	0.5	23614	2527	22351	143454	6.07
1970-1979	82	0.12230	0.11525	0.5	21087	2430	19872	121103	5.74
1970-1979	83	0.13547	0.12687	0.5	18657	2367	17474	101231	5.43
1970-1979	84	0.14905	0.13871	0.5	16290	2260	15160	83758	5.14
1970-1979	85	0.15633	0.14500	0.5	14030	2034	13013	68597	4.89
1970-1979	86	0.17027	0.15692	0.5	11996	1882	11055	55584	4.63
1970-1979	87	0.18123	0.16617	0.5	10114	1681	9273	44529	4.40
1970-1979	88	0.19249	0.17559	0.5	8433	1481	7693	35256	4.18
1970-1979	89	0.20617	0.18690	0.5	6952	1299	6303	27563	3.96
1970-1979	90	0.22055	0.19864	0.5	5653	1123	5091	21261	3.76
1970-1979	91	0.23563	0.21080	0.5	4530	955	4053	16169	3.57
1970-1979	92	0.25142	0.22334	0.5	3575	798	3176	12117	3.39
1970-1979	93	0.26789	0.23624	0.5	2777	656	2449	8941	3.22
1970-1979	94	0.28502	0.24947	0.5	2121	529	1856	6492	3.06
1970-1979	95	0.30281	0.26299	0.5	1592	419	1382	4636	2.91
1970-1979	96	0.32120	0.27675	0.5	1173	325	1011	3254	2.77
1970-1979	97	0.34016	0.29072	0.5	848	247	725	2243	2.64
1970-1979	98	0.35965	0.30484	0.5	602	183	510	1518	2.52
1970-1979	99	0.37962	0.31906	0.5	418	133	352	1008	2.41
1970-1979	100	0.40000	0.33333	0.5	285	95	237	656	2.30
1970-1979	101	0.42073	0.34761	0.5	190	66	157	419	2.21
1970-1979	102	0.44175	0.36183	0.5	124	45	101	262	2.11
1970-1979	103	0.46298	0.37595	0.5	79	30	64	161	2.03
1970-1979	104	0.48434	0.38992	0.5	49	19	40	96	1.95
1970-1979	105	0.50576	0.40368	0.5	30	12	24	57	1.88
1970-1979	106	0.52716	0.41720	0.5	18	7	14	33	1.81
1970-1979	107	0.54846	0.43042	0.5	10	5	8	18	1.76
1970-1979	108	0.56958	0.44333	0.5	6	3	5	10	1.70
1970-1979	109	0.59046	0.45587	0.5	3	2	3	6	1.66
1970-1979	110+	0.61101	1.00000	1.64	2	2	3	3	1.64
1980-1989	0	0.01343	0.01326	0.08	100000	1326	98781	6983158	69.83
1980-1989	1	0.00097	0.00097	0.5	98674	96	98626	6884377	69.77
1980-1989	2	0.00062	0.00062	0.5	98578	61	98548	6785751	68.84
1980-1989	3	0.00044	0.00044	0.5	98517	44	98495	6687203	67.88
1980-1989	4	0.00039	0.00039	0.5	98474	38	98454	6588708	66.91
1980-1989	5	0.00037	0.00037	0.5	98435	37	98417	6490254	65.93
1980-1989	6	0.00031	0.00031	0.5	98399	31	98383	6391837	64.96
1980-1989	7	0.00032	0.00032	0.5	98368	31	98352	6293453	63.98
1980-1989	8	0.00031	0.00031	0.5	98337	30	98322	6195101	63.00
1980-1989	9	0.00031	0.00031	0.5	98307	30	98292	6096779	62.02
1980-1989	10	0.00032	0.00032	0.5	98277	32	98261	5998488	61.04
1980-1989	11	0.00029	0.00029	0.5	98245	29	98230	5900227	60.06
1980-1989	12	0.00036	0.00036	0.5	98216	35	98199	5801996	59.07
1980-1989	13	0.00045	0.00045	0.5	98181	44	98159	5703798	58.09
1980-1989	14	0.00063	0.00063	0.5	98136	61	98106	5605639	57.12
1980-1989	15	0.00071	0.00071	0.5	98075	70	98040	5507534	56.16
1980-1989	16	0.00106	0.00106	0.5	98005	104	97954	5409493	55.20
1980-1989	17	0.00133	0.00133	0.5	97902	130	97837	5311540	54.25
1980-1989	18	0.00183	0.00183	0.5	97772	179	97682	5213703	53.33
1980-1989	19	0.00178	0.00178	0.5	97593	174	97506	5116021	52.42
1980-1989	20	0.00186	0.00186	0.5	97419	181	97328	5018515	51.51
1980-1989	21	0.00187	0.00187	0.5	97238	181	97147	4921187	50.61
1980-1989	22	0.00180	0.00180	0.5	97056	175	96969	4824040	49.70
1980-1989	23	0.00195	0.00195	0.5	96882	189	96787	4727071	48.79
1980-1989	24	0.00195	0.00195	0.5	96693	189	96599	4630283	47.89
1980-1989	25	0.00177	0.00176	0.5	96504	170	96419	4533685	46.98
1980-1989	26	0.00182	0.00182	0.5	96334	175	96246	4437266	46.06
1980-1989	27	0.00190	0.00190	0.5	96159	182	96068	4341019	45.14
1980-1989	28	0.00213	0.00213	0.5	95976	204	95874	4244952	44.23
1980-1989	29	0.00192	0.00192	0.5	95772	184	95680	4149077	43.32
1980-1989	30	0.00197	0.00197	0.5	95589	189	95494	4053397	42.40
1980-1989	31	0.00206	0.00206	0.5	95400	197	95302	3957903	41.49
1980-1989	32	0.00212	0.00211	0.5	95203	201	95103	3862601	40.57
1980-1989	33	0.00230	0.00229	0.5	95002	218	94893	3767498	39.66
1980-1989	34	0.00224	0.00224	0.5	94784	212	94678	3672605	38.75
1980-1989	35	0.00209	0.00209	0.5	94572	198	94473	3577927	37.83
1980-1989	36	0.00241	0.00241	0.5	94374	227	94261	3483454	36.91
1980-1989	37	0.00265	0.00265	0.5	94147	249	94022	3389193	36.00
1980-1989	38	0.00302	0.00301	0.5	93897	283	93756	3295171	35.09
1980-1989	39	0.00290	0.00290	0.5	93615	271	93479	3201415	34.20
1980-1989	40	0.00293	0.00293	0.5	93344	273	93207	3107936	33.30
1980-1989	41	0.00346	0.00345	0.5	93070	321	92910	3014729	32.39
1980-1989	42	0.00372	0.00371	0.5	92749	344	92577	2921819	31.50
1980-1989	43	0.00417	0.00417	0.5	92405	385	92213	2829242	30.62
1980-1989	44	0.00420	0.00419	0.5	92020	385	91828	2737029	29.74
1980-1989	45	0.00473	0.00472	0.5	91635	432	91419	2645201	28.87
1980-1989	46	0.00562	0.00561	0.5	91203	512	90947	2553782	28.00
1980-1989	47	0.00593	0.00591	0.5	90691	536	90423	2462835	27.16
1980-1989	48	0.00672	0.00669	0.5	90155	604	89853	2372412	26.31
1980-1989	49	0.00703	0.00700	0.5	89552	627	89238	2282559	25.49
1980-1989	50	0.00778	0.00775	0.5	88925	689	88580	2193321	24.66
1980-1989	51	0.00866	0.00862	0.5	88235	761	87855	2104741	23.85
1980-1989	52	0.00964	0.00960	0.5	87475	839	87055	2016886	23.06
1980-1989	53	0.01091	0.01085	0.5	86635	940	86165	1929831	22.28
1980-1989	54	0.01163	0.01156	0.5	85696	991	85200	1843665	21.51
1980-1989	55	0.01275	0.01267	0.5	84705	1073	84168	1758465	20.76
1980-1989	56	0.01376	0.01367	0.5	83631	1143	83060	1674297	20.02
1980-1989	57	0.01499	0.01488	0.5	82488	1227	81875	1591237	19.29
1980-1989	58	0.01751	0.01736	0.5	81261	1410	80556	1509362	18.57
1980-1989	59	0.01814	0.01798	0.5	79851	1436	79133	1428807	17.89
1980-1989	60	0.01994	0.01974	0.5	78415	1548	77641	1349674	17.21
1980-1989	61	0.02175	0.02151	0.5	76867	1654	76040	1272033	16.55
1980-1989	62	0.02370	0.02342	0.5	75213	1761	74332	1195993	15.90
1980-1989	63	0.02536	0.02504	0.5	73452	1840	72532	1121661	15.27
1980-1989	64	0.02739	0.02702	0.5	71612	1935	70645	1049129	14.65
1980-1989	65	0.02905	0.02863	0.5	69677	1995	68680	978484	14.04
1980-1989	66	0.03232	0.03180	0.5	67682	2152	66606	909805	13.44
1980-1989	67	0.03450	0.03391	0.5	65530	2222	64419	843199	12.87
1980-1989	68	0.03731	0.03663	0.5	63307	2319	62148	778780	12.30
1980-1989	69	0.04040	0.03960	0.5	60989	2415	59781	716632	11.75
1980-1989	70	0.04409	0.04314	0.5	58574	2527	57310	656851	11.21
1980-1989	71	0.04705	0.04597	0.5	56047	2576	54758	599541	10.70
1980-1989	72	0.05290	0.05154	0.5	53470	2756	52092	544783	10.19
1980-1989	73	0.05679	0.05522	0.5	50715	2800	49314	492690	9.71
1980-1989	74	0.06083	0.05904	0.5	47914	2829	46500	443376	9.25
1980-1989	75	0.06557	0.06349	0.5	45085	2862	43654	396876	8.80
1980-1989	76	0.07023	0.06784	0.5	42223	2865	40791	353222	8.37
1980-1989	77	0.07581	0.07304	0.5	39359	2875	37921	312431	7.94
1980-1989	78	0.08417	0.08077	0.5	36484	2947	35010	274510	7.52
1980-1989	79	0.08579	0.08226	0.5	33537	2759	32157	239500	7.14
1980-1989	80	0.10000	0.09524	0.5	30778	2931	29312	207342	6.74
1980-1989	81	0.10383	0.09870	0.5	27847	2749	26473	178030	6.39
1980-1989	82	0.11533	0.10905	0.5	25098	2737	23730	151557	6.04
1980-1989	83	0.12347	0.11629	0.5	22361	2600	21061	127827	5.72
1980-1989	84	0.13334	0.12501	0.5	19761	2470	18526	106766	5.40
1980-1989	85	0.14546	0.13560	0.5	17291	2345	16119	88240	5.10
1980-1989	86	0.15643	0.14508	0.5	14946	2168	13862	72121	4.83
1980-1989	87	0.16997	0.15665	0.5	12778	2002	11777	58259	4.56
1980-1989	88	0.18277	0.16747	0.5	10776	1805	9874	46482	4.31
1980-1989	89	0.19663	0.17903	0.5	8971	1606	8168	36609	4.08
1980-1989	90	0.21126	0.19108	0.5	7365	1407	6662	28440	3.86
1980-1989	91	0.22667	0.20360	0.5	5958	1213	5351	21779	3.66
1980-1989	92	0.24287	0.21657	0.5	4745	1028	4231	16427	3.46
1980-1989	93	0.25983	0.22995	0.5	3717	855	3290	12196	3.28
1980-1989	94	0.27754	0.24372	0.5	2863	698	2514	8906	3.11
1980-1989	95	0.29598	0.25782	0.5	2165	558	1886	6392	2.95
1980-1989	96	0.31510	0.27222	0.5	1607	437	1388	4507	2.80
1980-1989	97	0.33488	0.28685	0.5	1169	335	1002	3118	2.67
1980-1989	98	0.35525	0.30167	0.5	834	252	708	2117	2.54
1980-1989	99	0.37616	0.31661	0.5	582	184	490	1409	2.42
1980-1989	100	0.39754	0.33163	0.5	398	132	332	919	2.31
1980-1989	101	0.41933	0.34665	0.5	266	92	220	587	2.21
1980-1989	102	0.44143	0.36161	0.5	174	63	142	367	2.11
1980-1989	103	0.46376	0.37647	0.5	111	42	90	224	2.02
1980-1989	104	0.48624	0.39115	0.5	69	27	56	134	1.94
1980-1989	105	0.50878	0.40560	0.5	42	17	34	79	1.87
1980-1989	106	0.53128	0.41977	0.5	25	11	20	45	1.80
1980-1989	107	0.55365	0.43362	0.5	15	6	11	25	1.74
1980-1989	108	0.57581	0.44709	0.5	8	4	6	14	1.68
1980-1989	109	0.59767	0.46016	0.5	5	2	4	7	1.64
1980-1989	110+	0.61915	1.00000	1.62	2	2	4	4	1.62
1990-1999	0	0.01027	0.01017	0.07	100000	1017	99057	7099011	70.99
1990-1999	1	0.00070	0.00070	0.5	98983	69	98948	6999954	70.72
1990-1999	2	0.00052	0.00052	0.5	98914	51	98888	6901006	69.77
1990-1999	3	0.00044	0.00044	0.5	98862	43	98841	6802118	68.80
1990-1999	4	0.00032	0.00032	0.5	98819	31	98803	6703277	67.83
1990-1999	5	0.00030	0.00030	0.5	98788	30	98773	6604474	66.86
1990-1999	6	0.00028	0.00028	0.5	98758	27	98744	6505702	65.88
1990-1999	7	0.00027	0.00027	0.5	98730	26	98717	6406958	64.89
1990-1999	8	0.00025	0.00025	0.5	98704	25	98692	6308240	63.91
1990-1999	9	0.00025	0.00025	0.5	98679	25	98667	6209548	62.93
1990-1999	10	0.00023	0.00023	0.5	98655	23	98643	6110881	61.94
1990-1999	11	0.00025	0.00025	0.5	98632	24	98620	6012238	60.96
1990-1999	12	0.00030	0.00030	0.5	98607	29	98593	5913618	59.97
1990-1999	13	0.00036	0.00036	0.5	98578	36	98560	5815025	58.99
1990-1999	14	0.00048	0.00048	0.5	98542	47	98519	5716465	58.01
1990-1999	15	0.00088	0.00088	0.5	98496	87	98452	5617946	57.04
1990-1999	16	0.00123	0.00123	0.5	98409	121	98349	5519494	56.09
1990-1999	17	0.00139	0.00139	0.5	98288	136	98220	5421145	55.16
1990-1999	18	0.00180	0.00180	0.5	98152	177	98064	5322925	54.23
1990-1999	19	0.00178	0.00178	0.5	97975	175	97888	5224861	53.33
1990-1999	20	0.00174	0.00174	0.5	97801	170	97715	5126973	52.42
1990-1999	21	0.00184	0.00183	0.5	97630	179	97541	5029258	51.51
1990-1999	22	0.00185	0.00185	0.5	97451	180	97361	4931717	50.61
1990-1999	23	0.00185	0.00185	0.5	97271	180	97181	4834356	49.70
1990-1999	24	0.00169	0.00169	0.5	97091	164	97009	4737176	48.79
1990-1999	25	0.00186	0.00186	0.5	96926	180	96836	4640167	47.87
1990-1999	26	0.00189	0.00189	0.5	96746	183	96654	4543331	46.96
1990-1999	27	0.00185	0.00185	0.5	96563	178	96474	4446677	46.05
1990-1999	28	0.00218	0.00218	0.5	96385	210	96279	4350203	45.13
1990-1999	29	0.00201	0.00201	0.5	96174	193	96078	4253924	44.23
1990-1999	30	0.00189	0.00189	0.5	95981	181	95891	4157846	43.32
1990-1999	31	0.00213	0.00213	0.5	95800	204	95698	4061955	42.40
1990-1999	32	0.00240	0.00239	0.5	95596	229	95482	3966257	41.49
1990-1999	33	0.00249	0.00249	0.5	95367	237	95249	3870775	40.59
1990-1999	34	0.00244	0.00244	0.5	95130	232	95014	3775527	39.69
1990-1999	35	0.00268	0.00268	0.5	94898	254	94770	3680513	38.78
1990-1999	36	0.00261	0.00261	0.5	94643	247	94520	3585743	37.89
1990-1999	37	0.00296	0.00295	0.5	94396	279	94257	3491223	36.98
1990-1999	38	0.00316	0.00315	0.5	94117	296	93969	3396966	36.09
1990-1999	39	0.00308	0.00307	0.5	93821	288	93677	3302997	35.21
1990-1999	40	0.00329	0.00328	0.5	93533	307	93379	3209320	34.31
1990-1999	41	0.00357	0.00356	0.5	93226	332	93060	3115941	33.42
1990-1999	42	0.00384	0.00383	0.5	92894	356	92716	3022881	32.54
1990-1999	43	0.00391	0.00390	0.5	92537	361	92357	2930166	31.66
1990-1999	44	0.00424	0.00423	0.5	92176	390	91981	2837809	30.79
1990-1999	45	0.00443	0.00443	0.5	91786	406	91583	2745828	29.92
1990-1999	46	0.00483	0.00482	0.5	91380	440	91160	2654245	29.05
1990-1999	47	0.00531	0.00529	0.5	90939	481	90699	2563085	28.18
1990-1999	48	0.00615	0.00613	0.5	90458	555	90181	2472387	27.33
1990-1999	49	0.00600	0.00598	0.5	89903	538	89634	2382206	26.50
1990-1999	50	0.00672	0.00670	0.5	89366	599	89066	2292571	25.65
1990-1999	51	0.00759	0.00756	0.5	88767	671	88431	2203505	24.82
1990-1999	52	0.00823	0.00820	0.5	88095	722	87734	2115074	24.01
1990-1999	53	0.00896	0.00892	0.5	87373	779	86984	2027340	23.20
1990-1999	54	0.00983	0.00978	0.5	86594	847	86171	1940356	22.41
1990-1999	55	0.01078	0.01072	0.5	85747	920	85287	1854186	21.62
1990-1999	56	0.01209	0.01202	0.5	84827	1019	84318	1768898	20.85
1990-1999	57	0.01338	0.01329	0.5	83808	1114	83251	1684581	20.10
1990-1999	58	0.01501	0.01490	0.5	82695	1232	82079	1601329	19.36
1990-1999	59	0.01551	0.01539	0.5	81463	1254	80836	1519250	18.65
1990-1999	60	0.01693	0.01678	0.5	80209	1346	79536	1438415	17.93
1990-1999	61	0.01856	0.01839	0.5	78863	1450	78138	1358879	17.23
1990-1999	62	0.02064	0.02043	0.5	77413	1581	76622	1280741	16.54
1990-1999	63	0.02294	0.02268	0.5	75831	1720	74971	1204119	15.88
1990-1999	64	0.02312	0.02286	0.5	74111	1694	73264	1129148	15.24
1990-1999	65	0.02603	0.02569	0.5	72417	1861	71487	1055883	14.58
1990-1999	66	0.02851	0.02811	0.5	70557	1984	69565	984396	13.95
1990-1999	67	0.02986	0.02942	0.5	68573	2017	67565	914831	13.34
1990-1999	68	0.03408	0.03351	0.5	66556	2230	65441	847267	12.73
1990-1999	69	0.03770	0.03700	0.5	64326	2380	63136	781826	12.15
1990-1999	70	0.03890	0.03816	0.5	61946	2364	60764	718690	11.60
1990-1999	71	0.04286	0.04196	0.5	59582	2500	58332	657926	11.04
1990-1999	72	0.04677	0.04571	0.5	57082	2609	55777	599595	10.50
1990-1999	73	0.05169	0.05039	0.5	54473	2745	53100	543817	9.98
1990-1999	74	0.05640	0.05486	0.5	51728	2838	50309	490717	9.49
1990-1999	75	0.05817	0.05653	0.5	48891	2764	47509	440407	9.01
1990-1999	76	0.06494	0.06290	0.5	46127	2901	44676	392899	8.52
1990-1999	77	0.07131	0.06886	0.5	43226	2976	41737	348222	8.06
1990-1999	78	0.07463	0.07194	0.5	40249	2896	38801	306485	7.61
1990-1999	79	0.08576	0.08223	0.5	37354	3072	35818	267683	7.17
1990-1999	80	0.09158	0.08757	0.5	34282	3002	32781	231866	6.76
1990-1999	81	0.09995	0.09519	0.5	31280	2977	29791	199085	6.36
1990-1999	82	0.11151	0.10562	0.5	28302	2989	26808	169294	5.98
1990-1999	83	0.12164	0.11467	0.5	25313	2903	23862	142486	5.63
1990-1999	84	0.13404	0.12562	0.5	22410	2815	21003	118624	5.29
1990-1999	85	0.14308	0.13353	0.5	19595	2617	18287	97622	4.98
1990-1999	86	0.15739	0.14591	0.5	16979	2477	15740	79335	4.67
1990-1999	87	0.17265	0.15893	0.5	14501	2305	13349	63595	4.39
1990-1999	88	0.18804	0.17188	0.5	12197	2096	11148	50246	4.12
1990-1999	89	0.20447	0.18550	0.5	10100	1874	9163	39097	3.87
1990-1999	90	0.22193	0.19977	0.5	8227	1643	7405	29934	3.64
1990-1999	91	0.24044	0.21464	0.5	6583	1413	5877	22529	3.42
1990-1999	92	0.25997	0.23007	0.5	5170	1190	4575	16652	3.22
1990-1999	93	0.28051	0.24601	0.5	3981	979	3491	12077	3.03
1990-1999	94	0.30201	0.26239	0.5	3001	788	2608	8586	2.86
1990-1999	95	0.32441	0.27913	0.5	2214	618	1905	5978	2.70
1990-1999	96	0.34764	0.29616	0.5	1596	473	1360	4073	2.55
1990-1999	97	0.37162	0.31339	0.5	1123	352	947	2713	2.42
1990-1999	98	0.39626	0.33073	0.5	771	255	644	1766	2.29
1990-1999	99	0.42143	0.34808	0.5	516	180	426	1122	2.17
1990-1999	100	0.44701	0.36535	0.5	337	123	275	696	2.07
1990-1999	101	0.47288	0.38245	0.5	214	82	173	421	1.97
1990-1999	102	0.49890	0.39929	0.5	132	53	106	248	1.88
1990-1999	103	0.52492	0.41579	0.5	79	33	63	143	1.80
1990-1999	104	0.55080	0.43187	0.5	46	20	36	80	1.73
1990-1999	105	0.57642	0.44746	0.5	26	12	20	44	1.66
1990-1999	106	0.60163	0.46250	0.5	15	7	11	23	1.60
1990-1999	107	0.62631	0.47695	0.5	8	4	6	12	1.55
1990-1999	108	0.65035	0.49077	0.5	4	2	3	6	1.50
1990-1999	109	0.67366	0.50392	0.5	2	1	2	3	1.46
1990-1999	110+	0.69613	1.00000	1.44	1	1	1	1	1.44
2000-2009	0	0.00994	0.00985	0.07	100000	985	99086	7243107	72.43
2000-2009	1	0.00055	0.00055	0.5	99015	55	98988	7144021	72.15
2000-2009	2	0.00035	0.00035	0.5	98961	35	98943	7045033	71.19
2000-2009	3	0.00032	0.00032	0.5	98926	32	98910	6946090	70.22
2000-2009	4	0.00026	0.00026	0.5	98894	25	98882	6847180	69.24
2000-2009	5	0.00022	0.00022	0.5	98869	22	98858	6748298	68.25
2000-2009	6	0.00014	0.00014	0.5	98847	13	98840	6649440	67.27
2000-2009	7	0.00017	0.00017	0.5	98833	17	98825	6550600	66.28
2000-2009	8	0.00017	0.00017	0.5	98817	17	98808	6451775	65.29
2000-2009	9	0.00016	0.00016	0.5	98799	16	98791	6352967	64.30
2000-2009	10	0.00016	0.00016	0.5	98783	16	98775	6254176	63.31
2000-2009	11	0.00020	0.00020	0.5	98767	19	98758	6155401	62.32
2000-2009	12	0.00024	0.00024	0.5	98748	24	98736	6056643	61.33
2000-2009	13	0.00028	0.00028	0.5	98724	28	98710	5957907	60.35
2000-2009	14	0.00034	0.00034	0.5	98696	33	98680	5859197	59.37
2000-2009	15	0.00053	0.00053	0.5	98663	52	98637	5760518	58.39
2000-2009	16	0.00079	0.00079	0.5	98611	78	98572	5661881	57.42
2000-2009	17	0.00103	0.00103	0.5	98533	101	98482	5563309	56.46
2000-2009	18	0.00159	0.00159	0.5	98432	157	98353	5464827	55.52
2000-2009	19	0.00165	0.00165	0.5	98275	162	98194	5366474	54.61
2000-2009	20	0.00174	0.00174	0.5	98113	170	98027	5268280	53.70
2000-2009	21	0.00183	0.00183	0.5	97942	179	97853	5170252	52.79
2000-2009	22	0.00186	0.00186	0.5	97763	182	97672	5072400	51.88
2000-2009	23	0.00167	0.00167	0.5	97581	163	97500	4974727	50.98
2000-2009	24	0.00184	0.00184	0.5	97418	179	97329	4877227	50.06
2000-2009	25	0.00180	0.00179	0.5	97239	174	97152	4779899	49.16
2000-2009	26	0.00184	0.00184	0.5	97065	179	96975	4682747	48.24
2000-2009	27	0.00166	0.00166	0.5	96886	161	96805	4585771	47.33
2000-2009	28	0.00173	0.00173	0.5	96725	168	96641	4488966	46.41
2000-2009	29	0.00187	0.00187	0.5	96557	181	96467	4392325	45.49
2000-2009	30	0.00200	0.00200	0.5	96377	193	96280	4295858	44.57
2000-2009	31	0.00201	0.00201	0.5	96184	193	96087	4199578	43.66
2000-2009	32	0.00205	0.00205	0.5	95990	197	95892	4103491	42.75
2000-2009	33	0.00209	0.00208	0.5	95794	200	95694	4007599	41.84
2000-2009	34	0.00219	0.00219	0.5	95594	209	95490	3911905	40.92
2000-2009	35	0.00230	0.00230	0.5	95385	219	95276	3816415	40.01
2000-2009	36	0.00247	0.00246	0.5	95166	234	95049	3721139	39.10
2000-2009	37	0.00260	0.00260	0.5	94932	246	94809	3626090	38.20
2000-2009	38	0.00282	0.00281	0.5	94686	266	94552	3531281	37.29
2000-2009	39	0.00297	0.00296	0.5	94419	280	94279	3436729	36.40
2000-2009	40	0.00334	0.00334	0.5	94140	314	93982	3342449	35.51
2000-2009	41	0.00359	0.00358	0.5	93825	336	93657	3248467	34.62
2000-2009	42	0.00381	0.00380	0.5	93489	355	93312	3154809	33.75
2000-2009	43	0.00414	0.00413	0.5	93134	385	92942	3061498	32.87
2000-2009	44	0.00478	0.00477	0.5	92749	443	92528	2968556	32.01
2000-2009	45	0.00492	0.00490	0.5	92307	453	92080	2876028	31.16
2000-2009	46	0.00542	0.00541	0.5	91854	497	91606	2783948	30.31
2000-2009	47	0.00578	0.00576	0.5	91357	526	91094	2692342	29.47
2000-2009	48	0.00635	0.00633	0.5	90831	575	90544	2601248	28.64
2000-2009	49	0.00665	0.00663	0.5	90256	598	89957	2510704	27.82
2000-2009	50	0.00727	0.00725	0.5	89658	650	89333	2420748	27.00
2000-2009	51	0.00768	0.00765	0.5	89008	681	88668	2331415	26.19
2000-2009	52	0.00826	0.00823	0.5	88327	727	87964	2242747	25.39
2000-2009	53	0.00916	0.00912	0.5	87600	799	87201	2154783	24.60
2000-2009	54	0.00937	0.00933	0.5	86802	810	86397	2067582	23.82
2000-2009	55	0.01039	0.01034	0.5	85992	889	85548	1981185	23.04
2000-2009	56	0.01075	0.01069	0.5	85103	910	84648	1895638	22.27
2000-2009	57	0.01177	0.01171	0.5	84193	986	83700	1810989	21.51
2000-2009	58	0.01238	0.01230	0.5	83208	1024	82696	1727289	20.76
2000-2009	59	0.01316	0.01308	0.5	82184	1075	81647	1644593	20.01
2000-2009	60	0.01502	0.01491	0.5	81109	1210	80504	1562947	19.27
2000-2009	61	0.01543	0.01531	0.5	79900	1223	79288	1482442	18.55
2000-2009	62	0.01700	0.01686	0.5	78676	1326	78013	1403154	17.83
2000-2009	63	0.01853	0.01836	0.5	77350	1420	76640	1325141	17.13
2000-2009	64	0.01998	0.01978	0.5	75930	1502	75179	1248501	16.44
2000-2009	65	0.02109	0.02087	0.5	74428	1553	73652	1173322	15.76
2000-2009	66	0.02332	0.02305	0.5	72875	1680	72035	1099670	15.09
2000-2009	67	0.02496	0.02465	0.5	71196	1755	70318	1027635	14.43
2000-2009	68	0.02736	0.02699	0.5	69440	1874	68503	957317	13.79
2000-2009	69	0.03020	0.02975	0.5	67566	2010	66561	888814	13.15
2000-2009	70	0.03169	0.03119	0.5	65556	2045	64533	822253	12.54
2000-2009	71	0.03462	0.03403	0.5	63511	2161	62430	757720	11.93
2000-2009	72	0.03848	0.03776	0.5	61350	2316	60191	695289	11.33
2000-2009	73	0.04242	0.04154	0.5	59033	2452	57807	635098	10.76
2000-2009	74	0.04621	0.04517	0.5	56581	2556	55303	577291	10.20
2000-2009	75	0.05050	0.04925	0.5	54025	2661	52694	521988	9.66
2000-2009	76	0.05441	0.05297	0.5	51364	2721	50004	469294	9.14
2000-2009	77	0.06195	0.06009	0.5	48643	2923	47182	419290	8.62
2000-2009	78	0.06505	0.06300	0.5	45720	2880	44280	372108	8.14
2000-2009	79	0.07107	0.06863	0.5	42840	2940	41370	327828	7.65
2000-2009	80	0.08110	0.07794	0.5	39900	3110	38345	286459	7.18
2000-2009	81	0.08748	0.08381	0.5	36790	3084	35248	248114	6.74
2000-2009	82	0.09569	0.09132	0.5	33707	3078	32168	212865	6.32
2000-2009	83	0.10844	0.10286	0.5	30629	3150	29053	180698	5.90
2000-2009	84	0.12033	0.11350	0.5	27478	3119	25919	151644	5.52
2000-2009	85	0.13063	0.12262	0.5	24359	2987	22866	125726	5.16
2000-2009	86	0.14378	0.13414	0.5	21372	2867	19939	102860	4.81
2000-2009	87	0.15936	0.14760	0.5	18506	2731	17140	82921	4.48
2000-2009	88	0.17762	0.16313	0.5	15774	2573	14487	65781	4.17
2000-2009	89	0.19753	0.17978	0.5	13201	2373	12014	51293	3.89
2000-2009	90	0.21695	0.19572	0.5	10828	2119	9768	39279	3.63
2000-2009	91	0.23771	0.21246	0.5	8708	1850	7783	29511	3.39
2000-2009	92	0.25980	0.22993	0.5	6858	1577	6070	21728	3.17
2000-2009	93	0.28318	0.24805	0.5	5281	1310	4626	15658	2.96
2000-2009	94	0.30778	0.26673	0.5	3971	1059	3442	11031	2.78
2000-2009	95	0.33353	0.28586	0.5	2912	832	2496	7590	2.61
2000-2009	96	0.36032	0.30531	0.5	2080	635	1762	5094	2.45
2000-2009	97	0.38800	0.32496	0.5	1445	469	1210	3332	2.31
2000-2009	98	0.41642	0.34466	0.5	975	336	807	2122	2.18
2000-2009	99	0.44541	0.36428	0.5	639	233	523	1315	2.06
2000-2009	100	0.47478	0.38369	0.5	406	156	328	792	1.95
2000-2009	101	0.50432	0.40276	0.5	250	101	200	464	1.85
2000-2009	102	0.53383	0.42136	0.5	150	63	118	264	1.76
2000-2009	103	0.56311	0.43940	0.5	87	38	68	146	1.68
2000-2009	104	0.59196	0.45676	0.5	49	22	37	78	1.61
2000-2009	105	0.62018	0.47339	0.5	26	12	20	41	1.55
2000-2009	106	0.64761	0.48921	0.5	14	7	10	21	1.49
2000-2009	107	0.67411	0.50417	0.5	7	4	5	10	1.44
2000-2009	108	0.69953	0.51826	0.5	4	2	3	5	1.40
2000-2009	109	0.72379	0.53146	0.5	2	1	1	2	1.36
2000-2009	110+	0.74679	1.00000	1.34	1	1	1	1	1.34
2010-2019	0	0.00795	0.00789	0.07	100000	789	99263	7334521	73.35
2010-2019	1	0.00050	0.00050	0.5	99211	50	99186	7235258	72.93
2010-2019	2	0.00033	0.00033	0.5	99161	33	99144	7136072	71.96
2010-2019	3	0.00028	0.00028	0.5	99128	28	99114	7036928	70.99
2010-2019	4	0.00023	0.00023	0.5	99100	23	99089	6937814	70.01
2010-2019	5	0.00020	0.00020	0.5	99077	20	99067	6838725	69.02
2010-2019	6	0.00013	0.00013	0.5	99058	13	99051	6739658	68.04
2010-2019	7	0.00014	0.00014	0.5	99045	14	99038	6640606	67.05
2010-2019	8	0.00011	0.00011	0.5	99031	11	99025	6541569	66.06
2010-2019	9	0.00017	0.00017	0.5	99020	16	99011	6442543	65.06
2010-2019	10	0.00013	0.00013	0.5	99003	13	98997	6343532	64.07
2010-2019	11	0.00015	0.00015	0.5	98991	15	98983	6244535	63.08
2010-2019	12	0.00019	0.00019	0.5	98976	19	98966	6145552	62.09
2010-2019	13	0.00023	0.00023	0.5	98957	23	98945	6046586	61.10
2010-2019	14	0.00031	0.00031	0.5	98934	31	98918	5947641	60.12
2010-2019	15	0.00040	0.00040	0.5	98903	40	98883	5848722	59.14
2010-2019	16	0.00062	0.00062	0.5	98863	62	98832	5749839	58.16
2010-2019	17	0.00085	0.00085	0.5	98801	84	98759	5651007	57.20
2010-2019	18	0.00126	0.00126	0.5	98718	124	98656	5552248	56.24
2010-2019	19	0.00137	0.00137	0.5	98594	135	98526	5453592	55.31
2010-2019	20	0.00145	0.00145	0.5	98458	142	98387	5355066	54.39
2010-2019	21	0.00148	0.00148	0.5	98316	145	98243	5256679	53.47
2010-2019	22	0.00163	0.00162	0.5	98171	159	98091	5158436	52.55
2010-2019	23	0.00158	0.00158	0.5	98011	155	97934	5060344	51.63
2010-2019	24	0.00158	0.00158	0.5	97857	155	97780	4962410	50.71
2010-2019	25	0.00172	0.00172	0.5	97702	168	97618	4864631	49.79
2010-2019	26	0.00171	0.00171	0.5	97534	167	97451	4767012	48.88
2010-2019	27	0.00186	0.00186	0.5	97367	181	97277	4669561	47.96
2010-2019	28	0.00198	0.00197	0.5	97187	192	97091	4572284	47.05
2010-2019	29	0.00213	0.00213	0.5	96995	206	96892	4475194	46.14
2010-2019	30	0.00194	0.00194	0.5	96788	188	96695	4378302	45.24
2010-2019	31	0.00226	0.00226	0.5	96601	218	96492	4281608	44.32
2010-2019	32	0.00229	0.00228	0.5	96383	220	96273	4185116	43.42
2010-2019	33	0.00240	0.00240	0.5	96163	231	96048	4088843	42.52
2010-2019	34	0.00243	0.00243	0.5	95932	233	95816	3992795	41.62
2010-2019	35	0.00255	0.00254	0.5	95699	243	95578	3896979	40.72
2010-2019	36	0.00263	0.00262	0.5	95456	250	95331	3801402	39.82
2010-2019	37	0.00276	0.00276	0.5	95206	262	95074	3706071	38.93
2010-2019	38	0.00286	0.00286	0.5	94943	271	94807	3610997	38.03
2010-2019	39	0.00297	0.00297	0.5	94672	281	94531	3516189	37.14
2010-2019	40	0.00320	0.00319	0.5	94391	301	94240	3421658	36.25
2010-2019	41	0.00336	0.00335	0.5	94089	315	93932	3327418	35.36
2010-2019	42	0.00348	0.00347	0.5	93774	326	93611	3233486	34.48
2010-2019	43	0.00368	0.00367	0.5	93448	343	93277	3139875	33.60
2010-2019	44	0.00416	0.00416	0.5	93105	387	92912	3046598	32.72
2010-2019	45	0.00462	0.00461	0.5	92718	428	92505	2953686	31.86
2010-2019	46	0.00494	0.00492	0.5	92291	455	92063	2861182	31.00
2010-2019	47	0.00544	0.00543	0.5	91836	498	91587	2769118	30.15
2010-2019	48	0.00590	0.00588	0.5	91338	537	91069	2677531	29.31
2010-2019	49	0.00665	0.00663	0.5	90800	602	90499	2586462	28.49
2010-2019	50	0.00713	0.00710	0.5	90198	641	89878	2495963	27.67
2010-2019	51	0.00783	0.00780	0.5	89558	699	89208	2406085	26.87
2010-2019	52	0.00808	0.00805	0.5	88859	715	88502	2316876	26.07
2010-2019	53	0.00908	0.00904	0.5	88144	797	87746	2228375	25.28
2010-2019	54	0.00972	0.00967	0.5	87347	845	86925	2140629	24.51
2010-2019	55	0.01068	0.01063	0.5	86502	919	86043	2053704	23.74
2010-2019	56	0.01164	0.01157	0.5	85583	990	85088	1967661	22.99
2010-2019	57	0.01281	0.01273	0.5	84593	1077	84055	1882573	22.25
2010-2019	58	0.01354	0.01344	0.5	83516	1123	82955	1798519	21.53
2010-2019	59	0.01401	0.01392	0.5	82393	1147	81820	1715564	20.82
2010-2019	60	0.01492	0.01481	0.5	81247	1203	80645	1633744	20.11
2010-2019	61	0.01544	0.01532	0.5	80044	1227	79430	1553099	19.40
2010-2019	62	0.01697	0.01683	0.5	78817	1326	78154	1473668	18.70
2010-2019	63	0.01832	0.01816	0.5	77491	1407	76788	1395514	18.01
2010-2019	64	0.01940	0.01921	0.5	76084	1462	75353	1318727	17.33
2010-2019	65	0.02023	0.02003	0.5	74622	1495	73875	1243374	16.66
2010-2019	66	0.02164	0.02141	0.5	73128	1566	72345	1169499	15.99
2010-2019	67	0.02294	0.02268	0.5	71562	1623	70750	1097154	15.33
2010-2019	68	0.02471	0.02440	0.5	69939	1707	69085	1026404	14.68
2010-2019	69	0.02691	0.02655	0.5	68232	1812	67326	957319	14.03
2010-2019	70	0.02875	0.02834	0.5	66420	1882	65479	889993	13.40
2010-2019	71	0.03068	0.03021	0.5	64538	1950	63563	824514	12.78
2010-2019	72	0.03411	0.03354	0.5	62588	2099	61538	760951	12.16
2010-2019	73	0.03632	0.03567	0.5	60489	2158	59410	699413	11.56
2010-2019	74	0.03944	0.03868	0.5	58331	2256	57203	640002	10.97
2010-2019	75	0.04302	0.04211	0.5	56075	2361	54894	582799	10.39
2010-2019	76	0.04597	0.04493	0.5	53714	2414	52507	527905	9.83
2010-2019	77	0.05234	0.05100	0.5	51300	2616	49992	475398	9.27
2010-2019	78	0.05705	0.05547	0.5	48684	2700	47334	425406	8.74
2010-2019	79	0.06105	0.05925	0.5	45983	2724	44621	378072	8.22
2010-2019	80	0.07030	0.06791	0.5	43259	2938	41790	333451	7.71
2010-2019	81	0.07730	0.07442	0.5	40321	3001	38821	291661	7.23
2010-2019	82	0.08521	0.08173	0.5	37320	3050	35795	252840	6.77
2010-2019	83	0.09347	0.08929	0.5	34270	3060	32740	217045	6.33
2010-2019	84	0.10521	0.09996	0.5	31210	3120	29650	184304	5.91
2010-2019	85	0.11738	0.11088	0.5	28091	3115	26533	154654	5.51
2010-2019	86	0.12955	0.12167	0.5	24976	3039	23457	128121	5.13
2010-2019	87	0.14476	0.13499	0.5	21937	2961	20457	104664	4.77
2010-2019	88	0.16021	0.14833	0.5	18976	2815	17569	84208	4.44
2010-2019	89	0.18006	0.16519	0.5	16161	2670	14826	66639	4.12
2010-2019	90	0.19890	0.18091	0.5	13492	2441	12271	51813	3.84
2010-2019	91	0.21919	0.19754	0.5	11051	2183	9959	39541	3.58
2010-2019	92	0.24092	0.21502	0.5	8868	1907	7914	29582	3.34
2010-2019	93	0.26408	0.23327	0.5	6961	1624	6149	21668	3.11
2010-2019	94	0.28861	0.25222	0.5	5337	1346	4664	15519	2.91
2010-2019	95	0.31445	0.27173	0.5	3991	1084	3449	10855	2.72
2010-2019	96	0.34150	0.29169	0.5	2907	848	2483	7406	2.55
2010-2019	97	0.36961	0.31196	0.5	2059	642	1738	4923	2.39
2010-2019	98	0.39864	0.33239	0.5	1417	471	1181	3185	2.25
2010-2019	99	0.42840	0.35283	0.5	946	334	779	2004	2.12
2010-2019	100	0.45869	0.37312	0.5	612	228	498	1225	2.00
2010-2019	101	0.48929	0.39311	0.5	384	151	308	728	1.90
2010-2019	102	0.51996	0.41267	0.5	233	96	185	419	1.80
2010-2019	103	0.55049	0.43167	0.5	137	59	107	235	1.72
2010-2019	104	0.58064	0.45000	0.5	78	35	60	127	1.64
2010-2019	105	0.61020	0.46755	0.5	43	20	33	67	1.57
2010-2019	106	0.63897	0.48426	0.5	23	11	17	34	1.51
2010-2019	107	0.66678	0.50006	0.5	12	6	9	17	1.45
2010-2019	108	0.69347	0.51493	0.5	6	3	4	8	1.41
2010-2019	109	0.71893	0.52883	0.5	3	2	2	4	1.37
2010-2019	110+	0.74306	1.00000	1.35	1	1	2	2	1.35
2020-2022	0	0.00724	0.00719	0.06	100000	719	99328	7041205	70.41
2020-2022	1	0.00054	0.00054	0.5	99281	54	99254	6941877	69.92
2020-2022	2	0.00039	0.00039	0.5	99228	39	99208	6842623	68.96
2020-2022	3	0.00028	0.00028	0.5	99189	28	99175	6743414	67.99
2020-2022	4	0.00022	0.00022	0.5	99161	22	99150	6644240	67.00
2020-2022	5	0.00020	0.00020	0.5	99139	20	99129	6545090	66.02
2020-2022	6	0.00017	0.00017	0.5	99119	17	99111	6445961	65.03
2020-2022	7	0.00016	0.00016	0.5	99103	16	99095	6346850	64.04
2020-2022	8	0.00014	0.00014	0.5	99087	14	99080	6247755	63.05
2020-2022	9	0.00012	0.00012	0.5	99073	12	99067	6148676	62.06
2020-2022	10	0.00015	0.00015	0.5	99061	15	99053	6049609	61.07
2020-2022	11	0.00019	0.00019	0.5	99046	19	99036	5950555	60.08
2020-2022	12	0.00021	0.00021	0.5	99027	21	99016	5851519	59.09
2020-2022	13	0.00022	0.00022	0.5	99006	22	98995	5752503	58.10
2020-2022	14	0.00036	0.00036	0.5	98984	36	98966	5653508	57.12
2020-2022	15	0.00060	0.00060	0.5	98949	59	98919	5554542	56.14
2020-2022	16	0.00092	0.00092	0.5	98890	91	98844	5455622	55.17
2020-2022	17	0.00089	0.00089	0.5	98798	88	98754	5356778	54.22
2020-2022	18	0.00165	0.00165	0.5	98710	163	98629	5258024	53.27
2020-2022	19	0.00191	0.00191	0.5	98547	188	98453	5159395	52.35
2020-2022	20	0.00206	0.00206	0.5	98359	203	98258	5060942	51.45
2020-2022	21	0.00227	0.00227	0.5	98156	223	98045	4962685	50.56
2020-2022	22	0.00230	0.00230	0.5	97933	225	97821	4864640	49.67
2020-2022	23	0.00236	0.00235	0.5	97708	230	97593	4766819	48.79
2020-2022	24	0.00225	0.00225	0.5	97478	219	97369	4669225	47.90
2020-2022	25	0.00265	0.00265	0.5	97259	258	97130	4571857	47.01
2020-2022	26	0.00258	0.00258	0.5	97001	250	96876	4474726	46.13
2020-2022	27	0.00290	0.00290	0.5	96751	280	96611	4377850	45.25
2020-2022	28	0.00291	0.00291	0.5	96471	281	96331	4281239	44.38
2020-2022	29	0.00329	0.00329	0.5	96191	316	96033	4184908	43.51
2020-2022	30	0.00333	0.00332	0.5	95874	318	95715	4088875	42.65
2020-2022	31	0.00331	0.00331	0.5	95556	316	95398	3993160	41.79
2020-2022	32	0.00386	0.00385	0.5	95240	367	95057	3897762	40.93
2020-2022	33	0.00399	0.00399	0.5	94873	378	94684	3802705	40.08
2020-2022	34	0.00432	0.00431	0.5	94495	407	94292	3708021	39.24
2020-2022	35	0.00432	0.00431	0.5	94088	406	93885	3613729	38.41
2020-2022	36	0.00459	0.00458	0.5	93682	429	93468	3519844	37.57
2020-2022	37	0.00435	0.00434	0.5	93253	405	93051	3426377	36.74
2020-2022	38	0.00460	0.00459	0.5	92849	426	92635	3333326	35.90
2020-2022	39	0.00518	0.00516	0.5	92422	477	92184	3240690	35.06
2020-2022	40	0.00541	0.00540	0.5	91945	496	91697	3148506	34.24
2020-2022	41	0.00583	0.00581	0.5	91449	531	91183	3056809	33.43
2020-2022	42	0.00563	0.00561	0.5	90918	510	90663	2965626	32.62
2020-2022	43	0.00599	0.00597	0.5	90407	540	90137	2874963	31.80
2020-2022	44	0.00635	0.00633	0.5	89868	569	89583	2784826	30.99
2020-2022	45	0.00667	0.00665	0.5	89299	594	89002	2695243	30.18
2020-2022	46	0.00642	0.00640	0.5	88705	568	88421	2606241	29.38
2020-2022	47	0.00700	0.00698	0.5	88137	615	87830	2517819	28.57
2020-2022	48	0.00804	0.00801	0.5	87522	701	87172	2429990	27.76
2020-2022	49	0.00848	0.00845	0.5	86822	733	86455	2342818	26.98
2020-2022	50	0.00827	0.00824	0.5	86088	709	85734	2256363	26.21
2020-2022	51	0.00943	0.00938	0.5	85379	801	84978	2170629	25.42
2020-2022	52	0.00987	0.00982	0.5	84578	831	84163	2085651	24.66
2020-2022	53	0.01030	0.01025	0.5	83747	858	83318	2001488	23.90
2020-2022	54	0.01143	0.01137	0.5	82889	942	82418	1918170	23.14
2020-2022	55	0.01237	0.01229	0.5	81947	1007	81443	1835752	22.40
2020-2022	56	0.01342	0.01333	0.5	80940	1079	80400	1754309	21.67
2020-2022	57	0.01458	0.01447	0.5	79860	1156	79282	1673909	20.96
2020-2022	58	0.01536	0.01525	0.5	78705	1200	78104	1594626	20.26
2020-2022	59	0.01711	0.01697	0.5	77504	1315	76847	1516522	19.57
2020-2022	60	0.01871	0.01854	0.5	76189	1413	75483	1439675	18.90
2020-2022	61	0.01863	0.01846	0.5	74777	1380	74087	1364192	18.24
2020-2022	62	0.02054	0.02033	0.5	73397	1492	72651	1290105	17.58
2020-2022	63	0.02263	0.02238	0.5	71905	1609	71100	1217454	16.93
2020-2022	64	0.02404	0.02375	0.5	70296	1670	69461	1146354	16.31
2020-2022	65	0.02425	0.02396	0.5	68626	1644	67804	1076893	15.69
2020-2022	66	0.02636	0.02601	0.5	66982	1742	66111	1009089	15.07
2020-2022	67	0.02706	0.02670	0.5	65240	1742	64369	942978	14.45
2020-2022	68	0.02898	0.02857	0.5	63497	1814	62591	878610	13.84
2020-2022	69	0.03083	0.03036	0.5	61684	1873	60747	816019	13.23
2020-2022	70	0.03329	0.03275	0.5	59811	1959	58832	755272	12.63
2020-2022	71	0.03525	0.03464	0.5	57852	2004	56850	696440	12.04
2020-2022	72	0.03726	0.03657	0.5	55848	2043	54827	639590	11.45
2020-2022	73	0.04212	0.04125	0.5	53806	2220	52696	584762	10.87
2020-2022	74	0.04522	0.04422	0.5	51586	2281	50446	532066	10.31
2020-2022	75	0.04885	0.04769	0.5	49305	2351	48129	481621	9.77
2020-2022	76	0.05266	0.05131	0.5	46954	2409	45749	433492	9.23
2020-2022	77	0.06094	0.05914	0.5	44545	2634	43227	387742	8.70
2020-2022	78	0.06385	0.06188	0.5	41910	2593	40614	344515	8.22
2020-2022	79	0.07074	0.06833	0.5	39317	2686	37974	303901	7.73
2020-2022	80	0.07742	0.07453	0.5	36631	2730	35266	265927	7.26
2020-2022	81	0.08724	0.08360	0.5	33900	2834	32483	230662	6.80
2020-2022	82	0.09509	0.09077	0.5	31066	2820	29656	198178	6.38
2020-2022	83	0.10543	0.10015	0.5	28246	2829	26832	168522	5.97
2020-2022	84	0.11526	0.10898	0.5	25418	2770	24033	141690	5.57
2020-2022	85	0.12843	0.12068	0.5	22648	2733	21281	117657	5.20
2020-2022	86	0.13948	0.13039	0.5	19914	2597	18616	96376	4.84
2020-2022	87	0.15665	0.14527	0.5	17318	2516	16060	77760	4.49
2020-2022	88	0.17768	0.16318	0.5	14802	2415	13594	61700	4.17
2020-2022	89	0.19619	0.17867	0.5	12387	2213	11280	48106	3.88
2020-2022	90	0.21612	0.19505	0.5	10174	1984	9181	36826	3.62
2020-2022	91	0.23748	0.21228	0.5	8189	1738	7320	27644	3.38
2020-2022	92	0.26025	0.23029	0.5	6451	1486	5708	20324	3.15
2020-2022	93	0.28439	0.24899	0.5	4965	1236	4347	14616	2.94
2020-2022	94	0.30983	0.26827	0.5	3729	1000	3229	10269	2.75
2020-2022	95	0.33648	0.28802	0.5	2729	786	2336	7040	2.58
2020-2022	96	0.36420	0.30810	0.5	1943	599	1643	4704	2.42
2020-2022	97	0.39286	0.32836	0.5	1344	441	1123	3061	2.28
2020-2022	98	0.42228	0.34866	0.5	903	315	745	1937	2.15
2020-2022	99	0.45226	0.36885	0.5	588	217	480	1192	2.03
2020-2022	100	0.48259	0.38878	0.5	371	144	299	712	1.92
2020-2022	101	0.51304	0.40830	0.5	227	93	181	413	1.82
2020-2022	102	0.54340	0.42730	0.5	134	57	106	233	1.73
2020-2022	103	0.57345	0.44566	0.5	77	34	60	127	1.66
2020-2022	104	0.60296	0.46329	0.5	43	20	33	68	1.59
2020-2022	105	0.63173	0.48009	0.5	23	11	17	35	1.52
2020-2022	106	0.65961	0.49602	0.5	12	6	9	17	1.47
2020-2022	107	0.68641	0.51103	0.5	6	3	4	8	1.42
2020-2022	108	0.71203	0.52509	0.5	3	2	2	4	1.37
2020-2022	109	0.73636	0.53821	0.5	1	1	1	2	1.34
2020-2022	110+	0.75933	1.00000	1.32	1	1	1	1	1.32
