UT: UT, Lifetables (period 1x10), Females Last modified: February 4 2025, MPv5 (May07) 

Year     	Age	mx	qx	ax	lx	dx	Lx	Tx	ex
1941-1949	0	0.02602	0.02544	0.13	100000	2544	97776	7096087	70.96
1941-1949	1	0.00299	0.00299	0.5	97456	291	97311	6998311	71.81
1941-1949	2	0.00173	0.00173	0.5	97165	168	97081	6901000	71.02
1941-1949	3	0.00135	0.00135	0.5	96997	131	96932	6803919	70.15
1941-1949	4	0.00075	0.00075	0.5	96866	72	96830	6706988	69.24
1941-1949	5	0.00064	0.00064	0.5	96794	62	96762	6610158	68.29
1941-1949	6	0.00071	0.00071	0.5	96731	69	96697	6513396	67.33
1941-1949	7	0.00076	0.00076	0.5	96663	74	96626	6416699	66.38
1941-1949	8	0.00079	0.00079	0.5	96589	76	96551	6320073	65.43
1941-1949	9	0.00078	0.00078	0.5	96513	76	96475	6223522	64.48
1941-1949	10	0.00076	0.00076	0.5	96437	74	96401	6127046	63.53
1941-1949	11	0.00075	0.00075	0.5	96364	72	96328	6030646	62.58
1941-1949	12	0.00076	0.00076	0.5	96291	73	96255	5934318	61.63
1941-1949	13	0.00078	0.00078	0.5	96218	75	96181	5838063	60.68
1941-1949	14	0.00082	0.00082	0.5	96143	79	96104	5741883	59.72
1941-1949	15	0.00087	0.00087	0.5	96064	84	96022	5645779	58.77
1941-1949	16	0.00093	0.00093	0.5	95980	89	95936	5549757	57.82
1941-1949	17	0.00098	0.00098	0.5	95892	94	95845	5453821	56.87
1941-1949	18	0.00104	0.00104	0.5	95798	99	95748	5357976	55.93
1941-1949	19	0.00110	0.00110	0.5	95699	105	95646	5262228	54.99
1941-1949	20	0.00116	0.00116	0.5	95593	111	95538	5166582	54.05
1941-1949	21	0.00122	0.00122	0.5	95482	116	95424	5071044	53.11
1941-1949	22	0.00125	0.00125	0.5	95366	119	95307	4975619	52.17
1941-1949	23	0.00127	0.00127	0.5	95247	121	95186	4880313	51.24
1941-1949	24	0.00128	0.00128	0.5	95126	122	95065	4785126	50.30
1941-1949	25	0.00128	0.00128	0.5	95004	122	94943	4690061	49.37
1941-1949	26	0.00129	0.00129	0.5	94882	122	94821	4595118	48.43
1941-1949	27	0.00130	0.00130	0.5	94760	123	94698	4500297	47.49
1941-1949	28	0.00132	0.00132	0.5	94637	125	94574	4405599	46.55
1941-1949	29	0.00135	0.00135	0.5	94512	128	94448	4311024	45.61
1941-1949	30	0.00140	0.00140	0.5	94384	132	94318	4216576	44.67
1941-1949	31	0.00148	0.00147	0.5	94252	139	94183	4122258	43.74
1941-1949	32	0.00158	0.00158	0.5	94113	149	94039	4028076	42.80
1941-1949	33	0.00172	0.00172	0.5	93964	162	93883	3934037	41.87
1941-1949	34	0.00191	0.00191	0.5	93803	179	93713	3840153	40.94
1941-1949	35	0.00214	0.00213	0.5	93624	200	93524	3746440	40.02
1941-1949	36	0.00236	0.00236	0.5	93424	220	93314	3652917	39.10
1941-1949	37	0.00258	0.00257	0.5	93204	240	93084	3559603	38.19
1941-1949	38	0.00279	0.00279	0.5	92964	259	92834	3466519	37.29
1941-1949	39	0.00299	0.00298	0.5	92704	277	92566	3373685	36.39
1941-1949	40	0.00317	0.00316	0.5	92428	292	92282	3281119	35.50
1941-1949	41	0.00332	0.00332	0.5	92136	306	91983	3188838	34.61
1941-1949	42	0.00352	0.00351	0.5	91830	322	91669	3096855	33.72
1941-1949	43	0.00374	0.00374	0.5	91508	342	91337	3005186	32.84
1941-1949	44	0.00397	0.00396	0.5	91166	361	90985	2913850	31.96
1941-1949	45	0.00420	0.00420	0.5	90805	381	90614	2822865	31.09
1941-1949	46	0.00445	0.00444	0.5	90424	401	90223	2732250	30.22
1941-1949	47	0.00476	0.00475	0.5	90022	427	89809	2642027	29.35
1941-1949	48	0.00514	0.00513	0.5	89595	459	89365	2552219	28.49
1941-1949	49	0.00560	0.00559	0.5	89136	498	88887	2462854	27.63
1941-1949	50	0.00615	0.00614	0.5	88638	544	88366	2373967	26.78
1941-1949	51	0.00663	0.00661	0.5	88094	582	87803	2285601	25.95
1941-1949	52	0.00708	0.00705	0.5	87512	617	87203	2197798	25.11
1941-1949	53	0.00756	0.00753	0.5	86895	655	86567	2110595	24.29
1941-1949	54	0.00800	0.00796	0.5	86240	687	85897	2024028	23.47
1941-1949	55	0.00842	0.00839	0.5	85553	718	85194	1938131	22.65
1941-1949	56	0.00897	0.00893	0.5	84835	758	84457	1852937	21.84
1941-1949	57	0.00966	0.00962	0.5	84078	809	83673	1768480	21.03
1941-1949	58	0.01055	0.01049	0.5	83269	874	82832	1684807	20.23
1941-1949	59	0.01173	0.01166	0.5	82395	961	81915	1601975	19.44
1941-1949	60	0.01313	0.01305	0.5	81434	1062	80903	1520060	18.67
1941-1949	61	0.01444	0.01433	0.5	80372	1152	79796	1439157	17.91
1941-1949	62	0.01573	0.01560	0.5	79220	1236	78602	1359361	17.16
1941-1949	63	0.01710	0.01696	0.5	77984	1323	77323	1280759	16.42
1941-1949	64	0.01846	0.01829	0.5	76661	1402	75960	1203436	15.70
1941-1949	65	0.02003	0.01983	0.5	75259	1493	74513	1127476	14.98
1941-1949	66	0.02175	0.02152	0.5	73767	1587	72973	1052963	14.27
1941-1949	67	0.02376	0.02348	0.5	72179	1695	71332	979990	13.58
1941-1949	68	0.02642	0.02608	0.5	70485	1838	69566	908658	12.89
1941-1949	69	0.02952	0.02909	0.5	68647	1997	67648	839093	12.22
1941-1949	70	0.03316	0.03262	0.5	66650	2174	65563	771445	11.57
1941-1949	71	0.03723	0.03655	0.5	64476	2357	63298	705882	10.95
1941-1949	72	0.04195	0.04109	0.5	62119	2553	60843	642584	10.34
1941-1949	73	0.04722	0.04613	0.5	59567	2748	58193	581741	9.77
1941-1949	74	0.05266	0.05131	0.5	56819	2915	55361	523548	9.21
1941-1949	75	0.05873	0.05705	0.5	53903	3075	52366	468188	8.69
1941-1949	76	0.06537	0.06331	0.5	50828	3218	49219	415822	8.18
1941-1949	77	0.07264	0.07009	0.5	47610	3337	45942	366603	7.70
1941-1949	78	0.08164	0.07844	0.5	44273	3473	42537	320661	7.24
1941-1949	79	0.09224	0.08817	0.5	40800	3598	39002	278125	6.82
1941-1949	80	0.10256	0.09756	0.5	37203	3629	35388	239123	6.43
1941-1949	81	0.11170	0.10579	0.5	33573	3552	31798	203735	6.07
1941-1949	82	0.12154	0.11457	0.5	30022	3440	28302	171937	5.73
1941-1949	83	0.13212	0.12393	0.5	26582	3294	24935	143636	5.40
1941-1949	84	0.14346	0.13386	0.5	23288	3117	21729	118701	5.10
1941-1949	85	0.15561	0.14438	0.5	20170	2912	18714	96972	4.81
1941-1949	86	0.16859	0.15548	0.5	17258	2683	15917	78257	4.53
1941-1949	87	0.18241	0.16717	0.5	14575	2436	13357	62341	4.28
1941-1949	88	0.19710	0.17942	0.5	12138	2178	11050	48984	4.04
1941-1949	89	0.21266	0.19222	0.5	9961	1915	9003	37935	3.81
1941-1949	90	0.22910	0.20556	0.5	8046	1654	7219	28931	3.60
1941-1949	91	0.24642	0.21939	0.5	6392	1402	5691	21712	3.40
1941-1949	92	0.26459	0.23368	0.5	4990	1166	4407	16021	3.21
1941-1949	93	0.28360	0.24838	0.5	3824	950	3349	11615	3.04
1941-1949	94	0.30342	0.26345	0.5	2874	757	2495	8266	2.88
1941-1949	95	0.32399	0.27882	0.5	2117	590	1822	5770	2.73
1941-1949	96	0.34526	0.29443	0.5	1527	449	1302	3949	2.59
1941-1949	97	0.36717	0.31022	0.5	1077	334	910	2647	2.46
1941-1949	98	0.38965	0.32611	0.5	743	242	622	1737	2.34
1941-1949	99	0.41260	0.34204	0.5	501	171	415	1115	2.23
1941-1949	100	0.43594	0.35792	0.5	329	118	270	700	2.12
1941-1949	101	0.45957	0.37370	0.5	212	79	172	429	2.03
1941-1949	102	0.48338	0.38929	0.5	132	52	107	257	1.94
1941-1949	103	0.50727	0.40464	0.5	81	33	65	151	1.86
1941-1949	104	0.53112	0.41967	0.5	48	20	38	86	1.79
1941-1949	105	0.55483	0.43434	0.5	28	12	22	48	1.72
1941-1949	106	0.57830	0.44859	0.5	16	7	12	26	1.66
1941-1949	107	0.60141	0.46237	0.5	9	4	7	14	1.61
1941-1949	108	0.62409	0.47566	0.5	5	2	4	7	1.56
1941-1949	109	0.64623	0.48842	0.5	2	1	2	4	1.52
1941-1949	110+	0.66776	1.00000	1.5	1	1	2	2	1.50
1950-1959	0	0.01954	0.01920	0.11	100000	1920	98287	7427007	74.27
1950-1959	1	0.00179	0.00179	0.5	98080	175	97992	7328720	74.72
1950-1959	2	0.00109	0.00109	0.5	97904	107	97851	7230728	73.85
1950-1959	3	0.00076	0.00076	0.5	97797	75	97760	7132877	72.94
1950-1959	4	0.00053	0.00053	0.5	97723	52	97697	7035117	71.99
1950-1959	5	0.00049	0.00049	0.5	97671	48	97647	6937420	71.03
1950-1959	6	0.00049	0.00049	0.5	97623	48	97600	6839773	70.06
1950-1959	7	0.00048	0.00048	0.5	97576	47	97552	6742174	69.10
1950-1959	8	0.00041	0.00041	0.5	97529	40	97509	6644621	68.13
1950-1959	9	0.00037	0.00037	0.5	97489	36	97471	6547112	67.16
1950-1959	10	0.00039	0.00039	0.5	97453	38	97434	6449641	66.18
1950-1959	11	0.00034	0.00034	0.5	97415	33	97398	6352207	65.21
1950-1959	12	0.00036	0.00036	0.5	97381	35	97364	6254809	64.23
1950-1959	13	0.00038	0.00038	0.5	97347	37	97328	6157445	63.25
1950-1959	14	0.00052	0.00052	0.5	97310	51	97284	6060117	62.28
1950-1959	15	0.00059	0.00059	0.5	97259	57	97230	5962833	61.31
1950-1959	16	0.00069	0.00069	0.5	97201	67	97168	5865603	60.34
1950-1959	17	0.00080	0.00080	0.5	97134	78	97095	5768435	59.39
1950-1959	18	0.00088	0.00088	0.5	97056	85	97014	5671340	58.43
1950-1959	19	0.00081	0.00081	0.5	96971	78	96932	5574327	57.48
1950-1959	20	0.00086	0.00086	0.5	96893	83	96851	5477395	56.53
1950-1959	21	0.00086	0.00086	0.5	96810	83	96768	5380544	55.58
1950-1959	22	0.00086	0.00086	0.5	96727	83	96685	5283776	54.63
1950-1959	23	0.00081	0.00081	0.5	96643	78	96604	5187091	53.67
1950-1959	24	0.00084	0.00084	0.5	96565	81	96525	5090486	52.72
1950-1959	25	0.00095	0.00095	0.5	96485	91	96439	4993961	51.76
1950-1959	26	0.00095	0.00095	0.5	96393	91	96348	4897522	50.81
1950-1959	27	0.00098	0.00098	0.5	96302	94	96255	4801175	49.86
1950-1959	28	0.00095	0.00095	0.5	96208	91	96162	4704920	48.90
1950-1959	29	0.00100	0.00100	0.5	96116	96	96068	4608758	47.95
1950-1959	30	0.00099	0.00099	0.5	96020	95	95973	4512690	47.00
1950-1959	31	0.00107	0.00107	0.5	95925	102	95874	4416717	46.04
1950-1959	32	0.00109	0.00109	0.5	95823	105	95770	4320843	45.09
1950-1959	33	0.00117	0.00117	0.5	95718	112	95662	4225073	44.14
1950-1959	34	0.00121	0.00121	0.5	95606	115	95548	4129411	43.19
1950-1959	35	0.00122	0.00122	0.5	95491	117	95432	4033863	42.24
1950-1959	36	0.00141	0.00140	0.5	95374	134	95307	3938431	41.29
1950-1959	37	0.00156	0.00156	0.5	95240	148	95166	3843124	40.35
1950-1959	38	0.00172	0.00172	0.5	95092	164	95010	3747958	39.41
1950-1959	39	0.00184	0.00184	0.5	94928	175	94840	3652949	38.48
1950-1959	40	0.00215	0.00215	0.5	94753	203	94651	3558108	37.55
1950-1959	41	0.00213	0.00213	0.5	94550	201	94449	3463457	36.63
1950-1959	42	0.00245	0.00245	0.5	94348	231	94233	3369008	35.71
1950-1959	43	0.00247	0.00247	0.5	94118	232	94002	3274774	34.79
1950-1959	44	0.00272	0.00271	0.5	93886	255	93758	3180773	33.88
1950-1959	45	0.00316	0.00316	0.5	93631	296	93483	3087014	32.97
1950-1959	46	0.00334	0.00334	0.5	93335	311	93180	2993531	32.07
1950-1959	47	0.00351	0.00351	0.5	93024	326	92861	2900352	31.18
1950-1959	48	0.00387	0.00386	0.5	92698	358	92519	2807491	30.29
1950-1959	49	0.00410	0.00409	0.5	92340	377	92151	2714972	29.40
1950-1959	50	0.00434	0.00433	0.5	91963	398	91763	2622820	28.52
1950-1959	51	0.00475	0.00474	0.5	91564	434	91347	2531057	27.64
1950-1959	52	0.00522	0.00521	0.5	91130	475	90893	2439710	26.77
1950-1959	53	0.00559	0.00558	0.5	90656	506	90403	2348817	25.91
1950-1959	54	0.00618	0.00616	0.5	90150	555	89872	2258414	25.05
1950-1959	55	0.00672	0.00670	0.5	89595	600	89295	2168541	24.20
1950-1959	56	0.00728	0.00725	0.5	88995	645	88672	2079247	23.36
1950-1959	57	0.00808	0.00804	0.5	88349	711	87994	1990575	22.53
1950-1959	58	0.00879	0.00875	0.5	87639	767	87255	1902581	21.71
1950-1959	59	0.00992	0.00987	0.5	86872	857	86443	1815326	20.90
1950-1959	60	0.01078	0.01072	0.5	86014	922	85553	1728883	20.10
1950-1959	61	0.01152	0.01145	0.5	85092	975	84605	1643329	19.31
1950-1959	62	0.01282	0.01274	0.5	84118	1071	83582	1558724	18.53
1950-1959	63	0.01404	0.01394	0.5	83046	1157	82467	1475143	17.76
1950-1959	64	0.01533	0.01521	0.5	81889	1246	81266	1392675	17.01
1950-1959	65	0.01661	0.01647	0.5	80643	1328	79979	1311409	16.26
1950-1959	66	0.01844	0.01827	0.5	79315	1449	78590	1231430	15.53
1950-1959	67	0.02030	0.02009	0.5	77866	1565	77083	1152840	14.81
1950-1959	68	0.02256	0.02231	0.5	76301	1702	75450	1075757	14.10
1950-1959	69	0.02539	0.02507	0.5	74599	1870	73664	1000307	13.41
1950-1959	70	0.02763	0.02725	0.5	72728	1982	71737	926643	12.74
1950-1959	71	0.03130	0.03082	0.5	70747	2181	69656	854906	12.08
1950-1959	72	0.03369	0.03313	0.5	68566	2271	67430	785250	11.45
1950-1959	73	0.03690	0.03623	0.5	66295	2402	65094	717819	10.83
1950-1959	74	0.04303	0.04212	0.5	63893	2691	62547	652726	10.22
1950-1959	75	0.04658	0.04552	0.5	61202	2786	59809	590178	9.64
1950-1959	76	0.05247	0.05113	0.5	58416	2987	56922	530370	9.08
1950-1959	77	0.05868	0.05701	0.5	55429	3160	53849	473448	8.54
1950-1959	78	0.06539	0.06332	0.5	52269	3310	50614	419599	8.03
1950-1959	79	0.07305	0.07048	0.5	48959	3451	47234	368985	7.54
1950-1959	80	0.08155	0.07836	0.5	45508	3566	43726	321751	7.07
1950-1959	81	0.09054	0.08662	0.5	41943	3633	40126	278026	6.63
1950-1959	82	0.10041	0.09561	0.5	38309	3663	36478	237900	6.21
1950-1959	83	0.11123	0.10537	0.5	34647	3651	32821	201422	5.81
1950-1959	84	0.12305	0.11592	0.5	30996	3593	29199	168600	5.44
1950-1959	85	0.13594	0.12728	0.5	27403	3488	25659	139401	5.09
1950-1959	86	0.14994	0.13948	0.5	23915	3336	22247	113742	4.76
1950-1959	87	0.16511	0.15252	0.5	20579	3139	19010	91495	4.45
1950-1959	88	0.18149	0.16639	0.5	17440	2902	15990	72485	4.16
1950-1959	89	0.19911	0.18108	0.5	14539	2633	13222	56496	3.89
1950-1959	90	0.21798	0.19655	0.5	11906	2340	10736	43273	3.63
1950-1959	91	0.23810	0.21277	0.5	9566	2035	8548	32538	3.40
1950-1959	92	0.25947	0.22967	0.5	7530	1730	6666	23989	3.19
1950-1959	93	0.28205	0.24719	0.5	5801	1434	5084	17324	2.99
1950-1959	94	0.30578	0.26523	0.5	4367	1158	3788	12240	2.80
1950-1959	95	0.33058	0.28369	0.5	3209	910	2754	8452	2.63
1950-1959	96	0.35637	0.30247	0.5	2298	695	1951	5698	2.48
1950-1959	97	0.38302	0.32146	0.5	1603	515	1346	3748	2.34
1950-1959	98	0.41039	0.34052	0.5	1088	370	903	2402	2.21
1950-1959	99	0.43832	0.35953	0.5	717	258	588	1499	2.09
1950-1959	100	0.46665	0.37837	0.5	459	174	373	911	1.98
1950-1959	101	0.49520	0.39692	0.5	286	113	229	538	1.88
1950-1959	102	0.52378	0.41508	0.5	172	72	137	309	1.80
1950-1959	103	0.55221	0.43273	0.5	101	44	79	173	1.72
1950-1959	104	0.58030	0.44979	0.5	57	26	44	94	1.64
1950-1959	105	0.60787	0.46618	0.5	31	15	24	50	1.58
1950-1959	106	0.63478	0.48185	0.5	17	8	13	26	1.52
1950-1959	107	0.66087	0.49673	0.5	9	4	7	13	1.47
1950-1959	108	0.68602	0.51081	0.5	4	2	3	6	1.42
1950-1959	109	0.71012	0.52405	0.5	2	1	2	3	1.39
1950-1959	110+	0.73309	1.00000	1.36	1	1	1	1	1.36
1960-1969	0	0.01578	0.01556	0.1	100000	1556	98595	7572007	75.72
1960-1969	1	0.00135	0.00135	0.5	98444	133	98378	7473412	75.92
1960-1969	2	0.00087	0.00087	0.5	98311	85	98269	7375034	75.02
1960-1969	3	0.00066	0.00066	0.5	98226	65	98194	7276765	74.08
1960-1969	4	0.00067	0.00067	0.5	98161	65	98128	7178572	73.13
1960-1969	5	0.00063	0.00063	0.5	98096	62	98065	7080443	72.18
1960-1969	6	0.00042	0.00042	0.5	98034	41	98013	6982379	71.22
1960-1969	7	0.00036	0.00036	0.5	97992	35	97975	6884366	70.25
1960-1969	8	0.00029	0.00029	0.5	97957	29	97943	6786391	69.28
1960-1969	9	0.00026	0.00026	0.5	97928	25	97916	6688449	68.30
1960-1969	10	0.00045	0.00045	0.5	97903	44	97881	6590533	67.32
1960-1969	11	0.00028	0.00028	0.5	97859	27	97846	6492652	66.35
1960-1969	12	0.00035	0.00035	0.5	97833	34	97815	6394806	65.36
1960-1969	13	0.00045	0.00045	0.5	97798	44	97776	6296990	64.39
1960-1969	14	0.00039	0.00039	0.5	97754	38	97735	6199214	63.42
1960-1969	15	0.00040	0.00040	0.5	97716	39	97697	6101479	62.44
1960-1969	16	0.00047	0.00047	0.5	97677	46	97654	6003782	61.47
1960-1969	17	0.00066	0.00066	0.5	97631	64	97599	5906128	60.49
1960-1969	18	0.00053	0.00053	0.5	97567	52	97541	5808529	59.53
1960-1969	19	0.00065	0.00065	0.5	97515	64	97483	5710988	58.57
1960-1969	20	0.00071	0.00071	0.5	97451	69	97417	5613504	57.60
1960-1969	21	0.00063	0.00063	0.5	97382	61	97351	5516088	56.64
1960-1969	22	0.00073	0.00073	0.5	97321	71	97285	5418736	55.68
1960-1969	23	0.00069	0.00069	0.5	97249	67	97216	5321451	54.72
1960-1969	24	0.00074	0.00074	0.5	97182	72	97146	5224235	53.76
1960-1969	25	0.00078	0.00078	0.5	97110	76	97073	5127089	52.80
1960-1969	26	0.00056	0.00056	0.5	97035	54	97008	5030017	51.84
1960-1969	27	0.00088	0.00088	0.5	96980	85	96938	4933009	50.87
1960-1969	28	0.00071	0.00071	0.5	96895	68	96861	4836071	49.91
1960-1969	29	0.00098	0.00098	0.5	96827	95	96779	4739210	48.95
1960-1969	30	0.00108	0.00108	0.5	96732	105	96679	4642431	47.99
1960-1969	31	0.00080	0.00080	0.5	96627	77	96589	4545752	47.04
1960-1969	32	0.00093	0.00093	0.5	96550	90	96505	4449163	46.08
1960-1969	33	0.00113	0.00113	0.5	96461	109	96406	4352658	45.12
1960-1969	34	0.00096	0.00096	0.5	96351	92	96305	4256251	44.17
1960-1969	35	0.00124	0.00124	0.5	96259	119	96200	4159946	43.22
1960-1969	36	0.00124	0.00124	0.5	96140	119	96081	4063747	42.27
1960-1969	37	0.00137	0.00137	0.5	96021	131	95956	3967666	41.32
1960-1969	38	0.00168	0.00168	0.5	95890	161	95809	3871710	40.38
1960-1969	39	0.00158	0.00158	0.5	95729	151	95653	3775901	39.44
1960-1969	40	0.00150	0.00150	0.5	95578	143	95506	3680248	38.51
1960-1969	41	0.00189	0.00189	0.5	95435	181	95345	3584741	37.56
1960-1969	42	0.00208	0.00208	0.5	95254	198	95155	3489397	36.63
1960-1969	43	0.00258	0.00258	0.5	95056	245	94934	3394242	35.71
1960-1969	44	0.00233	0.00233	0.5	94811	221	94701	3299308	34.80
1960-1969	45	0.00263	0.00262	0.5	94590	248	94466	3204607	33.88
1960-1969	46	0.00270	0.00269	0.5	94342	254	94215	3110141	32.97
1960-1969	47	0.00308	0.00307	0.5	94088	289	93944	3015926	32.05
1960-1969	48	0.00356	0.00356	0.5	93799	334	93632	2921982	31.15
1960-1969	49	0.00379	0.00378	0.5	93466	353	93289	2828350	30.26
1960-1969	50	0.00421	0.00420	0.5	93112	391	92917	2735061	29.37
1960-1969	51	0.00456	0.00455	0.5	92721	422	92510	2642144	28.50
1960-1969	52	0.00532	0.00530	0.5	92299	490	92055	2549634	27.62
1960-1969	53	0.00512	0.00511	0.5	91810	469	91575	2457579	26.77
1960-1969	54	0.00558	0.00557	0.5	91341	509	91087	2366003	25.90
1960-1969	55	0.00612	0.00611	0.5	90833	555	90555	2274917	25.05
1960-1969	56	0.00687	0.00684	0.5	90278	618	89969	2184361	24.20
1960-1969	57	0.00799	0.00796	0.5	89660	714	89303	2094392	23.36
1960-1969	58	0.00687	0.00685	0.5	88946	609	88642	2005089	22.54
1960-1969	59	0.00776	0.00773	0.5	88337	682	87996	1916447	21.69
1960-1969	60	0.00889	0.00885	0.5	87655	776	87267	1828451	20.86
1960-1969	61	0.01043	0.01037	0.5	86879	901	86429	1741184	20.04
1960-1969	62	0.01097	0.01091	0.5	85978	938	85509	1654755	19.25
1960-1969	63	0.01250	0.01242	0.5	85040	1056	84512	1569246	18.45
1960-1969	64	0.01352	0.01343	0.5	83984	1127	83420	1484734	17.68
1960-1969	65	0.01498	0.01487	0.5	82856	1232	82240	1401314	16.91
1960-1969	66	0.01596	0.01584	0.5	81624	1293	80978	1319074	16.16
1960-1969	67	0.01750	0.01734	0.5	80332	1393	79635	1238096	15.41
1960-1969	68	0.01977	0.01958	0.5	78938	1545	78166	1158461	14.68
1960-1969	69	0.02029	0.02009	0.5	77393	1555	76616	1080295	13.96
1960-1969	70	0.02342	0.02315	0.5	75838	1755	74961	1003679	13.23
1960-1969	71	0.02629	0.02594	0.5	74083	1922	73122	928719	12.54
1960-1969	72	0.03196	0.03146	0.5	72161	2270	71026	855597	11.86
1960-1969	73	0.03344	0.03289	0.5	69891	2299	68742	784570	11.23
1960-1969	74	0.03892	0.03818	0.5	67592	2581	66302	715829	10.59
1960-1969	75	0.04000	0.03922	0.5	65012	2549	63737	649527	9.99
1960-1969	76	0.04527	0.04427	0.5	62462	2765	61080	585790	9.38
1960-1969	77	0.05237	0.05103	0.5	59697	3046	58174	524710	8.79
1960-1969	78	0.06400	0.06202	0.5	56651	3513	54894	466536	8.24
1960-1969	79	0.06767	0.06545	0.5	53137	3478	51398	411642	7.75
1960-1969	80	0.07602	0.07324	0.5	49659	3637	47841	360244	7.25
1960-1969	81	0.08493	0.08147	0.5	46022	3749	44148	312403	6.79
1960-1969	82	0.09477	0.09048	0.5	42273	3825	40360	268255	6.35
1960-1969	83	0.10562	0.10032	0.5	38448	3857	36519	227895	5.93
1960-1969	84	0.11756	0.11103	0.5	34591	3841	32670	191376	5.53
1960-1969	85	0.13064	0.12263	0.5	30750	3771	28865	158706	5.16
1960-1969	86	0.14494	0.13514	0.5	26979	3646	25156	129841	4.81
1960-1969	87	0.16051	0.14859	0.5	23333	3467	21600	104685	4.49
1960-1969	88	0.17742	0.16296	0.5	19866	3237	18247	83085	4.18
1960-1969	89	0.19568	0.17824	0.5	16629	2964	15147	64838	3.90
1960-1969	90	0.21534	0.19441	0.5	13665	2657	12336	49691	3.64
1960-1969	91	0.23639	0.21140	0.5	11008	2327	9845	37355	3.39
1960-1969	92	0.25882	0.22916	0.5	8681	1989	7686	27510	3.17
1960-1969	93	0.28259	0.24761	0.5	6692	1657	5863	19824	2.96
1960-1969	94	0.30764	0.26663	0.5	5035	1342	4364	13961	2.77
1960-1969	95	0.33387	0.28611	0.5	3692	1056	3164	9597	2.60
1960-1969	96	0.36118	0.30593	0.5	2636	806	2233	6433	2.44
1960-1969	97	0.38941	0.32594	0.5	1830	596	1531	4200	2.30
1960-1969	98	0.41840	0.34601	0.5	1233	427	1020	2669	2.16
1960-1969	99	0.44797	0.36599	0.5	806	295	659	1649	2.04
1960-1969	100	0.47791	0.38573	0.5	511	197	413	990	1.94
1960-1969	101	0.50801	0.40511	0.5	314	127	250	578	1.84
1960-1969	102	0.53805	0.42399	0.5	187	79	147	327	1.75
1960-1969	103	0.56782	0.44226	0.5	108	48	84	180	1.67
1960-1969	104	0.59710	0.45982	0.5	60	28	46	96	1.60
1960-1969	105	0.62571	0.47661	0.5	32	15	25	50	1.54
1960-1969	106	0.65347	0.49254	0.5	17	8	13	25	1.48
1960-1969	107	0.68022	0.50759	0.5	9	4	6	12	1.43
1960-1969	108	0.70584	0.52171	0.5	4	2	3	6	1.38
1960-1969	109	0.73022	0.53491	0.5	2	1	1	3	1.35
1960-1969	110+	0.75328	1.00000	1.33	1	1	1	1	1.33
1970-1979	0	0.01092	0.01081	0.08	100000	1081	99010	7785083	77.85
1970-1979	1	0.00100	0.00100	0.5	98919	99	98870	7686074	77.70
1970-1979	2	0.00074	0.00074	0.5	98821	73	98784	7587204	76.78
1970-1979	3	0.00051	0.00051	0.5	98748	51	98722	7488420	75.83
1970-1979	4	0.00029	0.00029	0.5	98697	29	98683	7389697	74.87
1970-1979	5	0.00039	0.00039	0.5	98668	39	98649	7291014	73.89
1970-1979	6	0.00029	0.00029	0.5	98630	29	98615	7192366	72.92
1970-1979	7	0.00033	0.00033	0.5	98601	32	98584	7093750	71.94
1970-1979	8	0.00020	0.00020	0.5	98568	20	98558	6995166	70.97
1970-1979	9	0.00023	0.00023	0.5	98549	23	98537	6896608	69.98
1970-1979	10	0.00018	0.00018	0.5	98526	18	98517	6798071	69.00
1970-1979	11	0.00023	0.00023	0.5	98508	23	98497	6699554	68.01
1970-1979	12	0.00033	0.00033	0.5	98485	32	98469	6601057	67.03
1970-1979	13	0.00024	0.00024	0.5	98453	24	98441	6502588	66.05
1970-1979	14	0.00032	0.00032	0.5	98429	32	98413	6404147	65.06
1970-1979	15	0.00035	0.00035	0.5	98398	34	98380	6305734	64.08
1970-1979	16	0.00054	0.00054	0.5	98363	53	98337	6207353	63.11
1970-1979	17	0.00059	0.00058	0.5	98310	57	98282	6109017	62.14
1970-1979	18	0.00069	0.00069	0.5	98253	68	98219	6010735	61.18
1970-1979	19	0.00062	0.00062	0.5	98185	61	98155	5912516	60.22
1970-1979	20	0.00057	0.00057	0.5	98125	56	98097	5814361	59.25
1970-1979	21	0.00054	0.00054	0.5	98069	53	98042	5716264	58.29
1970-1979	22	0.00055	0.00055	0.5	98016	54	97989	5618222	57.32
1970-1979	23	0.00057	0.00057	0.5	97962	56	97934	5520233	56.35
1970-1979	24	0.00037	0.00037	0.5	97906	36	97888	5422299	55.38
1970-1979	25	0.00065	0.00065	0.5	97870	64	97838	5324411	54.40
1970-1979	26	0.00064	0.00064	0.5	97806	62	97775	5226573	53.44
1970-1979	27	0.00064	0.00064	0.5	97744	63	97712	5128798	52.47
1970-1979	28	0.00070	0.00070	0.5	97681	68	97647	5031086	51.51
1970-1979	29	0.00082	0.00082	0.5	97612	80	97572	4933440	50.54
1970-1979	30	0.00078	0.00078	0.5	97532	76	97495	4835867	49.58
1970-1979	31	0.00080	0.00080	0.5	97457	78	97418	4738373	48.62
1970-1979	32	0.00087	0.00087	0.5	97379	85	97337	4640955	47.66
1970-1979	33	0.00085	0.00085	0.5	97294	83	97253	4543618	46.70
1970-1979	34	0.00096	0.00096	0.5	97212	93	97165	4446365	45.74
1970-1979	35	0.00126	0.00126	0.5	97119	122	97058	4349200	44.78
1970-1979	36	0.00104	0.00104	0.5	96997	101	96946	4252142	43.84
1970-1979	37	0.00128	0.00128	0.5	96896	124	96834	4155196	42.88
1970-1979	38	0.00111	0.00111	0.5	96772	107	96718	4058362	41.94
1970-1979	39	0.00147	0.00147	0.5	96665	142	96593	3961644	40.98
1970-1979	40	0.00164	0.00164	0.5	96522	158	96443	3865050	40.04
1970-1979	41	0.00163	0.00162	0.5	96364	157	96286	3768607	39.11
1970-1979	42	0.00184	0.00184	0.5	96208	177	96119	3672321	38.17
1970-1979	43	0.00212	0.00212	0.5	96031	204	95929	3576202	37.24
1970-1979	44	0.00178	0.00178	0.5	95827	170	95742	3480273	36.32
1970-1979	45	0.00267	0.00266	0.5	95657	255	95529	3384531	35.38
1970-1979	46	0.00256	0.00256	0.5	95402	244	95280	3289002	34.48
1970-1979	47	0.00273	0.00273	0.5	95158	259	95028	3193722	33.56
1970-1979	48	0.00286	0.00286	0.5	94898	271	94763	3098694	32.65
1970-1979	49	0.00367	0.00366	0.5	94627	346	94454	3003931	31.74
1970-1979	50	0.00372	0.00371	0.5	94281	350	94106	2909477	30.86
1970-1979	51	0.00369	0.00368	0.5	93931	346	93758	2815371	29.97
1970-1979	52	0.00399	0.00399	0.5	93585	373	93398	2721614	29.08
1970-1979	53	0.00464	0.00463	0.5	93212	432	92996	2628216	28.20
1970-1979	54	0.00529	0.00528	0.5	92780	490	92535	2535220	27.33
1970-1979	55	0.00545	0.00543	0.5	92290	501	92039	2442685	26.47
1970-1979	56	0.00598	0.00596	0.5	91789	547	91515	2350646	25.61
1970-1979	57	0.00681	0.00678	0.5	91241	619	90932	2259131	24.76
1970-1979	58	0.00729	0.00726	0.5	90623	658	90294	2168199	23.93
1970-1979	59	0.00707	0.00704	0.5	89964	633	89648	2077906	23.10
1970-1979	60	0.00846	0.00843	0.5	89331	753	88955	1988258	22.26
1970-1979	61	0.00893	0.00889	0.5	88578	788	88185	1899303	21.44
1970-1979	62	0.01004	0.00999	0.5	87791	877	87352	1811119	20.63
1970-1979	63	0.01071	0.01065	0.5	86914	926	86451	1723766	19.83
1970-1979	64	0.01175	0.01168	0.5	85988	1005	85486	1637315	19.04
1970-1979	65	0.01301	0.01292	0.5	84983	1098	84434	1551830	18.26
1970-1979	66	0.01383	0.01374	0.5	83885	1152	83309	1467396	17.49
1970-1979	67	0.01597	0.01584	0.5	82732	1311	82077	1384087	16.73
1970-1979	68	0.01598	0.01585	0.5	81422	1291	80776	1302010	15.99
1970-1979	69	0.01816	0.01799	0.5	80131	1442	79410	1221233	15.24
1970-1979	70	0.02061	0.02040	0.5	78689	1605	77887	1141823	14.51
1970-1979	71	0.02225	0.02201	0.5	77084	1696	76236	1063937	13.80
1970-1979	72	0.02556	0.02523	0.5	75388	1902	74436	987701	13.10
1970-1979	73	0.02771	0.02733	0.5	73485	2008	72481	913264	12.43
1970-1979	74	0.03132	0.03084	0.5	71477	2204	70375	840783	11.76
1970-1979	75	0.03467	0.03408	0.5	69273	2361	68092	770408	11.12
1970-1979	76	0.03970	0.03893	0.5	66912	2605	65610	702316	10.50
1970-1979	77	0.04314	0.04223	0.5	64307	2716	62949	636706	9.90
1970-1979	78	0.04969	0.04849	0.5	61592	2986	60098	573757	9.32
1970-1979	79	0.05376	0.05235	0.5	58605	3068	57071	513658	8.76
1970-1979	80	0.05968	0.05795	0.5	55537	3218	53928	456587	8.22
1970-1979	81	0.06711	0.06493	0.5	52319	3397	50621	402659	7.70
1970-1979	82	0.07539	0.07265	0.5	48922	3554	47145	352038	7.20
1970-1979	83	0.08461	0.08117	0.5	45368	3683	43526	304893	6.72
1970-1979	84	0.09483	0.09054	0.5	41685	3774	39798	261367	6.27
1970-1979	85	0.10615	0.10080	0.5	37911	3821	36000	221569	5.84
1970-1979	86	0.11864	0.11199	0.5	34090	3818	32181	185568	5.44
1970-1979	87	0.13238	0.12416	0.5	30272	3759	28393	153388	5.07
1970-1979	88	0.14745	0.13732	0.5	26513	3641	24693	124995	4.71
1970-1979	89	0.16390	0.15149	0.5	22872	3465	21140	100302	4.39
1970-1979	90	0.18181	0.16666	0.5	19408	3234	17790	79162	4.08
1970-1979	91	0.20120	0.18281	0.5	16173	2957	14695	61372	3.79
1970-1979	92	0.22209	0.19989	0.5	13217	2642	11896	46677	3.53
1970-1979	93	0.24449	0.21786	0.5	10575	2304	9423	34781	3.29
1970-1979	94	0.26837	0.23662	0.5	8271	1957	7292	25358	3.07
1970-1979	95	0.29368	0.25608	0.5	6314	1617	5505	18066	2.86
1970-1979	96	0.32033	0.27610	0.5	4697	1297	4049	12561	2.67
1970-1979	97	0.34820	0.29657	0.5	3400	1008	2896	8512	2.50
1970-1979	98	0.37715	0.31732	0.5	2392	759	2012	5616	2.35
1970-1979	99	0.40701	0.33819	0.5	1633	552	1357	3604	2.21
1970-1979	100	0.43757	0.35902	0.5	1081	388	887	2247	2.08
1970-1979	101	0.46861	0.37966	0.5	693	263	561	1360	1.96
1970-1979	102	0.49990	0.39994	0.5	430	172	344	799	1.86
1970-1979	103	0.53119	0.41971	0.5	258	108	204	456	1.77
1970-1979	104	0.56223	0.43886	0.5	150	66	117	252	1.68
1970-1979	105	0.59280	0.45726	0.5	84	38	65	135	1.61
1970-1979	106	0.62266	0.47483	0.5	46	22	35	70	1.54
1970-1979	107	0.65162	0.49149	0.5	24	12	18	35	1.48
1970-1979	108	0.67950	0.50719	0.5	12	6	9	17	1.43
1970-1979	109	0.70616	0.52189	0.5	6	3	4	8	1.39
1970-1979	110+	0.73147	1.00000	1.37	3	3	4	4	1.37
1980-1989	0	0.00789	0.00784	0.08	100000	784	99275	7959160	79.59
1980-1989	1	0.00067	0.00067	0.5	99216	66	99183	7859885	79.22
1980-1989	2	0.00051	0.00051	0.5	99150	51	99125	7760702	78.27
1980-1989	3	0.00033	0.00033	0.5	99099	33	99083	7661577	77.31
1980-1989	4	0.00021	0.00021	0.5	99067	21	99056	7562494	76.34
1980-1989	5	0.00028	0.00028	0.5	99046	28	99032	7463437	75.35
1980-1989	6	0.00024	0.00024	0.5	99019	24	99007	7364405	74.37
1980-1989	7	0.00014	0.00014	0.5	98995	14	98988	7265398	73.39
1980-1989	8	0.00015	0.00015	0.5	98981	15	98973	7166410	72.40
1980-1989	9	0.00016	0.00016	0.5	98966	16	98958	7067437	71.41
1980-1989	10	0.00011	0.00011	0.5	98950	11	98944	6968479	70.42
1980-1989	11	0.00023	0.00023	0.5	98939	23	98927	6869535	69.43
1980-1989	12	0.00016	0.00016	0.5	98916	16	98908	6770608	68.45
1980-1989	13	0.00015	0.00015	0.5	98900	15	98892	6671700	67.46
1980-1989	14	0.00024	0.00024	0.5	98885	23	98873	6572807	66.47
1980-1989	15	0.00045	0.00045	0.5	98862	45	98839	6473934	65.48
1980-1989	16	0.00050	0.00050	0.5	98817	49	98792	6375095	64.51
1980-1989	17	0.00069	0.00069	0.5	98768	68	98734	6276302	63.55
1980-1989	18	0.00054	0.00054	0.5	98700	54	98673	6177568	62.59
1980-1989	19	0.00044	0.00044	0.5	98646	43	98625	6078895	61.62
1980-1989	20	0.00045	0.00045	0.5	98603	44	98581	5980271	60.65
1980-1989	21	0.00046	0.00046	0.5	98559	46	98536	5881690	59.68
1980-1989	22	0.00054	0.00054	0.5	98513	53	98487	5783154	58.70
1980-1989	23	0.00047	0.00047	0.5	98460	47	98437	5684667	57.74
1980-1989	24	0.00051	0.00051	0.5	98414	50	98389	5586230	56.76
1980-1989	25	0.00040	0.00039	0.5	98364	39	98344	5487841	55.79
1980-1989	26	0.00046	0.00046	0.5	98325	45	98303	5389496	54.81
1980-1989	27	0.00043	0.00043	0.5	98280	42	98259	5291194	53.84
1980-1989	28	0.00067	0.00067	0.5	98238	66	98205	5192935	52.86
1980-1989	29	0.00066	0.00066	0.5	98172	65	98139	5094730	51.90
1980-1989	30	0.00058	0.00058	0.5	98107	57	98078	4996590	50.93
1980-1989	31	0.00078	0.00078	0.5	98050	77	98012	4898512	49.96
1980-1989	32	0.00075	0.00075	0.5	97973	74	97936	4800500	49.00
1980-1989	33	0.00075	0.00075	0.5	97899	74	97863	4702564	48.03
1980-1989	34	0.00092	0.00092	0.5	97826	90	97781	4604701	47.07
1980-1989	35	0.00086	0.00086	0.5	97736	84	97694	4506921	46.11
1980-1989	36	0.00084	0.00084	0.5	97651	82	97610	4409227	45.15
1980-1989	37	0.00102	0.00102	0.5	97569	100	97519	4311617	44.19
1980-1989	38	0.00103	0.00103	0.5	97470	100	97419	4214097	43.24
1980-1989	39	0.00105	0.00105	0.5	97369	102	97318	4116678	42.28
1980-1989	40	0.00116	0.00116	0.5	97267	113	97211	4019360	41.32
1980-1989	41	0.00141	0.00141	0.5	97155	137	97086	3922149	40.37
1980-1989	42	0.00134	0.00133	0.5	97017	129	96953	3825063	39.43
1980-1989	43	0.00135	0.00135	0.5	96888	131	96822	3728110	38.48
1980-1989	44	0.00183	0.00183	0.5	96757	177	96669	3631288	37.53
1980-1989	45	0.00186	0.00186	0.5	96580	180	96490	3534619	36.60
1980-1989	46	0.00209	0.00208	0.5	96400	201	96300	3438129	35.67
1980-1989	47	0.00207	0.00207	0.5	96199	199	96100	3341829	34.74
1980-1989	48	0.00270	0.00270	0.5	96000	259	95871	3245729	33.81
1980-1989	49	0.00278	0.00278	0.5	95742	266	95609	3149858	32.90
1980-1989	50	0.00293	0.00293	0.5	95475	279	95336	3054249	31.99
1980-1989	51	0.00363	0.00362	0.5	95196	345	95024	2958914	31.08
1980-1989	52	0.00371	0.00371	0.5	94851	352	94675	2863890	30.19
1980-1989	53	0.00401	0.00400	0.5	94499	378	94310	2769215	29.30
1980-1989	54	0.00417	0.00416	0.5	94121	392	93926	2674904	28.42
1980-1989	55	0.00471	0.00470	0.5	93730	441	93509	2580979	27.54
1980-1989	56	0.00508	0.00507	0.5	93289	473	93053	2487470	26.66
1980-1989	57	0.00539	0.00537	0.5	92816	499	92567	2394417	25.80
1980-1989	58	0.00568	0.00567	0.5	92318	523	92056	2301850	24.93
1980-1989	59	0.00626	0.00624	0.5	91794	572	91508	2209794	24.07
1980-1989	60	0.00779	0.00776	0.5	91222	708	90868	2118286	23.22
1980-1989	61	0.00764	0.00761	0.5	90514	689	90170	2027418	22.40
1980-1989	62	0.00887	0.00883	0.5	89826	794	89429	1937248	21.57
1980-1989	63	0.00986	0.00982	0.5	89032	874	88595	1847819	20.75
1980-1989	64	0.01013	0.01008	0.5	88158	889	87714	1759224	19.96
1980-1989	65	0.01162	0.01155	0.5	87269	1008	86765	1671510	19.15
1980-1989	66	0.01189	0.01182	0.5	86261	1019	85751	1584745	18.37
1980-1989	67	0.01483	0.01473	0.5	85242	1255	84614	1498993	17.59
1980-1989	68	0.01578	0.01566	0.5	83986	1315	83329	1414379	16.84
1980-1989	69	0.01740	0.01725	0.5	82672	1426	81959	1331050	16.10
1980-1989	70	0.01907	0.01889	0.5	81246	1535	80478	1249092	15.37
1980-1989	71	0.01895	0.01877	0.5	79711	1496	78963	1168613	14.66
1980-1989	72	0.02321	0.02294	0.5	78215	1794	77317	1089651	13.93
1980-1989	73	0.02556	0.02523	0.5	76420	1928	75456	1012333	13.25
1980-1989	74	0.02577	0.02544	0.5	74492	1895	73544	936877	12.58
1980-1989	75	0.03108	0.03060	0.5	72596	2222	71486	863333	11.89
1980-1989	76	0.03441	0.03383	0.5	70375	2381	69185	791847	11.25
1980-1989	77	0.03513	0.03452	0.5	67994	2347	66821	722663	10.63
1980-1989	78	0.04091	0.04009	0.5	65647	2632	64331	655842	9.99
1980-1989	79	0.04740	0.04631	0.5	63015	2918	61556	591511	9.39
1980-1989	80	0.05121	0.04993	0.5	60097	3001	58597	529955	8.82
1980-1989	81	0.05789	0.05626	0.5	57097	3212	55491	471358	8.26
1980-1989	82	0.06537	0.06331	0.5	53885	3411	52179	415867	7.72
1980-1989	83	0.07376	0.07113	0.5	50473	3590	48678	363689	7.21
1980-1989	84	0.08312	0.07980	0.5	46883	3741	45012	315010	6.72
1980-1989	85	0.09355	0.08937	0.5	43142	3856	41214	269998	6.26
1980-1989	86	0.10514	0.09989	0.5	39286	3924	37324	228784	5.82
1980-1989	87	0.11798	0.11140	0.5	35362	3939	33392	191460	5.41
1980-1989	88	0.13215	0.12396	0.5	31422	3895	29475	158068	5.03
1980-1989	89	0.14774	0.13758	0.5	27527	3787	25634	128593	4.67
1980-1989	90	0.16482	0.15227	0.5	23740	3615	21933	102959	4.34
1980-1989	91	0.18345	0.16804	0.5	20125	3382	18434	81027	4.03
1980-1989	92	0.20368	0.18485	0.5	16743	3095	15196	62592	3.74
1980-1989	93	0.22551	0.20266	0.5	13648	2766	12265	47396	3.47
1980-1989	94	0.24896	0.22140	0.5	10882	2409	9678	35131	3.23
1980-1989	95	0.27398	0.24097	0.5	8473	2042	7452	25453	3.00
1980-1989	96	0.30051	0.26126	0.5	6431	1680	5591	18001	2.80
1980-1989	97	0.32845	0.28212	0.5	4751	1340	4081	12410	2.61
1980-1989	98	0.35766	0.30340	0.5	3411	1035	2893	8329	2.44
1980-1989	99	0.38796	0.32493	0.5	2376	772	1990	5436	2.29
1980-1989	100	0.41916	0.34653	0.5	1604	556	1326	3446	2.15
1980-1989	101	0.45101	0.36802	0.5	1048	386	855	2120	2.02
1980-1989	102	0.48327	0.38922	0.5	662	258	533	1265	1.91
1980-1989	103	0.51568	0.40997	0.5	405	166	322	732	1.81
1980-1989	104	0.54795	0.43011	0.5	239	103	187	410	1.72
1980-1989	105	0.57982	0.44950	0.5	136	61	105	223	1.64
1980-1989	106	0.61104	0.46804	0.5	75	35	57	117	1.57
1980-1989	107	0.64138	0.48564	0.5	40	19	30	60	1.50
1980-1989	108	0.67062	0.50222	0.5	20	10	15	30	1.45
1980-1989	109	0.69860	0.51775	0.5	10	5	8	14	1.41
1980-1989	110+	0.72518	1.00000	1.38	5	5	7	7	1.38
1990-1999	0	0.00520	0.00518	0.07	100000	518	99517	8076412	80.76
1990-1999	1	0.00052	0.00052	0.5	99482	52	99456	7976895	80.18
1990-1999	2	0.00038	0.00038	0.5	99430	37	99412	7877439	79.23
1990-1999	3	0.00034	0.00034	0.5	99393	34	99376	7778027	78.26
1990-1999	4	0.00022	0.00022	0.5	99359	22	99348	7678651	77.28
1990-1999	5	0.00024	0.00024	0.5	99336	24	99325	7579304	76.30
1990-1999	6	0.00017	0.00017	0.5	99313	17	99305	7479979	75.32
1990-1999	7	0.00013	0.00013	0.5	99296	13	99290	7380674	74.33
1990-1999	8	0.00012	0.00012	0.5	99283	11	99277	7281385	73.34
1990-1999	9	0.00014	0.00014	0.5	99272	14	99265	7182108	72.35
1990-1999	10	0.00017	0.00017	0.5	99257	17	99249	7082843	71.36
1990-1999	11	0.00018	0.00018	0.5	99241	18	99232	6983594	70.37
1990-1999	12	0.00014	0.00014	0.5	99223	14	99216	6884362	69.38
1990-1999	13	0.00021	0.00021	0.5	99209	20	99199	6785146	68.39
1990-1999	14	0.00032	0.00032	0.5	99188	32	99172	6685948	67.41
1990-1999	15	0.00037	0.00037	0.5	99156	37	99138	6586775	66.43
1990-1999	16	0.00045	0.00045	0.5	99120	45	99097	6487637	65.45
1990-1999	17	0.00049	0.00049	0.5	99075	49	99051	6388540	64.48
1990-1999	18	0.00046	0.00046	0.5	99026	45	99004	6289489	63.51
1990-1999	19	0.00038	0.00038	0.5	98981	37	98962	6190486	62.54
1990-1999	20	0.00042	0.00042	0.5	98944	42	98923	6091523	61.57
1990-1999	21	0.00034	0.00034	0.5	98902	34	98885	5992601	60.59
1990-1999	22	0.00032	0.00032	0.5	98868	31	98853	5893716	59.61
1990-1999	23	0.00033	0.00033	0.5	98837	33	98820	5794863	58.63
1990-1999	24	0.00039	0.00039	0.5	98804	38	98785	5696043	57.65
1990-1999	25	0.00044	0.00044	0.5	98766	43	98744	5597258	56.67
1990-1999	26	0.00045	0.00045	0.5	98722	44	98700	5498514	55.70
1990-1999	27	0.00052	0.00052	0.5	98678	51	98653	5399814	54.72
1990-1999	28	0.00045	0.00045	0.5	98627	45	98604	5301161	53.75
1990-1999	29	0.00062	0.00062	0.5	98582	61	98552	5202557	52.77
1990-1999	30	0.00070	0.00070	0.5	98521	69	98487	5104005	51.81
1990-1999	31	0.00067	0.00067	0.5	98453	66	98419	5005518	50.84
1990-1999	32	0.00068	0.00068	0.5	98386	67	98353	4907099	49.88
1990-1999	33	0.00095	0.00095	0.5	98320	93	98273	4808746	48.91
1990-1999	34	0.00084	0.00084	0.5	98226	83	98185	4710473	47.96
1990-1999	35	0.00087	0.00087	0.5	98143	85	98101	4612288	47.00
1990-1999	36	0.00090	0.00090	0.5	98058	88	98014	4514187	46.04
1990-1999	37	0.00098	0.00098	0.5	97970	96	97922	4416173	45.08
1990-1999	38	0.00102	0.00101	0.5	97874	99	97825	4318251	44.12
1990-1999	39	0.00119	0.00119	0.5	97775	117	97717	4220426	43.16
1990-1999	40	0.00109	0.00109	0.5	97658	107	97605	4122710	42.22
1990-1999	41	0.00120	0.00120	0.5	97551	117	97493	4025105	41.26
1990-1999	42	0.00142	0.00142	0.5	97434	139	97365	3927612	40.31
1990-1999	43	0.00168	0.00167	0.5	97295	163	97214	3830247	39.37
1990-1999	44	0.00157	0.00157	0.5	97132	153	97056	3733033	38.43
1990-1999	45	0.00185	0.00185	0.5	96980	179	96890	3635977	37.49
1990-1999	46	0.00184	0.00183	0.5	96800	178	96712	3539087	36.56
1990-1999	47	0.00215	0.00215	0.5	96623	207	96519	3442376	35.63
1990-1999	48	0.00210	0.00210	0.5	96415	203	96314	3345856	34.70
1990-1999	49	0.00214	0.00213	0.5	96213	205	96110	3249542	33.77
1990-1999	50	0.00229	0.00228	0.5	96008	219	95898	3153432	32.85
1990-1999	51	0.00297	0.00297	0.5	95788	284	95646	3057534	31.92
1990-1999	52	0.00274	0.00274	0.5	95504	261	95373	2961888	31.01
1990-1999	53	0.00320	0.00320	0.5	95243	304	95090	2866515	30.10
1990-1999	54	0.00400	0.00399	0.5	94938	379	94749	2771424	29.19
1990-1999	55	0.00395	0.00395	0.5	94560	373	94373	2676675	28.31
1990-1999	56	0.00428	0.00427	0.5	94187	402	93985	2582302	27.42
1990-1999	57	0.00466	0.00465	0.5	93784	436	93566	2488317	26.53
1990-1999	58	0.00561	0.00560	0.5	93348	522	93087	2394750	25.65
1990-1999	59	0.00654	0.00652	0.5	92826	605	92523	2301663	24.80
1990-1999	60	0.00675	0.00672	0.5	92221	620	91911	2209140	23.95
1990-1999	61	0.00696	0.00694	0.5	91601	636	91283	2117229	23.11
1990-1999	62	0.00795	0.00792	0.5	90965	720	90605	2025946	22.27
1990-1999	63	0.00811	0.00807	0.5	90245	729	89880	1935341	21.45
1990-1999	64	0.00951	0.00946	0.5	89516	847	89093	1845461	20.62
1990-1999	65	0.01013	0.01008	0.5	88669	894	88222	1756368	19.81
1990-1999	66	0.01116	0.01110	0.5	87775	974	87288	1668146	19.00
1990-1999	67	0.01300	0.01291	0.5	86801	1121	86240	1580858	18.21
1990-1999	68	0.01400	0.01390	0.5	85680	1191	85085	1494618	17.44
1990-1999	69	0.01553	0.01541	0.5	84489	1302	83838	1409533	16.68
1990-1999	70	0.01559	0.01547	0.5	83187	1287	82543	1325695	15.94
1990-1999	71	0.01942	0.01924	0.5	81900	1576	81112	1243152	15.18
1990-1999	72	0.02132	0.02110	0.5	80324	1695	79477	1162040	14.47
1990-1999	73	0.02293	0.02267	0.5	78630	1783	77738	1082563	13.77
1990-1999	74	0.02548	0.02516	0.5	76847	1934	75880	1004824	13.08
1990-1999	75	0.02662	0.02627	0.5	74913	1968	73930	928944	12.40
1990-1999	76	0.03007	0.02962	0.5	72946	2161	71865	855014	11.72
1990-1999	77	0.03529	0.03468	0.5	70785	2455	69557	783149	11.06
1990-1999	78	0.03695	0.03628	0.5	68330	2479	67090	713592	10.44
1990-1999	79	0.04160	0.04076	0.5	65851	2684	64509	646501	9.82
1990-1999	80	0.04491	0.04392	0.5	63167	2775	61780	581992	9.21
1990-1999	81	0.05120	0.04992	0.5	60393	3015	58885	520213	8.61
1990-1999	82	0.05831	0.05666	0.5	57378	3251	55752	461327	8.04
1990-1999	83	0.06634	0.06421	0.5	54127	3476	52389	405575	7.49
1990-1999	84	0.07539	0.07265	0.5	50651	3680	48811	353186	6.97
1990-1999	85	0.08556	0.08205	0.5	46971	3854	45044	304375	6.48
1990-1999	86	0.09696	0.09248	0.5	43117	3988	41123	259331	6.01
1990-1999	87	0.10970	0.10400	0.5	39130	4069	37095	218207	5.58
1990-1999	88	0.12388	0.11666	0.5	35060	4090	33015	181112	5.17
1990-1999	89	0.13961	0.13050	0.5	30970	4042	28949	148097	4.78
1990-1999	90	0.15697	0.14555	0.5	26929	3919	24969	119148	4.42
1990-1999	91	0.17606	0.16181	0.5	23009	3723	21148	94179	4.09
1990-1999	92	0.19692	0.17927	0.5	19286	3457	17557	73031	3.79
1990-1999	93	0.21959	0.19786	0.5	15829	3132	14263	55474	3.50
1990-1999	94	0.24408	0.21753	0.5	12697	2762	11316	41211	3.25
1990-1999	95	0.27036	0.23816	0.5	9935	2366	8752	29895	3.01
1990-1999	96	0.29834	0.25962	0.5	7569	1965	6586	21143	2.79
1990-1999	97	0.32793	0.28173	0.5	5604	1579	4814	14557	2.60
1990-1999	98	0.35894	0.30433	0.5	4025	1225	3413	9743	2.42
1990-1999	99	0.39119	0.32719	0.5	2800	916	2342	6330	2.26
1990-1999	100	0.42441	0.35011	0.5	1884	660	1554	3988	2.12
1990-1999	101	0.45833	0.37288	0.5	1224	457	996	2434	1.99
1990-1999	102	0.49264	0.39527	0.5	768	303	616	1438	1.87
1990-1999	103	0.52701	0.41710	0.5	464	194	367	822	1.77
1990-1999	104	0.56114	0.43819	0.5	271	119	211	454	1.68
1990-1999	105	0.59469	0.45839	0.5	152	70	117	243	1.60
1990-1999	106	0.62739	0.47758	0.5	82	39	63	126	1.53
1990-1999	107	0.65896	0.49565	0.5	43	21	32	63	1.46
1990-1999	108	0.68918	0.51256	0.5	22	11	16	31	1.41
1990-1999	109	0.71786	0.52826	0.5	11	6	8	14	1.37
1990-1999	110+	0.74489	1.00000	1.34	5	5	7	7	1.34
2000-2009	0	0.00474	0.00472	0.07	100000	472	99560	8105841	81.06
2000-2009	1	0.00042	0.00042	0.5	99528	42	99508	8006281	80.44
2000-2009	2	0.00023	0.00023	0.5	99487	23	99475	7906774	79.48
2000-2009	3	0.00018	0.00018	0.5	99463	18	99454	7807299	78.49
2000-2009	4	0.00018	0.00018	0.5	99446	18	99437	7707844	77.51
2000-2009	5	0.00014	0.00014	0.5	99428	14	99421	7608408	76.52
2000-2009	6	0.00013	0.00013	0.5	99414	13	99407	7508987	75.53
2000-2009	7	0.00014	0.00014	0.5	99400	13	99393	7409580	74.54
2000-2009	8	0.00013	0.00013	0.5	99387	13	99380	7310187	73.55
2000-2009	9	0.00014	0.00014	0.5	99373	13	99367	7210807	72.56
2000-2009	10	0.00008	0.00008	0.5	99360	8	99356	7111440	71.57
2000-2009	11	0.00010	0.00010	0.5	99352	10	99347	7012084	70.58
2000-2009	12	0.00012	0.00012	0.5	99342	12	99336	6912737	69.59
2000-2009	13	0.00015	0.00015	0.5	99330	15	99322	6813402	68.59
2000-2009	14	0.00018	0.00018	0.5	99315	18	99306	6714079	67.60
2000-2009	15	0.00028	0.00028	0.5	99297	28	99283	6614773	66.62
2000-2009	16	0.00033	0.00033	0.5	99268	32	99252	6515491	65.64
2000-2009	17	0.00031	0.00031	0.5	99236	31	99221	6416238	64.66
2000-2009	18	0.00033	0.00033	0.5	99205	32	99189	6317018	63.68
2000-2009	19	0.00037	0.00037	0.5	99173	36	99155	6217829	62.70
2000-2009	20	0.00045	0.00045	0.5	99137	45	99114	6118674	61.72
2000-2009	21	0.00035	0.00035	0.5	99092	35	99075	6019560	60.75
2000-2009	22	0.00042	0.00042	0.5	99057	41	99036	5920485	59.77
2000-2009	23	0.00038	0.00038	0.5	99016	38	98997	5821449	58.79
2000-2009	24	0.00039	0.00039	0.5	98978	39	98959	5722452	57.82
2000-2009	25	0.00048	0.00048	0.5	98939	47	98915	5623493	56.84
2000-2009	26	0.00059	0.00059	0.5	98892	58	98862	5524578	55.87
2000-2009	27	0.00049	0.00049	0.5	98833	48	98809	5425715	54.90
2000-2009	28	0.00057	0.00057	0.5	98785	57	98757	5326906	53.92
2000-2009	29	0.00062	0.00062	0.5	98729	61	98698	5228149	52.95
2000-2009	30	0.00064	0.00064	0.5	98668	63	98636	5129451	51.99
2000-2009	31	0.00068	0.00068	0.5	98604	67	98571	5030815	51.02
2000-2009	32	0.00084	0.00084	0.5	98537	83	98496	4932244	50.05
2000-2009	33	0.00074	0.00074	0.5	98454	73	98417	4833749	49.10
2000-2009	34	0.00083	0.00083	0.5	98381	82	98340	4735331	48.13
2000-2009	35	0.00090	0.00090	0.5	98299	88	98255	4636991	47.17
2000-2009	36	0.00101	0.00101	0.5	98211	99	98161	4538736	46.21
2000-2009	37	0.00115	0.00115	0.5	98112	112	98056	4440575	45.26
2000-2009	38	0.00120	0.00120	0.5	97999	118	97941	4342519	44.31
2000-2009	39	0.00120	0.00120	0.5	97882	118	97823	4244578	43.36
2000-2009	40	0.00142	0.00142	0.5	97764	139	97695	4146755	42.42
2000-2009	41	0.00140	0.00140	0.5	97625	136	97557	4049060	41.48
2000-2009	42	0.00139	0.00139	0.5	97489	135	97421	3951503	40.53
2000-2009	43	0.00164	0.00164	0.5	97354	159	97274	3854082	39.59
2000-2009	44	0.00185	0.00184	0.5	97194	179	97105	3756808	38.65
2000-2009	45	0.00198	0.00198	0.5	97015	192	96919	3659703	37.72
2000-2009	46	0.00223	0.00223	0.5	96823	216	96715	3562784	36.80
2000-2009	47	0.00228	0.00228	0.5	96607	220	96497	3466069	35.88
2000-2009	48	0.00255	0.00255	0.5	96387	246	96265	3369571	34.96
2000-2009	49	0.00260	0.00260	0.5	96142	250	96017	3273307	34.05
2000-2009	50	0.00272	0.00271	0.5	95892	260	95762	3177290	33.13
2000-2009	51	0.00288	0.00288	0.5	95632	275	95494	3081528	32.22
2000-2009	52	0.00316	0.00315	0.5	95357	301	95206	2986033	31.31
2000-2009	53	0.00331	0.00330	0.5	95056	314	94899	2890827	30.41
2000-2009	54	0.00369	0.00368	0.5	94742	349	94568	2795928	29.51
2000-2009	55	0.00373	0.00372	0.5	94393	351	94218	2701360	28.62
2000-2009	56	0.00449	0.00448	0.5	94042	421	93831	2607143	27.72
2000-2009	57	0.00481	0.00480	0.5	93620	449	93396	2513312	26.85
2000-2009	58	0.00500	0.00498	0.5	93171	464	92939	2419916	25.97
2000-2009	59	0.00572	0.00570	0.5	92707	529	92443	2326977	25.10
2000-2009	60	0.00583	0.00582	0.5	92178	536	91910	2234534	24.24
2000-2009	61	0.00688	0.00685	0.5	91642	628	91328	2142624	23.38
2000-2009	62	0.00717	0.00715	0.5	91014	651	90689	2051296	22.54
2000-2009	63	0.00804	0.00800	0.5	90363	723	90002	1960607	21.70
2000-2009	64	0.00897	0.00893	0.5	89640	801	89240	1870605	20.87
2000-2009	65	0.00904	0.00900	0.5	88840	799	88440	1781365	20.05
2000-2009	66	0.01017	0.01012	0.5	88040	891	87595	1692925	19.23
2000-2009	67	0.01124	0.01118	0.5	87149	974	86662	1605331	18.42
2000-2009	68	0.01192	0.01185	0.5	86175	1021	85664	1518669	17.62
2000-2009	69	0.01278	0.01270	0.5	85153	1081	84613	1433005	16.83
2000-2009	70	0.01509	0.01497	0.5	84072	1259	83443	1348392	16.04
2000-2009	71	0.01643	0.01630	0.5	82813	1350	82138	1264949	15.27
2000-2009	72	0.01849	0.01832	0.5	81463	1492	80717	1182811	14.52
2000-2009	73	0.02162	0.02138	0.5	79971	1710	79116	1102094	13.78
2000-2009	74	0.02331	0.02304	0.5	78261	1803	77360	1022978	13.07
2000-2009	75	0.02583	0.02550	0.5	76458	1950	75483	945618	12.37
2000-2009	76	0.03022	0.02977	0.5	74508	2218	73399	870135	11.68
2000-2009	77	0.03311	0.03257	0.5	72290	2355	71113	796735	11.02
2000-2009	78	0.03558	0.03496	0.5	69936	2445	68713	725622	10.38
2000-2009	79	0.04088	0.04006	0.5	67491	2704	66139	656909	9.73
2000-2009	80	0.04408	0.04313	0.5	64787	2794	63390	590770	9.12
2000-2009	81	0.05057	0.04933	0.5	61993	3058	60464	527380	8.51
2000-2009	82	0.05797	0.05633	0.5	58935	3320	57275	466917	7.92
2000-2009	83	0.06636	0.06423	0.5	55615	3572	53829	409642	7.37
2000-2009	84	0.07588	0.07310	0.5	52042	3805	50140	355813	6.84
2000-2009	85	0.08663	0.08303	0.5	48238	4005	46235	305673	6.34
2000-2009	86	0.09874	0.09410	0.5	44233	4162	42151	259438	5.87
2000-2009	87	0.11234	0.10637	0.5	40070	4262	37939	217286	5.42
2000-2009	88	0.12755	0.11990	0.5	35808	4294	33661	179347	5.01
2000-2009	89	0.14448	0.13475	0.5	31515	4246	29391	145686	4.62
2000-2009	90	0.16324	0.15092	0.5	27268	4115	25211	116294	4.26
2000-2009	91	0.18391	0.16842	0.5	23153	3899	21203	91084	3.93
2000-2009	92	0.20654	0.18721	0.5	19254	3604	17451	69880	3.63
2000-2009	93	0.23118	0.20723	0.5	15649	3243	14028	52429	3.35
2000-2009	94	0.25780	0.22837	0.5	12406	2833	10990	38402	3.10
2000-2009	95	0.28635	0.25048	0.5	9573	2398	8374	27412	2.86
2000-2009	96	0.31670	0.27341	0.5	7175	1962	6194	19038	2.65
2000-2009	97	0.34871	0.29693	0.5	5213	1548	4439	12844	2.46
2000-2009	98	0.38213	0.32083	0.5	3665	1176	3077	8404	2.29
2000-2009	99	0.41672	0.34486	0.5	2489	858	2060	5327	2.14
2000-2009	100	0.45214	0.36877	0.5	1631	601	1330	3267	2.00
2000-2009	101	0.48805	0.39231	0.5	1029	404	828	1937	1.88
2000-2009	102	0.52409	0.41527	0.5	626	260	496	1109	1.77
2000-2009	103	0.55987	0.43742	0.5	366	160	286	614	1.68
2000-2009	104	0.59505	0.45860	0.5	206	94	159	328	1.59
2000-2009	105	0.62927	0.47867	0.5	111	53	85	169	1.52
2000-2009	106	0.66225	0.49751	0.5	58	29	44	84	1.45
2000-2009	107	0.69372	0.51506	0.5	29	15	22	41	1.40
2000-2009	108	0.72348	0.53129	0.5	14	8	10	19	1.35
2000-2009	109	0.75139	0.54619	0.5	7	4	5	9	1.31
2000-2009	110+	0.77734	1.00000	1.29	3	3	4	4	1.29
2010-2019	0	0.00433	0.00432	0.07	100000	432	99596	8154426	81.54
2010-2019	1	0.00034	0.00034	0.5	99568	34	99551	8054829	80.90
2010-2019	2	0.00016	0.00016	0.5	99534	16	99526	7955278	79.93
2010-2019	3	0.00020	0.00020	0.5	99518	20	99508	7855752	78.94
2010-2019	4	0.00012	0.00012	0.5	99498	12	99493	7756244	77.95
2010-2019	5	0.00013	0.00013	0.5	99487	13	99480	7656751	76.96
2010-2019	6	0.00010	0.00010	0.5	99474	10	99469	7557271	75.97
2010-2019	7	0.00012	0.00012	0.5	99464	11	99458	7457802	74.98
2010-2019	8	0.00011	0.00011	0.5	99453	11	99447	7358344	73.99
2010-2019	9	0.00008	0.00008	0.5	99442	8	99438	7258897	73.00
2010-2019	10	0.00005	0.00005	0.5	99434	5	99432	7159459	72.00
2010-2019	11	0.00011	0.00011	0.5	99429	11	99424	7060027	71.01
2010-2019	12	0.00011	0.00011	0.5	99418	11	99412	6960603	70.01
2010-2019	13	0.00015	0.00015	0.5	99406	15	99399	6861191	69.02
2010-2019	14	0.00013	0.00013	0.5	99392	13	99385	6761792	68.03
2010-2019	15	0.00021	0.00021	0.5	99379	21	99368	6662407	67.04
2010-2019	16	0.00038	0.00038	0.5	99357	38	99338	6563039	66.05
2010-2019	17	0.00028	0.00028	0.5	99319	28	99305	6463701	65.08
2010-2019	18	0.00039	0.00039	0.5	99291	39	99272	6364395	64.10
2010-2019	19	0.00035	0.00035	0.5	99253	35	99235	6265123	63.12
2010-2019	20	0.00039	0.00039	0.5	99218	39	99198	6165888	62.15
2010-2019	21	0.00038	0.00038	0.5	99179	38	99160	6066690	61.17
2010-2019	22	0.00037	0.00037	0.5	99141	36	99123	5967530	60.19
2010-2019	23	0.00039	0.00039	0.5	99105	39	99086	5868406	59.21
2010-2019	24	0.00043	0.00043	0.5	99066	43	99045	5769321	58.24
2010-2019	25	0.00055	0.00055	0.5	99024	55	98996	5670276	57.26
2010-2019	26	0.00061	0.00061	0.5	98969	61	98939	5571279	56.29
2010-2019	27	0.00067	0.00067	0.5	98908	67	98875	5472341	55.33
2010-2019	28	0.00068	0.00068	0.5	98842	67	98808	5373466	54.36
2010-2019	29	0.00077	0.00077	0.5	98775	76	98737	5274658	53.40
2010-2019	30	0.00070	0.00070	0.5	98699	69	98665	5175921	52.44
2010-2019	31	0.00081	0.00081	0.5	98630	80	98590	5077256	51.48
2010-2019	32	0.00090	0.00090	0.5	98550	88	98506	4978666	50.52
2010-2019	33	0.00084	0.00083	0.5	98462	82	98421	4880160	49.56
2010-2019	34	0.00098	0.00098	0.5	98380	96	98332	4781739	48.60
2010-2019	35	0.00096	0.00096	0.5	98283	94	98236	4683408	47.65
2010-2019	36	0.00106	0.00106	0.5	98189	104	98137	4585171	46.70
2010-2019	37	0.00113	0.00113	0.5	98085	111	98030	4487034	45.75
2010-2019	38	0.00112	0.00112	0.5	97975	109	97920	4389004	44.80
2010-2019	39	0.00126	0.00125	0.5	97865	123	97804	4291084	43.85
2010-2019	40	0.00134	0.00134	0.5	97742	131	97677	4193280	42.90
2010-2019	41	0.00154	0.00154	0.5	97612	150	97537	4095603	41.96
2010-2019	42	0.00155	0.00155	0.5	97462	151	97386	3998066	41.02
2010-2019	43	0.00166	0.00166	0.5	97310	162	97230	3900680	40.08
2010-2019	44	0.00165	0.00164	0.5	97149	160	97069	3803451	39.15
2010-2019	45	0.00195	0.00195	0.5	96989	189	96895	3706382	38.21
2010-2019	46	0.00229	0.00228	0.5	96800	221	96690	3609487	37.29
2010-2019	47	0.00206	0.00206	0.5	96579	199	96480	3512797	36.37
2010-2019	48	0.00227	0.00226	0.5	96381	218	96272	3416317	35.45
2010-2019	49	0.00265	0.00265	0.5	96162	255	96035	3320046	34.53
2010-2019	50	0.00257	0.00257	0.5	95907	246	95784	3224011	33.62
2010-2019	51	0.00322	0.00322	0.5	95661	308	95507	3128226	32.70
2010-2019	52	0.00333	0.00332	0.5	95354	317	95195	3032719	31.80
2010-2019	53	0.00370	0.00369	0.5	95037	351	94861	2937524	30.91
2010-2019	54	0.00370	0.00369	0.5	94686	350	94511	2842663	30.02
2010-2019	55	0.00415	0.00415	0.5	94336	391	94141	2748152	29.13
2010-2019	56	0.00439	0.00438	0.5	93945	412	93739	2654011	28.25
2010-2019	57	0.00488	0.00487	0.5	93533	455	93306	2560272	27.37
2010-2019	58	0.00479	0.00478	0.5	93078	445	92855	2466967	26.50
2010-2019	59	0.00518	0.00516	0.5	92633	478	92394	2374111	25.63
2010-2019	60	0.00600	0.00598	0.5	92155	551	91879	2281717	24.76
2010-2019	61	0.00581	0.00579	0.5	91604	531	91338	2189838	23.91
2010-2019	62	0.00651	0.00649	0.5	91073	591	90777	2098500	23.04
2010-2019	63	0.00741	0.00738	0.5	90482	668	90148	2007723	22.19
2010-2019	64	0.00765	0.00762	0.5	89814	685	89472	1917575	21.35
2010-2019	65	0.00818	0.00815	0.5	89129	726	88766	1828103	20.51
2010-2019	66	0.00881	0.00877	0.5	88403	776	88015	1739337	19.68
2010-2019	67	0.00995	0.00990	0.5	87628	868	87194	1651321	18.84
2010-2019	68	0.01034	0.01029	0.5	86760	893	86313	1564128	18.03
2010-2019	69	0.01238	0.01231	0.5	85867	1057	85339	1477814	17.21
2010-2019	70	0.01353	0.01344	0.5	84811	1140	84241	1392475	16.42
2010-2019	71	0.01513	0.01502	0.5	83671	1257	83042	1308235	15.64
2010-2019	72	0.01715	0.01700	0.5	82414	1401	81713	1225192	14.87
2010-2019	73	0.01798	0.01782	0.5	81013	1443	80291	1143479	14.11
2010-2019	74	0.02117	0.02094	0.5	79569	1667	78736	1063188	13.36
2010-2019	75	0.02419	0.02390	0.5	77903	1862	76972	984452	12.64
2010-2019	76	0.02628	0.02594	0.5	76041	1973	75055	907480	11.93
2010-2019	77	0.02848	0.02808	0.5	74068	2080	73028	832425	11.24
2010-2019	78	0.03391	0.03335	0.5	71988	2401	70788	759397	10.55
2010-2019	79	0.03869	0.03796	0.5	69588	2641	68267	688609	9.90
2010-2019	80	0.04240	0.04152	0.5	66946	2779	65556	620342	9.27
2010-2019	81	0.04870	0.04755	0.5	64167	3051	62641	554785	8.65
2010-2019	82	0.05590	0.05438	0.5	61116	3323	59454	492144	8.05
2010-2019	83	0.06408	0.06209	0.5	57793	3588	55999	432690	7.49
2010-2019	84	0.07336	0.07077	0.5	54205	3836	52287	376691	6.95
2010-2019	85	0.08388	0.08050	0.5	50369	4055	48341	324404	6.44
2010-2019	86	0.09574	0.09137	0.5	46314	4232	44198	276063	5.96
2010-2019	87	0.10908	0.10344	0.5	42082	4353	39906	231865	5.51
2010-2019	88	0.12403	0.11678	0.5	37729	4406	35526	191959	5.09
2010-2019	89	0.14070	0.13145	0.5	33323	4380	31133	156433	4.69
2010-2019	90	0.15920	0.14746	0.5	28943	4268	26809	125300	4.33
2010-2019	91	0.17963	0.16482	0.5	24675	4067	22641	98491	3.99
2010-2019	92	0.20205	0.18351	0.5	20608	3782	18717	75850	3.68
2010-2019	93	0.22649	0.20345	0.5	16826	3423	15115	57133	3.40
2010-2019	94	0.25295	0.22455	0.5	13403	3010	11898	42019	3.14
2010-2019	95	0.28139	0.24668	0.5	10393	2564	9111	30120	2.90
2010-2019	96	0.31168	0.26966	0.5	7829	2111	6774	21009	2.68
2010-2019	97	0.34368	0.29328	0.5	5718	1677	4880	14235	2.49
2010-2019	98	0.37716	0.31732	0.5	4041	1282	3400	9356	2.32
2010-2019	99	0.41185	0.34152	0.5	2759	942	2288	5956	2.16
2010-2019	100	0.44744	0.36564	0.5	1817	664	1485	3668	2.02
2010-2019	101	0.48359	0.38943	0.5	1152	449	928	2183	1.89
2010-2019	102	0.51990	0.41264	0.5	704	290	558	1255	1.78
2010-2019	103	0.55600	0.43506	0.5	413	180	323	697	1.69
2010-2019	104	0.59153	0.45651	0.5	233	107	180	374	1.60
2010-2019	105	0.62612	0.47684	0.5	127	61	97	193	1.52
2010-2019	106	0.65947	0.49594	0.5	66	33	50	97	1.46
2010-2019	107	0.69131	0.51373	0.5	33	17	25	47	1.40
2010-2019	108	0.72143	0.53018	0.5	16	9	12	22	1.35
2010-2019	109	0.74967	0.54528	0.5	8	4	6	10	1.31
2010-2019	110+	0.77595	1.00000	1.29	3	3	4	4	1.29
2020-2022	0	0.00455	0.00453	0.07	100000	453	99576	8055336	80.55
2020-2022	1	0.00031	0.00031	0.5	99547	31	99531	7955759	79.92
2020-2022	2	0.00013	0.00013	0.5	99516	13	99510	7856228	78.94
2020-2022	3	0.00011	0.00011	0.5	99503	11	99498	7756718	77.95
2020-2022	4	0.00010	0.00010	0.5	99492	10	99487	7657221	76.96
2020-2022	5	0.00015	0.00015	0.5	99482	15	99475	7557734	75.97
2020-2022	6	0.00005	0.00005	0.5	99468	5	99465	7458259	74.98
2020-2022	7	0.00010	0.00010	0.5	99462	10	99457	7358794	73.99
2020-2022	8	0.00008	0.00008	0.5	99452	8	99448	7259337	72.99
2020-2022	9	0.00007	0.00007	0.5	99444	6	99441	7159889	72.00
2020-2022	10	0.00009	0.00009	0.5	99438	9	99433	7060448	71.00
2020-2022	11	0.00018	0.00018	0.5	99429	18	99420	6961015	70.01
2020-2022	12	0.00013	0.00013	0.5	99411	13	99404	6861595	69.02
2020-2022	13	0.00017	0.00017	0.5	99398	17	99389	6762190	68.03
2020-2022	14	0.00014	0.00014	0.5	99381	14	99374	6662801	67.04
2020-2022	15	0.00021	0.00021	0.5	99367	21	99356	6563427	66.05
2020-2022	16	0.00022	0.00022	0.5	99346	22	99335	6464071	65.07
2020-2022	17	0.00024	0.00024	0.5	99324	23	99312	6364736	64.08
2020-2022	18	0.00040	0.00040	0.5	99301	39	99281	6265424	63.10
2020-2022	19	0.00028	0.00028	0.5	99261	28	99247	6166143	62.12
2020-2022	20	0.00042	0.00042	0.5	99233	41	99213	6066895	61.14
2020-2022	21	0.00038	0.00038	0.5	99192	38	99173	5967683	60.16
2020-2022	22	0.00039	0.00039	0.5	99154	39	99134	5868510	59.19
2020-2022	23	0.00030	0.00030	0.5	99115	30	99100	5769375	58.21
2020-2022	24	0.00043	0.00043	0.5	99085	42	99064	5670275	57.23
2020-2022	25	0.00046	0.00046	0.5	99043	45	99020	5571211	56.25
2020-2022	26	0.00069	0.00069	0.5	98998	68	98964	5472191	55.28
2020-2022	27	0.00059	0.00059	0.5	98930	58	98901	5373227	54.31
2020-2022	28	0.00057	0.00057	0.5	98872	57	98844	5274326	53.34
2020-2022	29	0.00081	0.00081	0.5	98815	80	98775	5175482	52.38
2020-2022	30	0.00080	0.00080	0.5	98736	79	98696	5076706	51.42
2020-2022	31	0.00080	0.00080	0.5	98656	79	98617	4978010	50.46
2020-2022	32	0.00088	0.00088	0.5	98577	86	98534	4879394	49.50
2020-2022	33	0.00111	0.00111	0.5	98491	109	98436	4780860	48.54
2020-2022	34	0.00120	0.00119	0.5	98382	118	98323	4682423	47.59
2020-2022	35	0.00094	0.00094	0.5	98264	92	98218	4584100	46.65
2020-2022	36	0.00123	0.00123	0.5	98172	120	98112	4485882	45.69
2020-2022	37	0.00127	0.00127	0.5	98052	124	97990	4387769	44.75
2020-2022	38	0.00132	0.00132	0.5	97928	129	97863	4289779	43.81
2020-2022	39	0.00139	0.00139	0.5	97799	136	97731	4191916	42.86
2020-2022	40	0.00155	0.00155	0.5	97663	151	97588	4094185	41.92
2020-2022	41	0.00167	0.00167	0.5	97512	163	97431	3996597	40.99
2020-2022	42	0.00191	0.00190	0.5	97349	185	97256	3899166	40.05
2020-2022	43	0.00181	0.00180	0.5	97164	175	97076	3801910	39.13
2020-2022	44	0.00198	0.00197	0.5	96988	192	96893	3704834	38.20
2020-2022	45	0.00183	0.00183	0.5	96797	177	96708	3607941	37.27
2020-2022	46	0.00219	0.00219	0.5	96620	212	96514	3511233	36.34
2020-2022	47	0.00241	0.00240	0.5	96408	232	96292	3414719	35.42
2020-2022	48	0.00264	0.00264	0.5	96176	254	96049	3318427	34.50
2020-2022	49	0.00293	0.00293	0.5	95923	281	95782	3222377	33.59
2020-2022	50	0.00306	0.00306	0.5	95642	292	95496	3126595	32.69
2020-2022	51	0.00312	0.00312	0.5	95349	297	95201	3031099	31.79
2020-2022	52	0.00361	0.00360	0.5	95052	342	94881	2935899	30.89
2020-2022	53	0.00364	0.00364	0.5	94710	344	94538	2841018	30.00
2020-2022	54	0.00357	0.00356	0.5	94365	336	94197	2746480	29.10
2020-2022	55	0.00402	0.00402	0.5	94029	378	93841	2652283	28.21
2020-2022	56	0.00487	0.00486	0.5	93652	455	93424	2558442	27.32
2020-2022	57	0.00527	0.00525	0.5	93196	489	92952	2465018	26.45
2020-2022	58	0.00618	0.00616	0.5	92707	571	92421	2372066	25.59
2020-2022	59	0.00583	0.00582	0.5	92136	536	91868	2279645	24.74
2020-2022	60	0.00653	0.00651	0.5	91600	596	91302	2187777	23.88
2020-2022	61	0.00785	0.00782	0.5	91004	711	90648	2096475	23.04
2020-2022	62	0.00726	0.00724	0.5	90293	653	89966	2005826	22.21
2020-2022	63	0.00755	0.00752	0.5	89639	674	89302	1915860	21.37
2020-2022	64	0.00872	0.00868	0.5	88965	772	88579	1826558	20.53
2020-2022	65	0.00937	0.00933	0.5	88193	823	87781	1737979	19.71
2020-2022	66	0.01027	0.01022	0.5	87370	893	86923	1650198	18.89
2020-2022	67	0.01052	0.01046	0.5	86477	905	86024	1563275	18.08
2020-2022	68	0.01124	0.01118	0.5	85572	956	85094	1477251	17.26
2020-2022	69	0.01392	0.01383	0.5	84615	1170	84030	1392157	16.45
2020-2022	70	0.01371	0.01362	0.5	83445	1136	82877	1308127	15.68
2020-2022	71	0.01650	0.01637	0.5	82309	1347	81636	1225249	14.89
2020-2022	72	0.01773	0.01757	0.5	80962	1423	80251	1143614	14.13
2020-2022	73	0.01948	0.01929	0.5	79539	1534	78772	1063363	13.37
2020-2022	74	0.02351	0.02323	0.5	78005	1812	77099	984591	12.62
2020-2022	75	0.02723	0.02686	0.5	76192	2047	75169	907493	11.91
2020-2022	76	0.02822	0.02783	0.5	74146	2063	73114	832323	11.23
2020-2022	77	0.03311	0.03257	0.5	72083	2348	70909	759209	10.53
2020-2022	78	0.03606	0.03542	0.5	69735	2470	68500	688301	9.87
2020-2022	79	0.04328	0.04237	0.5	67265	2850	65840	619801	9.21
2020-2022	80	0.04991	0.04870	0.5	64415	3137	62847	553961	8.60
2020-2022	81	0.05714	0.05555	0.5	61278	3404	59576	491114	8.01
2020-2022	82	0.06533	0.06327	0.5	57874	3661	56043	431538	7.46
2020-2022	83	0.07461	0.07193	0.5	54213	3899	52263	375494	6.93
2020-2022	84	0.08509	0.08162	0.5	50313	4106	48260	323231	6.42
2020-2022	85	0.09688	0.09241	0.5	46207	4270	44072	274971	5.95
2020-2022	86	0.11011	0.10437	0.5	41937	4377	39749	230899	5.51
2020-2022	87	0.12490	0.11756	0.5	37560	4416	35353	191150	5.09
2020-2022	88	0.14136	0.13203	0.5	33145	4376	30957	155798	4.70
2020-2022	89	0.15959	0.14780	0.5	28769	4252	26643	124841	4.34
2020-2022	90	0.17969	0.16487	0.5	24517	4042	22496	98199	4.01
2020-2022	91	0.20170	0.18322	0.5	20474	3751	18599	75703	3.70
2020-2022	92	0.22567	0.20279	0.5	16723	3391	15027	57104	3.41
2020-2022	93	0.25159	0.22348	0.5	13332	2979	11842	42077	3.16
2020-2022	94	0.27942	0.24517	0.5	10352	2538	9083	30235	2.92
2020-2022	95	0.30905	0.26768	0.5	7814	2092	6768	21151	2.71
2020-2022	96	0.34034	0.29084	0.5	5723	1664	4890	14383	2.51
2020-2022	97	0.37308	0.31443	0.5	4058	1276	3420	9493	2.34
2020-2022	98	0.40703	0.33820	0.5	2782	941	2312	6072	2.18
2020-2022	99	0.44190	0.36193	0.5	1841	666	1508	3761	2.04
2020-2022	100	0.47735	0.38537	0.5	1175	453	948	2253	1.92
2020-2022	101	0.51302	0.40829	0.5	722	295	575	1304	1.81
2020-2022	102	0.54857	0.43049	0.5	427	184	335	729	1.71
2020-2022	103	0.58362	0.45179	0.5	243	110	188	394	1.62
2020-2022	104	0.61785	0.47203	0.5	133	63	102	206	1.54
2020-2022	105	0.65095	0.49111	0.5	70	35	53	104	1.47
2020-2022	106	0.68265	0.50894	0.5	36	18	27	51	1.42
2020-2022	107	0.71275	0.52548	0.5	18	9	13	24	1.36
2020-2022	108	0.74107	0.54072	0.5	8	5	6	11	1.32
2020-2022	109	0.76751	0.55466	0.5	4	2	3	5	1.28
2020-2022	110+	0.79201	1.00000	1.26	2	2	2	2	1.26
