SC: SC, Lifetables (period 5x5), Females Last modified: February 4 2025, MPv5 (May07) 

Year     	Age	mx	qx	ax	lx	dx	Lx	Tx	ex
1941-1944	0	0.05732	0.05485	0.21	100000	5485	95686	6234069	62.34
1941-1944	1-4	0.00353	0.01401	1.48	94515	1324	374730	6138382	64.95
1941-1944	5-9	0.00116	0.00576	2.07	93191	537	464386	5763652	61.85
1941-1944	10-14	0.00088	0.00440	2.77	92655	407	462365	5299266	57.19
1941-1944	15-19	0.00195	0.00971	2.75	92247	895	459217	4836901	52.43
1941-1944	20-24	0.00299	0.01484	2.61	91352	1355	453525	4377684	47.92
1941-1944	25-29	0.00366	0.01816	2.56	89996	1634	445994	3924159	43.60
1941-1944	30-34	0.00448	0.02217	2.59	88362	1959	437097	3478166	39.36
1941-1944	35-39	0.00629	0.03099	2.62	86403	2677	425654	3041069	35.20
1941-1944	40-44	0.00857	0.04198	2.59	83726	3515	410152	2615414	31.24
1941-1944	45-49	0.01139	0.05539	2.56	80211	4443	390200	2205262	27.49
1941-1944	50-54	0.01563	0.07533	2.62	75768	5708	365242	1815062	23.96
1941-1944	55-59	0.02116	0.10048	2.49	70060	7040	332659	1449820	20.69
1941-1944	60-64	0.02561	0.12055	2.57	63020	7597	296643	1117161	17.73
1941-1944	65-69	0.03209	0.14823	2.43	55423	8215	256019	820518	14.80
1941-1944	70-74	0.04160	0.18907	2.59	47207	8925	214534	564498	11.96
1941-1944	75-79	0.06835	0.29240	2.53	38282	11194	163768	349964	9.14
1941-1944	80-84	0.12360	0.46491	2.34	27088	12594	101894	186196	6.87
1941-1944	85-89	0.15189	0.53721	2.28	14495	7787	51267	84302	5.82
1941-1944	90-94	0.18521	0.61033	2.21	6708	4094	22104	33035	4.92
1941-1944	95-99	0.22384	0.68113	2.13	2614	1780	7954	10931	4.18
1941-1944	100-104	0.26778	0.74659	2.04	833	622	2324	2976	3.57
1941-1944	105-109	0.31675	0.80422	1.94	211	170	536	653	3.09
1941-1944	110+	0.35560	1.00000	2.81	41	41	116	116	2.81
1945-1949	0	0.03808	0.03690	0.16	100000	3690	96899	6669191	66.69
1945-1949	1-4	0.00199	0.00794	1.56	96310	764	383372	6572292	68.24
1945-1949	5-9	0.00082	0.00410	2.24	95546	392	476648	6188920	64.77
1945-1949	10-14	0.00072	0.00357	2.7	95154	340	474986	5712272	60.03
1945-1949	15-19	0.00138	0.00688	2.71	94814	653	472575	5237286	55.24
1945-1949	20-24	0.00195	0.00968	2.58	94161	912	468601	4764711	50.60
1945-1949	25-29	0.00242	0.01202	2.59	93249	1121	463549	4296109	46.07
1945-1949	30-34	0.00312	0.01548	2.6	92129	1426	457229	3832560	41.60
1945-1949	35-39	0.00448	0.02217	2.68	90703	2011	448843	3375332	37.21
1945-1949	40-44	0.00687	0.03380	2.61	88692	2998	436302	2926489	33.00
1945-1949	45-49	0.00915	0.04481	2.65	85694	3840	419461	2490187	29.06
1945-1949	50-54	0.01379	0.06672	2.56	81854	5461	395944	2070726	25.30
1945-1949	55-59	0.01725	0.08285	2.61	76393	6329	366809	1674782	21.92
1945-1949	60-64	0.02238	0.10598	2.5	70064	7425	331793	1307973	18.67
1945-1949	65-69	0.02926	0.13666	2.59	62639	8560	292593	976180	15.58
1945-1949	70-74	0.03848	0.17575	2.54	54079	9504	247002	683587	12.64
1945-1949	75-79	0.06035	0.26321	2.57	44574	11733	194415	436585	9.79
1945-1949	80-84	0.10988	0.42662	2.38	32842	14011	127506	242170	7.37
1945-1949	85-89	0.14066	0.51048	2.31	18831	9613	68341	114664	6.09
1945-1949	90-94	0.17821	0.59692	2.23	9218	5502	30876	46323	5.03
1945-1949	95-99	0.22305	0.68095	2.14	3716	2530	11344	15447	4.16
1945-1949	100-104	0.27524	0.75754	2.03	1185	898	3263	4104	3.46
1945-1949	105-109	0.33425	0.82276	1.91	287	236	707	841	2.93
1945-1949	110+	0.38197	1.00000	2.62	51	51	133	133	2.62
1950-1954	0	0.03301	0.03210	0.15	100000	3210	97257	6864171	68.64
1950-1954	1-4	0.00177	0.00705	1.54	96790	683	385478	6766914	69.91
1950-1954	5-9	0.00055	0.00276	2.04	96107	265	479750	6381436	66.40
1950-1954	10-14	0.00055	0.00275	2.77	95842	264	478623	5901686	61.58
1950-1954	15-19	0.00093	0.00463	2.65	95579	442	476852	5423064	56.74
1950-1954	20-24	0.00129	0.00642	2.62	95136	611	474226	4946212	51.99
1950-1954	25-29	0.00171	0.00849	2.61	94525	803	470710	4471986	47.31
1950-1954	30-34	0.00246	0.01224	2.69	93722	1147	465958	4001276	42.69
1950-1954	35-39	0.00376	0.01863	2.61	92575	1725	458753	3535318	38.19
1950-1954	40-44	0.00505	0.02494	2.65	90851	2266	448928	3076564	33.86
1950-1954	45-49	0.00799	0.03925	2.68	88585	3477	434870	2627637	29.66
1950-1954	50-54	0.01247	0.06055	2.64	85108	5153	413362	2192767	25.76
1950-1954	55-59	0.01636	0.07864	2.55	79955	6288	384341	1779405	22.26
1950-1954	60-64	0.02275	0.10787	2.61	73667	7946	349358	1395064	18.94
1950-1954	65-69	0.02757	0.12895	2.5	65721	8475	307399	1045706	15.91
1950-1954	70-74	0.03776	0.17308	2.6	57246	9908	262436	738307	12.90
1950-1954	75-79	0.05547	0.24393	2.53	47338	11547	208168	475871	10.05
1950-1954	80-84	0.10058	0.39989	2.44	35791	14312	142301	267702	7.48
1950-1954	85-89	0.14163	0.51485	2.35	21478	11058	78076	125402	5.84
1950-1954	90-94	0.19546	0.63411	2.23	10420	6608	33805	47326	4.54
1950-1954	95-99	0.26307	0.74449	2.09	3813	2838	10790	13521	3.55
1950-1954	100-104	0.34369	0.83446	1.92	974	813	2365	2731	2.80
1950-1954	105-109	0.43430	0.89896	1.74	161	145	334	366	2.27
1950-1954	110+	0.50960	1.00000	1.96	16	16	32	32	1.96
1955-1959	0	0.02995	0.02920	0.14	100000	2920	97480	7003731	70.04
1955-1959	1-4	0.00146	0.00582	1.54	97080	565	386932	6906251	71.14
1955-1959	5-9	0.00056	0.00279	2.24	96515	269	481832	6519320	67.55
1955-1959	10-14	0.00041	0.00203	2.65	96246	195	480771	6037487	62.73
1955-1959	15-19	0.00074	0.00367	2.79	96050	353	479471	5556717	57.85
1955-1959	20-24	0.00104	0.00516	2.59	95698	494	477297	5077246	53.06
1955-1959	25-29	0.00140	0.00698	2.65	95203	665	474458	4599948	48.32
1955-1959	30-34	0.00200	0.00995	2.64	94539	941	470478	4125490	43.64
1955-1959	35-39	0.00298	0.01482	2.68	93598	1387	464775	3655012	39.05
1955-1959	40-44	0.00437	0.02163	2.58	92211	1995	456229	3190237	34.60
1955-1959	45-49	0.00637	0.03141	2.71	90217	2833	444595	2734008	30.30
1955-1959	50-54	0.01084	0.05285	2.65	87383	4618	426055	2289413	26.20
1955-1959	55-59	0.01567	0.07556	2.64	82765	6254	399086	1863358	22.51
1955-1959	60-64	0.02081	0.09901	2.54	76512	7575	363932	1464272	19.14
1955-1959	65-69	0.02838	0.13274	2.57	68936	9151	322437	1100340	15.96
1955-1959	70-74	0.03587	0.16481	2.54	59786	9853	274665	777903	13.01
1955-1959	75-79	0.05633	0.24777	2.57	49933	12372	219646	503238	10.08
1955-1959	80-84	0.09945	0.39636	2.44	37561	14888	149696	283592	7.55
1955-1959	85-89	0.13971	0.50989	2.35	22673	11561	82752	133896	5.91
1955-1959	90-94	0.19244	0.62815	2.24	11112	6980	36272	51145	4.60
1955-1959	95-99	0.25869	0.73835	2.09	4132	3051	11794	14873	3.60
1955-1959	100-104	0.33784	0.82904	1.93	1081	896	2653	3079	2.85
1955-1959	105-109	0.42708	0.89481	1.75	185	165	387	426	2.31
1955-1959	110+	0.50128	1.00000	1.99	19	19	39	39	1.99
1960-1964	0	0.02882	0.02811	0.13	100000	2811	97564	7040304	70.40
1960-1964	1-4	0.00150	0.00599	1.53	97189	582	387316	6942739	71.44
1960-1964	5-9	0.00056	0.00280	2.09	96607	271	482247	6555423	67.86
1960-1964	10-14	0.00047	0.00234	2.54	96336	226	481125	6073176	63.04
1960-1964	15-19	0.00067	0.00337	2.7	96110	324	479808	5592051	58.18
1960-1964	20-24	0.00099	0.00494	2.66	95787	473	477824	5112243	53.37
1960-1964	25-29	0.00133	0.00664	2.56	95313	633	475024	4634420	48.62
1960-1964	30-34	0.00195	0.00971	2.61	94680	919	471201	4159395	43.93
1960-1964	35-39	0.00279	0.01383	2.63	93761	1297	465727	3688194	39.34
1960-1964	40-44	0.00398	0.01973	2.61	92464	1824	457965	3222467	34.85
1960-1964	45-49	0.00611	0.03014	2.66	90639	2732	446796	2764502	30.50
1960-1964	50-54	0.00932	0.04557	2.63	87908	4006	430057	2317706	26.37
1960-1964	55-59	0.01333	0.06456	2.59	83902	5417	406464	1887649	22.50
1960-1964	60-64	0.02258	0.10694	2.53	78485	8393	371714	1481185	18.87
1960-1964	65-69	0.02845	0.13289	2.52	70091	9315	327375	1109471	15.83
1960-1964	70-74	0.03795	0.17339	2.51	60777	10538	277674	782096	12.87
1960-1964	75-79	0.05374	0.23754	2.56	50239	11934	222057	504422	10.04
1960-1964	80-84	0.10179	0.40381	2.44	38305	15468	151953	282366	7.37
1960-1964	85-89	0.14503	0.52362	2.35	22837	11958	82453	130412	5.71
1960-1964	90-94	0.20210	0.64707	2.22	10879	7040	34832	47959	4.41
1960-1964	95-99	0.27396	0.75939	2.07	3840	2916	10643	13127	3.42
1960-1964	100-104	0.35947	0.84843	1.89	924	784	2181	2484	2.69
1960-1964	105-109	0.45483	0.91004	1.7	140	127	280	304	2.17
1960-1964	110+	0.53396	1.00000	1.87	13	13	24	24	1.87
1965-1969	0	0.02524	0.02469	0.12	100000	2469	97836	7142275	71.42
1965-1969	1-4	0.00125	0.00499	1.58	97531	487	388944	7044439	72.23
1965-1969	5-9	0.00052	0.00257	2.29	97044	250	484544	6655495	68.58
1965-1969	10-14	0.00037	0.00187	2.63	96795	181	483544	6170951	63.75
1965-1969	15-19	0.00070	0.00350	2.78	96614	338	482317	5687407	58.87
1965-1969	20-24	0.00093	0.00464	2.6	96276	447	480308	5205090	54.06
1965-1969	25-29	0.00113	0.00564	2.55	95829	541	477820	4724782	49.30
1965-1969	30-34	0.00171	0.00854	2.69	95288	813	474560	4246962	44.57
1965-1969	35-39	0.00257	0.01280	2.65	94475	1209	469528	3772403	39.93
1965-1969	40-44	0.00407	0.02018	2.64	93266	1882	461879	3302874	35.41
1965-1969	45-49	0.00558	0.02754	2.66	91384	2517	451029	2840996	31.09
1965-1969	50-54	0.00856	0.04191	2.57	88867	3724	435291	2389966	26.89
1965-1969	55-59	0.01210	0.05882	2.61	85143	5008	413758	1954676	22.96
1965-1969	60-64	0.01865	0.08925	2.6	80135	7152	383538	1540918	19.23
1965-1969	65-69	0.02868	0.13396	2.54	72984	9777	340872	1157379	15.86
1965-1969	70-74	0.03872	0.17684	2.55	63206	11177	288666	816507	12.92
1965-1969	75-79	0.05453	0.24040	2.54	52029	12508	229354	527841	10.15
1965-1969	80-84	0.09761	0.39094	2.45	39521	15451	158282	298487	7.55
1965-1969	85-89	0.14064	0.51279	2.36	24071	12343	87763	140206	5.82
1965-1969	90-94	0.19806	0.63972	2.23	11728	7502	37879	52443	4.47
1965-1969	95-99	0.27101	0.75585	2.07	4225	3194	11784	14564	3.45
1965-1969	100-104	0.35839	0.84783	1.89	1032	875	2440	2780	2.69
1965-1969	105-109	0.45618	0.91093	1.7	157	143	313	339	2.16
1965-1969	110+	0.53747	1.00000	1.86	14	14	26	26	1.86
1970-1974	0	0.02026	0.01990	0.11	100000	1990	98228	7279453	72.79
1970-1974	1-4	0.00100	0.00398	1.55	98010	390	391084	7181224	73.27
1970-1974	5-9	0.00048	0.00239	2.3	97620	233	487471	6790141	69.56
1970-1974	10-14	0.00038	0.00189	2.77	97387	184	486524	6302670	64.72
1970-1974	15-19	0.00065	0.00323	2.88	97203	314	485347	5816146	59.84
1970-1974	20-24	0.00086	0.00431	2.58	96889	418	483435	5330799	55.02
1970-1974	25-29	0.00110	0.00549	2.67	96471	530	481120	4847365	50.25
1970-1974	30-34	0.00166	0.00825	2.72	95941	791	477906	4366245	45.51
1970-1974	35-39	0.00247	0.01228	2.66	95150	1169	473013	3888339	40.87
1970-1974	40-44	0.00382	0.01891	2.64	93982	1777	465717	3415325	36.34
1970-1974	45-49	0.00533	0.02629	2.57	92205	2424	455130	2949608	31.99
1970-1974	50-54	0.00824	0.04037	2.57	89781	3624	440104	2494478	27.78
1970-1974	55-59	0.01104	0.05380	2.63	86156	4635	419802	2054375	23.84
1970-1974	60-64	0.01660	0.07979	2.59	81522	6504	391928	1634572	20.05
1970-1974	65-69	0.02365	0.11174	2.54	75017	8382	354480	1242644	16.56
1970-1974	70-74	0.03834	0.17532	2.57	66635	11683	304730	888164	13.33
1970-1974	75-79	0.05147	0.22872	2.57	54952	12569	244174	583435	10.62
1970-1974	80-84	0.08656	0.35573	2.5	42384	15077	174190	339260	8.00
1970-1974	85-89	0.13097	0.48841	2.4	27306	13337	101833	165071	6.05
1970-1974	90-94	0.19279	0.63073	2.26	13970	8811	45704	63238	4.53
1970-1974	95-99	0.27385	0.76098	2.08	5159	3926	14335	17534	3.40
1970-1974	100-104	0.37265	0.86054	1.87	1233	1061	2847	3199	2.59
1970-1974	105-109	0.48329	0.92427	1.66	172	159	329	351	2.04
1970-1974	110+	0.57525	1.00000	1.74	13	13	23	23	1.74
1975-1979	0	0.01734	0.01708	0.1	100000	1708	98466	7525519	75.26
1975-1979	1-4	0.00065	0.00259	1.6	98292	254	392559	7427054	75.56
1975-1979	5-9	0.00034	0.00169	2.32	98038	166	489746	7034495	71.75
1975-1979	10-14	0.00027	0.00135	2.57	97872	132	489043	6544749	66.87
1975-1979	15-19	0.00051	0.00256	2.62	97741	250	488109	6055706	61.96
1975-1979	20-24	0.00068	0.00340	2.58	97491	331	486654	5567597	57.11
1975-1979	25-29	0.00086	0.00429	2.65	97160	417	484820	5080943	52.29
1975-1979	30-34	0.00115	0.00574	2.57	96743	555	482367	4596123	47.51
1975-1979	35-39	0.00180	0.00897	2.68	96188	863	478936	4113756	42.77
1975-1979	40-44	0.00277	0.01378	2.7	95325	1314	473599	3634820	38.13
1975-1979	45-49	0.00424	0.02100	2.61	94011	1974	465347	3161222	33.63
1975-1979	50-54	0.00647	0.03186	2.63	92037	2932	453244	2695875	29.29
1975-1979	55-59	0.00952	0.04656	2.64	89105	4148	435735	2242631	25.17
1975-1979	60-64	0.01421	0.06872	2.6	84957	5838	410795	1806896	21.27
1975-1979	65-69	0.02020	0.09636	2.62	79119	7624	377441	1396101	17.65
1975-1979	70-74	0.03151	0.14649	2.61	71494	10473	332418	1018659	14.25
1975-1979	75-79	0.04766	0.21348	2.56	61021	13027	273305	686241	11.25
1975-1979	80-84	0.07654	0.32172	2.52	47994	15441	201750	412936	8.60
1975-1979	85-89	0.11780	0.45221	2.43	32553	14721	124964	211187	6.49
1975-1979	90-94	0.17651	0.59771	2.3	17832	10659	60384	86223	4.84
1975-1979	95-99	0.25524	0.73605	2.12	7174	5280	20688	25839	3.60
1975-1979	100-104	0.35328	0.84525	1.92	1894	1601	4530	5151	2.72
1975-1979	105-109	0.46523	0.91656	1.69	293	269	577	621	2.12
1975-1979	110+	0.55914	1.00000	1.79	24	24	44	44	1.79
1980-1984	0	0.01443	0.01425	0.09	100000	1425	98708	7647365	76.47
1980-1984	1-4	0.00061	0.00243	1.58	98575	239	393723	7548656	76.58
1980-1984	5-9	0.00028	0.00138	2.46	98336	135	491338	7154933	72.76
1980-1984	10-14	0.00022	0.00109	2.62	98201	107	490751	6663596	67.86
1980-1984	15-19	0.00050	0.00248	2.69	98094	244	489908	6172844	62.93
1980-1984	20-24	0.00063	0.00313	2.62	97851	307	488523	5682936	58.08
1980-1984	25-29	0.00073	0.00364	2.47	97544	355	486820	5194414	53.25
1980-1984	30-34	0.00100	0.00500	2.64	97189	486	484796	4707594	48.44
1980-1984	35-39	0.00149	0.00742	2.59	96703	718	481787	4222797	43.67
1980-1984	40-44	0.00227	0.01131	2.69	95985	1086	477419	3741010	38.97
1980-1984	45-49	0.00377	0.01869	2.64	94899	1774	470315	3263591	34.39
1980-1984	50-54	0.00564	0.02782	2.7	93125	2591	459659	2793276	29.99
1980-1984	55-59	0.00858	0.04206	2.61	90534	3808	443575	2333617	25.78
1980-1984	60-64	0.01317	0.06386	2.65	86726	5538	420619	1890042	21.79
1980-1984	65-69	0.01905	0.09104	2.58	81188	7392	388073	1469424	18.10
1980-1984	70-74	0.02943	0.13742	2.59	73796	10141	344582	1081350	14.65
1980-1984	75-79	0.04369	0.19741	2.56	63655	12566	287616	736769	11.57
1980-1984	80-84	0.07445	0.31436	2.53	51089	16060	215707	449153	8.79
1980-1984	85-89	0.11381	0.44057	2.44	35029	15433	135600	233446	6.66
1980-1984	90-94	0.16966	0.58262	2.31	19596	11417	67295	97846	4.99
1980-1984	95-99	0.24463	0.72024	2.15	8179	5891	24080	30551	3.74
1980-1984	100-104	0.33851	0.83193	1.94	2288	1904	5624	6471	2.83
1980-1984	105-109	0.44681	0.90738	1.73	385	349	781	847	2.20
1980-1984	110+	0.53808	1.00000	1.86	36	36	66	66	1.86
1985-1989	0	0.01223	0.01209	0.09	100000	1209	98896	7686253	76.86
1985-1989	1-4	0.00057	0.00228	1.59	98791	225	394622	7587356	76.80
1985-1989	5-9	0.00026	0.00128	2.48	98566	127	492511	7192735	72.97
1985-1989	10-14	0.00027	0.00137	2.67	98440	135	491883	6700224	68.06
1985-1989	15-19	0.00054	0.00268	2.73	98305	263	490926	6208340	63.15
1985-1989	20-24	0.00067	0.00335	2.46	98042	328	489376	5717414	58.32
1985-1989	25-29	0.00075	0.00374	2.59	97713	366	487684	5228038	53.50
1985-1989	30-34	0.00108	0.00537	2.69	97348	523	485529	4740354	48.70
1985-1989	35-39	0.00135	0.00672	2.54	96825	650	482529	4254825	43.94
1985-1989	40-44	0.00223	0.01109	2.66	96175	1067	478382	3772296	39.22
1985-1989	45-49	0.00331	0.01643	2.64	95108	1562	471846	3293915	34.63
1985-1989	50-54	0.00529	0.02614	2.65	93546	2445	461991	2822069	30.17
1985-1989	55-59	0.00828	0.04060	2.67	91100	3699	446894	2360078	25.91
1985-1989	60-64	0.01290	0.06257	2.63	87402	5468	424064	1913184	21.89
1985-1989	65-69	0.01829	0.08764	2.61	81933	7180	392496	1489121	18.17
1985-1989	70-74	0.02890	0.13537	2.67	74753	10119	350180	1096625	14.67
1985-1989	75-79	0.04373	0.19747	2.55	64633	12763	291854	746444	11.55
1985-1989	80-84	0.07275	0.30861	2.54	51871	16008	220025	454590	8.76
1985-1989	85-89	0.11495	0.44438	2.45	35863	15937	138643	234566	6.54
1985-1989	90-94	0.17631	0.59788	2.31	19926	11913	67571	95922	4.81
1985-1989	95-99	0.25986	0.74333	2.12	8013	5956	22920	28351	3.54
1985-1989	100-104	0.36464	0.85533	1.9	2057	1759	4824	5431	2.64
1985-1989	105-109	0.48388	0.92527	1.66	298	275	569	607	2.04
1985-1989	110+	0.58357	1.00000	1.71	22	22	38	38	1.71
1990-1994	0	0.00983	0.00974	0.08	100000	974	99104	7768551	77.69
1990-1994	1-4	0.00048	0.00193	1.58	99026	191	395640	7669447	77.45
1990-1994	5-9	0.00021	0.00107	2.43	98834	106	493901	7273807	73.60
1990-1994	10-14	0.00024	0.00119	2.86	98729	118	493393	6779906	68.67
1990-1994	15-19	0.00052	0.00260	2.64	98611	257	492450	6286513	63.75
1990-1994	20-24	0.00060	0.00298	2.59	98355	293	491066	5794063	58.91
1990-1994	25-29	0.00078	0.00391	2.59	98061	384	489383	5302997	54.08
1990-1994	30-34	0.00106	0.00528	2.6	97677	516	487147	4813615	49.28
1990-1994	35-39	0.00157	0.00781	2.65	97161	759	484021	4326467	44.53
1990-1994	40-44	0.00205	0.01021	2.59	96402	984	479639	3842446	39.86
1990-1994	45-49	0.00323	0.01602	2.67	95418	1528	473535	3362807	35.24
1990-1994	50-54	0.00517	0.02556	2.62	93889	2399	463744	2889272	30.77
1990-1994	55-59	0.00772	0.03792	2.6	91490	3469	449136	2425528	26.51
1990-1994	60-64	0.01170	0.05690	2.63	88021	5009	428223	1976392	22.45
1990-1994	65-69	0.01716	0.08246	2.64	83012	6845	398889	1548168	18.65
1990-1994	70-74	0.02736	0.12842	2.61	76167	9782	357462	1149279	15.09
1990-1994	75-79	0.04102	0.18662	2.58	66385	12389	301997	791817	11.93
1990-1994	80-84	0.06784	0.29094	2.55	53997	15710	231560	489821	9.07
1990-1994	85-89	0.10880	0.42653	2.47	38287	16331	150097	258260	6.75
1990-1994	90-94	0.17014	0.58489	2.33	21956	12842	75480	108164	4.93
1990-1994	95-99	0.25511	0.73717	2.14	9114	6719	26337	32683	3.59
1990-1994	100-104	0.36298	0.85451	1.9	2396	2047	5639	6347	2.65
1990-1994	105-109	0.48649	0.92671	1.66	349	323	664	707	2.03
1990-1994	110+	0.58992	1.00000	1.7	26	26	43	43	1.70
1995-1999	0	0.00877	0.00870	0.08	100000	870	99198	7781244	77.81
1995-1999	1-4	0.00039	0.00155	1.58	99130	154	396149	7682046	77.49
1995-1999	5-9	0.00018	0.00092	2.5	98977	91	494656	7285898	73.61
1995-1999	10-14	0.00021	0.00106	2.83	98886	104	494202	6791241	68.68
1995-1999	15-19	0.00051	0.00254	2.67	98781	251	493323	6297039	63.75
1995-1999	20-24	0.00058	0.00287	2.49	98531	283	491943	5803716	58.90
1995-1999	25-29	0.00078	0.00389	2.7	98248	382	490359	5311773	54.07
1995-1999	30-34	0.00113	0.00565	2.5	97865	553	487943	4821414	49.27
1995-1999	35-39	0.00163	0.00814	2.67	97312	792	484716	4333471	44.53
1995-1999	40-44	0.00220	0.01097	2.62	96520	1059	480084	3848756	39.88
1995-1999	45-49	0.00315	0.01563	2.63	95462	1492	473778	3368671	35.29
1995-1999	50-54	0.00481	0.02380	2.72	93970	2236	464745	2894893	30.81
1995-1999	55-59	0.00746	0.03664	2.66	91733	3361	450812	2430148	26.49
1995-1999	60-64	0.01180	0.05741	2.68	88372	5074	430108	1979335	22.40
1995-1999	65-69	0.01675	0.08058	2.64	83299	6712	400653	1549227	18.60
1995-1999	70-74	0.02677	0.12581	2.62	76587	9636	359966	1148574	15.00
1995-1999	75-79	0.04149	0.18860	2.59	66951	12627	304349	788608	11.78
1995-1999	80-84	0.06761	0.29035	2.57	54324	15773	233308	484259	8.91
1995-1999	85-89	0.11265	0.43849	2.47	38551	16904	150064	250951	6.51
1995-1999	90-94	0.18145	0.61012	2.32	21647	13207	72787	100888	4.66
1995-1999	95-99	0.27774	0.76881	2.1	8440	6489	23362	28101	3.33
1995-1999	100-104	0.39912	0.88191	1.84	1951	1721	4311	4738	2.43
1995-1999	105-109	0.53449	0.94455	1.58	230	218	407	427	1.85
1995-1999	110+	0.64533	1.00000	1.55	13	13	20	20	1.55
2000-2004	0	0.00793	0.00787	0.08	100000	787	99272	7823502	78.24
2000-2004	1-4	0.00030	0.00119	1.5	99213	118	396559	7724230	77.85
2000-2004	5-9	0.00017	0.00084	2.46	99095	83	495266	7327672	73.95
2000-2004	10-14	0.00019	0.00095	2.78	99012	94	494853	6832405	69.01
2000-2004	15-19	0.00049	0.00247	2.67	98918	244	494021	6337552	64.07
2000-2004	20-24	0.00059	0.00293	2.56	98674	289	492663	5843532	59.22
2000-2004	25-29	0.00078	0.00392	2.69	98385	385	491035	5350869	54.39
2000-2004	30-34	0.00099	0.00491	2.63	97999	482	488858	4859834	49.59
2000-2004	35-39	0.00155	0.00774	2.65	97518	755	485812	4370976	44.82
2000-2004	40-44	0.00232	0.01156	2.62	96763	1119	481146	3885164	40.15
2000-2004	45-49	0.00337	0.01672	2.57	95644	1599	474342	3404018	35.59
2000-2004	50-54	0.00473	0.02339	2.63	94045	2200	465013	2929676	31.15
2000-2004	55-59	0.00704	0.03465	2.66	91845	3182	451778	2464664	26.84
2000-2004	60-64	0.01057	0.05156	2.63	88663	4572	432488	2012885	22.70
2000-2004	65-69	0.01599	0.07704	2.64	84091	6478	405171	1580397	18.79
2000-2004	70-74	0.02486	0.11742	2.64	77613	9113	366523	1175227	15.14
2000-2004	75-79	0.04005	0.18271	2.61	68500	12516	312529	808703	11.81
2000-2004	80-84	0.06655	0.28658	2.58	55985	16044	241075	496174	8.86
2000-2004	85-89	0.11402	0.44305	2.49	39940	17696	155202	255099	6.39
2000-2004	90-94	0.18912	0.62679	2.31	22245	13943	73724	99897	4.49
2000-2004	95-99	0.29545	0.79139	2.07	8302	6570	22237	26173	3.15
2000-2004	100-104	0.42881	0.90083	1.78	1732	1560	3638	3935	2.27
2000-2004	105-109	0.57396	0.95603	1.51	172	164	286	297	1.73
2000-2004	110+	0.68973	1.00000	1.45	8	8	11	11	1.45
2005-2009	0	0.00742	0.00737	0.07	100000	737	99317	7911638	79.12
2005-2009	1-4	0.00031	0.00125	1.57	99263	124	396750	7812321	78.70
2005-2009	5-9	0.00013	0.00065	2.53	99139	64	495536	7415571	74.80
2005-2009	10-14	0.00017	0.00087	2.47	99075	86	495156	6920034	69.85
2005-2009	15-19	0.00044	0.00222	2.73	98988	219	494444	6424878	64.91
2005-2009	20-24	0.00056	0.00281	2.62	98769	278	493185	5930434	60.04
2005-2009	25-29	0.00072	0.00358	2.6	98491	352	491610	5437249	55.21
2005-2009	30-34	0.00103	0.00514	2.61	98139	505	489489	4945639	50.39
2005-2009	35-39	0.00144	0.00716	2.63	97634	699	486512	4456151	45.64
2005-2009	40-44	0.00229	0.01139	2.69	96936	1104	482130	3969638	40.95
2005-2009	45-49	0.00332	0.01645	2.66	95831	1576	475466	3487508	36.39
2005-2009	50-54	0.00476	0.02352	2.58	94255	2217	465903	3012042	31.96
2005-2009	55-59	0.00639	0.03147	2.62	92038	2896	453285	2546138	27.66
2005-2009	60-64	0.00960	0.04695	2.63	89141	4185	435799	2092853	23.48
2005-2009	65-69	0.01402	0.06785	2.62	84956	5765	411083	1657054	19.50
2005-2009	70-74	0.02237	0.10618	2.62	79192	8409	375911	1245970	15.73
2005-2009	75-79	0.03670	0.16869	2.61	70783	11941	325396	870059	12.29
2005-2009	80-84	0.06117	0.26667	2.6	58842	15691	256500	544663	9.26
2005-2009	85-89	0.10617	0.41967	2.5	43151	18109	170573	288163	6.68
2005-2009	90-94	0.17788	0.60360	2.34	25042	15115	84972	117590	4.70
2005-2009	95-99	0.28106	0.77425	2.1	9927	7686	27345	32618	3.29
2005-2009	100-104	0.41271	0.89157	1.81	2241	1998	4841	5272	2.35
2005-2009	105-109	0.55855	0.95212	1.54	243	231	414	431	1.78
2005-2009	110+	0.67627	1.00000	1.48	12	12	17	17	1.48
2010-2014	0	0.00632	0.00628	0.07	100000	628	99416	7962618	79.63
2010-2014	1-4	0.00025	0.00098	1.54	99372	98	397247	7863202	79.13
2010-2014	5-9	0.00013	0.00066	2.42	99274	66	496201	7465955	75.21
2010-2014	10-14	0.00012	0.00061	2.96	99209	60	495919	6969754	70.25
2010-2014	15-19	0.00030	0.00151	2.94	99148	150	495432	6473834	65.29
2010-2014	20-24	0.00053	0.00266	2.58	98998	263	494357	5978403	60.39
2010-2014	25-29	0.00070	0.00348	2.6	98735	344	492852	5484046	55.54
2010-2014	30-34	0.00101	0.00505	2.63	98391	497	490779	4991193	50.73
2010-2014	35-39	0.00135	0.00675	2.74	97895	661	487983	4500414	45.97
2010-2014	40-44	0.00213	0.01059	2.67	97234	1030	483771	4012431	41.27
2010-2014	45-49	0.00327	0.01623	2.7	96204	1561	477431	3528660	36.68
2010-2014	50-54	0.00488	0.02411	2.62	94643	2282	467783	3051229	32.24
2010-2014	55-59	0.00663	0.03266	2.62	92361	3016	454641	2583446	27.97
2010-2014	60-64	0.00910	0.04454	2.63	89345	3979	437312	2128806	23.83
2010-2014	65-69	0.01331	0.06455	2.66	85365	5510	413937	1691494	19.81
2010-2014	70-74	0.02065	0.09848	2.66	79855	7864	380887	1277557	16.00
2010-2014	75-79	0.03468	0.16028	2.64	71991	11539	332737	896670	12.46
2010-2014	80-84	0.05951	0.26046	2.61	60452	15745	264565	563934	9.33
2010-2014	85-89	0.10479	0.41571	2.52	44707	18585	177351	299369	6.70
2010-2014	90-94	0.17843	0.60520	2.34	26122	15809	88600	122018	4.67
2010-2014	95-99	0.28537	0.78011	2.09	10313	8045	28192	33417	3.24
2010-2014	100-104	0.42208	0.89755	1.8	2268	2035	4822	5225	2.30
2010-2014	105-109	0.57243	0.95594	1.52	232	222	388	403	1.73
2010-2014	110+	0.69254	1.00000	1.44	10	10	15	15	1.44
2015-2019	0	0.00615	0.00611	0.07	100000	611	99432	7962234	79.62
2015-2019	1-4	0.00026	0.00104	1.45	99389	104	397292	7862802	79.11
2015-2019	5-9	0.00014	0.00069	2.35	99285	69	496245	7465510	75.19
2015-2019	10-14	0.00013	0.00066	2.79	99217	65	495939	6969265	70.24
2015-2019	15-19	0.00038	0.00190	2.81	99151	188	495342	6473327	65.29
2015-2019	20-24	0.00061	0.00304	2.72	98963	300	494128	5977984	60.41
2015-2019	25-29	0.00079	0.00396	2.63	98662	391	492385	5483856	55.58
2015-2019	30-34	0.00122	0.00607	2.58	98272	596	489915	4991471	50.79
2015-2019	35-39	0.00162	0.00808	2.68	97676	789	486547	4501556	46.09
2015-2019	40-44	0.00216	0.01073	2.6	96887	1039	481943	4015009	41.44
2015-2019	45-49	0.00313	0.01553	2.72	95848	1489	475847	3533066	36.86
2015-2019	50-54	0.00478	0.02361	2.66	94359	2228	466589	3057220	32.40
2015-2019	55-59	0.00695	0.03418	2.63	92131	3149	453187	2590631	28.12
2015-2019	60-64	0.00937	0.04584	2.61	88982	4079	435140	2137444	24.02
2015-2019	65-69	0.01246	0.06052	2.63	84903	5138	412347	1702304	20.05
2015-2019	70-74	0.01961	0.09374	2.64	79765	7477	381208	1289956	16.17
2015-2019	75-79	0.03289	0.15264	2.65	72288	11034	335526	908749	12.57
2015-2019	80-84	0.06008	0.26255	2.6	61254	16082	267701	573223	9.36
2015-2019	85-89	0.10396	0.41295	2.51	45172	18654	179426	305522	6.76
2015-2019	90-94	0.17478	0.59697	2.35	26518	15831	90573	126096	4.76
2015-2019	95-99	0.27715	0.76938	2.11	10688	8223	29669	35523	3.32
2015-2019	100-104	0.40843	0.88898	1.82	2465	2191	5365	5854	2.38
2015-2019	105-109	0.55457	0.95107	1.55	274	260	469	489	1.79
2015-2019	110+	0.67290	1.00000	1.49	13	13	20	20	1.49
2020-2022	0	0.00660	0.00656	0.07	100000	656	99391	7762069	77.62
2020-2022	1-4	0.00030	0.00118	1.57	99344	118	397089	7662678	77.13
2020-2022	5-9	0.00016	0.00081	2.3	99226	80	495914	7265588	73.22
2020-2022	10-14	0.00016	0.00081	2.8	99146	80	495553	6769674	68.28
2020-2022	15-19	0.00041	0.00206	2.83	99066	204	494884	6274122	63.33
2020-2022	20-24	0.00086	0.00430	2.66	98861	426	493311	5779238	58.46
2020-2022	25-29	0.00117	0.00582	2.67	98436	572	490845	5285927	53.70
2020-2022	30-34	0.00162	0.00806	2.61	97863	788	487432	4795081	49.00
2020-2022	35-39	0.00213	0.01061	2.66	97075	1029	482966	4307649	44.37
2020-2022	40-44	0.00301	0.01497	2.61	96045	1437	476794	3824683	39.82
2020-2022	45-49	0.00405	0.02005	2.67	94608	1897	468618	3347890	35.39
2020-2022	50-54	0.00562	0.02773	2.63	92711	2571	457463	2879272	31.06
2020-2022	55-59	0.00833	0.04083	2.61	90140	3681	441909	2421809	26.87
2020-2022	60-64	0.01147	0.05583	2.6	86459	4827	420714	1979900	22.90
2020-2022	65-69	0.01513	0.07301	2.59	81632	5960	393809	1559186	19.10
2020-2022	70-74	0.02247	0.10669	2.64	75672	8073	359287	1165376	15.40
2020-2022	75-79	0.03663	0.16872	2.66	67599	11405	311353	806089	11.92
2020-2022	80-84	0.06601	0.28501	2.61	56194	16016	242620	494736	8.80
2020-2022	85-89	0.11600	0.44918	2.49	40178	18047	155580	252116	6.27
2020-2022	90-94	0.19571	0.64045	2.3	22131	14174	72422	96536	4.36
2020-2022	95-99	0.30906	0.80724	2.04	7957	6423	20783	24114	3.03
2020-2022	100-104	0.45020	0.91255	1.74	1534	1400	3109	3331	2.17
2020-2022	105-109	0.60076	0.96241	1.47	134	129	215	222	1.65
2020-2022	110+	0.71820	1.00000	1.39	5	5	7	7	1.39
