SC: SC, Lifetables (period 1x10), Males Last modified: February 4 2025, MPv5 (May07) 

Year     	Age	mx	qx	ax	lx	dx	Lx	Tx	ex
1941-1949	0	0.05808	0.05550	0.2	100000	5550	95565	5982380	59.82
1941-1949	1	0.00520	0.00518	0.5	94450	490	94205	5886815	62.33
1941-1949	2	0.00295	0.00294	0.5	93960	277	93822	5792610	61.65
1941-1949	3	0.00201	0.00201	0.5	93684	188	93590	5698788	60.83
1941-1949	4	0.00170	0.00170	0.5	93496	159	93416	5605198	59.95
1941-1949	5	0.00138	0.00138	0.5	93337	129	93273	5511782	59.05
1941-1949	6	0.00111	0.00111	0.5	93208	103	93156	5418509	58.13
1941-1949	7	0.00092	0.00092	0.5	93105	85	93062	5325353	57.20
1941-1949	8	0.00081	0.00081	0.5	93019	75	92982	5232291	56.25
1941-1949	9	0.00078	0.00078	0.5	92944	72	92908	5139309	55.29
1941-1949	10	0.00082	0.00082	0.5	92872	76	92834	5046401	54.34
1941-1949	11	0.00091	0.00091	0.5	92795	84	92753	4953567	53.38
1941-1949	12	0.00103	0.00103	0.5	92711	95	92663	4860814	52.43
1941-1949	13	0.00118	0.00118	0.5	92616	109	92561	4768151	51.48
1941-1949	14	0.00135	0.00135	0.5	92507	125	92445	4675590	50.54
1941-1949	15	0.00155	0.00155	0.5	92382	143	92311	4583145	49.61
1941-1949	16	0.00180	0.00180	0.5	92239	166	92156	4490834	48.69
1941-1949	17	0.00208	0.00208	0.5	92073	192	91977	4398679	47.77
1941-1949	18	0.00242	0.00241	0.5	91881	222	91770	4306701	46.87
1941-1949	19	0.00277	0.00277	0.5	91660	254	91533	4214931	45.98
1941-1949	20	0.00313	0.00313	0.5	91406	286	91263	4123398	45.11
1941-1949	21	0.00345	0.00345	0.5	91120	314	90963	4032135	44.25
1941-1949	22	0.00370	0.00369	0.5	90806	335	90638	3941172	43.40
1941-1949	23	0.00385	0.00385	0.5	90471	348	90297	3850534	42.56
1941-1949	24	0.00393	0.00392	0.5	90123	354	89946	3760237	41.72
1941-1949	25	0.00394	0.00393	0.5	89769	353	89592	3670292	40.89
1941-1949	26	0.00395	0.00394	0.5	89416	352	89240	3580699	40.05
1941-1949	27	0.00400	0.00399	0.5	89064	355	88886	3491459	39.20
1941-1949	28	0.00411	0.00410	0.5	88708	364	88526	3402573	38.36
1941-1949	29	0.00425	0.00424	0.5	88344	375	88157	3314047	37.51
1941-1949	30	0.00442	0.00441	0.5	87970	388	87776	3225890	36.67
1941-1949	31	0.00457	0.00456	0.5	87581	399	87382	3138114	35.83
1941-1949	32	0.00473	0.00472	0.5	87182	412	86977	3050732	34.99
1941-1949	33	0.00498	0.00497	0.5	86771	431	86555	2963756	34.16
1941-1949	34	0.00524	0.00523	0.5	86340	452	86114	2877200	33.32
1941-1949	35	0.00559	0.00558	0.5	85888	479	85649	2791086	32.50
1941-1949	36	0.00592	0.00591	0.5	85409	504	85157	2705438	31.68
1941-1949	37	0.00630	0.00628	0.5	84905	533	84638	2620280	30.86
1941-1949	38	0.00683	0.00681	0.5	84372	574	84084	2535642	30.05
1941-1949	39	0.00741	0.00739	0.5	83797	619	83488	2451558	29.26
1941-1949	40	0.00800	0.00797	0.5	83178	663	82847	2368070	28.47
1941-1949	41	0.00847	0.00843	0.5	82515	696	82167	2285223	27.69
1941-1949	42	0.00910	0.00906	0.5	81819	742	81449	2203056	26.93
1941-1949	43	0.00994	0.00989	0.5	81078	802	80677	2121607	26.17
1941-1949	44	0.01080	0.01074	0.5	80276	862	79844	2040930	25.42
1941-1949	45	0.01191	0.01184	0.5	79413	940	78943	1961086	24.69
1941-1949	46	0.01288	0.01279	0.5	78473	1004	77971	1882143	23.98
1941-1949	47	0.01384	0.01374	0.5	77469	1065	76937	1804172	23.29
1941-1949	48	0.01515	0.01504	0.5	76405	1149	75830	1727235	22.61
1941-1949	49	0.01673	0.01660	0.5	75256	1249	74631	1651405	21.94
1941-1949	50	0.01850	0.01833	0.5	74007	1357	73329	1576773	21.31
1941-1949	51	0.01964	0.01944	0.5	72650	1413	71944	1503445	20.69
1941-1949	52	0.02074	0.02053	0.5	71238	1462	70507	1431501	20.09
1941-1949	53	0.02212	0.02188	0.5	69775	1527	69012	1360994	19.51
1941-1949	54	0.02337	0.02310	0.5	68249	1577	67461	1291982	18.93
1941-1949	55	0.02482	0.02451	0.5	66672	1634	65855	1224522	18.37
1941-1949	56	0.02607	0.02573	0.5	65038	1674	64201	1158667	17.82
1941-1949	57	0.02723	0.02687	0.5	63364	1702	62513	1094465	17.27
1941-1949	58	0.02875	0.02834	0.5	61662	1747	60788	1031952	16.74
1941-1949	59	0.03036	0.02991	0.5	59915	1792	59019	971164	16.21
1941-1949	60	0.03209	0.03158	0.5	58123	1836	57205	912145	15.69
1941-1949	61	0.03295	0.03241	0.5	56287	1824	55375	854940	15.19
1941-1949	62	0.03384	0.03328	0.5	54463	1812	53556	799566	14.68
1941-1949	63	0.03566	0.03503	0.5	52650	1845	51728	746009	14.17
1941-1949	64	0.03757	0.03688	0.5	50806	1874	49869	694281	13.67
1941-1949	65	0.04009	0.03930	0.5	48932	1923	47971	644412	13.17
1941-1949	66	0.04167	0.04082	0.5	47009	1919	46050	596442	12.69
1941-1949	67	0.04294	0.04204	0.5	45090	1896	44142	550392	12.21
1941-1949	68	0.04533	0.04432	0.5	43194	1914	42237	506250	11.72
1941-1949	69	0.04730	0.04620	0.5	41280	1907	40326	464013	11.24
1941-1949	70	0.04923	0.04805	0.5	39373	1892	38427	423686	10.76
1941-1949	71	0.05058	0.04934	0.5	37481	1849	36556	385260	10.28
1941-1949	72	0.05273	0.05137	0.5	35632	1831	34716	348703	9.79
1941-1949	73	0.05643	0.05489	0.5	33801	1855	32874	313987	9.29
1941-1949	74	0.06075	0.05896	0.5	31946	1883	31004	281113	8.80
1941-1949	75	0.06648	0.06434	0.5	30063	1934	29095	250109	8.32
1941-1949	76	0.07135	0.06889	0.5	28128	1938	27159	221013	7.86
1941-1949	77	0.07635	0.07355	0.5	26191	1926	25227	193854	7.40
1941-1949	78	0.08387	0.08050	0.5	24264	1953	23288	168627	6.95
1941-1949	79	0.09170	0.08768	0.5	22311	1956	21333	145339	6.51
1941-1949	80	0.13167	0.12354	0.5	20355	2515	19098	124006	6.09
1941-1949	81	0.13770	0.12883	0.5	17840	2298	16691	104908	5.88
1941-1949	82	0.14396	0.13429	0.5	15542	2087	14498	88217	5.68
1941-1949	83	0.15045	0.13992	0.5	13455	1883	12513	73719	5.48
1941-1949	84	0.15718	0.14573	0.5	11572	1686	10729	61206	5.29
1941-1949	85	0.16415	0.15170	0.5	9886	1500	9136	50477	5.11
1941-1949	86	0.17137	0.15784	0.5	8386	1324	7724	41341	4.93
1941-1949	87	0.17884	0.16416	0.5	7062	1159	6483	33617	4.76
1941-1949	88	0.18656	0.17064	0.5	5903	1007	5399	27134	4.60
1941-1949	89	0.19453	0.17729	0.5	4896	868	4462	21735	4.44
1941-1949	90	0.20276	0.18410	0.5	4028	742	3657	17273	4.29
1941-1949	91	0.21125	0.19107	0.5	3286	628	2972	13616	4.14
1941-1949	92	0.22000	0.19820	0.5	2658	527	2395	10643	4.00
1941-1949	93	0.22900	0.20547	0.5	2131	438	1912	8249	3.87
1941-1949	94	0.23826	0.21290	0.5	1694	361	1513	6336	3.74
1941-1949	95	0.24777	0.22046	0.5	1333	294	1186	4823	3.62
1941-1949	96	0.25753	0.22815	0.5	1039	237	921	3637	3.50
1941-1949	97	0.26755	0.23598	0.5	802	189	707	2716	3.39
1941-1949	98	0.27780	0.24392	0.5	613	149	538	2009	3.28
1941-1949	99	0.28829	0.25197	0.5	463	117	405	1471	3.17
1941-1949	100	0.29902	0.26013	0.5	347	90	301	1066	3.08
1941-1949	101	0.30997	0.26838	0.5	256	69	222	764	2.98
1941-1949	102	0.32114	0.27671	0.5	188	52	162	542	2.89
1941-1949	103	0.33251	0.28511	0.5	136	39	116	381	2.81
1941-1949	104	0.34409	0.29358	0.5	97	28	83	264	2.73
1941-1949	105	0.35585	0.30210	0.5	69	21	58	182	2.65
1941-1949	106	0.36779	0.31066	0.5	48	15	40	123	2.58
1941-1949	107	0.37990	0.31926	0.5	33	11	28	83	2.52
1941-1949	108	0.39215	0.32787	0.5	22	7	19	55	2.46
1941-1949	109	0.40455	0.33648	0.5	15	5	13	37	2.42
1941-1949	110+	0.41706	1.00000	2.4	10	10	24	24	2.40
1950-1959	0	0.04063	0.03928	0.15	100000	3928	96677	6246666	62.47
1950-1959	1	0.00320	0.00320	0.5	96072	307	95918	6149989	64.01
1950-1959	2	0.00197	0.00197	0.5	95765	189	95670	6054071	63.22
1950-1959	3	0.00129	0.00129	0.5	95576	124	95514	5958400	62.34
1950-1959	4	0.00103	0.00103	0.5	95452	99	95403	5862886	61.42
1950-1959	5	0.00090	0.00090	0.5	95354	86	95311	5767483	60.48
1950-1959	6	0.00082	0.00082	0.5	95268	79	95229	5672172	59.54
1950-1959	7	0.00068	0.00068	0.5	95190	65	95157	5576943	58.59
1950-1959	8	0.00063	0.00063	0.5	95125	60	95095	5481785	57.63
1950-1959	9	0.00059	0.00059	0.5	95065	56	95038	5386690	56.66
1950-1959	10	0.00062	0.00062	0.5	95010	59	94980	5291652	55.70
1950-1959	11	0.00064	0.00064	0.5	94951	61	94920	5196672	54.73
1950-1959	12	0.00075	0.00075	0.5	94890	71	94854	5101752	53.77
1950-1959	13	0.00086	0.00086	0.5	94819	81	94778	5006897	52.80
1950-1959	14	0.00099	0.00099	0.5	94738	93	94691	4912119	51.85
1950-1959	15	0.00119	0.00119	0.5	94644	112	94588	4817428	50.90
1950-1959	16	0.00142	0.00142	0.5	94532	134	94465	4722840	49.96
1950-1959	17	0.00155	0.00155	0.5	94398	147	94325	4628375	49.03
1950-1959	18	0.00181	0.00181	0.5	94251	170	94166	4534051	48.11
1950-1959	19	0.00195	0.00195	0.5	94081	184	93989	4439885	47.19
1950-1959	20	0.00227	0.00226	0.5	93897	213	93791	4345896	46.28
1950-1959	21	0.00243	0.00243	0.5	93685	227	93571	4252105	45.39
1950-1959	22	0.00253	0.00253	0.5	93457	237	93339	4158534	44.50
1950-1959	23	0.00261	0.00261	0.5	93221	243	93099	4065195	43.61
1950-1959	24	0.00277	0.00277	0.5	92978	257	92849	3972095	42.72
1950-1959	25	0.00287	0.00286	0.5	92721	265	92588	3879246	41.84
1950-1959	26	0.00297	0.00296	0.5	92455	274	92318	3786658	40.96
1950-1959	27	0.00303	0.00302	0.5	92181	279	92042	3694340	40.08
1950-1959	28	0.00305	0.00304	0.5	91903	280	91763	3602298	39.20
1950-1959	29	0.00310	0.00309	0.5	91623	283	91482	3510535	38.31
1950-1959	30	0.00323	0.00322	0.5	91340	294	91193	3419053	37.43
1950-1959	31	0.00330	0.00330	0.5	91046	300	90896	3327860	36.55
1950-1959	32	0.00354	0.00354	0.5	90746	321	90585	3236964	35.67
1950-1959	33	0.00372	0.00371	0.5	90425	336	90257	3146379	34.80
1950-1959	34	0.00404	0.00403	0.5	90089	363	89907	3056122	33.92
1950-1959	35	0.00428	0.00427	0.5	89726	384	89534	2966215	33.06
1950-1959	36	0.00464	0.00463	0.5	89342	413	89136	2876680	32.20
1950-1959	37	0.00503	0.00502	0.5	88929	447	88706	2787545	31.35
1950-1959	38	0.00544	0.00542	0.5	88483	480	88243	2698839	30.50
1950-1959	39	0.00594	0.00592	0.5	88003	521	87742	2610596	29.66
1950-1959	40	0.00651	0.00649	0.5	87482	568	87198	2522854	28.84
1950-1959	41	0.00689	0.00687	0.5	86914	597	86615	2435657	28.02
1950-1959	42	0.00754	0.00752	0.5	86317	649	85992	2349041	27.21
1950-1959	43	0.00804	0.00800	0.5	85668	686	85325	2263049	26.42
1950-1959	44	0.00875	0.00871	0.5	84982	740	84612	2177724	25.63
1950-1959	45	0.00932	0.00928	0.5	84242	781	83851	2093112	24.85
1950-1959	46	0.01022	0.01016	0.5	83461	848	83036	2009261	24.07
1950-1959	47	0.01119	0.01113	0.5	82612	919	82153	1926224	23.32
1950-1959	48	0.01255	0.01248	0.5	81693	1019	81183	1844071	22.57
1950-1959	49	0.01413	0.01403	0.5	80674	1132	80108	1762888	21.85
1950-1959	50	0.01576	0.01564	0.5	79542	1244	78920	1682780	21.16
1950-1959	51	0.01694	0.01680	0.5	78298	1315	77641	1603860	20.48
1950-1959	52	0.01890	0.01872	0.5	76983	1441	76262	1526219	19.83
1950-1959	53	0.02053	0.02032	0.5	75542	1535	74774	1449957	19.19
1950-1959	54	0.02220	0.02196	0.5	74007	1625	73194	1375183	18.58
1950-1959	55	0.02351	0.02324	0.5	72381	1682	71540	1301989	17.99
1950-1959	56	0.02544	0.02512	0.5	70699	1776	69811	1230448	17.40
1950-1959	57	0.02649	0.02615	0.5	68923	1802	68022	1160637	16.84
1950-1959	58	0.02924	0.02882	0.5	67121	1935	66154	1092616	16.28
1950-1959	59	0.03126	0.03078	0.5	65186	2006	64183	1026462	15.75
1950-1959	60	0.03327	0.03273	0.5	63180	2068	62146	962279	15.23
1950-1959	61	0.03484	0.03425	0.5	61112	2093	60066	900133	14.73
1950-1959	62	0.03760	0.03690	0.5	59019	2178	57930	840068	14.23
1950-1959	63	0.03951	0.03875	0.5	56841	2202	55740	782137	13.76
1950-1959	64	0.04092	0.04010	0.5	54639	2191	53543	726398	13.29
1950-1959	65	0.04302	0.04212	0.5	52448	2209	51343	672854	12.83
1950-1959	66	0.04417	0.04321	0.5	50239	2171	49153	621511	12.37
1950-1959	67	0.04714	0.04605	0.5	48068	2214	46961	572358	11.91
1950-1959	68	0.04864	0.04749	0.5	45854	2178	44765	525397	11.46
1950-1959	69	0.05027	0.04904	0.5	43677	2142	42606	480632	11.00
1950-1959	70	0.05382	0.05241	0.5	41535	2177	40446	438026	10.55
1950-1959	71	0.05393	0.05252	0.5	39358	2067	38325	397580	10.10
1950-1959	72	0.05874	0.05707	0.5	37291	2128	36227	359255	9.63
1950-1959	73	0.06187	0.06001	0.5	35163	2110	34108	323028	9.19
1950-1959	74	0.06578	0.06368	0.5	33053	2105	32000	288920	8.74
1950-1959	75	0.07016	0.06778	0.5	30948	2098	29899	256920	8.30
1950-1959	76	0.07156	0.06909	0.5	28850	1993	27854	227020	7.87
1950-1959	77	0.07799	0.07506	0.5	26857	2016	25849	199167	7.42
1950-1959	78	0.08370	0.08034	0.5	24841	1996	23843	173318	6.98
1950-1959	79	0.09123	0.08725	0.5	22846	1993	21849	149474	6.54
1950-1959	80	0.12415	0.11690	0.5	20852	2438	19634	127625	6.12
1950-1959	81	0.13140	0.12330	0.5	18415	2270	17280	107992	5.86
1950-1959	82	0.13900	0.12996	0.5	16144	2098	15095	90712	5.62
1950-1959	83	0.14696	0.13690	0.5	14046	1923	13085	75617	5.38
1950-1959	84	0.15530	0.14411	0.5	12123	1747	11250	62532	5.16
1950-1959	85	0.16402	0.15159	0.5	10376	1573	9590	51283	4.94
1950-1959	86	0.17313	0.15934	0.5	8803	1403	8102	41693	4.74
1950-1959	87	0.18264	0.16735	0.5	7401	1239	6781	33591	4.54
1950-1959	88	0.19254	0.17563	0.5	6162	1082	5621	26810	4.35
1950-1959	89	0.20285	0.18417	0.5	5080	936	4612	21189	4.17
1950-1959	90	0.21357	0.19296	0.5	4144	800	3744	16577	4.00
1950-1959	91	0.22469	0.20200	0.5	3345	676	3007	12833	3.84
1950-1959	92	0.23622	0.21127	0.5	2669	564	2387	9826	3.68
1950-1959	93	0.24815	0.22076	0.5	2105	465	1873	7439	3.53
1950-1959	94	0.26047	0.23046	0.5	1640	378	1451	5566	3.39
1950-1959	95	0.27319	0.24036	0.5	1262	303	1111	4115	3.26
1950-1959	96	0.28629	0.25044	0.5	959	240	839	3004	3.13
1950-1959	97	0.29975	0.26068	0.5	719	187	625	2165	3.01
1950-1959	98	0.31358	0.27107	0.5	531	144	459	1540	2.90
1950-1959	99	0.32774	0.28159	0.5	387	109	333	1081	2.79
1950-1959	100	0.34222	0.29222	0.5	278	81	238	748	2.69
1950-1959	101	0.35700	0.30293	0.5	197	60	167	510	2.59
1950-1959	102	0.37206	0.31370	0.5	137	43	116	343	2.50
1950-1959	103	0.38737	0.32451	0.5	94	31	79	227	2.41
1950-1959	104	0.40290	0.33535	0.5	64	21	53	148	2.33
1950-1959	105	0.41864	0.34618	0.5	42	15	35	96	2.26
1950-1959	106	0.43454	0.35698	0.5	28	10	23	61	2.19
1950-1959	107	0.45058	0.36773	0.5	18	7	15	38	2.13
1950-1959	108	0.46672	0.37841	0.5	11	4	9	23	2.07
1950-1959	109	0.48293	0.38900	0.5	7	3	6	14	2.03
1950-1959	110+	0.49917	1.00000	2	4	4	9	9	2.00
1960-1969	0	0.03471	0.03371	0.14	100000	3371	97095	6315246	63.15
1960-1969	1	0.00277	0.00277	0.5	96629	268	96496	6218151	64.35
1960-1969	2	0.00176	0.00176	0.5	96362	169	96277	6121655	63.53
1960-1969	3	0.00111	0.00111	0.5	96193	107	96139	6025378	62.64
1960-1969	4	0.00095	0.00095	0.5	96086	91	96040	5929239	61.71
1960-1969	5	0.00080	0.00080	0.5	95994	77	95956	5833199	60.77
1960-1969	6	0.00073	0.00073	0.5	95918	70	95883	5737243	59.81
1960-1969	7	0.00056	0.00056	0.5	95847	54	95821	5641361	58.86
1960-1969	8	0.00064	0.00064	0.5	95794	61	95764	5545540	57.89
1960-1969	9	0.00065	0.00065	0.5	95733	62	95702	5449776	56.93
1960-1969	10	0.00056	0.00056	0.5	95671	53	95644	5354074	55.96
1960-1969	11	0.00059	0.00059	0.5	95618	56	95590	5258430	54.99
1960-1969	12	0.00069	0.00069	0.5	95562	66	95529	5162840	54.03
1960-1969	13	0.00076	0.00076	0.5	95496	73	95459	5067311	53.06
1960-1969	14	0.00105	0.00105	0.5	95423	101	95373	4971852	52.10
1960-1969	15	0.00108	0.00108	0.5	95323	103	95271	4876479	51.16
1960-1969	16	0.00159	0.00159	0.5	95220	151	95144	4781208	50.21
1960-1969	17	0.00154	0.00154	0.5	95068	146	94995	4686064	49.29
1960-1969	18	0.00187	0.00187	0.5	94922	178	94833	4591069	48.37
1960-1969	19	0.00208	0.00208	0.5	94745	197	94646	4496235	47.46
1960-1969	20	0.00229	0.00229	0.5	94548	217	94440	4401589	46.55
1960-1969	21	0.00214	0.00214	0.5	94331	202	94230	4307150	45.66
1960-1969	22	0.00241	0.00240	0.5	94129	226	94016	4212919	44.76
1960-1969	23	0.00231	0.00231	0.5	93903	217	93795	4118903	43.86
1960-1969	24	0.00235	0.00235	0.5	93686	220	93576	4025109	42.96
1960-1969	25	0.00242	0.00242	0.5	93466	226	93353	3931533	42.06
1960-1969	26	0.00245	0.00244	0.5	93240	228	93126	3838179	41.16
1960-1969	27	0.00260	0.00260	0.5	93012	242	92891	3745053	40.26
1960-1969	28	0.00269	0.00269	0.5	92771	249	92646	3652162	39.37
1960-1969	29	0.00256	0.00256	0.5	92521	237	92403	3559516	38.47
1960-1969	30	0.00315	0.00315	0.5	92285	291	92139	3467113	37.57
1960-1969	31	0.00315	0.00314	0.5	91994	289	91849	3374974	36.69
1960-1969	32	0.00326	0.00325	0.5	91705	298	91556	3283124	35.80
1960-1969	33	0.00354	0.00354	0.5	91407	323	91245	3191568	34.92
1960-1969	34	0.00351	0.00351	0.5	91084	319	90924	3100323	34.04
1960-1969	35	0.00391	0.00390	0.5	90764	354	90587	3009399	33.16
1960-1969	36	0.00387	0.00386	0.5	90410	349	90236	2918812	32.28
1960-1969	37	0.00447	0.00446	0.5	90061	401	89860	2828576	31.41
1960-1969	38	0.00491	0.00489	0.5	89660	439	89440	2738716	30.55
1960-1969	39	0.00546	0.00545	0.5	89221	486	88978	2649275	29.69
1960-1969	40	0.00620	0.00618	0.5	88735	549	88461	2560297	28.85
1960-1969	41	0.00601	0.00599	0.5	88186	528	87922	2471837	28.03
1960-1969	42	0.00736	0.00734	0.5	87658	643	87336	2383914	27.20
1960-1969	43	0.00800	0.00797	0.5	87015	693	86668	2296578	26.39
1960-1969	44	0.00833	0.00829	0.5	86322	716	85964	2209910	25.60
1960-1969	45	0.00935	0.00930	0.5	85606	797	85207	2123946	24.81
1960-1969	46	0.00950	0.00946	0.5	84809	802	84408	2038739	24.04
1960-1969	47	0.01115	0.01109	0.5	84007	931	83541	1954331	23.26
1960-1969	48	0.01169	0.01162	0.5	83076	965	82593	1870789	22.52
1960-1969	49	0.01242	0.01234	0.5	82110	1013	81604	1788196	21.78
1960-1969	50	0.01495	0.01484	0.5	81097	1204	80495	1706592	21.04
1960-1969	51	0.01481	0.01470	0.5	79893	1174	79306	1626097	20.35
1960-1969	52	0.01687	0.01673	0.5	78719	1317	78060	1546791	19.65
1960-1969	53	0.01832	0.01816	0.5	77402	1405	76699	1468730	18.98
1960-1969	54	0.01922	0.01904	0.5	75996	1447	75273	1392031	18.32
1960-1969	55	0.02184	0.02160	0.5	74550	1611	73744	1316758	17.66
1960-1969	56	0.02306	0.02279	0.5	72939	1663	72108	1243014	17.04
1960-1969	57	0.02424	0.02395	0.5	71277	1707	70423	1170906	16.43
1960-1969	58	0.02600	0.02566	0.5	69570	1785	68677	1100483	15.82
1960-1969	59	0.02753	0.02716	0.5	67784	1841	66864	1031806	15.22
1960-1969	60	0.03232	0.03181	0.5	65943	2097	64895	964942	14.63
1960-1969	61	0.03278	0.03225	0.5	63846	2059	62817	900047	14.10
1960-1969	62	0.03919	0.03844	0.5	61787	2375	60599	837231	13.55
1960-1969	63	0.03796	0.03725	0.5	59412	2213	58305	776631	13.07
1960-1969	64	0.04039	0.03959	0.5	57199	2265	56067	718326	12.56
1960-1969	65	0.04926	0.04807	0.5	54934	2641	53614	662260	12.06
1960-1969	66	0.04863	0.04747	0.5	52293	2483	51052	608646	11.64
1960-1969	67	0.05459	0.05314	0.5	49811	2647	48487	557594	11.19
1960-1969	68	0.05432	0.05289	0.5	47164	2494	45917	509107	10.79
1960-1969	69	0.05600	0.05448	0.5	44669	2433	43453	463190	10.37
1960-1969	70	0.06647	0.06433	0.5	42236	2717	40877	419737	9.94
1960-1969	71	0.06083	0.05903	0.5	39519	2333	38352	378860	9.59
1960-1969	72	0.07031	0.06792	0.5	37186	2526	35923	340508	9.16
1960-1969	73	0.07031	0.06792	0.5	34660	2354	33483	304585	8.79
1960-1969	74	0.07374	0.07112	0.5	32306	2298	31157	271102	8.39
1960-1969	75	0.08130	0.07812	0.5	30008	2344	28836	239945	8.00
1960-1969	76	0.08093	0.07779	0.5	27664	2152	26588	211108	7.63
1960-1969	77	0.08273	0.07944	0.5	25512	2027	24499	184520	7.23
1960-1969	78	0.09369	0.08950	0.5	23485	2102	22434	160022	6.81
1960-1969	79	0.09472	0.09044	0.5	21383	1934	20417	137587	6.43
1960-1969	80	0.12113	0.11422	0.5	19450	2221	18339	117171	6.02
1960-1969	81	0.12956	0.12168	0.5	17228	2096	16180	98832	5.74
1960-1969	82	0.13849	0.12952	0.5	15132	1960	14152	82652	5.46
1960-1969	83	0.14792	0.13773	0.5	13172	1814	12265	68500	5.20
1960-1969	84	0.15788	0.14633	0.5	11358	1662	10527	56235	4.95
1960-1969	85	0.16838	0.15530	0.5	9696	1506	8943	45708	4.71
1960-1969	86	0.17943	0.16465	0.5	8190	1349	7516	36765	4.49
1960-1969	87	0.19103	0.17437	0.5	6841	1193	6245	29249	4.28
1960-1969	88	0.20320	0.18446	0.5	5648	1042	5128	23005	4.07
1960-1969	89	0.21594	0.19490	0.5	4607	898	4158	17877	3.88
1960-1969	90	0.22924	0.20567	0.5	3709	763	3327	13719	3.70
1960-1969	91	0.24312	0.21677	0.5	2946	639	2627	10392	3.53
1960-1969	92	0.25755	0.22817	0.5	2307	526	2044	7765	3.37
1960-1969	93	0.27253	0.23985	0.5	1781	427	1567	5721	3.21
1960-1969	94	0.28804	0.25178	0.5	1354	341	1183	4154	3.07
1960-1969	95	0.30407	0.26394	0.5	1013	267	879	2970	2.93
1960-1969	96	0.32059	0.27630	0.5	746	206	643	2091	2.80
1960-1969	97	0.33756	0.28882	0.5	540	156	462	1449	2.68
1960-1969	98	0.35497	0.30147	0.5	384	116	326	987	2.57
1960-1969	99	0.37277	0.31421	0.5	268	84	226	661	2.47
1960-1969	100	0.39093	0.32701	0.5	184	60	154	435	2.37
1960-1969	101	0.40939	0.33983	0.5	124	42	103	281	2.27
1960-1969	102	0.42811	0.35262	0.5	82	29	67	179	2.19
1960-1969	103	0.44703	0.36537	0.5	53	19	43	111	2.11
1960-1969	104	0.46611	0.37801	0.5	34	13	27	68	2.03
1960-1969	105	0.48529	0.39053	0.5	21	8	17	41	1.96
1960-1969	106	0.50452	0.40289	0.5	13	5	10	24	1.90
1960-1969	107	0.52373	0.41505	0.5	8	3	6	14	1.84
1960-1969	108	0.54287	0.42698	0.5	4	2	3	8	1.79
1960-1969	109	0.56189	0.43865	0.5	3	1	2	4	1.75
1960-1969	110+	0.58072	1.00000	1.72	1	1	2	2	1.72
1970-1979	0	0.02340	0.02292	0.11	100000	2292	97955	6541346	65.41
1970-1979	1	0.00135	0.00135	0.5	97708	132	97642	6443391	65.95
1970-1979	2	0.00099	0.00099	0.5	97576	97	97528	6345749	65.03
1970-1979	3	0.00070	0.00070	0.5	97480	68	97446	6248220	64.10
1970-1979	4	0.00061	0.00061	0.5	97412	59	97382	6150775	63.14
1970-1979	5	0.00061	0.00061	0.5	97353	60	97323	6053392	62.18
1970-1979	6	0.00060	0.00060	0.5	97293	58	97264	5956069	61.22
1970-1979	7	0.00053	0.00053	0.5	97235	51	97210	5858805	60.25
1970-1979	8	0.00056	0.00056	0.5	97184	55	97157	5761595	59.29
1970-1979	9	0.00052	0.00052	0.5	97129	50	97104	5664438	58.32
1970-1979	10	0.00054	0.00054	0.5	97079	52	97053	5567334	57.35
1970-1979	11	0.00043	0.00043	0.5	97027	42	97006	5470281	56.38
1970-1979	12	0.00053	0.00053	0.5	96985	51	96959	5373276	55.40
1970-1979	13	0.00067	0.00067	0.5	96933	65	96901	5276316	54.43
1970-1979	14	0.00081	0.00081	0.5	96868	79	96829	5179415	53.47
1970-1979	15	0.00102	0.00102	0.5	96790	99	96740	5082586	52.51
1970-1979	16	0.00145	0.00144	0.5	96690	140	96621	4985846	51.57
1970-1979	17	0.00184	0.00184	0.5	96551	178	96462	4889226	50.64
1970-1979	18	0.00193	0.00193	0.5	96373	186	96280	4792764	49.73
1970-1979	19	0.00201	0.00201	0.5	96187	193	96090	4696484	48.83
1970-1979	20	0.00204	0.00204	0.5	95994	196	95896	4600393	47.92
1970-1979	21	0.00218	0.00217	0.5	95798	208	95694	4504497	47.02
1970-1979	22	0.00218	0.00218	0.5	95590	209	95486	4408803	46.12
1970-1979	23	0.00209	0.00209	0.5	95381	199	95282	4313318	45.22
1970-1979	24	0.00224	0.00224	0.5	95182	213	95076	4218036	44.32
1970-1979	25	0.00223	0.00222	0.5	94969	211	94864	4122960	43.41
1970-1979	26	0.00234	0.00233	0.5	94758	221	94648	4028096	42.51
1970-1979	27	0.00255	0.00254	0.5	94537	240	94417	3933448	41.61
1970-1979	28	0.00262	0.00261	0.5	94297	246	94174	3839031	40.71
1970-1979	29	0.00253	0.00253	0.5	94050	238	93931	3744857	39.82
1970-1979	30	0.00253	0.00253	0.5	93812	237	93694	3650926	38.92
1970-1979	31	0.00246	0.00245	0.5	93575	230	93460	3557232	38.01
1970-1979	32	0.00278	0.00277	0.5	93346	259	93216	3463772	37.11
1970-1979	33	0.00272	0.00272	0.5	93087	253	92960	3370556	36.21
1970-1979	34	0.00334	0.00334	0.5	92834	310	92679	3277595	35.31
1970-1979	35	0.00357	0.00356	0.5	92524	329	92359	3184916	34.42
1970-1979	36	0.00383	0.00382	0.5	92195	353	92018	3092557	33.54
1970-1979	37	0.00383	0.00383	0.5	91842	351	91666	3000538	32.67
1970-1979	38	0.00460	0.00459	0.5	91491	420	91281	2908872	31.79
1970-1979	39	0.00501	0.00500	0.5	91071	455	90843	2817591	30.94
1970-1979	40	0.00543	0.00542	0.5	90616	491	90370	2726748	30.09
1970-1979	41	0.00571	0.00569	0.5	90125	513	89868	2636378	29.25
1970-1979	42	0.00658	0.00656	0.5	89612	587	89318	2546509	28.42
1970-1979	43	0.00683	0.00681	0.5	89024	606	88721	2457192	27.60
1970-1979	44	0.00798	0.00795	0.5	88418	703	88067	2368470	26.79
1970-1979	45	0.00828	0.00825	0.5	87715	723	87354	2280404	26.00
1970-1979	46	0.00876	0.00872	0.5	86992	758	86613	2193050	25.21
1970-1979	47	0.00986	0.00981	0.5	86233	846	85811	2106438	24.43
1970-1979	48	0.01048	0.01042	0.5	85388	890	84943	2020627	23.66
1970-1979	49	0.01127	0.01121	0.5	84498	947	84024	1935684	22.91
1970-1979	50	0.01288	0.01280	0.5	83551	1069	83016	1851660	22.16
1970-1979	51	0.01353	0.01344	0.5	82481	1109	81927	1768645	21.44
1970-1979	52	0.01467	0.01457	0.5	81373	1185	80780	1686718	20.73
1970-1979	53	0.01567	0.01555	0.5	80187	1247	79564	1605938	20.03
1970-1979	54	0.01775	0.01759	0.5	78940	1389	78246	1526374	19.34
1970-1979	55	0.01850	0.01833	0.5	77552	1422	76841	1448128	18.67
1970-1979	56	0.02045	0.02024	0.5	76130	1541	75359	1371287	18.01
1970-1979	57	0.02200	0.02176	0.5	74589	1623	73777	1295928	17.37
1970-1979	58	0.02356	0.02329	0.5	72966	1699	72116	1222150	16.75
1970-1979	59	0.02620	0.02586	0.5	71267	1843	70345	1150034	16.14
1970-1979	60	0.02852	0.02812	0.5	69424	1952	68447	1079689	15.55
1970-1979	61	0.02907	0.02865	0.5	67471	1933	66505	1011241	14.99
1970-1979	62	0.03347	0.03292	0.5	65538	2158	64459	944737	14.42
1970-1979	63	0.03506	0.03446	0.5	63381	2184	62289	880277	13.89
1970-1979	64	0.03647	0.03581	0.5	61197	2192	60101	817988	13.37
1970-1979	65	0.04005	0.03927	0.5	59005	2317	57847	757887	12.84
1970-1979	66	0.04050	0.03969	0.5	56688	2250	55563	700041	12.35
1970-1979	67	0.04312	0.04221	0.5	54438	2298	53289	644477	11.84
1970-1979	68	0.04765	0.04654	0.5	52140	2427	50927	591188	11.34
1970-1979	69	0.04836	0.04722	0.5	49714	2347	48540	540261	10.87
1970-1979	70	0.05840	0.05674	0.5	47366	2688	46022	491721	10.38
1970-1979	71	0.05736	0.05576	0.5	44679	2491	43433	445699	9.98
1970-1979	72	0.06315	0.06122	0.5	42187	2583	40896	402266	9.54
1970-1979	73	0.06591	0.06381	0.5	39605	2527	38341	361370	9.12
1970-1979	74	0.07401	0.07137	0.5	37077	2646	35754	323029	8.71
1970-1979	75	0.07420	0.07155	0.5	34431	2463	33200	287274	8.34
1970-1979	76	0.07966	0.07661	0.5	31968	2449	30743	254075	7.95
1970-1979	77	0.08363	0.08027	0.5	29519	2370	28334	223331	7.57
1970-1979	78	0.08823	0.08450	0.5	27149	2294	26002	194997	7.18
1970-1979	79	0.09776	0.09320	0.5	24855	2317	23697	168995	6.80
1970-1979	80	0.11176	0.10585	0.5	22539	2386	21346	145298	6.45
1970-1979	81	0.11927	0.11256	0.5	20153	2268	19019	123952	6.15
1970-1979	82	0.12721	0.11961	0.5	17884	2139	16815	104934	5.87
1970-1979	83	0.13560	0.12699	0.5	15745	2000	14746	88119	5.60
1970-1979	84	0.14445	0.13472	0.5	13746	1852	12820	73373	5.34
1970-1979	85	0.15378	0.14280	0.5	11894	1698	11045	60553	5.09
1970-1979	86	0.16359	0.15122	0.5	10196	1542	9425	49508	4.86
1970-1979	87	0.17390	0.15999	0.5	8654	1385	7961	40084	4.63
1970-1979	88	0.18472	0.16910	0.5	7269	1229	6655	32122	4.42
1970-1979	89	0.19605	0.17855	0.5	6040	1078	5501	25468	4.22
1970-1979	90	0.20789	0.18832	0.5	4962	934	4494	19967	4.02
1970-1979	91	0.22026	0.19841	0.5	4027	799	3628	15473	3.84
1970-1979	92	0.23315	0.20881	0.5	3228	674	2891	11845	3.67
1970-1979	93	0.24655	0.21949	0.5	2554	561	2274	8954	3.51
1970-1979	94	0.26046	0.23045	0.5	1994	459	1764	6680	3.35
1970-1979	95	0.27487	0.24166	0.5	1534	371	1349	4916	3.20
1970-1979	96	0.28976	0.25309	0.5	1163	294	1016	3567	3.07
1970-1979	97	0.30512	0.26473	0.5	869	230	754	2551	2.94
1970-1979	98	0.32093	0.27655	0.5	639	177	551	1797	2.81
1970-1979	99	0.33716	0.28852	0.5	462	133	396	1247	2.70
1970-1979	100	0.35378	0.30061	0.5	329	99	279	851	2.59
1970-1979	101	0.37076	0.31278	0.5	230	72	194	572	2.49
1970-1979	102	0.38807	0.32501	0.5	158	51	132	378	2.39
1970-1979	103	0.40567	0.33726	0.5	107	36	89	245	2.30
1970-1979	104	0.42351	0.34950	0.5	71	25	58	157	2.22
1970-1979	105	0.44155	0.36170	0.5	46	17	38	98	2.14
1970-1979	106	0.45975	0.37382	0.5	29	11	24	61	2.07
1970-1979	107	0.47806	0.38583	0.5	18	7	15	37	2.00
1970-1979	108	0.49642	0.39771	0.5	11	4	9	22	1.95
1970-1979	109	0.51480	0.40942	0.5	7	3	5	13	1.90
1970-1979	110+	0.53314	1.00000	1.88	4	4	8	8	1.88
1980-1989	0	0.01580	0.01558	0.09	100000	1558	98578	6872568	68.73
1980-1989	1	0.00113	0.00113	0.5	98442	111	98387	6773990	68.81
1980-1989	2	0.00076	0.00076	0.5	98331	75	98294	6675603	67.89
1980-1989	3	0.00060	0.00060	0.5	98257	59	98227	6577309	66.94
1980-1989	4	0.00047	0.00046	0.5	98198	46	98175	6479082	65.98
1980-1989	5	0.00036	0.00036	0.5	98152	35	98135	6380907	65.01
1980-1989	6	0.00035	0.00035	0.5	98117	34	98100	6282772	64.03
1980-1989	7	0.00034	0.00034	0.5	98083	33	98066	6184672	63.06
1980-1989	8	0.00041	0.00041	0.5	98049	40	98029	6086606	62.08
1980-1989	9	0.00030	0.00030	0.5	98009	30	97994	5988577	61.10
1980-1989	10	0.00032	0.00032	0.5	97979	31	97964	5890583	60.12
1980-1989	11	0.00038	0.00038	0.5	97948	38	97929	5792620	59.14
1980-1989	12	0.00044	0.00044	0.5	97910	43	97889	5694691	58.16
1980-1989	13	0.00043	0.00043	0.5	97867	42	97846	5596802	57.19
1980-1989	14	0.00068	0.00068	0.5	97825	67	97792	5498955	56.21
1980-1989	15	0.00085	0.00085	0.5	97759	83	97717	5401163	55.25
1980-1989	16	0.00115	0.00115	0.5	97676	112	97620	5303446	54.30
1980-1989	17	0.00138	0.00138	0.5	97564	135	97496	5205826	53.36
1980-1989	18	0.00159	0.00159	0.5	97429	155	97352	5108330	52.43
1980-1989	19	0.00155	0.00155	0.5	97275	151	97199	5010978	51.51
1980-1989	20	0.00153	0.00153	0.5	97124	148	97050	4913779	50.59
1980-1989	21	0.00185	0.00184	0.5	96976	179	96886	4816729	49.67
1980-1989	22	0.00187	0.00187	0.5	96797	181	96706	4719843	48.76
1980-1989	23	0.00186	0.00185	0.5	96616	179	96527	4623136	47.85
1980-1989	24	0.00182	0.00182	0.5	96437	175	96349	4526610	46.94
1980-1989	25	0.00189	0.00189	0.5	96262	182	96171	4430260	46.02
1980-1989	26	0.00178	0.00178	0.5	96080	171	95995	4334089	45.11
1980-1989	27	0.00193	0.00193	0.5	95909	185	95817	4238094	44.19
1980-1989	28	0.00219	0.00219	0.5	95725	210	95620	4142277	43.27
1980-1989	29	0.00212	0.00212	0.5	95515	202	95414	4046658	42.37
1980-1989	30	0.00237	0.00237	0.5	95313	226	95200	3951244	41.46
1980-1989	31	0.00234	0.00234	0.5	95087	222	94975	3856044	40.55
1980-1989	32	0.00228	0.00227	0.5	94864	216	94756	3761069	39.65
1980-1989	33	0.00242	0.00241	0.5	94649	228	94534	3666312	38.74
1980-1989	34	0.00258	0.00257	0.5	94420	243	94299	3571778	37.83
1980-1989	35	0.00282	0.00281	0.5	94177	265	94045	3477479	36.92
1980-1989	36	0.00288	0.00287	0.5	93912	270	93778	3383435	36.03
1980-1989	37	0.00307	0.00307	0.5	93643	287	93499	3289657	35.13
1980-1989	38	0.00318	0.00318	0.5	93355	297	93207	3196158	34.24
1980-1989	39	0.00339	0.00339	0.5	93059	315	92901	3102951	33.34
1980-1989	40	0.00372	0.00372	0.5	92744	345	92571	3010050	32.46
1980-1989	41	0.00436	0.00436	0.5	92399	402	92198	2917478	31.57
1980-1989	42	0.00461	0.00460	0.5	91997	423	91785	2825280	30.71
1980-1989	43	0.00487	0.00486	0.5	91574	445	91351	2733495	29.85
1980-1989	44	0.00515	0.00514	0.5	91129	468	90895	2642144	28.99
1980-1989	45	0.00552	0.00550	0.5	90661	499	90411	2551249	28.14
1980-1989	46	0.00626	0.00624	0.5	90162	563	89881	2460838	27.29
1980-1989	47	0.00663	0.00661	0.5	89599	592	89303	2370957	26.46
1980-1989	48	0.00806	0.00803	0.5	89007	715	88649	2281654	25.63
1980-1989	49	0.00836	0.00832	0.5	88292	735	87925	2193005	24.84
1980-1989	50	0.00903	0.00898	0.5	87557	787	87164	2105080	24.04
1980-1989	51	0.00982	0.00977	0.5	86771	848	86347	2017916	23.26
1980-1989	52	0.01094	0.01088	0.5	85922	935	85455	1931570	22.48
1980-1989	53	0.01182	0.01175	0.5	84988	999	84489	1846115	21.72
1980-1989	54	0.01286	0.01278	0.5	83989	1073	83453	1761626	20.97
1980-1989	55	0.01458	0.01447	0.5	82916	1200	82316	1678173	20.24
1980-1989	56	0.01595	0.01582	0.5	81716	1293	81070	1595857	19.53
1980-1989	57	0.01595	0.01582	0.5	80423	1273	79787	1514788	18.84
1980-1989	58	0.01854	0.01837	0.5	79151	1454	78424	1435001	18.13
1980-1989	59	0.01943	0.01925	0.5	77697	1495	76949	1356577	17.46
1980-1989	60	0.02179	0.02155	0.5	76202	1642	75381	1279627	16.79
1980-1989	61	0.02291	0.02265	0.5	74559	1689	73715	1204247	16.15
1980-1989	62	0.02559	0.02527	0.5	72871	1842	71950	1130532	15.51
1980-1989	63	0.02692	0.02656	0.5	71029	1887	70086	1058582	14.90
1980-1989	64	0.02932	0.02889	0.5	69142	1998	68144	988496	14.30
1980-1989	65	0.03202	0.03152	0.5	67145	2116	66087	920353	13.71
1980-1989	66	0.03559	0.03497	0.5	65028	2274	63891	854266	13.14
1980-1989	67	0.03518	0.03457	0.5	62755	2170	61670	790375	12.59
1980-1989	68	0.04092	0.04010	0.5	60585	2429	59370	728705	12.03
1980-1989	69	0.04356	0.04263	0.5	58155	2479	56916	669335	11.51
1980-1989	70	0.04670	0.04563	0.5	55676	2541	54406	612419	11.00
1980-1989	71	0.04896	0.04779	0.5	53135	2539	51866	558014	10.50
1980-1989	72	0.05748	0.05587	0.5	50596	2827	49183	506148	10.00
1980-1989	73	0.05961	0.05789	0.5	47769	2765	46387	456966	9.57
1980-1989	74	0.06234	0.06045	0.5	45004	2721	43644	410579	9.12
1980-1989	75	0.06951	0.06717	0.5	42284	2840	40863	366935	8.68
1980-1989	76	0.07283	0.07027	0.5	39443	2772	38057	326072	8.27
1980-1989	77	0.07786	0.07494	0.5	36672	2748	35297	288014	7.85
1980-1989	78	0.08594	0.08240	0.5	33923	2795	32526	252717	7.45
1980-1989	79	0.08465	0.08121	0.5	31128	2528	29864	220191	7.07
1980-1989	80	0.10288	0.09785	0.5	28600	2798	27201	190327	6.65
1980-1989	81	0.11075	0.10494	0.5	25802	2708	24448	163126	6.32
1980-1989	82	0.11914	0.11244	0.5	23094	2597	21796	138678	6.00
1980-1989	83	0.12807	0.12036	0.5	20498	2467	19264	116882	5.70
1980-1989	84	0.13756	0.12871	0.5	18030	2321	16870	97618	5.41
1980-1989	85	0.14765	0.13750	0.5	15710	2160	14630	80748	5.14
1980-1989	86	0.15833	0.14672	0.5	13550	1988	12556	66118	4.88
1980-1989	87	0.16964	0.15638	0.5	11562	1808	10658	53563	4.63
1980-1989	88	0.18158	0.16646	0.5	9754	1624	8942	42905	4.40
1980-1989	89	0.19416	0.17698	0.5	8130	1439	7411	33963	4.18
1980-1989	90	0.20739	0.18791	0.5	6691	1257	6063	26552	3.97
1980-1989	91	0.22128	0.19924	0.5	5434	1083	4893	20490	3.77
1980-1989	92	0.23582	0.21095	0.5	4351	918	3892	15597	3.58
1980-1989	93	0.25101	0.22302	0.5	3433	766	3051	11705	3.41
1980-1989	94	0.26683	0.23542	0.5	2668	628	2354	8654	3.24
1980-1989	95	0.28328	0.24813	0.5	2040	506	1787	6301	3.09
1980-1989	96	0.30032	0.26111	0.5	1534	400	1333	4514	2.94
1980-1989	97	0.31794	0.27433	0.5	1133	311	978	3181	2.81
1980-1989	98	0.33609	0.28773	0.5	822	237	704	2203	2.68
1980-1989	99	0.35473	0.30129	0.5	586	176	497	1499	2.56
1980-1989	100	0.37383	0.31496	0.5	409	129	345	1002	2.45
1980-1989	101	0.39334	0.32869	0.5	280	92	234	657	2.34
1980-1989	102	0.41318	0.34244	0.5	188	64	156	423	2.25
1980-1989	103	0.43332	0.35615	0.5	124	44	102	267	2.16
1980-1989	104	0.45367	0.36979	0.5	80	29	65	165	2.07
1980-1989	105	0.47419	0.38331	0.5	50	19	41	100	2.00
1980-1989	106	0.49479	0.39666	0.5	31	12	25	60	1.92
1980-1989	107	0.51540	0.40980	0.5	19	8	15	35	1.86
1980-1989	108	0.53597	0.42269	0.5	11	5	9	20	1.81
1980-1989	109	0.55641	0.43531	0.5	6	3	5	11	1.76
1980-1989	110+	0.57667	1.00000	1.73	4	4	6	6	1.73
1990-1999	0	0.01132	0.01120	0.08	100000	1120	98964	7058379	70.58
1990-1999	1	0.00078	0.00078	0.5	98880	77	98841	6959415	70.38
1990-1999	2	0.00057	0.00057	0.5	98803	56	98775	6860574	69.44
1990-1999	3	0.00046	0.00046	0.5	98747	45	98724	6761799	68.48
1990-1999	4	0.00035	0.00035	0.5	98701	34	98684	6663075	67.51
1990-1999	5	0.00031	0.00031	0.5	98667	31	98651	6564391	66.53
1990-1999	6	0.00025	0.00025	0.5	98636	25	98624	6465740	65.55
1990-1999	7	0.00022	0.00022	0.5	98611	22	98600	6367116	64.57
1990-1999	8	0.00029	0.00029	0.5	98589	28	98575	6268515	63.58
1990-1999	9	0.00027	0.00027	0.5	98561	27	98548	6169940	62.60
1990-1999	10	0.00027	0.00027	0.5	98534	27	98521	6071392	61.62
1990-1999	11	0.00028	0.00028	0.5	98508	28	98494	5972871	60.63
1990-1999	12	0.00036	0.00036	0.5	98480	35	98463	5874377	59.65
1990-1999	13	0.00047	0.00047	0.5	98445	46	98422	5775915	58.67
1990-1999	14	0.00056	0.00056	0.5	98399	56	98371	5677493	57.70
1990-1999	15	0.00070	0.00070	0.5	98344	69	98309	5579121	56.73
1990-1999	16	0.00114	0.00114	0.5	98275	112	98219	5480812	55.77
1990-1999	17	0.00132	0.00132	0.5	98163	129	98098	5382593	54.83
1990-1999	18	0.00155	0.00155	0.5	98034	152	97958	5284495	53.90
1990-1999	19	0.00153	0.00153	0.5	97882	150	97807	5186537	52.99
1990-1999	20	0.00166	0.00166	0.5	97732	162	97651	5088729	52.07
1990-1999	21	0.00175	0.00175	0.5	97570	170	97485	4991078	51.15
1990-1999	22	0.00176	0.00176	0.5	97400	171	97314	4893593	50.24
1990-1999	23	0.00173	0.00173	0.5	97229	168	97144	4796279	49.33
1990-1999	24	0.00177	0.00177	0.5	97060	172	96974	4699134	48.41
1990-1999	25	0.00177	0.00177	0.5	96889	171	96803	4602160	47.50
1990-1999	26	0.00183	0.00182	0.5	96717	176	96629	4505357	46.58
1990-1999	27	0.00183	0.00182	0.5	96541	176	96453	4408728	45.67
1990-1999	28	0.00199	0.00199	0.5	96365	192	96269	4312275	44.75
1990-1999	29	0.00214	0.00214	0.5	96173	206	96070	4216006	43.84
1990-1999	30	0.00225	0.00224	0.5	95967	215	95860	4119936	42.93
1990-1999	31	0.00239	0.00239	0.5	95752	229	95638	4024076	42.03
1990-1999	32	0.00246	0.00246	0.5	95523	235	95406	3928439	41.13
1990-1999	33	0.00270	0.00270	0.5	95288	257	95160	3833033	40.23
1990-1999	34	0.00267	0.00266	0.5	95031	253	94905	3737873	39.33
1990-1999	35	0.00259	0.00259	0.5	94778	245	94655	3642968	38.44
1990-1999	36	0.00295	0.00295	0.5	94533	278	94393	3548313	37.54
1990-1999	37	0.00322	0.00321	0.5	94254	303	94103	3453919	36.64
1990-1999	38	0.00363	0.00363	0.5	93951	341	93781	3359817	35.76
1990-1999	39	0.00366	0.00366	0.5	93611	342	93439	3266036	34.89
1990-1999	40	0.00368	0.00368	0.5	93268	343	93097	3172596	34.02
1990-1999	41	0.00422	0.00421	0.5	92925	392	92730	3079500	33.14
1990-1999	42	0.00423	0.00422	0.5	92534	391	92339	2986770	32.28
1990-1999	43	0.00471	0.00470	0.5	92143	433	91927	2894431	31.41
1990-1999	44	0.00471	0.00470	0.5	91710	431	91495	2802505	30.56
1990-1999	45	0.00518	0.00517	0.5	91279	472	91044	2711010	29.70
1990-1999	46	0.00587	0.00585	0.5	90808	531	90542	2619966	28.85
1990-1999	47	0.00607	0.00605	0.5	90276	546	90003	2529424	28.02
1990-1999	48	0.00674	0.00672	0.5	89730	603	89428	2439421	27.19
1990-1999	49	0.00696	0.00694	0.5	89127	618	88818	2349993	26.37
1990-1999	50	0.00755	0.00752	0.5	88508	666	88176	2261176	25.55
1990-1999	51	0.00850	0.00846	0.5	87843	743	87471	2173000	24.74
1990-1999	52	0.00942	0.00938	0.5	87100	817	86691	2085529	23.94
1990-1999	53	0.00971	0.00966	0.5	86283	833	85866	1998837	23.17
1990-1999	54	0.01092	0.01086	0.5	85450	928	84986	1912971	22.39
1990-1999	55	0.01172	0.01165	0.5	84522	985	84029	1827985	21.63
1990-1999	56	0.01283	0.01275	0.5	83537	1065	83004	1743956	20.88
1990-1999	57	0.01369	0.01359	0.5	82472	1121	81911	1660952	20.14
1990-1999	58	0.01560	0.01548	0.5	81351	1259	80721	1579040	19.41
1990-1999	59	0.01544	0.01532	0.5	80092	1227	79478	1498319	18.71
1990-1999	60	0.01746	0.01731	0.5	78864	1365	78182	1418841	17.99
1990-1999	61	0.01954	0.01935	0.5	77499	1499	76750	1340660	17.30
1990-1999	62	0.02160	0.02136	0.5	76000	1624	75188	1263910	16.63
1990-1999	63	0.02324	0.02297	0.5	74376	1708	73522	1188722	15.98
1990-1999	64	0.02491	0.02460	0.5	72668	1788	71774	1115200	15.35
1990-1999	65	0.02530	0.02499	0.5	70880	1771	69995	1043426	14.72
1990-1999	66	0.02749	0.02711	0.5	69109	1874	68172	973431	14.09
1990-1999	67	0.03011	0.02966	0.5	67235	1994	66238	905259	13.46
1990-1999	68	0.03420	0.03363	0.5	65241	2194	64144	839021	12.86
1990-1999	69	0.03594	0.03530	0.5	63047	2226	61934	774877	12.29
1990-1999	70	0.03880	0.03806	0.5	60821	2315	59664	712943	11.72
1990-1999	71	0.04385	0.04291	0.5	58506	2511	57251	653279	11.17
1990-1999	72	0.04538	0.04438	0.5	55996	2485	54753	596028	10.64
1990-1999	73	0.05157	0.05027	0.5	53511	2690	52166	541275	10.12
1990-1999	74	0.05540	0.05391	0.5	50821	2740	49451	489109	9.62
1990-1999	75	0.05995	0.05820	0.5	48081	2798	46682	439658	9.14
1990-1999	76	0.06401	0.06202	0.5	45283	2808	43878	392976	8.68
1990-1999	77	0.07035	0.06796	0.5	42474	2887	41031	349098	8.22
1990-1999	78	0.07413	0.07148	0.5	39588	2830	38173	308067	7.78
1990-1999	79	0.07894	0.07594	0.5	36758	2791	35362	269894	7.34
1990-1999	80	0.09184	0.08780	0.5	33966	2982	32475	234532	6.90
1990-1999	81	0.10017	0.09539	0.5	30984	2956	29506	202057	6.52
1990-1999	82	0.10916	0.10351	0.5	28029	2901	26578	172551	6.16
1990-1999	83	0.11885	0.11219	0.5	25127	2819	23718	145973	5.81
1990-1999	84	0.12929	0.12144	0.5	22308	2709	20954	122255	5.48
1990-1999	85	0.14049	0.13127	0.5	19599	2573	18313	101301	5.17
1990-1999	86	0.15249	0.14169	0.5	17027	2412	15820	82988	4.87
1990-1999	87	0.16532	0.15270	0.5	14614	2232	13498	67168	4.60
1990-1999	88	0.17900	0.16429	0.5	12383	2034	11365	53669	4.33
1990-1999	89	0.19355	0.17647	0.5	10348	1826	9435	42304	4.09
1990-1999	90	0.20898	0.18921	0.5	8522	1612	7716	32869	3.86
1990-1999	91	0.22530	0.20249	0.5	6910	1399	6210	25153	3.64
1990-1999	92	0.24250	0.21628	0.5	5511	1192	4915	18943	3.44
1990-1999	93	0.26058	0.23054	0.5	4319	996	3821	14028	3.25
1990-1999	94	0.27950	0.24523	0.5	3323	815	2916	10207	3.07
1990-1999	95	0.29924	0.26030	0.5	2508	653	2182	7292	2.91
1990-1999	96	0.31976	0.27568	0.5	1855	511	1600	5110	2.75
1990-1999	97	0.34100	0.29133	0.5	1344	391	1148	3510	2.61
1990-1999	98	0.36290	0.30716	0.5	952	293	806	2362	2.48
1990-1999	99	0.38538	0.32312	0.5	660	213	553	1556	2.36
1990-1999	100	0.40836	0.33912	0.5	447	151	371	1003	2.25
1990-1999	101	0.43175	0.35510	0.5	295	105	243	632	2.14
1990-1999	102	0.45545	0.37097	0.5	190	71	155	389	2.05
1990-1999	103	0.47935	0.38668	0.5	120	46	97	234	1.96
1990-1999	104	0.50335	0.40214	0.5	73	30	59	138	1.88
1990-1999	105	0.52733	0.41730	0.5	44	18	35	79	1.80
1990-1999	106	0.55119	0.43210	0.5	26	11	20	44	1.74
1990-1999	107	0.57481	0.44649	0.5	15	6	11	24	1.68
1990-1999	108	0.59809	0.46041	0.5	8	4	6	13	1.62
1990-1999	109	0.62095	0.47383	0.5	4	2	3	7	1.58
1990-1999	110+	0.64327	1.00000	1.55	2	2	4	4	1.55
2000-2009	0	0.00971	0.00962	0.07	100000	962	99106	7261105	72.61
2000-2009	1	0.00056	0.00056	0.5	99038	56	99010	7161999	72.32
2000-2009	2	0.00036	0.00036	0.5	98982	35	98964	7062990	71.36
2000-2009	3	0.00034	0.00034	0.5	98947	33	98930	6964025	70.38
2000-2009	4	0.00028	0.00028	0.5	98913	28	98899	6865095	69.41
2000-2009	5	0.00018	0.00018	0.5	98885	18	98876	6766196	68.42
2000-2009	6	0.00020	0.00020	0.5	98867	20	98857	6667320	67.44
2000-2009	7	0.00023	0.00023	0.5	98847	23	98835	6568463	66.45
2000-2009	8	0.00018	0.00018	0.5	98824	18	98814	6469628	65.47
2000-2009	9	0.00019	0.00019	0.5	98805	18	98796	6370813	64.48
2000-2009	10	0.00016	0.00016	0.5	98787	16	98779	6272017	63.49
2000-2009	11	0.00024	0.00024	0.5	98771	24	98759	6173238	62.50
2000-2009	12	0.00027	0.00027	0.5	98747	26	98734	6074479	61.52
2000-2009	13	0.00032	0.00032	0.5	98721	31	98705	5975745	60.53
2000-2009	14	0.00037	0.00037	0.5	98690	37	98671	5877039	59.55
2000-2009	15	0.00053	0.00053	0.5	98653	52	98627	5778368	58.57
2000-2009	16	0.00083	0.00083	0.5	98601	82	98560	5679741	57.60
2000-2009	17	0.00118	0.00118	0.5	98519	116	98461	5581181	56.65
2000-2009	18	0.00135	0.00135	0.5	98403	133	98337	5482720	55.72
2000-2009	19	0.00148	0.00148	0.5	98270	146	98198	5384383	54.79
2000-2009	20	0.00169	0.00169	0.5	98125	166	98042	5286185	53.87
2000-2009	21	0.00180	0.00180	0.5	97959	176	97871	5188144	52.96
2000-2009	22	0.00173	0.00173	0.5	97783	169	97698	5090273	52.06
2000-2009	23	0.00183	0.00183	0.5	97614	178	97524	4992575	51.15
2000-2009	24	0.00188	0.00187	0.5	97435	183	97344	4895050	50.24
2000-2009	25	0.00172	0.00172	0.5	97252	167	97169	4797707	49.33
2000-2009	26	0.00178	0.00178	0.5	97085	173	96999	4700538	48.42
2000-2009	27	0.00202	0.00202	0.5	96912	195	96814	4603539	47.50
2000-2009	28	0.00189	0.00189	0.5	96717	183	96625	4506725	46.60
2000-2009	29	0.00198	0.00198	0.5	96534	191	96438	4410100	45.68
2000-2009	30	0.00207	0.00207	0.5	96343	199	96243	4313661	44.77
2000-2009	31	0.00187	0.00187	0.5	96143	180	96054	4217418	43.87
2000-2009	32	0.00199	0.00199	0.5	95964	191	95868	4121365	42.95
2000-2009	33	0.00210	0.00210	0.5	95773	201	95672	4025496	42.03
2000-2009	34	0.00220	0.00220	0.5	95572	210	95466	3929824	41.12
2000-2009	35	0.00215	0.00214	0.5	95361	204	95259	3834358	40.21
2000-2009	36	0.00226	0.00226	0.5	95157	215	95049	3739099	39.29
2000-2009	37	0.00257	0.00256	0.5	94942	243	94820	3644050	38.38
2000-2009	38	0.00284	0.00284	0.5	94698	269	94564	3549230	37.48
2000-2009	39	0.00295	0.00295	0.5	94429	278	94290	3454666	36.58
2000-2009	40	0.00341	0.00340	0.5	94151	320	93991	3360376	35.69
2000-2009	41	0.00353	0.00352	0.5	93831	330	93666	3266385	34.81
2000-2009	42	0.00402	0.00401	0.5	93500	375	93313	3172719	33.93
2000-2009	43	0.00422	0.00421	0.5	93126	392	92930	3079406	33.07
2000-2009	44	0.00466	0.00465	0.5	92734	431	92518	2986477	32.20
2000-2009	45	0.00497	0.00496	0.5	92302	458	92073	2893959	31.35
2000-2009	46	0.00555	0.00554	0.5	91845	509	91590	2801885	30.51
2000-2009	47	0.00588	0.00586	0.5	91336	536	91068	2710295	29.67
2000-2009	48	0.00620	0.00618	0.5	90800	561	90520	2619227	28.85
2000-2009	49	0.00663	0.00661	0.5	90239	596	89941	2528707	28.02
2000-2009	50	0.00734	0.00731	0.5	89642	656	89315	2438767	27.21
2000-2009	51	0.00813	0.00809	0.5	88987	720	88627	2349452	26.40
2000-2009	52	0.00865	0.00861	0.5	88266	760	87886	2260826	25.61
2000-2009	53	0.00902	0.00898	0.5	87506	786	87114	2172939	24.83
2000-2009	54	0.00985	0.00980	0.5	86721	850	86296	2085826	24.05
2000-2009	55	0.01056	0.01050	0.5	85871	902	85420	1999530	23.29
2000-2009	56	0.01139	0.01132	0.5	84969	962	84488	1914110	22.53
2000-2009	57	0.01205	0.01198	0.5	84007	1006	83504	1829622	21.78
2000-2009	58	0.01263	0.01256	0.5	83001	1042	82480	1746118	21.04
2000-2009	59	0.01379	0.01369	0.5	81959	1122	81398	1663638	20.30
2000-2009	60	0.01493	0.01482	0.5	80836	1198	80238	1582241	19.57
2000-2009	61	0.01560	0.01548	0.5	79639	1233	79022	1502003	18.86
2000-2009	62	0.01707	0.01693	0.5	78406	1327	77742	1422981	18.15
2000-2009	63	0.01782	0.01767	0.5	77079	1362	76398	1345238	17.45
2000-2009	64	0.01939	0.01920	0.5	75717	1454	74990	1268840	16.76
2000-2009	65	0.02122	0.02100	0.5	74263	1559	73484	1193850	16.08
2000-2009	66	0.02270	0.02245	0.5	72704	1632	71888	1120367	15.41
2000-2009	67	0.02402	0.02374	0.5	71072	1687	70228	1048479	14.75
2000-2009	68	0.02639	0.02605	0.5	69385	1807	68481	978250	14.10
2000-2009	69	0.02837	0.02798	0.5	67578	1891	66632	909769	13.46
2000-2009	70	0.03031	0.02986	0.5	65687	1961	64707	843137	12.84
2000-2009	71	0.03379	0.03323	0.5	63726	2117	62667	778430	12.22
2000-2009	72	0.03627	0.03562	0.5	61609	2194	60511	715763	11.62
2000-2009	73	0.03982	0.03904	0.5	59414	2320	58254	655251	11.03
2000-2009	74	0.04293	0.04203	0.5	57095	2400	55895	596997	10.46
2000-2009	75	0.04898	0.04781	0.5	54695	2615	53388	541102	9.89
2000-2009	76	0.05335	0.05196	0.5	52080	2706	50727	487714	9.36
2000-2009	77	0.05712	0.05553	0.5	49374	2742	48003	436987	8.85
2000-2009	78	0.06229	0.06041	0.5	46632	2817	45224	388984	8.34
2000-2009	79	0.06877	0.06649	0.5	43815	2913	42359	343760	7.85
2000-2009	80	0.07576	0.07299	0.5	40902	2985	39409	301402	7.37
2000-2009	81	0.08425	0.08085	0.5	37917	3065	36384	261992	6.91
2000-2009	82	0.09360	0.08942	0.5	34851	3116	33293	225608	6.47
2000-2009	83	0.10388	0.09875	0.5	31735	3134	30168	192315	6.06
2000-2009	84	0.11514	0.10887	0.5	28601	3114	27044	162147	5.67
2000-2009	85	0.12744	0.11981	0.5	25487	3054	23961	135103	5.30
2000-2009	86	0.14085	0.13158	0.5	22434	2952	20958	111143	4.95
2000-2009	87	0.15542	0.14421	0.5	19482	2810	18077	90185	4.63
2000-2009	88	0.17119	0.15769	0.5	16672	2629	15358	72108	4.32
2000-2009	89	0.18821	0.17202	0.5	14043	2416	12835	56750	4.04
2000-2009	90	0.20650	0.18718	0.5	11627	2176	10539	43915	3.78
2000-2009	91	0.22608	0.20312	0.5	9451	1920	8491	33375	3.53
2000-2009	92	0.24693	0.21979	0.5	7531	1655	6704	24884	3.30
2000-2009	93	0.26903	0.23714	0.5	5876	1393	5179	18180	3.09
2000-2009	94	0.29235	0.25507	0.5	4483	1143	3911	13001	2.90
2000-2009	95	0.31681	0.27349	0.5	3339	913	2883	9090	2.72
2000-2009	96	0.34233	0.29230	0.5	2426	709	2071	6207	2.56
2000-2009	97	0.36879	0.31138	0.5	1717	535	1450	4136	2.41
2000-2009	98	0.39607	0.33060	0.5	1182	391	987	2686	2.27
2000-2009	99	0.42401	0.34984	0.5	791	277	653	1699	2.15
2000-2009	100	0.45244	0.36897	0.5	515	190	420	1046	2.03
2000-2009	101	0.48119	0.38787	0.5	325	126	262	627	1.93
2000-2009	102	0.51007	0.40642	0.5	199	81	158	365	1.84
2000-2009	103	0.53887	0.42450	0.5	118	50	93	207	1.75
2000-2009	104	0.56742	0.44202	0.5	68	30	53	114	1.68
2000-2009	105	0.59553	0.45889	0.5	38	17	29	61	1.61
2000-2009	106	0.62302	0.47504	0.5	21	10	16	32	1.54
2000-2009	107	0.64975	0.49042	0.5	11	5	8	16	1.49
2000-2009	108	0.67556	0.50499	0.5	5	3	4	8	1.44
2000-2009	109	0.70036	0.51871	0.5	3	1	2	4	1.41
2000-2009	110+	0.72403	1.00000	1.38	1	1	2	2	1.38
2010-2019	0	0.00782	0.00777	0.07	100000	777	99275	7404432	74.04
2010-2019	1	0.00060	0.00060	0.5	99223	59	99194	7305158	73.62
2010-2019	2	0.00042	0.00042	0.5	99164	42	99143	7205964	72.67
2010-2019	3	0.00031	0.00031	0.5	99122	31	99107	7106821	71.70
2010-2019	4	0.00016	0.00016	0.5	99091	16	99083	7007714	70.72
2010-2019	5	0.00019	0.00019	0.5	99075	19	99066	6908631	69.73
2010-2019	6	0.00014	0.00014	0.5	99057	14	99049	6809565	68.74
2010-2019	7	0.00014	0.00014	0.5	99042	14	99035	6710516	67.75
2010-2019	8	0.00014	0.00014	0.5	99028	14	99021	6611480	66.76
2010-2019	9	0.00013	0.00013	0.5	99014	13	99008	6512459	65.77
2010-2019	10	0.00013	0.00013	0.5	99002	13	98995	6413451	64.78
2010-2019	11	0.00016	0.00016	0.5	98988	16	98980	6314456	63.79
2010-2019	12	0.00018	0.00018	0.5	98972	17	98964	6215476	62.80
2010-2019	13	0.00022	0.00022	0.5	98955	22	98944	6116512	61.81
2010-2019	14	0.00031	0.00031	0.5	98933	30	98918	6017568	60.82
2010-2019	15	0.00042	0.00042	0.5	98903	41	98882	5918651	59.84
2010-2019	16	0.00060	0.00060	0.5	98861	59	98832	5819769	58.87
2010-2019	17	0.00095	0.00095	0.5	98802	94	98755	5720937	57.90
2010-2019	18	0.00116	0.00116	0.5	98708	114	98651	5622182	56.96
2010-2019	19	0.00119	0.00119	0.5	98594	117	98535	5523531	56.02
2010-2019	20	0.00133	0.00133	0.5	98477	131	98411	5424996	55.09
2010-2019	21	0.00161	0.00161	0.5	98346	158	98267	5326584	54.16
2010-2019	22	0.00148	0.00148	0.5	98188	145	98115	5228317	53.25
2010-2019	23	0.00184	0.00184	0.5	98042	181	97952	5130202	52.33
2010-2019	24	0.00176	0.00176	0.5	97862	172	97775	5032250	51.42
2010-2019	25	0.00183	0.00183	0.5	97689	179	97600	4934475	50.51
2010-2019	26	0.00175	0.00175	0.5	97510	170	97425	4836875	49.60
2010-2019	27	0.00186	0.00185	0.5	97340	180	97250	4739450	48.69
2010-2019	28	0.00212	0.00212	0.5	97160	206	97057	4642200	47.78
2010-2019	29	0.00212	0.00212	0.5	96954	205	96851	4545143	46.88
2010-2019	30	0.00209	0.00208	0.5	96749	202	96648	4448292	45.98
2010-2019	31	0.00222	0.00221	0.5	96547	214	96440	4351644	45.07
2010-2019	32	0.00221	0.00220	0.5	96333	212	96227	4255204	44.17
2010-2019	33	0.00241	0.00241	0.5	96121	231	96005	4158977	43.27
2010-2019	34	0.00235	0.00235	0.5	95890	225	95777	4062971	42.37
2010-2019	35	0.00243	0.00243	0.5	95664	233	95548	3967194	41.47
2010-2019	36	0.00248	0.00248	0.5	95432	236	95313	3871647	40.57
2010-2019	37	0.00264	0.00264	0.5	95195	251	95070	3776333	39.67
2010-2019	38	0.00277	0.00276	0.5	94944	262	94813	3681263	38.77
2010-2019	39	0.00311	0.00310	0.5	94682	294	94535	3586450	37.88
2010-2019	40	0.00289	0.00289	0.5	94388	273	94252	3491915	37.00
2010-2019	41	0.00311	0.00310	0.5	94116	292	93970	3397663	36.10
2010-2019	42	0.00333	0.00332	0.5	93824	311	93668	3303694	35.21
2010-2019	43	0.00378	0.00378	0.5	93512	353	93336	3210026	34.33
2010-2019	44	0.00399	0.00398	0.5	93159	371	92974	3116690	33.46
2010-2019	45	0.00430	0.00429	0.5	92788	398	92589	3023717	32.59
2010-2019	46	0.00455	0.00454	0.5	92390	419	92180	2931128	31.73
2010-2019	47	0.00530	0.00529	0.5	91971	487	91728	2838947	30.87
2010-2019	48	0.00565	0.00563	0.5	91484	515	91227	2747219	30.03
2010-2019	49	0.00620	0.00618	0.5	90969	562	90688	2655993	29.20
2010-2019	50	0.00668	0.00665	0.5	90407	601	90106	2565305	28.38
2010-2019	51	0.00743	0.00740	0.5	89805	665	89473	2475199	27.56
2010-2019	52	0.00770	0.00767	0.5	89141	684	88799	2385726	26.76
2010-2019	53	0.00883	0.00879	0.5	88457	777	88068	2296928	25.97
2010-2019	54	0.00939	0.00935	0.5	87679	820	87269	2208860	25.19
2010-2019	55	0.01056	0.01050	0.5	86860	912	86403	2121590	24.43
2010-2019	56	0.01134	0.01128	0.5	85947	969	85463	2035187	23.68
2010-2019	57	0.01198	0.01191	0.5	84978	1012	84472	1949724	22.94
2010-2019	58	0.01249	0.01241	0.5	83966	1042	83445	1865252	22.21
2010-2019	59	0.01284	0.01275	0.5	82924	1058	82395	1781807	21.49
2010-2019	60	0.01485	0.01474	0.5	81866	1207	81263	1699412	20.76
2010-2019	61	0.01544	0.01532	0.5	80659	1236	80041	1618150	20.06
2010-2019	62	0.01582	0.01570	0.5	79424	1247	78800	1538108	19.37
2010-2019	63	0.01678	0.01664	0.5	78177	1301	77526	1459308	18.67
2010-2019	64	0.01822	0.01805	0.5	76876	1388	76182	1381782	17.97
2010-2019	65	0.01893	0.01875	0.5	75488	1415	74781	1305600	17.30
2010-2019	66	0.01931	0.01913	0.5	74073	1417	73364	1230819	16.62
2010-2019	67	0.02134	0.02111	0.5	72656	1534	71889	1157455	15.93
2010-2019	68	0.02253	0.02228	0.5	71122	1584	70330	1085566	15.26
2010-2019	69	0.02402	0.02374	0.5	69537	1651	68712	1015236	14.60
2010-2019	70	0.02572	0.02539	0.5	67887	1724	67025	946524	13.94
2010-2019	71	0.02753	0.02716	0.5	66163	1797	65265	879499	13.29
2010-2019	72	0.03050	0.03004	0.5	64366	1934	63399	814234	12.65
2010-2019	73	0.03213	0.03162	0.5	62433	1974	61446	750835	12.03
2010-2019	74	0.03595	0.03532	0.5	60459	2135	59391	689389	11.40
2010-2019	75	0.03940	0.03864	0.5	58323	2254	57197	629998	10.80
2010-2019	76	0.04348	0.04256	0.5	56070	2386	54877	572802	10.22
2010-2019	77	0.04661	0.04555	0.5	53684	2445	52461	517925	9.65
2010-2019	78	0.05197	0.05065	0.5	51238	2595	49940	465464	9.08
2010-2019	79	0.05565	0.05415	0.5	48643	2634	47326	415524	8.54
2010-2019	80	0.06397	0.06199	0.5	46009	2852	44583	368198	8.00
2010-2019	81	0.07162	0.06914	0.5	43157	2984	41665	323615	7.50
2010-2019	82	0.08011	0.07702	0.5	40173	3094	38626	281950	7.02
2010-2019	83	0.08950	0.08567	0.5	37079	3177	35490	243324	6.56
2010-2019	84	0.09988	0.09513	0.5	33902	3225	32290	207833	6.13
2010-2019	85	0.11132	0.10545	0.5	30677	3235	29060	175544	5.72
2010-2019	86	0.12388	0.11666	0.5	27442	3201	25842	146484	5.34
2010-2019	87	0.13764	0.12878	0.5	24241	3122	22680	120643	4.98
2010-2019	88	0.15267	0.14184	0.5	21119	2996	19621	97963	4.64
2010-2019	89	0.16901	0.15584	0.5	18124	2824	16711	78342	4.32
2010-2019	90	0.18672	0.17078	0.5	15299	2613	13993	61630	4.03
2010-2019	91	0.20582	0.18662	0.5	12686	2368	11503	47637	3.75
2010-2019	92	0.22634	0.20333	0.5	10319	2098	9270	36135	3.50
2010-2019	93	0.24825	0.22084	0.5	8221	1815	7313	26865	3.27
2010-2019	94	0.27155	0.23909	0.5	6405	1531	5640	19552	3.05
2010-2019	95	0.29617	0.25797	0.5	4874	1257	4245	13912	2.85
2010-2019	96	0.32204	0.27738	0.5	3617	1003	3115	9667	2.67
2010-2019	97	0.34904	0.29718	0.5	2613	777	2225	6552	2.51
2010-2019	98	0.37706	0.31725	0.5	1837	583	1545	4327	2.36
2010-2019	99	0.40591	0.33743	0.5	1254	423	1042	2782	2.22
2010-2019	100	0.43543	0.35758	0.5	831	297	682	1739	2.09
2010-2019	101	0.46542	0.37756	0.5	534	202	433	1057	1.98
2010-2019	102	0.49566	0.39722	0.5	332	132	266	624	1.88
2010-2019	103	0.52593	0.41643	0.5	200	83	159	357	1.78
2010-2019	104	0.55601	0.43506	0.5	117	51	91	199	1.70
2010-2019	105	0.58569	0.45302	0.5	66	30	51	107	1.63
2010-2019	106	0.61475	0.47022	0.5	36	17	28	56	1.56
2010-2019	107	0.64302	0.48658	0.5	19	9	14	29	1.50
2010-2019	108	0.67033	0.50206	0.5	10	5	7	14	1.45
2010-2019	109	0.69654	0.51662	0.5	5	3	4	7	1.41
2010-2019	110+	0.72153	1.00000	1.39	2	2	3	3	1.39
2020-2022	0	0.00735	0.00730	0.06	100000	730	99317	7148719	71.49
2020-2022	1	0.00040	0.00040	0.5	99270	40	99250	7049402	71.01
2020-2022	2	0.00041	0.00041	0.5	99230	41	99210	6950151	70.04
2020-2022	3	0.00020	0.00020	0.5	99189	20	99179	6850942	69.07
2020-2022	4	0.00015	0.00015	0.5	99169	15	99162	6751762	68.08
2020-2022	5	0.00019	0.00019	0.5	99154	19	99145	6652600	67.09
2020-2022	6	0.00019	0.00019	0.5	99135	19	99125	6553456	66.11
2020-2022	7	0.00018	0.00018	0.5	99116	18	99107	6454330	65.12
2020-2022	8	0.00012	0.00012	0.5	99098	12	99092	6355223	64.13
2020-2022	9	0.00023	0.00023	0.5	99087	23	99075	6256131	63.14
2020-2022	10	0.00011	0.00011	0.5	99064	11	99058	6157056	62.15
2020-2022	11	0.00016	0.00016	0.5	99052	16	99044	6057998	61.16
2020-2022	12	0.00021	0.00021	0.5	99036	20	99026	5958953	60.17
2020-2022	13	0.00030	0.00030	0.5	99016	29	99001	5859927	59.18
2020-2022	14	0.00042	0.00042	0.5	98987	42	98966	5760926	58.20
2020-2022	15	0.00062	0.00062	0.5	98945	61	98914	5661960	57.22
2020-2022	16	0.00086	0.00086	0.5	98883	85	98841	5563046	56.26
2020-2022	17	0.00128	0.00128	0.5	98798	127	98735	5464205	55.31
2020-2022	18	0.00157	0.00156	0.5	98672	154	98594	5365470	54.38
2020-2022	19	0.00161	0.00161	0.5	98517	159	98438	5266876	53.46
2020-2022	20	0.00184	0.00184	0.5	98359	181	98268	5168438	52.55
2020-2022	21	0.00212	0.00212	0.5	98178	208	98074	5070170	51.64
2020-2022	22	0.00239	0.00239	0.5	97970	234	97853	4972096	50.75
2020-2022	23	0.00211	0.00211	0.5	97736	206	97633	4874242	49.87
2020-2022	24	0.00269	0.00268	0.5	97530	262	97399	4776609	48.98
2020-2022	25	0.00257	0.00256	0.5	97268	249	97144	4679210	48.11
2020-2022	26	0.00298	0.00297	0.5	97019	289	96875	4582066	47.23
2020-2022	27	0.00278	0.00278	0.5	96731	269	96596	4485191	46.37
2020-2022	28	0.00295	0.00295	0.5	96462	284	96320	4388595	45.50
2020-2022	29	0.00332	0.00332	0.5	96177	319	96018	4292276	44.63
2020-2022	30	0.00320	0.00319	0.5	95858	306	95705	4196258	43.78
2020-2022	31	0.00391	0.00390	0.5	95552	373	95366	4100552	42.91
2020-2022	32	0.00371	0.00370	0.5	95179	353	95003	4005187	42.08
2020-2022	33	0.00354	0.00353	0.5	94827	335	94659	3910184	41.24
2020-2022	34	0.00362	0.00362	0.5	94492	342	94321	3815525	40.38
2020-2022	35	0.00360	0.00359	0.5	94150	338	93981	3721204	39.52
2020-2022	36	0.00380	0.00379	0.5	93812	355	93634	3627223	38.66
2020-2022	37	0.00436	0.00435	0.5	93457	407	93253	3533588	37.81
2020-2022	38	0.00438	0.00437	0.5	93050	407	92846	3440335	36.97
2020-2022	39	0.00448	0.00447	0.5	92643	414	92436	3347488	36.13
2020-2022	40	0.00472	0.00471	0.5	92229	434	92012	3255053	35.29
2020-2022	41	0.00466	0.00465	0.5	91794	427	91581	3163041	34.46
2020-2022	42	0.00513	0.00512	0.5	91367	468	91134	3071460	33.62
2020-2022	43	0.00535	0.00534	0.5	90900	485	90657	2980326	32.79
2020-2022	44	0.00583	0.00581	0.5	90415	526	90152	2889669	31.96
2020-2022	45	0.00592	0.00591	0.5	89889	531	89623	2799518	31.14
2020-2022	46	0.00602	0.00600	0.5	89358	536	89090	2709894	30.33
2020-2022	47	0.00645	0.00643	0.5	88822	571	88536	2620804	29.51
2020-2022	48	0.00739	0.00736	0.5	88251	650	87926	2532268	28.69
2020-2022	49	0.00789	0.00786	0.5	87601	688	87257	2444342	27.90
2020-2022	50	0.00834	0.00831	0.5	86913	722	86552	2357085	27.12
2020-2022	51	0.00848	0.00844	0.5	86191	728	85827	2270533	26.34
2020-2022	52	0.00881	0.00878	0.5	85463	750	85088	2184707	25.56
2020-2022	53	0.00954	0.00949	0.5	84713	804	84311	2099619	24.79
2020-2022	54	0.01040	0.01035	0.5	83909	868	83475	2015308	24.02
2020-2022	55	0.01108	0.01102	0.5	83041	915	82583	1931833	23.26
2020-2022	56	0.01280	0.01272	0.5	82125	1045	81603	1849250	22.52
2020-2022	57	0.01263	0.01255	0.5	81081	1017	80572	1767647	21.80
2020-2022	58	0.01387	0.01378	0.5	80063	1103	79512	1687075	21.07
2020-2022	59	0.01601	0.01589	0.5	78960	1254	78333	1607563	20.36
2020-2022	60	0.01694	0.01680	0.5	77706	1305	77053	1529230	19.68
2020-2022	61	0.01815	0.01799	0.5	76401	1374	75714	1452177	19.01
2020-2022	62	0.01860	0.01843	0.5	75027	1382	74335	1376463	18.35
2020-2022	63	0.02049	0.02028	0.5	73644	1493	72898	1302128	17.68
2020-2022	64	0.02188	0.02164	0.5	72151	1562	71370	1229230	17.04
2020-2022	65	0.02235	0.02211	0.5	70589	1561	69809	1157860	16.40
2020-2022	66	0.02294	0.02268	0.5	69029	1566	68246	1088051	15.76
2020-2022	67	0.02459	0.02429	0.5	67463	1639	66644	1019805	15.12
2020-2022	68	0.02693	0.02657	0.5	65824	1749	64950	953162	14.48
2020-2022	69	0.02812	0.02773	0.5	64075	1777	63187	888212	13.86
2020-2022	70	0.02961	0.02918	0.5	62298	1818	61389	825025	13.24
2020-2022	71	0.03206	0.03156	0.5	60480	1909	59526	763635	12.63
2020-2022	72	0.03354	0.03299	0.5	58572	1932	57606	704109	12.02
2020-2022	73	0.03663	0.03597	0.5	56640	2038	55621	646504	11.41
2020-2022	74	0.03962	0.03885	0.5	54602	2121	53541	590883	10.82
2020-2022	75	0.04323	0.04231	0.5	52481	2221	51370	537341	10.24
2020-2022	76	0.04758	0.04647	0.5	50260	2336	49092	485971	9.67
2020-2022	77	0.05197	0.05066	0.5	47924	2428	46710	436879	9.12
2020-2022	78	0.05934	0.05763	0.5	45497	2622	44186	390168	8.58
2020-2022	79	0.06610	0.06398	0.5	42875	2743	41503	345983	8.07
2020-2022	80	0.06897	0.06667	0.5	40131	2676	38794	304480	7.59
2020-2022	81	0.07743	0.07454	0.5	37456	2792	36060	265686	7.09
2020-2022	82	0.08683	0.08322	0.5	34664	2885	33221	229626	6.62
2020-2022	83	0.09725	0.09274	0.5	31779	2947	30306	196405	6.18
2020-2022	84	0.10877	0.10316	0.5	28832	2974	27345	166099	5.76
2020-2022	85	0.12148	0.11452	0.5	25858	2961	24377	138755	5.37
2020-2022	86	0.13544	0.12685	0.5	22896	2904	21444	114378	5.00
2020-2022	87	0.15073	0.14017	0.5	19992	2802	18591	92934	4.65
2020-2022	88	0.16742	0.15448	0.5	17190	2656	15862	74343	4.32
2020-2022	89	0.18554	0.16979	0.5	14534	2468	13300	58481	4.02
2020-2022	90	0.20515	0.18606	0.5	12066	2245	10944	45181	3.74
2020-2022	91	0.22625	0.20326	0.5	9821	1996	8823	34237	3.49
2020-2022	92	0.24885	0.22131	0.5	7825	1732	6959	25414	3.25
2020-2022	93	0.27290	0.24013	0.5	6093	1463	5362	18455	3.03
2020-2022	94	0.29836	0.25963	0.5	4630	1202	4029	13093	2.83
2020-2022	95	0.32513	0.27966	0.5	3428	959	2949	9064	2.64
2020-2022	96	0.35309	0.30011	0.5	2469	741	2099	6116	2.48
2020-2022	97	0.38209	0.32080	0.5	1728	554	1451	4017	2.32
2020-2022	98	0.41196	0.34160	0.5	1174	401	973	2566	2.19
2020-2022	99	0.44250	0.36233	0.5	773	280	633	1593	2.06
2020-2022	100	0.47347	0.38284	0.5	493	189	398	960	1.95
2020-2022	101	0.50465	0.40297	0.5	304	123	243	561	1.85
2020-2022	102	0.53579	0.42259	0.5	182	77	143	318	1.75
2020-2022	103	0.56666	0.44156	0.5	105	46	82	175	1.67
2020-2022	104	0.59702	0.45977	0.5	59	27	45	94	1.60
2020-2022	105	0.62665	0.47715	0.5	32	15	24	48	1.53
2020-2022	106	0.65536	0.49362	0.5	17	8	12	24	1.47
2020-2022	107	0.68298	0.50912	0.5	8	4	6	12	1.42
2020-2022	108	0.70937	0.52364	0.5	4	2	3	6	1.38
2020-2022	109	0.73442	0.53717	0.5	2	1	1	3	1.34
2020-2022	110+	0.75804	1.00000	1.32	1	1	1	1	1.32
