USA: USA, Lifetables (period 5x10), Both sexes Last modified: February 4 2025, MPv5 (May07) 

Year     	Age	mx	qx	ax	lx	dx	Lx	Tx	ex
1941-1949	0	0.03848	0.03727	0.15	100000	3727	96851	6607176	66.07
1941-1949	1-4	0.00200	0.00798	1.55	96273	768	383210	6510325	67.62
1941-1949	5-9	0.00086	0.00430	2.34	95505	411	476433	6127115	64.15
1941-1949	10-14	0.00081	0.00406	2.67	95095	386	474571	5650682	59.42
1941-1949	15-19	0.00141	0.00703	2.69	94708	665	472004	5176110	54.65
1941-1949	20-24	0.00193	0.00962	2.56	94043	904	468004	4704107	50.02
1941-1949	25-29	0.00209	0.01040	2.54	93139	969	463310	4236103	45.48
1941-1949	30-34	0.00258	0.01280	2.61	92170	1180	458025	3772792	40.93
1941-1949	35-39	0.00360	0.01787	2.64	90990	1626	451115	3314767	36.43
1941-1949	40-44	0.00524	0.02588	2.64	89364	2312	441367	2863652	32.04
1941-1949	45-49	0.00776	0.03809	2.65	87052	3316	427455	2422285	27.83
1941-1949	50-54	0.01170	0.05690	2.63	83735	4765	407361	1994830	23.82
1941-1949	55-59	0.01683	0.08090	2.61	78971	6388	379585	1587468	20.10
1941-1949	60-64	0.02424	0.11455	2.6	72582	8315	342982	1207883	16.64
1941-1949	65-69	0.03639	0.16731	2.59	64268	10752	295437	864902	13.46
1941-1949	70-74	0.05472	0.24131	2.55	53515	12914	235996	569465	10.64
1941-1949	75-79	0.08337	0.34494	2.5	40601	14005	167977	333469	8.21
1941-1949	80-84	0.12540	0.47371	2.42	26596	12599	100470	165491	6.22
1941-1949	85-89	0.18859	0.62326	2.28	13997	8724	46259	65021	4.65
1941-1949	90-94	0.25929	0.73581	2.06	5273	3880	14964	18762	3.56
1941-1949	95-99	0.35289	0.84420	1.91	1393	1176	3333	3798	2.73
1941-1949	100-104	0.45880	0.91300	1.7	217	198	432	465	2.14
1941-1949	105-109	0.56918	0.95285	1.51	19	18	32	33	1.75
1941-1949	110+	0.65758	1.00000	1.52	1	1	1	1	1.52
1950-1959	0	0.02816	0.02748	0.13	100000	2748	97599	6923092	69.23
1950-1959	1-4	0.00121	0.00482	1.58	97252	469	387870	6825493	70.18
1950-1959	5-9	0.00053	0.00266	2.32	96783	257	483225	6437622	66.52
1950-1959	10-14	0.00051	0.00253	2.7	96526	244	482066	5954397	61.69
1950-1959	15-19	0.00101	0.00503	2.71	96281	485	480296	5472331	56.84
1950-1959	20-24	0.00132	0.00656	2.53	95796	629	477431	4992034	52.11
1950-1959	25-29	0.00142	0.00707	2.54	95168	673	474182	4514603	47.44
1950-1959	30-34	0.00175	0.00870	2.62	94495	822	470514	4040421	42.76
1950-1959	35-39	0.00252	0.01253	2.67	93672	1174	465623	3569907	38.11
1950-1959	40-44	0.00394	0.01954	2.67	92498	1807	458286	3104284	33.56
1950-1959	45-49	0.00627	0.03089	2.68	90691	2802	446948	2645998	29.18
1950-1959	50-54	0.00977	0.04774	2.65	87889	4196	429592	2199050	25.02
1950-1959	55-59	0.01451	0.07013	2.63	83693	5869	404557	1769459	21.14
1950-1959	60-64	0.02161	0.10277	2.62	77824	7998	370119	1364901	17.54
1950-1959	65-69	0.03267	0.15144	2.59	69826	10574	323687	994783	14.25
1950-1959	70-74	0.04860	0.21733	2.57	59252	12877	264972	671095	11.33
1950-1959	75-79	0.07459	0.31484	2.53	46375	14601	195746	406124	8.76
1950-1959	80-84	0.11376	0.44090	2.45	31774	14009	123142	210377	6.62
1950-1959	85-89	0.17330	0.59140	2.32	17765	10506	60623	87235	4.91
1950-1959	90-94	0.24967	0.72711	2.13	7259	5278	21139	26612	3.67
1950-1959	95-99	0.34689	0.83989	1.93	1981	1664	4796	5473	2.76
1950-1959	100-104	0.45983	0.91419	1.71	317	290	631	677	2.14
1950-1959	105-109	0.57800	0.95555	1.5	27	26	45	47	1.72
1950-1959	110+	0.67232	1.00000	1.49	1	1	2	2	1.49
1960-1969	0	0.02446	0.02394	0.12	100000	2394	97884	7019161	70.19
1960-1969	1-4	0.00097	0.00387	1.61	97606	378	389521	6921277	70.91
1960-1969	5-9	0.00045	0.00223	2.3	97228	217	485557	6531756	67.18
1960-1969	10-14	0.00042	0.00209	2.7	97012	203	484592	6046199	62.32
1960-1969	15-19	0.00099	0.00496	2.81	96809	480	482995	5561606	57.45
1960-1969	20-24	0.00130	0.00649	2.5	96329	625	480081	5078611	52.72
1960-1969	25-29	0.00135	0.00673	2.54	95703	644	476929	4598530	48.05
1960-1969	30-34	0.00167	0.00831	2.62	95059	790	473412	4121601	43.36
1960-1969	35-39	0.00241	0.01198	2.66	94269	1130	468704	3648188	38.70
1960-1969	40-44	0.00372	0.01845	2.67	93139	1719	461691	3179484	34.14
1960-1969	45-49	0.00583	0.02875	2.67	91421	2628	450974	2717793	29.73
1960-1969	50-54	0.00920	0.04503	2.65	88792	3998	434576	2266819	25.53
1960-1969	55-59	0.01380	0.06681	2.64	84794	5665	410575	1832243	21.61
1960-1969	60-64	0.02063	0.09833	2.62	79129	7781	377098	1421668	17.97
1960-1969	65-69	0.03083	0.14347	2.58	71348	10237	331997	1044569	14.64
1960-1969	70-74	0.04617	0.20763	2.58	61111	12688	274801	712573	11.66
1960-1969	75-79	0.06943	0.29614	2.52	48423	14340	206532	437771	9.04
1960-1969	80-84	0.10865	0.42610	2.47	34083	14523	133669	231240	6.78
1960-1969	85-89	0.16872	0.58102	2.32	19560	11365	67360	97571	4.99
1960-1969	90-94	0.24735	0.72459	2.14	8195	5938	24008	30211	3.69
1960-1969	95-99	0.34854	0.84193	1.93	2257	1900	5452	6203	2.75
1960-1969	100-104	0.46669	0.91785	1.7	357	327	702	751	2.11
1960-1969	105-109	0.58995	0.95869	1.48	29	28	48	49	1.69
1960-1969	110+	0.68767	1.00000	1.45	1	1	2	2	1.45
1970-1979	0	0.01687	0.01662	0.1	100000	1662	98496	7221933	72.22
1970-1979	1-4	0.00074	0.00296	1.66	98338	291	392673	7123437	72.44
1970-1979	5-9	0.00037	0.00187	2.32	98048	183	489748	6730764	68.65
1970-1979	10-14	0.00037	0.00184	2.75	97865	181	488918	6241016	63.77
1970-1979	15-19	0.00104	0.00519	2.85	97684	507	487329	5752098	58.88
1970-1979	20-24	0.00137	0.00684	2.49	97177	665	484217	5264769	54.18
1970-1979	25-29	0.00134	0.00669	2.51	96512	646	480950	4780553	49.53
1970-1979	30-34	0.00152	0.00758	2.6	95866	726	477584	4299603	44.85
1970-1979	35-39	0.00215	0.01069	2.65	95140	1017	473313	3822018	40.17
1970-1979	40-44	0.00333	0.01653	2.68	94123	1556	467000	3348705	35.58
1970-1979	45-49	0.00526	0.02598	2.66	92567	2405	457214	2881705	31.13
1970-1979	50-54	0.00802	0.03937	2.65	90163	3550	442461	2424491	26.89
1970-1979	55-59	0.01216	0.05913	2.64	86613	5121	420989	1982031	22.88
1970-1979	60-64	0.01841	0.08820	2.63	81492	7188	390392	1561042	19.16
1970-1979	65-69	0.02682	0.12596	2.59	74304	9360	349005	1170649	15.75
1970-1979	70-74	0.03995	0.18216	2.58	64944	11830	296113	821644	12.65
1970-1979	75-79	0.06061	0.26382	2.55	53114	14013	231179	525531	9.89
1970-1979	80-84	0.09338	0.37837	2.49	39101	14795	158442	294352	7.53
1970-1979	85-89	0.14415	0.52293	2.38	24306	12711	88180	135910	5.59
1970-1979	90-94	0.21605	0.67486	2.22	11596	7826	36222	47730	4.12
1970-1979	95-99	0.30920	0.80381	2.01	3770	3031	9801	11509	3.05
1970-1979	100-104	0.42262	0.89511	1.78	740	662	1567	1707	2.31
1970-1979	105-109	0.54628	0.94734	1.55	78	73	135	141	1.82
1970-1979	110+	0.64717	1.00000	1.55	4	4	6	6	1.55
1980-1989	0	0.01112	0.01100	0.08	100000	1100	98987	7457357	74.57
1980-1989	1-4	0.00055	0.00218	1.62	98900	216	395085	7358371	74.40
1980-1989	5-9	0.00026	0.00130	2.38	98684	129	493081	6963286	70.56
1980-1989	10-14	0.00028	0.00141	2.78	98555	139	492467	6470205	65.65
1980-1989	15-19	0.00085	0.00425	2.85	98416	418	491182	5977738	60.74
1980-1989	20-24	0.00114	0.00570	2.52	97998	559	488606	5486557	55.99
1980-1989	25-29	0.00121	0.00604	2.53	97440	589	485746	4997951	51.29
1980-1989	30-34	0.00141	0.00705	2.57	96851	683	482597	4512205	46.59
1980-1989	35-39	0.00181	0.00900	2.61	96168	866	478774	4029609	41.90
1980-1989	40-44	0.00258	0.01283	2.66	95303	1222	473647	3550834	37.26
1980-1989	45-49	0.00406	0.02012	2.68	94080	1893	466001	3077188	32.71
1980-1989	50-54	0.00654	0.03221	2.67	92187	2969	454007	2611186	28.32
1980-1989	55-59	0.01023	0.04996	2.65	89217	4458	435627	2157180	24.18
1980-1989	60-64	0.01570	0.07569	2.63	84760	6416	408582	1721552	20.31
1980-1989	65-69	0.02331	0.11038	2.61	78344	8648	371053	1312970	16.76
1980-1989	70-74	0.03525	0.16249	2.59	69697	11325	321236	941916	13.51
1980-1989	75-79	0.05248	0.23258	2.56	58372	13576	258677	620681	10.63
1980-1989	80-84	0.08297	0.34387	2.51	44796	15404	185665	362004	8.08
1980-1989	85-89	0.12938	0.48480	2.42	29392	14249	110131	176339	6.00
1980-1989	90-94	0.19895	0.64447	2.27	15142	9759	49052	66208	4.37
1980-1989	95-99	0.29349	0.78688	2.05	5384	4236	14434	17156	3.19
1980-1989	100-104	0.40989	0.88805	1.81	1147	1019	2486	2722	2.37
1980-1989	105-109	0.53909	0.94559	1.57	128	121	225	236	1.84
1980-1989	110+	0.64530	1.00000	1.55	7	7	11	11	1.55
1990-1999	0	0.00829	0.00823	0.07	100000	823	99236	7600142	76.00
1990-1999	1-4	0.00041	0.00163	1.62	99177	162	396323	7500906	75.63
1990-1999	5-9	0.00019	0.00097	2.38	99015	96	494823	7104583	71.75
1990-1999	10-14	0.00024	0.00120	2.87	98919	118	494341	6609761	66.82
1990-1999	15-19	0.00080	0.00399	2.83	98800	394	493148	6115419	61.90
1990-1999	20-24	0.00102	0.00511	2.5	98406	503	490770	5622272	57.13
1990-1999	25-29	0.00110	0.00550	2.57	97903	538	488209	5131501	52.41
1990-1999	30-34	0.00143	0.00711	2.61	97365	693	485166	4643293	47.69
1990-1999	35-39	0.00189	0.00940	2.61	96672	909	481190	4158127	43.01
1990-1999	40-44	0.00256	0.01275	2.62	95763	1221	475914	3676936	38.40
1990-1999	45-49	0.00364	0.01807	2.64	94543	1708	468686	3201022	33.86
1990-1999	50-54	0.00549	0.02710	2.67	92834	2516	458300	2732336	29.43
1990-1999	55-59	0.00867	0.04248	2.66	90319	3836	442635	2274036	25.18
1990-1999	60-64	0.01366	0.06616	2.64	86482	5722	418926	1831401	21.18
1990-1999	65-69	0.02059	0.09817	2.62	80761	7928	384969	1412476	17.49
1990-1999	70-74	0.03126	0.14539	2.6	72833	10589	338761	1027507	14.11
1990-1999	75-79	0.04722	0.21189	2.58	62243	13189	279283	688746	11.07
1990-1999	80-84	0.07736	0.32480	2.53	49054	15933	205951	409463	8.35
1990-1999	85-89	0.12323	0.46836	2.44	33122	15513	125883	203512	6.14
1990-1999	90-94	0.19556	0.63897	2.29	17609	11252	57534	77629	4.41
1990-1999	95-99	0.29545	0.79016	2.06	6357	5023	17002	20095	3.16
1990-1999	100-104	0.41985	0.89488	1.79	1334	1194	2843	3093	2.32
1990-1999	105-109	0.55714	0.95127	1.54	140	133	239	250	1.78
1990-1999	110+	0.66881	1.00000	1.5	7	7	10	10	1.50
2000-2009	0	0.00699	0.00695	0.07	100000	695	99352	7756126	77.56
2000-2009	1-4	0.00030	0.00121	1.6	99305	120	396932	7656774	77.10
2000-2009	5-9	0.00014	0.00072	2.41	99185	71	495739	7259842	73.20
2000-2009	10-14	0.00018	0.00088	2.81	99114	88	495376	6764103	68.25
2000-2009	15-19	0.00062	0.00312	2.94	99026	309	494496	6268727	63.30
2000-2009	20-24	0.00096	0.00476	2.52	98718	470	492423	5774231	58.49
2000-2009	25-29	0.00098	0.00491	2.53	98247	482	490045	5281808	53.76
2000-2009	30-34	0.00112	0.00560	2.59	97765	548	487505	4791763	49.01
2000-2009	35-39	0.00154	0.00765	2.65	97218	744	484339	4304259	44.27
2000-2009	40-44	0.00232	0.01156	2.67	96474	1115	479767	3819920	39.60
2000-2009	45-49	0.00351	0.01739	2.65	95359	1658	472901	3340152	35.03
2000-2009	50-54	0.00513	0.02534	2.63	93701	2374	462884	2867251	30.60
2000-2009	55-59	0.00745	0.03658	2.64	91326	3341	448756	2404367	26.33
2000-2009	60-64	0.01131	0.05506	2.65	87985	4845	428529	1955612	22.23
2000-2009	65-69	0.01709	0.08211	2.63	83140	6827	399531	1527082	18.37
2000-2009	70-74	0.02646	0.12449	2.62	76314	9501	359001	1127551	14.78
2000-2009	75-79	0.04173	0.18967	2.6	66813	12672	303662	768550	11.50
2000-2009	80-84	0.07086	0.30213	2.56	54141	16358	230836	464887	8.59
2000-2009	85-89	0.11920	0.45799	2.47	37783	17304	145173	234051	6.19
2000-2009	90-94	0.19813	0.64517	2.3	20479	13212	66684	88879	4.34
2000-2009	95-99	0.30653	0.80401	2.04	7266	5842	19059	22194	3.05
2000-2009	100-104	0.44375	0.90904	1.75	1424	1295	2917	3135	2.20
2000-2009	105-109	0.59185	0.96039	1.48	130	124	210	217	1.68
2000-2009	110+	0.70890	1.00000	1.41	5	5	7	7	1.41
2010-2019	0	0.00588	0.00585	0.06	100000	585	99453	7875788	78.76
2010-2019	1-4	0.00025	0.00100	1.61	99415	100	397423	7776335	78.22
2010-2019	5-9	0.00012	0.00058	2.41	99316	58	496428	7378912	74.30
2010-2019	10-14	0.00014	0.00072	2.82	99258	72	496131	6882485	69.34
2010-2019	15-19	0.00048	0.00240	2.97	99186	238	495445	6386353	64.39
2010-2019	20-24	0.00089	0.00443	2.6	98947	438	493687	5890908	59.54
2010-2019	25-29	0.00107	0.00534	2.56	98509	526	491264	5397221	54.79
2010-2019	30-34	0.00127	0.00635	2.57	97983	622	488405	4905958	50.07
2010-2019	35-39	0.00156	0.00779	2.59	97361	759	484976	4417553	45.37
2010-2019	40-44	0.00208	0.01036	2.63	96602	1000	480643	3932577	40.71
2010-2019	45-49	0.00315	0.01562	2.67	95602	1494	474530	3451934	36.11
2010-2019	50-54	0.00489	0.02418	2.66	94108	2276	465210	2977404	31.64
2010-2019	55-59	0.00729	0.03584	2.63	91832	3291	451365	2512194	27.36
2010-2019	60-64	0.01041	0.05078	2.62	88541	4496	432014	2060829	23.28
2010-2019	65-69	0.01485	0.07173	2.63	84044	6029	405908	1628815	19.38
2010-2019	70-74	0.02262	0.10734	2.63	78016	8374	370238	1222907	15.68
2010-2019	75-79	0.03592	0.16544	2.62	69642	11522	320756	852669	12.24
2010-2019	80-84	0.06225	0.27070	2.59	58120	15733	252720	531913	9.15
2010-2019	85-89	0.10720	0.42300	2.51	42387	17930	167247	279192	6.59
2010-2019	90-94	0.18403	0.61731	2.33	24457	15098	82042	111945	4.58
2010-2019	95-99	0.29016	0.78596	2.08	9359	7356	25352	29903	3.19
2010-2019	100-104	0.42868	0.90142	1.79	2003	1806	4213	4550	2.27
2010-2019	105-109	0.58067	0.95804	1.5	197	189	326	338	1.71
2010-2019	110+	0.70174	1.00000	1.43	8	8	12	12	1.43
2020-2022	0	0.00547	0.00545	0.06	100000	545	99490	7699290	76.99
2020-2022	1-4	0.00025	0.00101	1.6	99455	101	397580	7599800	76.41
2020-2022	5-9	0.00012	0.00059	2.37	99355	59	496619	7202220	72.49
2020-2022	10-14	0.00017	0.00083	2.89	99296	82	496308	6705601	67.53
2020-2022	15-19	0.00059	0.00296	2.98	99214	294	495479	6209293	62.58
2020-2022	20-24	0.00110	0.00546	2.63	98920	541	493319	5713815	57.76
2020-2022	25-29	0.00147	0.00731	2.61	98380	719	490182	5220496	53.06
2020-2022	30-34	0.00189	0.00942	2.58	97660	920	486076	4730314	48.44
2020-2022	35-39	0.00232	0.01154	2.59	96741	1116	481013	4244238	43.87
2020-2022	40-44	0.00295	0.01466	2.59	95625	1402	474741	3763225	39.35
2020-2022	45-49	0.00393	0.01949	2.63	94223	1836	466770	3288484	34.90
2020-2022	50-54	0.00569	0.02807	2.63	92387	2593	455800	2821714	30.54
2020-2022	55-59	0.00849	0.04162	2.64	89794	3737	440149	2365914	26.35
2020-2022	60-64	0.01244	0.06042	2.62	86056	5199	417896	1925765	22.38
2020-2022	65-69	0.01719	0.08255	2.59	80857	6675	388220	1507869	18.65
2020-2022	70-74	0.02508	0.11834	2.62	74182	8779	350020	1119649	15.09
2020-2022	75-79	0.04015	0.18329	2.63	65404	11988	298571	769629	11.77
2020-2022	80-84	0.06658	0.28671	2.58	53416	15315	230030	471058	8.82
2020-2022	85-89	0.11406	0.44339	2.49	38101	16893	148110	241027	6.33
2020-2022	90-94	0.19504	0.63973	2.31	21207	13567	69560	92917	4.38
2020-2022	95-99	0.30576	0.80380	2.05	7640	6141	20086	23358	3.06
2020-2022	100-104	0.44766	0.91146	1.75	1499	1366	3052	3272	2.18
2020-2022	105-109	0.60025	0.96243	1.47	133	128	213	220	1.66
2020-2022	110+	0.71979	1.00000	1.39	5	5	7	7	1.39
