USA: USA, Lifetables (period 5x5), Females Last modified: February 4 2025, MPv5 (May07) 

Year     	Age	mx	qx	ax	lx	dx	Lx	Tx	ex
1941-1944	0	0.03829	0.03709	0.16	100000	3709	96885	6727148	67.27
1941-1944	1-4	0.00235	0.00936	1.5	96291	901	382909	6630263	68.86
1941-1944	5-9	0.00083	0.00416	2.26	95389	397	475860	6247354	65.49
1941-1944	10-14	0.00073	0.00364	2.67	94992	345	474157	5771495	60.76
1941-1944	15-19	0.00129	0.00643	2.69	94647	608	471829	5297338	55.97
1941-1944	20-24	0.00180	0.00895	2.59	94039	842	468162	4825508	51.31
1941-1944	25-29	0.00210	0.01043	2.55	93197	973	463607	4357346	46.75
1941-1944	30-34	0.00261	0.01296	2.6	92225	1195	458257	3893740	42.22
1941-1944	35-39	0.00354	0.01758	2.62	91029	1600	451336	3435483	37.74
1941-1944	40-44	0.00471	0.02330	2.61	89429	2084	442166	2984147	33.37
1941-1944	45-49	0.00672	0.03308	2.62	87345	2889	429852	2541981	29.10
1941-1944	50-54	0.00961	0.04699	2.63	84456	3968	412870	2112129	25.01
1941-1944	55-59	0.01378	0.06669	2.6	80487	5368	389565	1699259	21.11
1941-1944	60-64	0.02054	0.09799	2.65	75120	7361	358288	1309694	17.43
1941-1944	65-69	0.03180	0.14769	2.6	67759	10008	314752	951406	14.04
1941-1944	70-74	0.05050	0.22496	2.58	57751	12992	257265	636654	11.02
1941-1944	75-79	0.07816	0.32728	2.52	44759	14649	187415	379389	8.48
1941-1944	80-84	0.12116	0.46201	2.43	30111	13911	114821	191975	6.38
1941-1944	85-89	0.18157	0.60929	2.3	16199	9870	54358	77154	4.76
1941-1944	90-94	0.25644	0.73192	2.07	6329	4632	18065	22795	3.60
1941-1944	95-99	0.34414	0.83653	1.93	1697	1419	4124	4731	2.79
1941-1944	100-104	0.44885	0.90803	1.72	277	252	561	606	2.19
1941-1944	105-109	0.55861	0.94994	1.53	26	24	43	45	1.78
1941-1944	110+	0.64678	1.00000	1.55	1	1	2	2	1.55
1945-1949	0	0.03054	0.02976	0.14	100000	2976	97436	6971918	69.72
1945-1949	1-4	0.00152	0.00605	1.56	97024	587	386665	6874482	70.85
1945-1949	5-9	0.00064	0.00320	2.3	96437	308	481351	6487817	67.28
1945-1949	10-14	0.00057	0.00286	2.66	96128	275	479999	6006465	62.48
1945-1949	15-19	0.00096	0.00480	2.68	95854	460	478202	5526467	57.66
1945-1949	20-24	0.00133	0.00662	2.57	95394	631	475433	5048264	52.92
1945-1949	25-29	0.00155	0.00771	2.58	94762	730	472042	4572832	48.26
1945-1949	30-34	0.00199	0.00991	2.61	94032	932	467937	4100790	43.61
1945-1949	35-39	0.00280	0.01390	2.64	93100	1294	462446	3632853	39.02
1945-1949	40-44	0.00404	0.02000	2.64	91806	1836	454698	3170407	34.53
1945-1949	45-49	0.00576	0.02843	2.65	89970	2558	443830	2715708	30.18
1945-1949	50-54	0.00856	0.04194	2.62	87412	3666	428326	2271879	25.99
1945-1949	55-59	0.01222	0.05938	2.64	83746	4973	406984	1843552	22.01
1945-1949	60-64	0.01796	0.08613	2.61	78774	6785	377678	1436568	18.24
1945-1949	65-69	0.02876	0.13466	2.64	71989	9694	337116	1058890	14.71
1945-1949	70-74	0.04544	0.20482	2.59	62295	12759	280769	721774	11.59
1945-1949	75-79	0.07310	0.30971	2.54	49536	15342	209863	441005	8.90
1945-1949	80-84	0.10964	0.42901	2.47	34194	14669	133792	231142	6.76
1945-1949	85-89	0.17143	0.58753	2.32	19524	11471	66914	97350	4.99
1945-1949	90-94	0.24035	0.71049	2.12	8053	5722	23806	30436	3.78
1945-1949	95-99	0.33605	0.82984	1.95	2331	1935	5757	6630	2.84
1945-1949	100-104	0.44563	0.90692	1.73	397	360	807	873	2.20
1945-1949	105-109	0.56112	0.95098	1.52	37	35	63	65	1.77
1945-1949	110+	0.65382	1.00000	1.53	2	2	3	3	1.53
1950-1954	0	0.02547	0.02491	0.12	100000	2491	97819	7181249	71.81
1950-1954	1-4	0.00122	0.00488	1.57	97509	476	388877	7083431	72.64
1950-1954	5-9	0.00048	0.00242	2.27	97033	235	484524	6694554	68.99
1950-1954	10-14	0.00041	0.00207	2.65	96798	200	483521	6210030	64.15
1950-1954	15-19	0.00070	0.00349	2.66	96598	337	482201	5726510	59.28
1950-1954	20-24	0.00089	0.00444	2.57	96261	427	480267	5244308	54.48
1950-1954	25-29	0.00110	0.00551	2.59	95834	528	477895	4764042	49.71
1950-1954	30-34	0.00148	0.00735	2.65	95306	701	474881	4286146	44.97
1950-1954	35-39	0.00218	0.01085	2.65	94605	1027	470614	3811265	40.29
1950-1954	40-44	0.00327	0.01620	2.66	93579	1516	464343	3340651	35.70
1950-1954	45-49	0.00497	0.02457	2.66	92062	2262	455027	2876307	31.24
1950-1954	50-54	0.00741	0.03641	2.64	89800	3270	441293	2421281	26.96
1950-1954	55-59	0.01072	0.05227	2.62	86530	4523	421872	1979988	22.88
1950-1954	60-64	0.01632	0.07861	2.66	82008	6447	394977	1558116	19.00
1950-1954	65-69	0.02551	0.12025	2.62	75561	9086	356217	1163139	15.39
1950-1954	70-74	0.04141	0.18845	2.62	66475	12527	302516	806923	12.14
1950-1954	75-79	0.06562	0.28267	2.55	53947	15249	232374	504407	9.35
1950-1954	80-84	0.10337	0.40997	2.48	38698	15865	153485	272033	7.03
1950-1954	85-89	0.15958	0.56074	2.35	22833	12803	80231	118548	5.19
1950-1954	90-94	0.23768	0.71042	2.17	10030	7125	29978	38317	3.82
1950-1954	95-99	0.33200	0.82658	1.96	2904	2401	7231	8339	2.87
1950-1954	100-104	0.44562	0.90734	1.73	504	457	1026	1108	2.20
1950-1954	105-109	0.56562	0.95246	1.52	47	44	79	82	1.76
1950-1954	110+	0.66175	1.00000	1.51	2	2	3	3	1.51
1955-1959	0	0.02362	0.02314	0.12	100000	2314	97962	7299435	72.99
1955-1959	1-4	0.00101	0.00401	1.56	97686	392	389790	7201473	73.72
1955-1959	5-9	0.00041	0.00206	2.27	97295	201	485924	6811683	70.01
1955-1959	10-14	0.00034	0.00171	2.62	97094	166	485074	6325759	65.15
1955-1959	15-19	0.00058	0.00288	2.67	96928	279	483989	5840685	60.26
1955-1959	20-24	0.00073	0.00364	2.57	96649	352	482389	5356696	55.42
1955-1959	25-29	0.00091	0.00452	2.61	96297	436	480444	4874307	50.62
1955-1959	30-34	0.00126	0.00629	2.64	95862	603	477884	4393864	45.84
1955-1959	35-39	0.00186	0.00925	2.68	95259	882	474246	3915979	41.11
1955-1959	40-44	0.00284	0.01410	2.66	94377	1331	468768	3441733	36.47
1955-1959	45-49	0.00436	0.02160	2.67	93046	2010	460545	2972966	31.95
1955-1959	50-54	0.00660	0.03251	2.65	91037	2959	448219	2512420	27.60
1955-1959	55-59	0.00966	0.04725	2.66	88078	4162	430656	2064202	23.44
1955-1959	60-64	0.01472	0.07115	2.65	83916	5971	405542	1633546	19.47
1955-1959	65-69	0.02404	0.11377	2.65	77945	8868	368863	1228003	15.75
1955-1959	70-74	0.03780	0.17337	2.62	69077	11976	316843	859140	12.44
1955-1959	75-79	0.06325	0.27432	2.58	57101	15664	247659	542297	9.50
1955-1959	80-84	0.10014	0.40047	2.5	41437	16594	165711	294638	7.11
1955-1959	85-89	0.16002	0.56221	2.36	24843	13967	87281	128927	5.19
1955-1959	90-94	0.23575	0.70670	2.17	10876	7686	32603	41646	3.83
1955-1959	95-99	0.33642	0.83121	1.96	3190	2651	7881	9043	2.83
1955-1959	100-104	0.45452	0.91217	1.72	538	491	1081	1162	2.16
1955-1959	105-109	0.57846	0.95596	1.5	47	45	78	81	1.72
1955-1959	110+	0.67701	1.00000	1.48	2	2	3	3	1.48
1960-1964	0	0.02228	0.02185	0.12	100000	2185	98067	7359485	73.59
1960-1964	1-4	0.00092	0.00369	1.57	97815	361	390383	7261418	74.24
1960-1964	5-9	0.00039	0.00193	2.23	97454	189	486750	6871034	70.51
1960-1964	10-14	0.00031	0.00156	2.61	97266	151	485967	6384285	65.64
1960-1964	15-19	0.00054	0.00269	2.7	97114	261	484973	5898318	60.74
1960-1964	20-24	0.00070	0.00351	2.57	96854	340	483439	5413345	55.89
1960-1964	25-29	0.00088	0.00439	2.6	96513	424	481548	4929906	51.08
1960-1964	30-34	0.00123	0.00612	2.64	96089	588	479060	4448357	46.29
1960-1964	35-39	0.00184	0.00914	2.67	95501	873	475467	3969297	41.56
1960-1964	40-44	0.00276	0.01373	2.66	94628	1299	470107	3493830	36.92
1960-1964	45-49	0.00421	0.02083	2.66	93329	1944	462100	3023723	32.40
1960-1964	50-54	0.00637	0.03140	2.63	91385	2870	450135	2561623	28.03
1960-1964	55-59	0.00923	0.04518	2.64	88515	3999	433156	2111488	23.85
1960-1964	60-64	0.01430	0.06919	2.65	84516	5847	408826	1678332	19.86
1960-1964	65-69	0.02224	0.10563	2.62	78669	8309	373571	1269506	16.14
1960-1964	70-74	0.03599	0.16579	2.63	70359	11665	324104	895934	12.73
1960-1964	75-79	0.05811	0.25463	2.57	58695	14945	257190	571831	9.74
1960-1964	80-84	0.09757	0.39266	2.52	43749	17179	176059	314641	7.19
1960-1964	85-89	0.15759	0.55617	2.36	26571	14778	93775	138581	5.22
1960-1964	90-94	0.23761	0.70982	2.16	11793	8371	35229	44806	3.80
1960-1964	95-99	0.34101	0.83591	1.95	3422	2861	8388	9577	2.80
1960-1964	100-104	0.46366	0.91688	1.7	562	515	1110	1189	2.12
1960-1964	105-109	0.59148	0.95925	1.48	47	45	76	78	1.68
1960-1964	110+	0.69224	1.00000	1.44	2	2	3	3	1.44
1965-1969	0	0.01992	0.01957	0.11	100000	1957	98256	7412414	74.12
1965-1969	1-4	0.00083	0.00333	1.6	98043	326	391389	7314158	74.60
1965-1969	5-9	0.00036	0.00181	2.28	97717	177	488100	6922769	70.85
1965-1969	10-14	0.00030	0.00151	2.63	97539	148	487347	6434668	65.97
1965-1969	15-19	0.00059	0.00293	2.73	97392	286	486311	5947322	61.07
1965-1969	20-24	0.00073	0.00363	2.54	97106	353	484662	5461011	56.24
1965-1969	25-29	0.00086	0.00431	2.59	96753	417	482760	4976348	51.43
1965-1969	30-34	0.00123	0.00613	2.66	96336	591	480300	4493588	46.64
1965-1969	35-39	0.00184	0.00917	2.67	95745	878	476677	4013288	41.92
1965-1969	40-44	0.00282	0.01401	2.66	94867	1329	471223	3536611	37.28
1965-1969	45-49	0.00423	0.02093	2.65	93538	1958	463093	3065388	32.77
1965-1969	50-54	0.00627	0.03091	2.64	91580	2831	451227	2602295	28.42
1965-1969	55-59	0.00910	0.04454	2.64	88749	3953	434404	2151068	24.24
1965-1969	60-64	0.01350	0.06541	2.63	84796	5547	410828	1716664	20.24
1965-1969	65-69	0.02133	0.10151	2.63	79249	8045	377151	1305836	16.48
1965-1969	70-74	0.03410	0.15777	2.63	71205	11234	329422	928686	13.04
1965-1969	75-79	0.05606	0.24677	2.58	59970	14799	263992	599263	9.99
1965-1969	80-84	0.09233	0.37576	2.52	45171	16974	183836	335272	7.42
1965-1969	85-89	0.15115	0.54104	2.37	28198	15256	100932	151436	5.37
1965-1969	90-94	0.22980	0.69848	2.19	12942	9040	39337	50504	3.90
1965-1969	95-99	0.33231	0.82804	1.97	3902	3231	9723	11167	2.86
1965-1969	100-104	0.45548	0.91315	1.72	671	613	1345	1444	2.15
1965-1969	105-109	0.58494	0.95782	1.49	58	56	95	99	1.70
1965-1969	110+	0.68742	1.00000	1.45	2	2	4	4	1.45
1970-1974	0	0.01635	0.01611	0.1	100000	1611	98548	7518033	75.18
1970-1974	1-4	0.00071	0.00284	1.63	98389	280	392892	7419485	75.41
1970-1974	5-9	0.00034	0.00169	2.28	98109	166	490093	7026593	71.62
1970-1974	10-14	0.00029	0.00146	2.67	97943	143	489381	6536500	66.74
1970-1974	15-19	0.00060	0.00301	2.74	97800	295	488331	6047119	61.83
1970-1974	20-24	0.00072	0.00359	2.51	97505	350	486653	5558788	57.01
1970-1974	25-29	0.00083	0.00413	2.59	97155	401	484811	5072135	52.21
1970-1974	30-34	0.00112	0.00560	2.66	96754	542	482503	4587324	47.41
1970-1974	35-39	0.00171	0.00854	2.66	96213	821	479143	4104821	42.66
1970-1974	40-44	0.00266	0.01324	2.67	95391	1263	474015	3625678	38.01
1970-1974	45-49	0.00407	0.02015	2.65	94128	1897	466185	3151663	33.48
1970-1974	50-54	0.00591	0.02916	2.64	92232	2689	454812	2685479	29.12
1970-1974	55-59	0.00868	0.04255	2.64	89542	3810	438715	2230667	24.91
1970-1974	60-64	0.01294	0.06276	2.63	85732	5381	415919	1791952	20.90
1970-1974	65-69	0.01945	0.09296	2.62	80352	7469	383991	1376033	17.13
1970-1974	70-74	0.03145	0.14634	2.63	72882	10665	339149	992042	13.61
1970-1974	75-79	0.05145	0.22896	2.6	62217	14245	276851	652893	10.49
1970-1974	80-84	0.08462	0.35019	2.54	47972	16799	198515	376042	7.84
1970-1974	85-89	0.13876	0.51005	2.4	31172	15899	114585	177527	5.69
1970-1974	90-94	0.21472	0.67358	2.23	15273	10288	47912	62942	4.12
1970-1974	95-99	0.31294	0.80875	2.01	4985	4032	12884	15030	3.01
1970-1974	100-104	0.43406	0.90220	1.76	953	860	1982	2146	2.25
1970-1974	105-109	0.56402	0.95262	1.52	93	89	158	164	1.76
1970-1974	110+	0.66832	1.00000	1.5	4	4	7	7	1.50
1975-1979	0	0.01312	0.01297	0.09	100000	1297	98820	7701027	77.01
1975-1979	1-4	0.00059	0.00237	1.61	98703	234	394255	7602207	77.02
1975-1979	5-9	0.00027	0.00136	2.31	98469	134	491986	7207952	73.20
1975-1979	10-14	0.00024	0.00122	2.69	98335	120	491399	6715966	68.30
1975-1979	15-19	0.00054	0.00268	2.71	98215	264	490474	6224568	63.38
1975-1979	20-24	0.00064	0.00320	2.51	97952	313	488978	5734093	58.54
1975-1979	25-29	0.00070	0.00351	2.57	97638	342	487360	5245116	53.72
1975-1979	30-34	0.00089	0.00446	2.64	97296	434	485455	4757755	48.90
1975-1979	35-39	0.00136	0.00677	2.67	96862	656	482781	4272301	44.11
1975-1979	40-44	0.00220	0.01095	2.69	96206	1054	478591	3789519	39.39
1975-1979	45-49	0.00345	0.01710	2.66	95152	1627	471958	3310929	34.80
1975-1979	50-54	0.00525	0.02593	2.64	93525	2425	461906	2838970	30.36
1975-1979	55-59	0.00781	0.03833	2.65	91100	3492	447283	2377064	26.09
1975-1979	60-64	0.01170	0.05692	2.64	87609	4987	426268	1929782	22.03
1975-1979	65-69	0.01728	0.08302	2.63	82622	6859	396875	1503514	18.20
1975-1979	70-74	0.02697	0.12675	2.63	75763	9603	356044	1106639	14.61
1975-1979	75-79	0.04401	0.19910	2.61	66160	13173	299283	750594	11.35
1975-1979	80-84	0.07383	0.31291	2.57	52988	16581	224580	451311	8.52
1975-1979	85-89	0.12132	0.46303	2.44	36407	16858	138952	226731	6.23
1975-1979	90-94	0.19202	0.63102	2.28	19549	12336	64243	87779	4.49
1975-1979	95-99	0.28511	0.77734	2.08	7213	5607	19667	23537	3.26
1975-1979	100-104	0.40295	0.88386	1.82	1606	1420	3523	3869	2.41
1975-1979	105-109	0.53335	0.94385	1.58	187	176	330	346	1.86
1975-1979	110+	0.64003	1.00000	1.56	10	10	16	16	1.56
1980-1984	0	0.01044	0.01034	0.08	100000	1034	99051	7791049	77.91
1980-1984	1-4	0.00051	0.00203	1.58	98966	201	395377	7691998	77.72
1980-1984	5-9	0.00023	0.00115	2.34	98765	114	493521	7296622	73.88
1980-1984	10-14	0.00022	0.00107	2.7	98651	106	493011	6803100	68.96
1980-1984	15-19	0.00048	0.00239	2.74	98545	235	492194	6310089	64.03
1980-1984	20-24	0.00057	0.00286	2.53	98310	282	490853	5817895	59.18
1980-1984	25-29	0.00064	0.00321	2.57	98028	315	489375	5327041	54.34
1980-1984	30-34	0.00080	0.00400	2.63	97713	391	487640	4837666	49.51
1980-1984	35-39	0.00117	0.00583	2.68	97323	567	485297	4350026	44.70
1980-1984	40-44	0.00187	0.00933	2.68	96755	903	481684	3864730	39.94
1980-1984	45-49	0.00305	0.01513	2.69	95853	1450	475906	3383046	35.29
1980-1984	50-54	0.00481	0.02380	2.66	94402	2247	466745	2907140	30.80
1980-1984	55-59	0.00741	0.03642	2.66	92156	3356	452914	2440395	26.48
1980-1984	60-64	0.01132	0.05515	2.64	88800	4897	432450	1987480	22.38
1980-1984	65-69	0.01691	0.08130	2.63	83903	6821	403328	1555030	18.53
1980-1984	70-74	0.02621	0.12338	2.62	77081	9510	362795	1151702	14.94
1980-1984	75-79	0.04115	0.18725	2.6	67571	12652	307476	788907	11.68
1980-1984	80-84	0.07021	0.29986	2.57	54919	16468	234537	481431	8.77
1980-1984	85-89	0.11569	0.44703	2.46	38451	17189	148573	246894	6.42
1980-1984	90-94	0.18445	0.61610	2.31	21262	13099	71019	98321	4.62
1980-1984	95-99	0.27671	0.76699	2.09	8163	6261	22625	27302	3.34
1980-1984	100-104	0.39397	0.87802	1.84	1902	1670	4239	4676	2.46
1980-1984	105-109	0.52496	0.94123	1.59	232	218	416	438	1.89
1980-1984	110+	0.63270	1.00000	1.58	14	14	22	22	1.58
1985-1989	0	0.00930	0.00922	0.08	100000	922	99151	7832419	78.32
1985-1989	1-4	0.00046	0.00182	1.58	99078	180	395876	7733268	78.05
1985-1989	5-9	0.00020	0.00102	2.36	98898	101	494224	7337392	74.19
1985-1989	10-14	0.00020	0.00101	2.74	98797	99	493762	6843168	69.26
1985-1989	15-19	0.00048	0.00238	2.67	98698	235	492944	6349406	64.33
1985-1989	20-24	0.00054	0.00269	2.54	98463	265	491666	5856463	59.48
1985-1989	25-29	0.00064	0.00320	2.57	98198	314	490229	5364797	54.63
1985-1989	30-34	0.00083	0.00417	2.62	97884	408	488451	4874568	49.80
1985-1989	35-39	0.00114	0.00568	2.63	97476	554	486070	4386117	45.00
1985-1989	40-44	0.00172	0.00858	2.68	96923	832	482683	3900048	40.24
1985-1989	45-49	0.00279	0.01385	2.69	96091	1331	477382	3417365	35.56
1985-1989	50-54	0.00456	0.02258	2.68	94760	2139	468830	2939983	31.03
1985-1989	55-59	0.00709	0.03489	2.67	92620	3232	455561	2471153	26.68
1985-1989	60-64	0.01112	0.05419	2.64	89389	4844	435506	2015592	22.55
1985-1989	65-69	0.01662	0.07994	2.62	84545	6759	406655	1580086	18.69
1985-1989	70-74	0.02573	0.12126	2.63	77786	9432	366586	1173431	15.09
1985-1989	75-79	0.04016	0.18318	2.6	68354	12521	311781	806845	11.80
1985-1989	80-84	0.06772	0.29080	2.57	55833	16236	239757	495065	8.87
1985-1989	85-89	0.11375	0.44185	2.48	39597	17496	153810	255307	6.45
1985-1989	90-94	0.18518	0.61839	2.31	22101	13667	73805	101497	4.59
1985-1989	95-99	0.28227	0.77465	2.09	8434	6533	23146	27692	3.28
1985-1989	100-104	0.40574	0.88632	1.82	1901	1684	4152	4546	2.39
1985-1989	105-109	0.54265	0.94710	1.56	216	205	377	395	1.83
1985-1989	110+	0.65421	1.00000	1.53	11	11	17	17	1.53
1990-1994	0	0.00798	0.00793	0.08	100000	793	99267	7898326	78.98
1990-1994	1-4	0.00040	0.00161	1.58	99207	160	396443	7799059	78.61
1990-1994	5-9	0.00018	0.00090	2.36	99048	89	495005	7402616	74.74
1990-1994	10-14	0.00019	0.00095	2.81	98959	94	494591	6907611	69.80
1990-1994	15-19	0.00045	0.00226	2.66	98866	223	493805	6413019	64.87
1990-1994	20-24	0.00051	0.00255	2.55	98642	251	492595	5919214	60.01
1990-1994	25-29	0.00063	0.00314	2.6	98391	309	491213	5426620	55.15
1990-1994	30-34	0.00085	0.00424	2.63	98082	416	489426	4935407	50.32
1990-1994	35-39	0.00119	0.00593	2.63	97666	579	486959	4445981	45.52
1990-1994	40-44	0.00168	0.00836	2.64	97087	811	483524	3959022	40.78
1990-1994	45-49	0.00264	0.01310	2.68	96276	1262	478454	3475498	36.10
1990-1994	50-54	0.00421	0.02083	2.67	95014	1979	470458	2997045	31.54
1990-1994	55-59	0.00671	0.03303	2.68	93035	3073	458035	2526586	27.16
1990-1994	60-64	0.01048	0.05113	2.64	89962	4599	438955	2068551	22.99
1990-1994	65-69	0.01591	0.07666	2.64	85363	6544	411347	1629596	19.09
1990-1994	70-74	0.02450	0.11578	2.63	78819	9125	372449	1218249	15.46
1990-1994	75-79	0.03794	0.17390	2.61	69693	12120	319444	845800	12.14
1990-1994	80-84	0.06426	0.27801	2.58	57573	16006	249087	526356	9.14
1990-1994	85-89	0.10733	0.42283	2.49	41567	17576	163759	277269	6.67
1990-1994	90-94	0.17771	0.60337	2.34	23991	14476	81456	113511	4.73
1990-1994	95-99	0.27356	0.76379	2.11	9516	7268	26568	32055	3.37
1990-1994	100-104	0.39667	0.88057	1.84	2248	1979	4990	5487	2.44
1990-1994	105-109	0.53457	0.94475	1.58	268	254	474	497	1.85
1990-1994	110+	0.64759	1.00000	1.54	15	15	23	23	1.54
1995-1999	0	0.00683	0.00678	0.07	100000	678	99371	7928064	79.28
1995-1999	1-4	0.00033	0.00131	1.6	99322	130	396975	7828693	78.82
1995-1999	5-9	0.00016	0.00079	2.39	99192	78	495754	7431718	74.92
1995-1999	10-14	0.00018	0.00088	2.76	99113	88	495370	6935964	69.98
1995-1999	15-19	0.00043	0.00212	2.68	99026	210	494641	6440595	65.04
1995-1999	20-24	0.00047	0.00236	2.53	98815	233	493500	5945954	60.17
1995-1999	25-29	0.00057	0.00284	2.61	98582	280	492240	5452454	55.31
1995-1999	30-34	0.00080	0.00400	2.65	98302	393	490585	4960214	50.46
1995-1999	35-39	0.00118	0.00588	2.66	97909	576	488193	4469629	45.65
1995-1999	40-44	0.00172	0.00857	2.65	97333	834	484707	3981436	40.91
1995-1999	45-49	0.00252	0.01251	2.67	96499	1207	479678	3496729	36.24
1995-1999	50-54	0.00394	0.01954	2.68	95292	1862	472146	3017051	31.66
1995-1999	55-59	0.00632	0.03113	2.67	93430	2908	460368	2544905	27.24
1995-1999	60-64	0.01008	0.04924	2.66	90521	4458	442185	2084537	23.03
1995-1999	65-69	0.01535	0.07409	2.64	86064	6376	415252	1642352	19.08
1995-1999	70-74	0.02406	0.11379	2.63	79688	9068	376916	1227100	15.40
1995-1999	75-79	0.03763	0.17268	2.62	70620	12195	324064	850183	12.04
1995-1999	80-84	0.06494	0.28059	2.58	58425	16394	252458	526119	9.01
1995-1999	85-89	0.11034	0.43209	2.49	42032	18162	164603	273662	6.51
1995-1999	90-94	0.18513	0.61912	2.33	23870	14778	79828	109059	4.57
1995-1999	95-99	0.28871	0.78334	2.08	9092	7122	24668	29231	3.22
1995-1999	100-104	0.41986	0.89562	1.8	1970	1764	4202	4564	2.32
1995-1999	105-109	0.56385	0.95341	1.53	206	196	348	362	1.76
1995-1999	110+	0.67959	1.00000	1.47	10	10	14	14	1.47
2000-2004	0	0.00633	0.00629	0.07	100000	629	99415	7964190	79.64
2000-2004	1-4	0.00028	0.00112	1.6	99371	112	397215	7864775	79.15
2000-2004	5-9	0.00014	0.00068	2.41	99259	67	496121	7467560	75.23
2000-2004	10-14	0.00015	0.00077	2.76	99192	77	495787	6971439	70.28
2000-2004	15-19	0.00039	0.00195	2.75	99115	193	495140	6475653	65.33
2000-2004	20-24	0.00048	0.00238	2.52	98922	235	494026	5980513	60.46
2000-2004	25-29	0.00055	0.00273	2.6	98686	269	492786	5486487	55.60
2000-2004	30-34	0.00074	0.00369	2.66	98417	363	491239	4993701	50.74
2000-2004	35-39	0.00114	0.00569	2.69	98055	558	488983	4502462	45.92
2000-2004	40-44	0.00178	0.00884	2.66	97496	862	485469	4013480	41.17
2000-2004	45-49	0.00261	0.01299	2.64	96635	1255	480210	3528011	36.51
2000-2004	50-54	0.00381	0.01886	2.66	95380	1799	472688	3047801	31.95
2000-2004	55-59	0.00592	0.02920	2.68	93581	2733	461568	2575112	27.52
2000-2004	60-64	0.00938	0.04589	2.66	90848	4169	444486	2113544	23.26
2000-2004	65-69	0.01449	0.07007	2.64	86680	6074	419076	1669057	19.26
2000-2004	70-74	0.02271	0.10775	2.64	80606	8685	382490	1249982	15.51
2000-2004	75-79	0.03655	0.16815	2.62	71921	12094	330848	867492	12.06
2000-2004	80-84	0.06412	0.27772	2.59	59827	16615	259134	536644	8.97
2000-2004	85-89	0.11153	0.43609	2.5	43212	18844	168955	277509	6.42
2000-2004	90-94	0.19052	0.63095	2.32	24368	15375	80698	108555	4.45
2000-2004	95-99	0.30121	0.79856	2.06	8993	7181	23842	27857	3.10
2000-2004	100-104	0.44041	0.90754	1.76	1812	1644	3733	4015	2.22
2000-2004	105-109	0.59045	0.96015	1.49	167	161	272	282	1.68
2000-2004	110+	0.70853	1.00000	1.41	7	7	9	9	1.41
2005-2009	0	0.00622	0.00618	0.07	100000	618	99425	8047767	80.48
2005-2009	1-4	0.00026	0.00103	1.56	99382	103	397277	7948342	79.98
2005-2009	5-9	0.00012	0.00061	2.41	99279	60	496239	7551065	76.06
2005-2009	10-14	0.00013	0.00066	2.72	99219	65	495944	7054826	71.10
2005-2009	15-19	0.00034	0.00170	2.81	99153	169	495398	6558882	66.15
2005-2009	20-24	0.00047	0.00236	2.56	98985	234	494355	6063483	61.26
2005-2009	25-29	0.00057	0.00283	2.6	98751	280	493086	5569128	56.40
2005-2009	30-34	0.00073	0.00365	2.62	98472	359	491502	5076043	51.55
2005-2009	35-39	0.00106	0.00529	2.67	98113	519	489351	4584540	46.73
2005-2009	40-44	0.00169	0.00841	2.69	97593	821	486068	4095189	41.96
2005-2009	45-49	0.00262	0.01301	2.66	96772	1259	480910	3609121	37.30
2005-2009	50-54	0.00379	0.01878	2.62	95513	1793	473297	3128212	32.75
2005-2009	55-59	0.00541	0.02669	2.65	93720	2501	462720	2654915	28.33
2005-2009	60-64	0.00841	0.04124	2.66	91218	3762	447300	2192195	24.03
2005-2009	65-69	0.01293	0.06274	2.65	87457	5487	424361	1744895	19.95
2005-2009	70-74	0.02049	0.09775	2.65	81970	8012	391000	1320534	16.11
2005-2009	75-79	0.03322	0.15397	2.63	73957	11387	342805	929534	12.57
2005-2009	80-84	0.05848	0.25648	2.61	62570	16048	274420	586728	9.38
2005-2009	85-89	0.10329	0.41124	2.52	46522	19132	185229	312308	6.71
2005-2009	90-94	0.17987	0.60894	2.35	27390	16679	92729	127080	4.64
2005-2009	95-99	0.28871	0.78445	2.09	10711	8403	29104	34351	3.21
2005-2009	100-104	0.42842	0.90138	1.79	2309	2081	4858	5247	2.27
2005-2009	105-109	0.58124	0.95819	1.5	228	218	375	389	1.71
2005-2009	110+	0.70244	1.00000	1.42	10	10	14	14	1.42
2010-2014	0	0.00546	0.00543	0.07	100000	543	99494	8113505	81.14
2010-2014	1-4	0.00023	0.00091	1.57	99457	91	397606	8014012	80.58
2010-2014	5-9	0.00010	0.00051	2.39	99366	51	496697	7616405	76.65
2010-2014	10-14	0.00012	0.00058	2.74	99315	58	496445	7119709	71.69
2010-2014	15-19	0.00027	0.00136	2.83	99257	135	495995	6623264	66.73
2010-2014	20-24	0.00044	0.00221	2.6	99123	219	495088	6127269	61.82
2010-2014	25-29	0.00057	0.00283	2.61	98903	280	493846	5632181	56.95
2010-2014	30-34	0.00075	0.00375	2.61	98623	370	492233	5138335	52.10
2010-2014	35-39	0.00104	0.00518	2.63	98253	509	490058	4646103	47.29
2010-2014	40-44	0.00156	0.00775	2.67	97744	758	486959	4156044	42.52
2010-2014	45-49	0.00246	0.01225	2.69	96986	1188	482181	3669086	37.83
2010-2014	50-54	0.00378	0.01876	2.64	95798	1797	474751	3186905	33.27
2010-2014	55-59	0.00539	0.02662	2.62	94001	2502	464054	2712154	28.85
2010-2014	60-64	0.00781	0.03834	2.65	91499	3508	449266	2248100	24.57
2010-2014	65-69	0.01196	0.05818	2.66	87991	5120	427967	1798834	20.44
2010-2014	70-74	0.01890	0.09046	2.64	82871	7496	396676	1370867	16.54
2010-2014	75-79	0.03094	0.14417	2.64	75375	10866	351249	974191	12.92
2010-2014	80-84	0.05517	0.24374	2.61	64508	15723	285013	622942	9.66
2010-2014	85-89	0.09775	0.39393	2.54	48785	19218	196610	337928	6.93
2010-2014	90-94	0.17241	0.59294	2.37	29567	17532	101685	141319	4.78
2010-2014	95-99	0.27946	0.77329	2.11	12036	9307	33303	39634	3.29
2010-2014	100-104	0.41868	0.89597	1.81	2729	2445	5839	6331	2.32
2010-2014	105-109	0.57275	0.95623	1.52	284	271	474	492	1.73
2010-2014	110+	0.69582	1.00000	1.44	12	12	18	18	1.44
2015-2019	0	0.00519	0.00517	0.07	100000	517	99518	8120778	81.21
2015-2019	1-4	0.00021	0.00086	1.6	99483	85	397728	8021260	80.63
2015-2019	5-9	0.00011	0.00053	2.4	99398	53	496852	7623532	76.70
2015-2019	10-14	0.00012	0.00062	2.77	99345	62	496588	7126680	71.74
2015-2019	15-19	0.00029	0.00145	2.85	99283	144	496107	6630092	66.78
2015-2019	20-24	0.00049	0.00244	2.62	99139	242	495122	6133985	61.87
2015-2019	25-29	0.00066	0.00331	2.62	98898	327	493710	5638862	57.02
2015-2019	30-34	0.00091	0.00453	2.61	98571	446	491786	5145152	52.20
2015-2019	35-39	0.00120	0.00597	2.61	98124	585	489224	4653365	47.42
2015-2019	40-44	0.00161	0.00803	2.64	97539	783	485842	4164141	42.69
2015-2019	45-49	0.00241	0.01198	2.66	96755	1159	481062	3678300	38.02
2015-2019	50-54	0.00373	0.01847	2.66	95596	1766	473856	3197237	33.45
2015-2019	55-59	0.00559	0.02759	2.64	93830	2589	463033	2723382	29.02
2015-2019	60-64	0.00797	0.03911	2.62	91242	3568	447725	2260348	24.77
2015-2019	65-69	0.01151	0.05602	2.64	87673	4911	426800	1812624	20.67
2015-2019	70-74	0.01828	0.08764	2.66	82762	7253	396819	1385823	16.74
2015-2019	75-79	0.02985	0.13944	2.64	75509	10529	352704	989004	13.10
2015-2019	80-84	0.05356	0.23755	2.62	64980	15436	288219	636300	9.79
2015-2019	85-89	0.09517	0.38572	2.54	49544	19110	200801	348081	7.03
2015-2019	90-94	0.16899	0.58547	2.38	30434	17818	105440	147280	4.84
2015-2019	95-99	0.27688	0.77023	2.12	12616	9717	35094	41841	3.32
2015-2019	100-104	0.41715	0.89524	1.81	2899	2595	6221	6747	2.33
2015-2019	105-109	0.57281	0.95634	1.52	304	290	507	526	1.73
2015-2019	110+	0.69717	1.00000	1.43	13	13	19	19	1.43
2020-2022	0	0.00502	0.00500	0.07	100000	500	99534	7983295	79.83
2020-2022	1-4	0.00023	0.00090	1.59	99500	90	397784	7883762	79.23
2020-2022	5-9	0.00011	0.00053	2.39	99410	53	496914	7485978	75.30
2020-2022	10-14	0.00014	0.00068	2.81	99358	67	496641	6989064	70.34
2020-2022	15-19	0.00033	0.00167	2.87	99290	165	496100	6492423	65.39
2020-2022	20-24	0.00059	0.00295	2.64	99125	292	494934	5996324	60.49
2020-2022	25-29	0.00083	0.00416	2.64	98833	411	493192	5501390	55.66
2020-2022	30-34	0.00117	0.00584	2.63	98422	575	490743	5008197	50.89
2020-2022	35-39	0.00156	0.00776	2.62	97847	759	487424	4517454	46.17
2020-2022	40-44	0.00210	0.01044	2.61	97087	1014	483009	4030030	41.51
2020-2022	45-49	0.00290	0.01442	2.64	96073	1385	477102	3547020	36.92
2020-2022	50-54	0.00425	0.02102	2.64	94688	1990	468734	3069918	32.42
2020-2022	55-59	0.00639	0.03146	2.65	92698	2916	456641	2601184	28.06
2020-2022	60-64	0.00948	0.04634	2.63	89781	4161	439038	2144542	23.89
2020-2022	65-69	0.01333	0.06462	2.61	85620	5532	414891	1705505	19.92
2020-2022	70-74	0.02038	0.09722	2.65	80088	7786	382156	1290614	16.11
2020-2022	75-79	0.03379	0.15652	2.65	72301	11317	334905	908458	12.56
2020-2022	80-84	0.05789	0.25430	2.61	60985	15509	267907	573552	9.40
2020-2022	85-89	0.10245	0.40865	2.53	45476	18584	181391	305645	6.72
2020-2022	90-94	0.18013	0.60988	2.35	26892	16401	91053	124254	4.62
2020-2022	95-99	0.29307	0.78998	2.08	10491	8288	28280	33201	3.16
2020-2022	100-104	0.43650	0.90606	1.77	2203	1996	4574	4921	2.23
2020-2022	105-109	0.59226	0.96084	1.48	207	199	336	347	1.68
2020-2022	110+	0.71459	1.00000	1.4	8	8	11	11	1.40
