USA: USA, Lifetables (period 1x10), Males Last modified: February 4 2025, MPv5 (May07) 

Year     	Age	mx	qx	ax	lx	dx	Lx	Tx	ex
1941-1949	0	0.04312	0.04161	0.16	100000	4161	96508	6372802	63.73
1941-1949	1	0.00362	0.00361	0.5	95839	346	95666	6276294	65.49
1941-1949	2	0.00212	0.00212	0.5	95492	202	95391	6180629	64.72
1941-1949	3	0.00160	0.00160	0.5	95290	152	95214	6085238	63.86
1941-1949	4	0.00129	0.00129	0.5	95138	123	95076	5990024	62.96
1941-1949	5	0.00113	0.00113	0.5	95015	108	94961	5894947	62.04
1941-1949	6	0.00105	0.00105	0.5	94907	99	94858	5799986	61.11
1941-1949	7	0.00098	0.00098	0.5	94808	93	94761	5705128	60.18
1941-1949	8	0.00093	0.00093	0.5	94715	88	94671	5610367	59.23
1941-1949	9	0.00089	0.00089	0.5	94627	84	94585	5515696	58.29
1941-1949	10	0.00086	0.00086	0.5	94543	81	94502	5421112	57.34
1941-1949	11	0.00088	0.00088	0.5	94461	83	94420	5326609	56.39
1941-1949	12	0.00094	0.00094	0.5	94379	89	94334	5232189	55.44
1941-1949	13	0.00104	0.00104	0.5	94290	98	94241	5137855	54.49
1941-1949	14	0.00119	0.00119	0.5	94192	112	94136	5043614	53.55
1941-1949	15	0.00137	0.00137	0.5	94080	129	94016	4949478	52.61
1941-1949	16	0.00155	0.00154	0.5	93951	145	93879	4855462	51.68
1941-1949	17	0.00171	0.00171	0.5	93806	161	93726	4761583	50.76
1941-1949	18	0.00188	0.00188	0.5	93646	176	93558	4667858	49.85
1941-1949	19	0.00204	0.00204	0.5	93470	190	93375	4574300	48.94
1941-1949	20	0.00218	0.00218	0.5	93279	203	93178	4480925	48.04
1941-1949	21	0.00230	0.00230	0.5	93076	214	92969	4387748	47.14
1941-1949	22	0.00238	0.00238	0.5	92862	221	92751	4294779	46.25
1941-1949	23	0.00242	0.00242	0.5	92641	224	92529	4202028	45.36
1941-1949	24	0.00241	0.00241	0.5	92417	223	92306	4109499	44.47
1941-1949	25	0.00238	0.00238	0.5	92194	219	92085	4017193	43.57
1941-1949	26	0.00236	0.00236	0.5	91975	217	91866	3925108	42.68
1941-1949	27	0.00237	0.00237	0.5	91758	218	91649	3833242	41.78
1941-1949	28	0.00242	0.00242	0.5	91540	222	91429	3741593	40.87
1941-1949	29	0.00250	0.00250	0.5	91319	228	91204	3650164	39.97
1941-1949	30	0.00261	0.00261	0.5	91090	238	90971	3558959	39.07
1941-1949	31	0.00273	0.00273	0.5	90852	248	90729	3467988	38.17
1941-1949	32	0.00288	0.00287	0.5	90605	260	90474	3377260	37.27
1941-1949	33	0.00305	0.00305	0.5	90344	275	90206	3286785	36.38
1941-1949	34	0.00325	0.00325	0.5	90069	293	89922	3196579	35.49
1941-1949	35	0.00350	0.00350	0.5	89776	314	89619	3106656	34.60
1941-1949	36	0.00377	0.00376	0.5	89462	336	89294	3017037	33.72
1941-1949	37	0.00406	0.00405	0.5	89126	361	88945	2927743	32.85
1941-1949	38	0.00442	0.00441	0.5	88764	391	88569	2838798	31.98
1941-1949	39	0.00481	0.00479	0.5	88373	424	88161	2750229	31.12
1941-1949	40	0.00521	0.00519	0.5	87950	457	87721	2662068	30.27
1941-1949	41	0.00561	0.00559	0.5	87493	489	87248	2574347	29.42
1941-1949	42	0.00610	0.00608	0.5	87004	529	86739	2487098	28.59
1941-1949	43	0.00666	0.00664	0.5	86475	574	86188	2400359	27.76
1941-1949	44	0.00721	0.00718	0.5	85901	617	85592	2314171	26.94
1941-1949	45	0.00785	0.00782	0.5	85284	667	84950	2228579	26.13
1941-1949	46	0.00851	0.00847	0.5	84617	717	84258	2143629	25.33
1941-1949	47	0.00922	0.00918	0.5	83900	770	83515	2059370	24.55
1941-1949	48	0.01007	0.01002	0.5	83130	833	82713	1975856	23.77
1941-1949	49	0.01107	0.01101	0.5	82297	906	81844	1893142	23.00
1941-1949	50	0.01221	0.01214	0.5	81391	988	80897	1811298	22.25
1941-1949	51	0.01321	0.01312	0.5	80403	1055	79876	1730401	21.52
1941-1949	52	0.01425	0.01415	0.5	79348	1123	78787	1650525	20.80
1941-1949	53	0.01541	0.01529	0.5	78225	1196	77627	1571738	20.09
1941-1949	54	0.01658	0.01645	0.5	77029	1267	76396	1494111	19.40
1941-1949	55	0.01789	0.01773	0.5	75762	1344	75091	1417715	18.71
1941-1949	56	0.01919	0.01901	0.5	74419	1415	73712	1342624	18.04
1941-1949	57	0.02058	0.02037	0.5	73004	1487	72261	1268913	17.38
1941-1949	58	0.02213	0.02189	0.5	71517	1565	70734	1196652	16.73
1941-1949	59	0.02376	0.02348	0.5	69952	1642	69131	1125918	16.10
1941-1949	60	0.02552	0.02519	0.5	68309	1721	67449	1056787	15.47
1941-1949	61	0.02723	0.02686	0.5	66588	1789	65694	989338	14.86
1941-1949	62	0.02924	0.02882	0.5	64799	1867	63866	923645	14.25
1941-1949	63	0.03163	0.03114	0.5	62932	1959	61952	859779	13.66
1941-1949	64	0.03409	0.03352	0.5	60973	2044	59951	797826	13.08
1941-1949	65	0.03703	0.03636	0.5	58929	2142	57858	737875	12.52
1941-1949	66	0.03988	0.03910	0.5	56786	2220	55676	680018	11.98
1941-1949	67	0.04285	0.04195	0.5	54566	2289	53422	624342	11.44
1941-1949	68	0.04640	0.04535	0.5	52277	2371	51092	570920	10.92
1941-1949	69	0.05005	0.04883	0.5	49906	2437	48688	519828	10.42
1941-1949	70	0.05405	0.05263	0.5	47470	2498	46221	471140	9.93
1941-1949	71	0.05780	0.05618	0.5	44972	2526	43708	424920	9.45
1941-1949	72	0.06222	0.06035	0.5	42445	2561	41164	381211	8.98
1941-1949	73	0.06766	0.06544	0.5	39884	2610	38579	340047	8.53
1941-1949	74	0.07328	0.07069	0.5	37274	2635	35956	301468	8.09
1941-1949	75	0.07978	0.07672	0.5	34639	2658	33310	265512	7.67
1941-1949	76	0.08630	0.08273	0.5	31981	2646	30658	232202	7.26
1941-1949	77	0.09293	0.08881	0.5	29336	2605	28033	201544	6.87
1941-1949	78	0.10098	0.09612	0.5	26730	2569	25446	173511	6.49
1941-1949	79	0.10969	0.10399	0.5	24161	2512	22905	148065	6.13
1941-1949	80	0.11961	0.11286	0.5	21649	2443	20427	125160	5.78
1941-1949	81	0.13019	0.12223	0.5	19205	2348	18032	104733	5.45
1941-1949	82	0.14169	0.13231	0.5	16858	2231	15743	86702	5.14
1941-1949	83	0.15414	0.14311	0.5	14627	2093	13581	70959	4.85
1941-1949	84	0.16731	0.15439	0.5	12534	1935	11566	57378	4.58
1941-1949	85	0.18099	0.16597	0.5	10599	1759	9719	45812	4.32
1941-1949	86	0.19596	0.17847	0.5	8840	1578	8051	36093	4.08
1941-1949	87	0.21270	0.19226	0.5	7262	1396	6564	28042	3.86
1941-1949	88	0.23093	0.20703	0.5	5866	1214	5259	21478	3.66
1941-1949	89	0.24927	0.22164	0.5	4651	1031	4136	16219	3.49
1941-1949	90	0.26524	0.23419	0.5	3621	848	3197	12083	3.34
1941-1949	91	0.27815	0.24419	0.5	2773	677	2434	8887	3.21
1941-1949	92	0.28736	0.25126	0.5	2096	527	1832	6453	3.08
1941-1949	93	0.29230	0.25503	0.5	1569	400	1369	4620	2.94
1941-1949	94	0.29736	0.25887	0.5	1169	303	1018	3251	2.78
1941-1949	95	0.34877	0.29698	0.5	866	257	738	2234	2.58
1941-1949	96	0.36947	0.31186	0.5	609	190	514	1496	2.46
1941-1949	97	0.39066	0.32682	0.5	419	137	351	982	2.34
1941-1949	98	0.41227	0.34181	0.5	282	96	234	631	2.24
1941-1949	99	0.43422	0.35676	0.5	186	66	153	397	2.14
1941-1949	100	0.45643	0.37162	0.5	119	44	97	245	2.05
1941-1949	101	0.47882	0.38633	0.5	75	29	61	148	1.97
1941-1949	102	0.50130	0.40083	0.5	46	18	37	87	1.89
1941-1949	103	0.52377	0.41507	0.5	28	11	22	50	1.82
1941-1949	104	0.54614	0.42900	0.5	16	7	13	28	1.75
1941-1949	105	0.56833	0.44257	0.5	9	4	7	16	1.69
1941-1949	106	0.59025	0.45575	0.5	5	2	4	8	1.63
1941-1949	107	0.61181	0.46850	0.5	3	1	2	4	1.59
1941-1949	108	0.63295	0.48079	0.5	1	1	1	2	1.54
1941-1949	109	0.65359	0.49261	0.5	1	0	1	1	1.51
1941-1949	110+	0.67366	1.00000	1.48	0	0	1	1	1.48
1950-1959	0	0.03167	0.03082	0.13	100000	3082	97319	6632173	66.32
1950-1959	1	0.00211	0.00211	0.5	96918	205	96815	6534854	67.43
1950-1959	2	0.00133	0.00133	0.5	96713	128	96649	6438039	66.57
1950-1959	3	0.00099	0.00099	0.5	96585	95	96537	6341390	65.66
1950-1959	4	0.00079	0.00079	0.5	96490	76	96452	6244853	64.72
1950-1959	5	0.00071	0.00071	0.5	96414	68	96379	6148401	63.77
1950-1959	6	0.00066	0.00066	0.5	96345	63	96314	6052022	62.82
1950-1959	7	0.00061	0.00061	0.5	96282	59	96253	5955708	61.86
1950-1959	8	0.00057	0.00057	0.5	96223	55	96196	5859455	60.89
1950-1959	9	0.00054	0.00054	0.5	96169	52	96143	5763259	59.93
1950-1959	10	0.00052	0.00052	0.5	96117	50	96092	5667117	58.96
1950-1959	11	0.00054	0.00054	0.5	96066	52	96041	5571025	57.99
1950-1959	12	0.00060	0.00060	0.5	96015	58	95986	5474985	57.02
1950-1959	13	0.00069	0.00069	0.5	95957	66	95924	5378999	56.06
1950-1959	14	0.00083	0.00083	0.5	95891	80	95851	5283074	55.09
1950-1959	15	0.00103	0.00103	0.5	95811	98	95762	5187223	54.14
1950-1959	16	0.00123	0.00123	0.5	95713	118	95654	5091461	53.20
1950-1959	17	0.00142	0.00142	0.5	95595	136	95527	4995807	52.26
1950-1959	18	0.00157	0.00157	0.5	95459	150	95385	4900280	51.33
1950-1959	19	0.00168	0.00168	0.5	95310	160	95230	4804895	50.41
1950-1959	20	0.00177	0.00177	0.5	95150	168	95066	4709665	49.50
1950-1959	21	0.00184	0.00184	0.5	94982	175	94894	4614600	48.58
1950-1959	22	0.00186	0.00186	0.5	94807	177	94719	4519706	47.67
1950-1959	23	0.00187	0.00186	0.5	94630	176	94542	4424987	46.76
1950-1959	24	0.00186	0.00186	0.5	94454	175	94366	4330445	45.85
1950-1959	25	0.00184	0.00184	0.5	94279	174	94192	4236079	44.93
1950-1959	26	0.00183	0.00183	0.5	94105	172	94019	4141887	44.01
1950-1959	27	0.00183	0.00183	0.5	93933	172	93847	4047868	43.09
1950-1959	28	0.00185	0.00185	0.5	93761	173	93674	3954021	42.17
1950-1959	29	0.00188	0.00188	0.5	93588	176	93500	3860347	41.25
1950-1959	30	0.00194	0.00194	0.5	93412	181	93321	3766847	40.33
1950-1959	31	0.00202	0.00202	0.5	93230	188	93136	3673526	39.40
1950-1959	32	0.00213	0.00212	0.5	93042	198	92943	3580390	38.48
1950-1959	33	0.00225	0.00225	0.5	92844	209	92740	3487447	37.56
1950-1959	34	0.00240	0.00240	0.5	92636	222	92525	3394707	36.65
1950-1959	35	0.00256	0.00256	0.5	92414	236	92295	3302183	35.73
1950-1959	36	0.00276	0.00276	0.5	92177	254	92050	3209887	34.82
1950-1959	37	0.00301	0.00300	0.5	91923	276	91785	3117837	33.92
1950-1959	38	0.00330	0.00330	0.5	91647	302	91496	3026052	33.02
1950-1959	39	0.00363	0.00362	0.5	91345	331	91179	2934556	32.13
1950-1959	40	0.00399	0.00399	0.5	91014	363	90833	2843377	31.24
1950-1959	41	0.00437	0.00436	0.5	90651	395	90454	2752544	30.36
1950-1959	42	0.00484	0.00483	0.5	90257	436	90039	2662090	29.49
1950-1959	43	0.00530	0.00529	0.5	89821	475	89583	2572051	28.64
1950-1959	44	0.00585	0.00583	0.5	89346	521	89085	2482468	27.79
1950-1959	45	0.00644	0.00642	0.5	88824	570	88539	2393383	26.95
1950-1959	46	0.00708	0.00706	0.5	88254	623	87943	2304844	26.12
1950-1959	47	0.00786	0.00783	0.5	87632	686	87289	2216901	25.30
1950-1959	48	0.00869	0.00866	0.5	86945	753	86569	2129612	24.49
1950-1959	49	0.00955	0.00950	0.5	86193	819	85783	2043043	23.70
1950-1959	50	0.01043	0.01037	0.5	85374	886	84931	1957260	22.93
1950-1959	51	0.01144	0.01137	0.5	84488	961	84008	1872329	22.16
1950-1959	52	0.01260	0.01252	0.5	83527	1046	83004	1788322	21.41
1950-1959	53	0.01372	0.01363	0.5	82481	1124	81919	1705318	20.68
1950-1959	54	0.01490	0.01479	0.5	81357	1203	80755	1623399	19.95
1950-1959	55	0.01615	0.01602	0.5	80154	1284	79511	1542643	19.25
1950-1959	56	0.01744	0.01729	0.5	78869	1364	78188	1463132	18.55
1950-1959	57	0.01877	0.01859	0.5	77506	1441	76785	1384944	17.87
1950-1959	58	0.02049	0.02028	0.5	76065	1543	75293	1308159	17.20
1950-1959	59	0.02227	0.02202	0.5	74522	1641	73701	1232866	16.54
1950-1959	60	0.02395	0.02367	0.5	72881	1725	72018	1159165	15.90
1950-1959	61	0.02576	0.02543	0.5	71156	1810	70251	1087146	15.28
1950-1959	62	0.02799	0.02761	0.5	69346	1914	68389	1016896	14.66
1950-1959	63	0.03030	0.02985	0.5	67431	2013	66425	948507	14.07
1950-1959	64	0.03279	0.03226	0.5	65419	2110	64363	882082	13.48
1950-1959	65	0.03560	0.03498	0.5	63308	2214	62201	817718	12.92
1950-1959	66	0.03831	0.03759	0.5	61094	2296	59946	755517	12.37
1950-1959	67	0.04151	0.04067	0.5	58798	2391	57602	695571	11.83
1950-1959	68	0.04444	0.04348	0.5	56407	2452	55180	637969	11.31
1950-1959	69	0.04763	0.04652	0.5	53954	2510	52699	582789	10.80
1950-1959	70	0.05110	0.04983	0.5	51444	2563	50163	530089	10.30
1950-1959	71	0.05470	0.05325	0.5	48881	2603	47580	479927	9.82
1950-1959	72	0.05917	0.05747	0.5	46278	2660	44949	432347	9.34
1950-1959	73	0.06361	0.06165	0.5	43619	2689	42274	387399	8.88
1950-1959	74	0.06906	0.06675	0.5	40930	2732	39564	345124	8.43
1950-1959	75	0.07487	0.07217	0.5	38198	2757	36819	305561	8.00
1950-1959	76	0.08067	0.07755	0.5	35441	2748	34067	268741	7.58
1950-1959	77	0.08731	0.08366	0.5	32693	2735	31325	234674	7.18
1950-1959	78	0.09504	0.09073	0.5	29958	2718	28599	203349	6.79
1950-1959	79	0.10313	0.09807	0.5	27240	2671	25904	174750	6.42
1950-1959	80	0.11214	0.10619	0.5	24568	2609	23264	148846	6.06
1950-1959	81	0.12105	0.11414	0.5	21960	2506	20706	125582	5.72
1950-1959	82	0.13210	0.12392	0.5	19453	2411	18248	104876	5.39
1950-1959	83	0.14403	0.13435	0.5	17043	2290	15898	86628	5.08
1950-1959	84	0.15667	0.14529	0.5	14753	2143	13681	70730	4.79
1950-1959	85	0.16888	0.15573	0.5	12609	1964	11628	57049	4.52
1950-1959	86	0.18306	0.16771	0.5	10646	1785	9753	45422	4.27
1950-1959	87	0.19864	0.18069	0.5	8860	1601	8060	35669	4.03
1950-1959	88	0.21504	0.19416	0.5	7259	1409	6555	27609	3.80
1950-1959	89	0.23342	0.20903	0.5	5850	1223	5238	21054	3.60
1950-1959	90	0.24960	0.22190	0.5	4627	1027	4114	15816	3.42
1950-1959	91	0.26353	0.23285	0.5	3600	838	3181	11702	3.25
1950-1959	92	0.27971	0.24539	0.5	2762	678	2423	8521	3.09
1950-1959	93	0.29698	0.25859	0.5	2084	539	1815	6098	2.93
1950-1959	94	0.31539	0.27243	0.5	1545	421	1335	4283	2.77
1950-1959	95	0.34043	0.29091	0.5	1124	327	961	2948	2.62
1950-1959	96	0.36171	0.30631	0.5	797	244	675	1987	2.49
1950-1959	97	0.38356	0.32184	0.5	553	178	464	1312	2.37
1950-1959	98	0.40588	0.33741	0.5	375	127	312	848	2.26
1950-1959	99	0.42860	0.35296	0.5	248	88	205	536	2.16
1950-1959	100	0.45163	0.36843	0.5	161	59	131	332	2.06
1950-1959	101	0.47486	0.38375	0.5	102	39	82	201	1.98
1950-1959	102	0.49820	0.39885	0.5	63	25	50	119	1.89
1950-1959	103	0.52156	0.41368	0.5	38	16	30	68	1.82
1950-1959	104	0.54481	0.42818	0.5	22	9	17	39	1.75
1950-1959	105	0.56788	0.44229	0.5	13	6	10	21	1.69
1950-1959	106	0.59065	0.45599	0.5	7	3	5	11	1.63
1950-1959	107	0.61304	0.46922	0.5	4	2	3	6	1.58
1950-1959	108	0.63496	0.48195	0.5	2	1	2	3	1.54
1950-1959	109	0.65634	0.49417	0.5	1	1	1	2	1.50
1950-1959	110+	0.67710	1.00000	1.48	1	1	1	1	1.48
1960-1969	0	0.02759	0.02694	0.12	100000	2694	97627	6676939	66.77
1960-1969	1	0.00165	0.00165	0.5	97306	160	97226	6579311	67.61
1960-1969	2	0.00106	0.00106	0.5	97146	103	97094	6482085	66.73
1960-1969	3	0.00082	0.00082	0.5	97043	80	97003	6384991	65.80
1960-1969	4	0.00069	0.00069	0.5	96963	67	96930	6287988	64.85
1960-1969	5	0.00061	0.00061	0.5	96897	59	96867	6191058	63.89
1960-1969	6	0.00056	0.00056	0.5	96838	54	96811	6094190	62.93
1960-1969	7	0.00050	0.00050	0.5	96784	49	96759	5997380	61.97
1960-1969	8	0.00046	0.00046	0.5	96735	45	96712	5900620	61.00
1960-1969	9	0.00044	0.00044	0.5	96690	43	96669	5803908	60.03
1960-1969	10	0.00043	0.00043	0.5	96647	42	96626	5707239	59.05
1960-1969	11	0.00045	0.00045	0.5	96606	43	96584	5610613	58.08
1960-1969	12	0.00048	0.00048	0.5	96563	47	96539	5514029	57.10
1960-1969	13	0.00057	0.00057	0.5	96516	55	96488	5417490	56.13
1960-1969	14	0.00070	0.00070	0.5	96460	67	96427	5321002	55.16
1960-1969	15	0.00087	0.00087	0.5	96393	84	96351	5224575	54.20
1960-1969	16	0.00119	0.00119	0.5	96309	114	96252	5128224	53.25
1960-1969	17	0.00146	0.00146	0.5	96195	140	96125	5031971	52.31
1960-1969	18	0.00176	0.00176	0.5	96055	169	95970	4935847	51.39
1960-1969	19	0.00186	0.00186	0.5	95886	178	95797	4839876	50.48
1960-1969	20	0.00185	0.00185	0.5	95707	177	95619	4744080	49.57
1960-1969	21	0.00198	0.00197	0.5	95530	189	95436	4648461	48.66
1960-1969	22	0.00197	0.00197	0.5	95342	188	95248	4553025	47.75
1960-1969	23	0.00190	0.00190	0.5	95154	181	95064	4457777	46.85
1960-1969	24	0.00183	0.00183	0.5	94973	174	94886	4362714	45.94
1960-1969	25	0.00184	0.00184	0.5	94800	175	94712	4267827	45.02
1960-1969	26	0.00183	0.00183	0.5	94625	173	94538	4173115	44.10
1960-1969	27	0.00183	0.00183	0.5	94452	173	94365	4078577	43.18
1960-1969	28	0.00187	0.00187	0.5	94279	176	94191	3984211	42.26
1960-1969	29	0.00188	0.00187	0.5	94103	176	94015	3890020	41.34
1960-1969	30	0.00195	0.00195	0.5	93926	183	93835	3796006	40.41
1960-1969	31	0.00200	0.00199	0.5	93743	187	93650	3702171	39.49
1960-1969	32	0.00210	0.00210	0.5	93556	196	93458	3608522	38.57
1960-1969	33	0.00223	0.00223	0.5	93360	208	93256	3515064	37.65
1960-1969	34	0.00236	0.00236	0.5	93152	220	93042	3421808	36.73
1960-1969	35	0.00256	0.00256	0.5	92932	238	92813	3328766	35.82
1960-1969	36	0.00273	0.00272	0.5	92694	252	92568	3235953	34.91
1960-1969	37	0.00296	0.00295	0.5	92442	273	92305	3143385	34.00
1960-1969	38	0.00328	0.00327	0.5	92169	302	92018	3051079	33.10
1960-1969	39	0.00354	0.00353	0.5	91867	325	91705	2959061	32.21
1960-1969	40	0.00391	0.00390	0.5	91543	357	91364	2867356	31.32
1960-1969	41	0.00419	0.00418	0.5	91186	381	90995	2775992	30.44
1960-1969	42	0.00474	0.00473	0.5	90804	429	90590	2684997	29.57
1960-1969	43	0.00510	0.00509	0.5	90375	460	90145	2594408	28.71
1960-1969	44	0.00561	0.00559	0.5	89915	503	89663	2504263	27.85
1960-1969	45	0.00623	0.00621	0.5	89412	555	89134	2414600	27.01
1960-1969	46	0.00671	0.00669	0.5	88857	594	88560	2325465	26.17
1960-1969	47	0.00749	0.00747	0.5	88262	659	87933	2236906	25.34
1960-1969	48	0.00819	0.00816	0.5	87603	715	87246	2148973	24.53
1960-1969	49	0.00903	0.00899	0.5	86889	781	86498	2061726	23.73
1960-1969	50	0.01017	0.01012	0.5	86108	871	85672	1975228	22.94
1960-1969	51	0.01094	0.01088	0.5	85237	927	84773	1889556	22.17
1960-1969	52	0.01229	0.01221	0.5	84309	1030	83794	1804783	21.41
1960-1969	53	0.01330	0.01321	0.5	83280	1100	82729	1720989	20.67
1960-1969	54	0.01458	0.01448	0.5	82179	1190	81584	1638260	19.94
1960-1969	55	0.01578	0.01566	0.5	80989	1268	80355	1556675	19.22
1960-1969	56	0.01715	0.01700	0.5	79721	1355	79044	1476320	18.52
1960-1969	57	0.01869	0.01851	0.5	78366	1451	77641	1397276	17.83
1960-1969	58	0.02038	0.02017	0.5	76915	1552	76139	1319636	17.16
1960-1969	59	0.02209	0.02185	0.5	75364	1647	74540	1243496	16.50
1960-1969	60	0.02403	0.02375	0.5	73717	1751	72841	1168956	15.86
1960-1969	61	0.02552	0.02520	0.5	71966	1814	71059	1096115	15.23
1960-1969	62	0.02866	0.02825	0.5	70153	1982	69162	1025055	14.61
1960-1969	63	0.03041	0.02995	0.5	68171	2042	67150	955894	14.02
1960-1969	64	0.03290	0.03236	0.5	66129	2140	65059	888744	13.44
1960-1969	65	0.03675	0.03609	0.5	63989	2309	62834	823685	12.87
1960-1969	66	0.03796	0.03726	0.5	61679	2298	60530	760851	12.34
1960-1969	67	0.04203	0.04117	0.5	59381	2444	58159	700321	11.79
1960-1969	68	0.04485	0.04386	0.5	56937	2497	55688	642162	11.28
1960-1969	69	0.04762	0.04651	0.5	54440	2532	53173	586474	10.77
1960-1969	70	0.05241	0.05107	0.5	51907	2651	50582	533300	10.27
1960-1969	71	0.05448	0.05304	0.5	49257	2612	47950	482718	9.80
1960-1969	72	0.06159	0.05975	0.5	46644	2787	45251	434768	9.32
1960-1969	73	0.06497	0.06292	0.5	43857	2760	42478	389517	8.88
1960-1969	74	0.07021	0.06783	0.5	41098	2788	39704	347039	8.44
1960-1969	75	0.07630	0.07350	0.5	38310	2816	36902	307336	8.02
1960-1969	76	0.08056	0.07744	0.5	35494	2749	34120	270433	7.62
1960-1969	77	0.08563	0.08212	0.5	32746	2689	31401	236314	7.22
1960-1969	78	0.09314	0.08900	0.5	30057	2675	28719	204912	6.82
1960-1969	79	0.09996	0.09520	0.5	27382	2607	26078	176193	6.43
1960-1969	80	0.11333	0.10726	0.5	24775	2657	23446	150115	6.06
1960-1969	81	0.11751	0.11099	0.5	22118	2455	20890	126669	5.73
1960-1969	82	0.13147	0.12336	0.5	19663	2426	18450	105778	5.38
1960-1969	83	0.14411	0.13442	0.5	17237	2317	16079	87328	5.07
1960-1969	84	0.15785	0.14630	0.5	14920	2183	13829	71250	4.78
1960-1969	85	0.17048	0.15709	0.5	12737	2001	11737	57421	4.51
1960-1969	86	0.18422	0.16869	0.5	10736	1811	9831	45684	4.26
1960-1969	87	0.19982	0.18167	0.5	8925	1621	8115	35853	4.02
1960-1969	88	0.21258	0.19216	0.5	7304	1403	6602	27739	3.80
1960-1969	89	0.23182	0.20774	0.5	5900	1226	5288	21136	3.58
1960-1969	90	0.25113	0.22311	0.5	4675	1043	4153	15849	3.39
1960-1969	91	0.26047	0.23046	0.5	3632	837	3213	11696	3.22
1960-1969	92	0.28477	0.24928	0.5	2795	697	2446	8482	3.04
1960-1969	93	0.30646	0.26574	0.5	2098	558	1819	6036	2.88
1960-1969	94	0.32339	0.27838	0.5	1541	429	1326	4217	2.74
1960-1969	95	0.34340	0.29308	0.5	1112	326	949	2891	2.60
1960-1969	96	0.36506	0.30871	0.5	786	243	665	1942	2.47
1960-1969	97	0.38727	0.32445	0.5	543	176	455	1277	2.35
1960-1969	98	0.40997	0.34023	0.5	367	125	305	822	2.24
1960-1969	99	0.43305	0.35597	0.5	242	86	199	518	2.14
1960-1969	100	0.45643	0.37162	0.5	156	58	127	319	2.04
1960-1969	101	0.48000	0.38710	0.5	98	38	79	192	1.96
1960-1969	102	0.50366	0.40234	0.5	60	24	48	113	1.88
1960-1969	103	0.52731	0.41729	0.5	36	15	28	65	1.80
1960-1969	104	0.55083	0.43189	0.5	21	9	16	36	1.73
1960-1969	105	0.57413	0.44608	0.5	12	5	9	20	1.67
1960-1969	106	0.59711	0.45982	0.5	7	3	5	11	1.62
1960-1969	107	0.61966	0.47309	0.5	4	2	3	6	1.56
1960-1969	108	0.64171	0.48583	0.5	2	1	1	3	1.52
1960-1969	109	0.66318	0.49804	0.5	1	0	1	1	1.48
1960-1969	110+	0.68399	1.00000	1.46	0	0	1	1	1.46
1970-1979	0	0.01888	0.01856	0.1	100000	1856	98321	6843051	68.43
1970-1979	1	0.00120	0.00120	0.5	98144	117	98085	6744730	68.72
1970-1979	2	0.00084	0.00084	0.5	98026	82	97985	6646645	67.80
1970-1979	3	0.00069	0.00069	0.5	97944	67	97910	6548660	66.86
1970-1979	4	0.00056	0.00056	0.5	97877	55	97849	6450749	65.91
1970-1979	5	0.00052	0.00052	0.5	97822	51	97796	6352900	64.94
1970-1979	6	0.00047	0.00047	0.5	97771	46	97748	6255104	63.98
1970-1979	7	0.00043	0.00043	0.5	97725	42	97704	6157355	63.01
1970-1979	8	0.00039	0.00039	0.5	97683	38	97664	6059651	62.03
1970-1979	9	0.00038	0.00038	0.5	97645	37	97626	5961987	61.06
1970-1979	10	0.00037	0.00037	0.5	97608	36	97590	5864360	60.08
1970-1979	11	0.00037	0.00037	0.5	97571	37	97553	5766771	59.10
1970-1979	12	0.00042	0.00042	0.5	97535	41	97514	5669218	58.13
1970-1979	13	0.00051	0.00051	0.5	97494	50	97469	5571703	57.15
1970-1979	14	0.00065	0.00065	0.5	97444	64	97413	5474234	56.18
1970-1979	15	0.00086	0.00086	0.5	97381	83	97339	5376822	55.21
1970-1979	16	0.00121	0.00121	0.5	97298	118	97239	5279482	54.26
1970-1979	17	0.00154	0.00154	0.5	97180	149	97105	5182244	53.33
1970-1979	18	0.00189	0.00189	0.5	97030	183	96939	5085139	52.41
1970-1979	19	0.00201	0.00201	0.5	96847	195	96750	4988200	51.51
1970-1979	20	0.00204	0.00203	0.5	96652	197	96554	4891450	50.61
1970-1979	21	0.00212	0.00212	0.5	96456	205	96353	4794897	49.71
1970-1979	22	0.00212	0.00212	0.5	96251	204	96149	4698543	48.82
1970-1979	23	0.00208	0.00208	0.5	96047	200	95947	4602394	47.92
1970-1979	24	0.00203	0.00203	0.5	95847	195	95750	4506448	47.02
1970-1979	25	0.00200	0.00200	0.5	95652	191	95557	4410698	46.11
1970-1979	26	0.00192	0.00192	0.5	95461	184	95369	4315141	45.20
1970-1979	27	0.00193	0.00193	0.5	95278	184	95186	4219772	44.29
1970-1979	28	0.00190	0.00190	0.5	95094	181	95003	4124587	43.37
1970-1979	29	0.00193	0.00192	0.5	94913	183	94821	4029583	42.46
1970-1979	30	0.00195	0.00195	0.5	94730	185	94638	3934762	41.54
1970-1979	31	0.00195	0.00195	0.5	94545	184	94453	3840124	40.62
1970-1979	32	0.00205	0.00205	0.5	94361	193	94265	3745671	39.70
1970-1979	33	0.00211	0.00211	0.5	94168	199	94069	3651407	38.78
1970-1979	34	0.00224	0.00224	0.5	93969	211	93864	3557338	37.86
1970-1979	35	0.00242	0.00242	0.5	93759	227	93645	3463474	36.94
1970-1979	36	0.00258	0.00257	0.5	93532	241	93412	3369829	36.03
1970-1979	37	0.00275	0.00275	0.5	93291	256	93163	3276417	35.12
1970-1979	38	0.00299	0.00299	0.5	93035	278	92896	3183254	34.22
1970-1979	39	0.00327	0.00326	0.5	92757	303	92606	3090358	33.32
1970-1979	40	0.00352	0.00352	0.5	92454	325	92292	2997752	32.42
1970-1979	41	0.00381	0.00380	0.5	92129	351	91954	2905460	31.54
1970-1979	42	0.00430	0.00429	0.5	91779	394	91582	2813506	30.66
1970-1979	43	0.00464	0.00463	0.5	91385	423	91174	2721924	29.79
1970-1979	44	0.00507	0.00506	0.5	90962	460	90732	2630750	28.92
1970-1979	45	0.00570	0.00568	0.5	90502	514	90245	2540018	28.07
1970-1979	46	0.00622	0.00620	0.5	89988	558	89709	2449774	27.22
1970-1979	47	0.00678	0.00676	0.5	89430	604	89128	2360065	26.39
1970-1979	48	0.00742	0.00740	0.5	88825	657	88497	2270937	25.57
1970-1979	49	0.00818	0.00814	0.5	88168	718	87809	2182440	24.75
1970-1979	50	0.00896	0.00892	0.5	87450	780	87061	2094631	23.95
1970-1979	51	0.00970	0.00966	0.5	86671	837	86252	2007570	23.16
1970-1979	52	0.01066	0.01060	0.5	85834	910	85379	1921318	22.38
1970-1979	53	0.01151	0.01144	0.5	84924	971	84438	1835939	21.62
1970-1979	54	0.01266	0.01258	0.5	83952	1056	83424	1751501	20.86
1970-1979	55	0.01382	0.01373	0.5	82896	1138	82327	1668077	20.12
1970-1979	56	0.01501	0.01490	0.5	81758	1218	81149	1585750	19.40
1970-1979	57	0.01654	0.01640	0.5	80540	1321	79879	1504602	18.68
1970-1979	58	0.01792	0.01777	0.5	79218	1407	78515	1424723	17.98
1970-1979	59	0.01955	0.01936	0.5	77811	1506	77058	1346208	17.30
1970-1979	60	0.02142	0.02119	0.5	76305	1617	75496	1269150	16.63
1970-1979	61	0.02302	0.02276	0.5	74688	1700	73838	1193654	15.98
1970-1979	62	0.02571	0.02538	0.5	72988	1853	72062	1119816	15.34
1970-1979	63	0.02777	0.02739	0.5	71135	1948	70161	1047754	14.73
1970-1979	64	0.02994	0.02950	0.5	69187	2041	68166	977593	14.13
1970-1979	65	0.03253	0.03201	0.5	67146	2149	66071	909427	13.54
1970-1979	66	0.03434	0.03376	0.5	64996	2194	63899	843356	12.98
1970-1979	67	0.03757	0.03687	0.5	62802	2316	61644	779456	12.41
1970-1979	68	0.04026	0.03946	0.5	60486	2387	59293	717812	11.87
1970-1979	69	0.04358	0.04265	0.5	58099	2478	56860	658519	11.33
1970-1979	70	0.04737	0.04627	0.5	55621	2574	54335	601659	10.82
1970-1979	71	0.05040	0.04916	0.5	53048	2608	51744	547324	10.32
1970-1979	72	0.05563	0.05413	0.5	50440	2730	49075	495580	9.83
1970-1979	73	0.05930	0.05759	0.5	47710	2748	46336	446505	9.36
1970-1979	74	0.06432	0.06232	0.5	44962	2802	43561	400169	8.90
1970-1979	75	0.07039	0.06800	0.5	42160	2867	40727	356608	8.46
1970-1979	76	0.07521	0.07249	0.5	39293	2848	37869	315881	8.04
1970-1979	77	0.08103	0.07788	0.5	36445	2838	35026	278012	7.63
1970-1979	78	0.08806	0.08434	0.5	33607	2835	32190	242986	7.23
1970-1979	79	0.09516	0.09084	0.5	30772	2795	29375	210796	6.85
1970-1979	80	0.10348	0.09839	0.5	27977	2753	26601	181422	6.48
1970-1979	81	0.11017	0.10442	0.5	25224	2634	23907	154821	6.14
1970-1979	82	0.12046	0.11361	0.5	22591	2567	21307	130914	5.80
1970-1979	83	0.13106	0.12300	0.5	20024	2463	18792	109606	5.47
1970-1979	84	0.14263	0.13314	0.5	17561	2338	16392	90814	5.17
1970-1979	85	0.15310	0.14221	0.5	15223	2165	14140	74422	4.89
1970-1979	86	0.16655	0.15374	0.5	13058	2008	12054	60281	4.62
1970-1979	87	0.17897	0.16427	0.5	11050	1815	10143	48227	4.36
1970-1979	88	0.19184	0.17505	0.5	9235	1617	8427	38084	4.12
1970-1979	89	0.20825	0.18861	0.5	7619	1437	6900	29658	3.89
1970-1979	90	0.22440	0.20176	0.5	6182	1247	5558	22758	3.68
1970-1979	91	0.23768	0.21244	0.5	4934	1048	4410	17200	3.49
1970-1979	92	0.25880	0.22915	0.5	3886	890	3441	12789	3.29
1970-1979	93	0.27928	0.24506	0.5	2996	734	2629	9348	3.12
1970-1979	94	0.29567	0.25759	0.5	2262	583	1970	6720	2.97
1970-1979	95	0.31134	0.26940	0.5	1679	452	1453	4750	2.83
1970-1979	96	0.33127	0.28420	0.5	1227	349	1052	3297	2.69
1970-1979	97	0.35183	0.29920	0.5	878	263	747	2244	2.56
1970-1979	98	0.37296	0.31434	0.5	615	193	519	1498	2.43
1970-1979	99	0.39458	0.32956	0.5	422	139	352	979	2.32
1970-1979	100	0.41663	0.34480	0.5	283	98	234	627	2.22
1970-1979	101	0.43901	0.35999	0.5	185	67	152	392	2.12
1970-1979	102	0.46164	0.37507	0.5	119	44	96	241	2.03
1970-1979	103	0.48443	0.38997	0.5	74	29	60	144	1.94
1970-1979	104	0.50729	0.40465	0.5	45	18	36	84	1.87
1970-1979	105	0.53011	0.41904	0.5	27	11	21	48	1.80
1970-1979	106	0.55282	0.43310	0.5	16	7	12	27	1.73
1970-1979	107	0.57530	0.44678	0.5	9	4	7	15	1.68
1970-1979	108	0.59747	0.46004	0.5	5	2	4	8	1.63
1970-1979	109	0.61926	0.47285	0.5	3	1	2	4	1.59
1970-1979	110+	0.64057	1.00000	1.56	1	1	2	2	1.56
1980-1989	0	0.01232	0.01218	0.08	100000	1218	98877	7095606	70.96
1980-1989	1	0.00091	0.00091	0.5	98782	90	98737	6996729	70.83
1980-1989	2	0.00063	0.00063	0.5	98692	62	98661	6897992	69.89
1980-1989	3	0.00049	0.00049	0.5	98629	48	98605	6799331	68.94
1980-1989	4	0.00040	0.00040	0.5	98581	39	98561	6700726	67.97
1980-1989	5	0.00034	0.00034	0.5	98542	33	98525	6602164	67.00
1980-1989	6	0.00032	0.00032	0.5	98509	31	98493	6503639	66.02
1980-1989	7	0.00029	0.00029	0.5	98477	29	98463	6405146	65.04
1980-1989	8	0.00029	0.00029	0.5	98448	29	98434	6306683	64.06
1980-1989	9	0.00027	0.00027	0.5	98419	27	98406	6208250	63.08
1980-1989	10	0.00027	0.00026	0.5	98392	26	98379	6109844	62.10
1980-1989	11	0.00029	0.00029	0.5	98366	28	98352	6011464	61.11
1980-1989	12	0.00033	0.00033	0.5	98338	32	98322	5913112	60.13
1980-1989	13	0.00039	0.00039	0.5	98306	38	98287	5814790	59.15
1980-1989	14	0.00049	0.00049	0.5	98268	48	98243	5716504	58.17
1980-1989	15	0.00066	0.00066	0.5	98219	65	98187	5618260	57.20
1980-1989	16	0.00098	0.00098	0.5	98154	96	98106	5520074	56.24
1980-1989	17	0.00124	0.00123	0.5	98058	121	97997	5421968	55.29
1980-1989	18	0.00157	0.00157	0.5	97937	154	97860	5323971	54.36
1980-1989	19	0.00161	0.00161	0.5	97783	157	97704	5226111	53.45
1980-1989	20	0.00165	0.00165	0.5	97626	161	97545	5128406	52.53
1980-1989	21	0.00173	0.00173	0.5	97465	169	97381	5030861	51.62
1980-1989	22	0.00174	0.00174	0.5	97296	169	97211	4933480	50.71
1980-1989	23	0.00175	0.00175	0.5	97127	170	97042	4836269	49.79
1980-1989	24	0.00173	0.00172	0.5	96957	167	96873	4739227	48.88
1980-1989	25	0.00174	0.00174	0.5	96789	168	96705	4642354	47.96
1980-1989	26	0.00174	0.00174	0.5	96621	168	96537	4545649	47.05
1980-1989	27	0.00178	0.00177	0.5	96453	171	96368	4449112	46.13
1980-1989	28	0.00187	0.00187	0.5	96282	180	96192	4352744	45.21
1980-1989	29	0.00178	0.00178	0.5	96102	171	96016	4256552	44.29
1980-1989	30	0.00190	0.00190	0.5	95931	182	95840	4160536	43.37
1980-1989	31	0.00196	0.00196	0.5	95749	187	95655	4064696	42.45
1980-1989	32	0.00203	0.00203	0.5	95562	194	95465	3969040	41.53
1980-1989	33	0.00212	0.00211	0.5	95367	202	95267	3873576	40.62
1980-1989	34	0.00209	0.00209	0.5	95166	199	95066	3778309	39.70
1980-1989	35	0.00223	0.00223	0.5	94967	211	94861	3683243	38.78
1980-1989	36	0.00235	0.00235	0.5	94755	222	94644	3588382	37.87
1980-1989	37	0.00246	0.00246	0.5	94533	232	94417	3493737	36.96
1980-1989	38	0.00272	0.00271	0.5	94301	256	94173	3399320	36.05
1980-1989	39	0.00266	0.00266	0.5	94045	250	93920	3305148	35.14
1980-1989	40	0.00289	0.00289	0.5	93795	271	93660	3211228	34.24
1980-1989	41	0.00315	0.00314	0.5	93524	294	93377	3117568	33.33
1980-1989	42	0.00343	0.00342	0.5	93230	319	93071	3024191	32.44
1980-1989	43	0.00365	0.00364	0.5	92911	338	92742	2931120	31.55
1980-1989	44	0.00390	0.00389	0.5	92573	360	92393	2838377	30.66
1980-1989	45	0.00435	0.00434	0.5	92213	400	92013	2745984	29.78
1980-1989	46	0.00476	0.00475	0.5	91813	436	91595	2653971	28.91
1980-1989	47	0.00522	0.00520	0.5	91377	475	91139	2562376	28.04
1980-1989	48	0.00593	0.00591	0.5	90902	537	90633	2471236	27.19
1980-1989	49	0.00612	0.00610	0.5	90365	551	90089	2380603	26.34
1980-1989	50	0.00694	0.00691	0.5	89813	621	89503	2290514	25.50
1980-1989	51	0.00775	0.00772	0.5	89192	688	88848	2201011	24.68
1980-1989	52	0.00858	0.00854	0.5	88504	756	88126	2112163	23.87
1980-1989	53	0.00933	0.00929	0.5	87748	815	87340	2024037	23.07
1980-1989	54	0.01007	0.01002	0.5	86933	871	86497	1936697	22.28
1980-1989	55	0.01132	0.01125	0.5	86061	968	85577	1850200	21.50
1980-1989	56	0.01232	0.01224	0.5	85093	1042	84572	1764623	20.74
1980-1989	57	0.01321	0.01312	0.5	84051	1103	83500	1680051	19.99
1980-1989	58	0.01512	0.01501	0.5	82948	1245	82325	1596551	19.25
1980-1989	59	0.01588	0.01576	0.5	81703	1287	81059	1514226	18.53
1980-1989	60	0.01753	0.01737	0.5	80415	1397	79717	1433166	17.82
1980-1989	61	0.01901	0.01883	0.5	79018	1488	78274	1353450	17.13
1980-1989	62	0.02143	0.02120	0.5	77530	1644	76708	1275175	16.45
1980-1989	63	0.02272	0.02246	0.5	75886	1705	75034	1198467	15.79
1980-1989	64	0.02410	0.02381	0.5	74182	1766	73299	1123433	15.14
1980-1989	65	0.02664	0.02629	0.5	72416	1904	71464	1050134	14.50
1980-1989	66	0.02884	0.02843	0.5	70512	2005	69510	978670	13.88
1980-1989	67	0.03110	0.03062	0.5	68507	2098	67458	909161	13.27
1980-1989	68	0.03445	0.03387	0.5	66409	2249	65285	841702	12.67
1980-1989	69	0.03693	0.03626	0.5	64160	2327	62997	776417	12.10
1980-1989	70	0.04058	0.03978	0.5	61834	2460	60604	713420	11.54
1980-1989	71	0.04386	0.04292	0.5	59374	2548	58100	652816	10.99
1980-1989	72	0.04862	0.04747	0.5	56826	2697	55477	594716	10.47
1980-1989	73	0.05293	0.05156	0.5	54129	2791	52733	539239	9.96
1980-1989	74	0.05628	0.05474	0.5	51338	2810	49933	486506	9.48
1980-1989	75	0.06079	0.05899	0.5	48528	2863	47096	436573	9.00
1980-1989	76	0.06655	0.06441	0.5	45665	2941	44194	389477	8.53
1980-1989	77	0.07160	0.06912	0.5	42724	2953	41247	345283	8.08
1980-1989	78	0.07799	0.07506	0.5	39770	2985	38278	304036	7.64
1980-1989	79	0.08391	0.08053	0.5	36785	2962	35304	265758	7.22
1980-1989	80	0.09453	0.09026	0.5	33823	3053	32297	230454	6.81
1980-1989	81	0.10235	0.09737	0.5	30770	2996	29272	198157	6.44
1980-1989	82	0.11128	0.10541	0.5	27774	2928	26310	168885	6.08
1980-1989	83	0.12118	0.11426	0.5	24846	2839	23427	142575	5.74
1980-1989	84	0.13157	0.12345	0.5	22007	2717	20649	119148	5.41
1980-1989	85	0.14230	0.13285	0.5	19291	2563	18009	98499	5.11
1980-1989	86	0.15478	0.14366	0.5	16728	2403	15526	80490	4.81
1980-1989	87	0.16861	0.15550	0.5	14325	2227	13211	64964	4.54
1980-1989	88	0.18151	0.16641	0.5	12097	2013	11091	51753	4.28
1980-1989	89	0.19595	0.17847	0.5	10084	1800	9184	40662	4.03
1980-1989	90	0.21209	0.19176	0.5	8284	1589	7490	31477	3.80
1980-1989	91	0.22778	0.20449	0.5	6696	1369	6011	23987	3.58
1980-1989	92	0.24789	0.22056	0.5	5327	1175	4739	17976	3.37
1980-1989	93	0.26831	0.23658	0.5	4152	982	3661	13237	3.19
1980-1989	94	0.28800	0.25175	0.5	3170	798	2771	9576	3.02
1980-1989	95	0.30410	0.26396	0.5	2372	626	2059	6805	2.87
1980-1989	96	0.32480	0.27942	0.5	1746	488	1502	4747	2.72
1980-1989	97	0.34620	0.29512	0.5	1258	371	1072	3245	2.58
1980-1989	98	0.36825	0.31099	0.5	887	276	749	2173	2.45
1980-1989	99	0.39086	0.32696	0.5	611	200	511	1424	2.33
1980-1989	100	0.41396	0.34297	0.5	411	141	341	913	2.22
1980-1989	101	0.43743	0.35893	0.5	270	97	222	572	2.12
1980-1989	102	0.46119	0.37477	0.5	173	65	141	350	2.02
1980-1989	103	0.48513	0.39043	0.5	108	42	87	210	1.94
1980-1989	104	0.50913	0.40582	0.5	66	27	53	123	1.86
1980-1989	105	0.53310	0.42091	0.5	39	17	31	70	1.79
1980-1989	106	0.55691	0.43561	0.5	23	10	18	39	1.72
1980-1989	107	0.58046	0.44989	0.5	13	6	10	21	1.66
1980-1989	108	0.60366	0.46370	0.5	7	3	5	11	1.61
1980-1989	109	0.62639	0.47700	0.5	4	2	3	6	1.57
1980-1989	110+	0.64858	1.00000	1.54	2	2	3	3	1.54
1990-1999	0	0.00913	0.00905	0.07	100000	905	99158	7276423	72.76
1990-1999	1	0.00068	0.00068	0.5	99095	67	99061	7177265	72.43
1990-1999	2	0.00047	0.00047	0.5	99028	46	99004	7078204	71.48
1990-1999	3	0.00037	0.00037	0.5	98981	36	98963	6979200	70.51
1990-1999	4	0.00029	0.00029	0.5	98945	28	98931	6880236	69.54
1990-1999	5	0.00025	0.00025	0.5	98917	25	98904	6781306	68.56
1990-1999	6	0.00023	0.00023	0.5	98892	22	98880	6682402	67.57
1990-1999	7	0.00021	0.00021	0.5	98869	21	98859	6583521	66.59
1990-1999	8	0.00021	0.00021	0.5	98848	21	98838	6484663	65.60
1990-1999	9	0.00020	0.00020	0.5	98827	19	98817	6385825	64.62
1990-1999	10	0.00020	0.00020	0.5	98808	20	98798	6287008	63.63
1990-1999	11	0.00022	0.00022	0.5	98788	22	98777	6188210	62.64
1990-1999	12	0.00026	0.00026	0.5	98766	25	98753	6089433	61.66
1990-1999	13	0.00033	0.00033	0.5	98741	33	98724	5990679	60.67
1990-1999	14	0.00046	0.00046	0.5	98708	45	98685	5891955	59.69
1990-1999	15	0.00063	0.00063	0.5	98663	62	98632	5793270	58.72
1990-1999	16	0.00095	0.00095	0.5	98601	94	98554	5694638	57.75
1990-1999	17	0.00117	0.00117	0.5	98507	115	98450	5596083	56.81
1990-1999	18	0.00146	0.00146	0.5	98393	144	98321	5497633	55.87
1990-1999	19	0.00151	0.00151	0.5	98249	148	98175	5399313	54.96
1990-1999	20	0.00150	0.00150	0.5	98101	147	98027	5301138	54.04
1990-1999	21	0.00160	0.00160	0.5	97953	157	97875	5203111	53.12
1990-1999	22	0.00156	0.00156	0.5	97797	152	97720	5105236	52.20
1990-1999	23	0.00154	0.00154	0.5	97644	151	97569	5007515	51.28
1990-1999	24	0.00149	0.00148	0.5	97494	145	97421	4909946	50.36
1990-1999	25	0.00150	0.00150	0.5	97349	146	97276	4812525	49.44
1990-1999	26	0.00154	0.00154	0.5	97203	149	97129	4715249	48.51
1990-1999	27	0.00159	0.00159	0.5	97054	154	96977	4618120	47.58
1990-1999	28	0.00169	0.00169	0.5	96900	163	96818	4521143	46.66
1990-1999	29	0.00169	0.00169	0.5	96737	164	96655	4424325	45.74
1990-1999	30	0.00180	0.00180	0.5	96573	174	96486	4327671	44.81
1990-1999	31	0.00195	0.00194	0.5	96399	187	96305	4231185	43.89
1990-1999	32	0.00204	0.00203	0.5	96212	196	96114	4134879	42.98
1990-1999	33	0.00215	0.00215	0.5	96016	206	95913	4038766	42.06
1990-1999	34	0.00220	0.00220	0.5	95809	211	95704	3942853	41.15
1990-1999	35	0.00231	0.00231	0.5	95598	221	95488	3847149	40.24
1990-1999	36	0.00246	0.00246	0.5	95378	235	95260	3751661	39.33
1990-1999	37	0.00260	0.00259	0.5	95143	247	95020	3656400	38.43
1990-1999	38	0.00282	0.00281	0.5	94896	267	94763	3561381	37.53
1990-1999	39	0.00281	0.00281	0.5	94629	266	94496	3466618	36.63
1990-1999	40	0.00301	0.00301	0.5	94364	284	94222	3372121	35.74
1990-1999	41	0.00329	0.00329	0.5	94080	309	93925	3277900	34.84
1990-1999	42	0.00345	0.00344	0.5	93771	323	93609	3183974	33.95
1990-1999	43	0.00369	0.00368	0.5	93448	344	93276	3090365	33.07
1990-1999	44	0.00382	0.00381	0.5	93103	355	92926	2997090	32.19
1990-1999	45	0.00407	0.00406	0.5	92749	377	92560	2904163	31.31
1990-1999	46	0.00446	0.00445	0.5	92372	411	92166	2811603	30.44
1990-1999	47	0.00475	0.00474	0.5	91961	436	91743	2719437	29.57
1990-1999	48	0.00521	0.00520	0.5	91525	476	91287	2627694	28.71
1990-1999	49	0.00531	0.00530	0.5	91049	482	90808	2536407	27.86
1990-1999	50	0.00575	0.00573	0.5	90567	519	90307	2445600	27.00
1990-1999	51	0.00644	0.00642	0.5	90048	578	89759	2355293	26.16
1990-1999	52	0.00700	0.00697	0.5	89470	624	89158	2265534	25.32
1990-1999	53	0.00763	0.00760	0.5	88846	676	88508	2176376	24.50
1990-1999	54	0.00819	0.00815	0.5	88170	719	87811	2087868	23.68
1990-1999	55	0.00908	0.00904	0.5	87452	791	87056	2000057	22.87
1990-1999	56	0.00999	0.00994	0.5	86661	861	86230	1913001	22.07
1990-1999	57	0.01083	0.01077	0.5	85799	924	85337	1826771	21.29
1990-1999	58	0.01231	0.01223	0.5	84875	1038	84356	1741434	20.52
1990-1999	59	0.01294	0.01285	0.5	83837	1078	83298	1657078	19.77
1990-1999	60	0.01442	0.01432	0.5	82760	1185	82167	1573779	19.02
1990-1999	61	0.01601	0.01588	0.5	81575	1295	80927	1491612	18.29
1990-1999	62	0.01763	0.01748	0.5	80279	1403	79578	1410685	17.57
1990-1999	63	0.01894	0.01877	0.5	78876	1480	78136	1331108	16.88
1990-1999	64	0.02053	0.02032	0.5	77396	1573	76609	1252972	16.19
1990-1999	65	0.02240	0.02215	0.5	75823	1680	74983	1176363	15.51
1990-1999	66	0.02434	0.02405	0.5	74143	1783	73252	1101380	14.85
1990-1999	67	0.02618	0.02584	0.5	72360	1870	71425	1028128	14.21
1990-1999	68	0.02912	0.02870	0.5	70491	2023	69479	956702	13.57
1990-1999	69	0.03139	0.03091	0.5	68467	2116	67409	887224	12.96
1990-1999	70	0.03416	0.03358	0.5	66351	2228	65237	819815	12.36
1990-1999	71	0.03745	0.03676	0.5	64123	2357	62944	754578	11.77
1990-1999	72	0.04038	0.03958	0.5	61765	2445	60543	691633	11.20
1990-1999	73	0.04396	0.04301	0.5	59321	2552	58045	631090	10.64
1990-1999	74	0.04748	0.04638	0.5	56769	2633	55452	573045	10.09
1990-1999	75	0.05134	0.05005	0.5	54136	2710	52781	517593	9.56
1990-1999	76	0.05644	0.05489	0.5	51426	2823	50015	464812	9.04
1990-1999	77	0.06177	0.05992	0.5	48603	2912	47147	414797	8.53
1990-1999	78	0.06717	0.06498	0.5	45691	2969	44206	367650	8.05
1990-1999	79	0.07321	0.07062	0.5	42722	3017	41213	323444	7.57
1990-1999	80	0.08451	0.08109	0.5	39704	3219	38095	282231	7.11
1990-1999	81	0.09251	0.08842	0.5	36485	3226	34872	244136	6.69
1990-1999	82	0.10166	0.09674	0.5	33259	3218	31650	209264	6.29
1990-1999	83	0.11205	0.10611	0.5	30041	3188	28448	177614	5.91
1990-1999	84	0.12235	0.11530	0.5	26854	3096	25306	149166	5.55
1990-1999	85	0.13448	0.12601	0.5	23758	2994	22261	123860	5.21
1990-1999	86	0.14714	0.13706	0.5	20764	2846	19341	101599	4.89
1990-1999	87	0.15995	0.14811	0.5	17918	2654	16591	82258	4.59
1990-1999	88	0.17512	0.16102	0.5	15264	2458	14035	65667	4.30
1990-1999	89	0.19133	0.17463	0.5	12806	2236	11688	51632	4.03
1990-1999	90	0.20909	0.18930	0.5	10570	2001	9570	39944	3.78
1990-1999	91	0.22642	0.20339	0.5	8569	1743	7698	30374	3.54
1990-1999	92	0.24771	0.22041	0.5	6826	1505	6074	22677	3.32
1990-1999	93	0.27098	0.23865	0.5	5322	1270	4687	16603	3.12
1990-1999	94	0.29346	0.25591	0.5	4052	1037	3533	11916	2.94
1990-1999	95	0.31182	0.26976	0.5	3015	813	2608	8383	2.78
1990-1999	96	0.33518	0.28707	0.5	2201	632	1885	5775	2.62
1990-1999	97	0.35937	0.30463	0.5	1570	478	1330	3889	2.48
1990-1999	98	0.38430	0.32236	0.5	1091	352	915	2559	2.34
1990-1999	99	0.40985	0.34015	0.5	740	252	614	1643	2.22
1990-1999	100	0.43590	0.35790	0.5	488	175	401	1030	2.11
1990-1999	101	0.46230	0.37551	0.5	313	118	255	629	2.01
1990-1999	102	0.48892	0.39288	0.5	196	77	157	374	1.91
1990-1999	103	0.51560	0.40993	0.5	119	49	94	217	1.83
1990-1999	104	0.54220	0.42656	0.5	70	30	55	123	1.75
1990-1999	105	0.56855	0.44270	0.5	40	18	31	67	1.68
1990-1999	106	0.59453	0.45829	0.5	22	10	17	36	1.62
1990-1999	107	0.61998	0.47327	0.5	12	6	9	19	1.56
1990-1999	108	0.64479	0.48759	0.5	6	3	5	10	1.51
1990-1999	109	0.66885	0.50123	0.5	3	2	2	5	1.47
1990-1999	110+	0.69205	1.00000	1.44	2	2	2	2	1.44
2000-2009	0	0.00768	0.00763	0.07	100000	763	99287	7495056	74.95
2000-2009	1	0.00052	0.00052	0.5	99237	52	99211	7395768	74.53
2000-2009	2	0.00035	0.00035	0.5	99185	34	99168	7296557	73.56
2000-2009	3	0.00026	0.00026	0.5	99151	26	99138	7197389	72.59
2000-2009	4	0.00021	0.00021	0.5	99125	21	99114	7098251	71.61
2000-2009	5	0.00018	0.00018	0.5	99104	18	99095	6999137	70.62
2000-2009	6	0.00016	0.00016	0.5	99086	16	99078	6900042	69.64
2000-2009	7	0.00015	0.00015	0.5	99070	15	99063	6800964	68.65
2000-2009	8	0.00015	0.00015	0.5	99056	15	99048	6701901	67.66
2000-2009	9	0.00015	0.00015	0.5	99041	15	99033	6602853	66.67
2000-2009	10	0.00015	0.00015	0.5	99026	15	99018	6503819	65.68
2000-2009	11	0.00017	0.00017	0.5	99011	16	99003	6404801	64.69
2000-2009	12	0.00019	0.00019	0.5	98994	19	98985	6305798	63.70
2000-2009	13	0.00023	0.00023	0.5	98976	23	98964	6206813	62.71
2000-2009	14	0.00030	0.00030	0.5	98953	30	98938	6107849	61.72
2000-2009	15	0.00043	0.00043	0.5	98923	42	98902	6008911	60.74
2000-2009	16	0.00064	0.00064	0.5	98881	64	98849	5910010	59.77
2000-2009	17	0.00085	0.00085	0.5	98817	84	98775	5811161	58.81
2000-2009	18	0.00114	0.00114	0.5	98733	112	98677	5712386	57.86
2000-2009	19	0.00129	0.00129	0.5	98621	127	98557	5613709	56.92
2000-2009	20	0.00134	0.00134	0.5	98494	132	98428	5515152	55.99
2000-2009	21	0.00145	0.00145	0.5	98362	142	98291	5416724	55.07
2000-2009	22	0.00144	0.00144	0.5	98220	141	98149	5318433	54.15
2000-2009	23	0.00143	0.00143	0.5	98079	140	98009	5220284	53.23
2000-2009	24	0.00143	0.00142	0.5	97939	140	97869	5122275	52.30
2000-2009	25	0.00140	0.00139	0.5	97799	136	97731	5024406	51.37
2000-2009	26	0.00141	0.00141	0.5	97663	138	97594	4926675	50.45
2000-2009	27	0.00140	0.00140	0.5	97525	136	97457	4829081	49.52
2000-2009	28	0.00139	0.00139	0.5	97389	135	97321	4731624	48.58
2000-2009	29	0.00143	0.00142	0.5	97254	139	97184	4634303	47.65
2000-2009	30	0.00141	0.00141	0.5	97115	137	97047	4537119	46.72
2000-2009	31	0.00148	0.00147	0.5	96978	143	96907	4440072	45.78
2000-2009	32	0.00148	0.00148	0.5	96835	144	96763	4343166	44.85
2000-2009	33	0.00155	0.00155	0.5	96692	150	96617	4246402	43.92
2000-2009	34	0.00163	0.00163	0.5	96542	157	96463	4149785	42.98
2000-2009	35	0.00172	0.00172	0.5	96385	166	96302	4053322	42.05
2000-2009	36	0.00181	0.00181	0.5	96219	174	96132	3957020	41.13
2000-2009	37	0.00197	0.00197	0.5	96045	189	95951	3860888	40.20
2000-2009	38	0.00212	0.00211	0.5	95856	203	95755	3764937	39.28
2000-2009	39	0.00224	0.00224	0.5	95654	214	95547	3669182	38.36
2000-2009	40	0.00246	0.00246	0.5	95440	235	95322	3573635	37.44
2000-2009	41	0.00267	0.00267	0.5	95205	254	95078	3478313	36.53
2000-2009	42	0.00290	0.00289	0.5	94951	275	94814	3383235	35.63
2000-2009	43	0.00315	0.00315	0.5	94676	298	94527	3288421	34.73
2000-2009	44	0.00344	0.00344	0.5	94378	324	94216	3193894	33.84
2000-2009	45	0.00372	0.00371	0.5	94054	349	93880	3099678	32.96
2000-2009	46	0.00407	0.00406	0.5	93705	380	93515	3005798	32.08
2000-2009	47	0.00439	0.00438	0.5	93325	409	93120	2912284	31.21
2000-2009	48	0.00479	0.00478	0.5	92915	444	92693	2819164	30.34
2000-2009	49	0.00516	0.00515	0.5	92471	476	92233	2726470	29.48
2000-2009	50	0.00562	0.00560	0.5	91995	515	91738	2634237	28.63
2000-2009	51	0.00603	0.00601	0.5	91480	550	91205	2542499	27.79
2000-2009	52	0.00651	0.00648	0.5	90930	590	90635	2451294	26.96
2000-2009	53	0.00703	0.00700	0.5	90341	633	90024	2360659	26.13
2000-2009	54	0.00746	0.00743	0.5	89708	667	89375	2270635	25.31
2000-2009	55	0.00811	0.00808	0.5	89041	719	88681	2181260	24.50
2000-2009	56	0.00859	0.00855	0.5	88322	755	87944	2092579	23.69
2000-2009	57	0.00933	0.00928	0.5	87567	813	87160	2004634	22.89
2000-2009	58	0.01004	0.00999	0.5	86754	867	86320	1917474	22.10
2000-2009	59	0.01086	0.01081	0.5	85887	928	85423	1831154	21.32
2000-2009	60	0.01192	0.01185	0.5	84959	1007	84456	1745731	20.55
2000-2009	61	0.01266	0.01258	0.5	83952	1056	83424	1661275	19.79
2000-2009	62	0.01394	0.01384	0.5	82896	1147	82323	1577851	19.03
2000-2009	63	0.01514	0.01502	0.5	81749	1228	81135	1495528	18.29
2000-2009	64	0.01651	0.01637	0.5	80521	1318	79862	1414393	17.57
2000-2009	65	0.01782	0.01766	0.5	79203	1399	78503	1334531	16.85
2000-2009	66	0.01925	0.01907	0.5	77804	1484	77062	1256028	16.14
2000-2009	67	0.02087	0.02065	0.5	76320	1576	75532	1178966	15.45
2000-2009	68	0.02265	0.02239	0.5	74744	1674	73907	1103433	14.76
2000-2009	69	0.02477	0.02447	0.5	73070	1788	72177	1029526	14.09
2000-2009	70	0.02720	0.02684	0.5	71283	1913	70326	957349	13.43
2000-2009	71	0.02940	0.02897	0.5	69370	2010	68365	887023	12.79
2000-2009	72	0.03234	0.03182	0.5	67360	2144	66288	818659	12.15
2000-2009	73	0.03556	0.03494	0.5	65216	2279	64077	752371	11.54
2000-2009	74	0.03859	0.03786	0.5	62938	2383	61746	688294	10.94
2000-2009	75	0.04279	0.04189	0.5	60555	2537	59286	626547	10.35
2000-2009	76	0.04641	0.04536	0.5	58018	2632	56702	567261	9.78
2000-2009	77	0.05104	0.04977	0.5	55386	2757	54008	510559	9.22
2000-2009	78	0.05591	0.05439	0.5	52630	2863	51198	456551	8.67
2000-2009	79	0.06172	0.05988	0.5	49767	2980	48277	405353	8.15
2000-2009	80	0.07130	0.06885	0.5	46787	3221	45176	357076	7.63
2000-2009	81	0.07870	0.07572	0.5	43566	3299	41916	311900	7.16
2000-2009	82	0.08711	0.08347	0.5	40267	3361	38586	269983	6.70
2000-2009	83	0.09635	0.09192	0.5	36906	3392	35210	231397	6.27
2000-2009	84	0.10692	0.10149	0.5	33513	3401	31813	196187	5.85
2000-2009	85	0.11848	0.11185	0.5	30112	3368	28428	164374	5.46
2000-2009	86	0.13238	0.12416	0.5	26744	3321	25084	135946	5.08
2000-2009	87	0.14631	0.13634	0.5	23423	3194	21827	110863	4.73
2000-2009	88	0.16267	0.15043	0.5	20230	3043	18708	89036	4.40
2000-2009	89	0.18096	0.16595	0.5	17187	2852	15761	70328	4.09
2000-2009	90	0.19999	0.18181	0.5	14335	2606	13031	54567	3.81
2000-2009	91	0.22066	0.19873	0.5	11728	2331	10563	41536	3.54
2000-2009	92	0.24474	0.21806	0.5	9398	2049	8373	30973	3.30
2000-2009	93	0.27038	0.23818	0.5	7348	1750	6473	22600	3.08
2000-2009	94	0.29845	0.25969	0.5	5598	1454	4871	16127	2.88
2000-2009	95	0.31553	0.27253	0.5	4144	1129	3580	11255	2.72
2000-2009	96	0.34231	0.29228	0.5	3015	881	2574	7676	2.55
2000-2009	97	0.37014	0.31233	0.5	2134	666	1800	5102	2.39
2000-2009	98	0.39885	0.33254	0.5	1467	488	1223	3301	2.25
2000-2009	99	0.42828	0.35275	0.5	979	345	807	2078	2.12
2000-2009	100	0.45823	0.37281	0.5	634	236	516	1271	2.01
2000-2009	101	0.48848	0.39259	0.5	398	156	320	755	1.90
2000-2009	102	0.51882	0.41195	0.5	241	99	192	436	1.81
2000-2009	103	0.54902	0.43077	0.5	142	61	111	244	1.72
2000-2009	104	0.57886	0.44893	0.5	81	36	63	133	1.64
2000-2009	105	0.60813	0.46634	0.5	45	21	34	70	1.57
2000-2009	106	0.63665	0.48293	0.5	24	11	18	36	1.51
2000-2009	107	0.66424	0.49863	0.5	12	6	9	18	1.46
2000-2009	108	0.69075	0.51343	0.5	6	3	5	9	1.41
2000-2009	109	0.71607	0.52728	0.5	3	2	2	4	1.38
2000-2009	110+	0.74009	1.00000	1.35	1	1	2	2	1.35
2010-2019	0	0.00640	0.00637	0.06	100000	637	99403	7629390	76.29
2010-2019	1	0.00043	0.00043	0.5	99363	43	99342	7529987	75.78
2010-2019	2	0.00029	0.00029	0.5	99320	29	99306	7430645	74.81
2010-2019	3	0.00022	0.00022	0.5	99292	22	99281	7331339	73.84
2010-2019	4	0.00017	0.00017	0.5	99270	17	99261	7232058	72.85
2010-2019	5	0.00015	0.00015	0.5	99252	14	99245	7132797	71.87
2010-2019	6	0.00013	0.00013	0.5	99238	13	99232	7033552	70.88
2010-2019	7	0.00013	0.00013	0.5	99225	12	99219	6934320	69.88
2010-2019	8	0.00012	0.00012	0.5	99213	12	99207	6835101	68.89
2010-2019	9	0.00012	0.00012	0.5	99201	12	99195	6735894	67.90
2010-2019	10	0.00012	0.00012	0.5	99189	12	99182	6636700	66.91
2010-2019	11	0.00013	0.00013	0.5	99176	13	99170	6537517	65.92
2010-2019	12	0.00015	0.00015	0.5	99163	15	99156	6438347	64.93
2010-2019	13	0.00019	0.00019	0.5	99148	18	99139	6339192	63.94
2010-2019	14	0.00025	0.00025	0.5	99130	25	99117	6240053	62.95
2010-2019	15	0.00034	0.00034	0.5	99105	34	99088	6140936	61.96
2010-2019	16	0.00048	0.00048	0.5	99071	47	99048	6041848	60.98
2010-2019	17	0.00063	0.00063	0.5	99024	63	98992	5942800	60.01
2010-2019	18	0.00089	0.00089	0.5	98961	88	98917	5843808	59.05
2010-2019	19	0.00102	0.00102	0.5	98873	101	98823	5744890	58.10
2010-2019	20	0.00111	0.00111	0.5	98772	110	98717	5646068	57.16
2010-2019	21	0.00126	0.00126	0.5	98662	124	98600	5547350	56.23
2010-2019	22	0.00132	0.00132	0.5	98538	130	98473	5448750	55.30
2010-2019	23	0.00135	0.00135	0.5	98408	133	98341	5350277	54.37
2010-2019	24	0.00140	0.00140	0.5	98275	138	98206	5251936	53.44
2010-2019	25	0.00144	0.00144	0.5	98137	141	98066	5153731	52.52
2010-2019	26	0.00147	0.00147	0.5	97996	144	97924	5055664	51.59
2010-2019	27	0.00151	0.00151	0.5	97852	148	97778	4957741	50.67
2010-2019	28	0.00155	0.00155	0.5	97704	152	97628	4859963	49.74
2010-2019	29	0.00159	0.00159	0.5	97552	155	97475	4762335	48.82
2010-2019	30	0.00161	0.00161	0.5	97397	157	97319	4664860	47.90
2010-2019	31	0.00166	0.00166	0.5	97240	162	97160	4567541	46.97
2010-2019	32	0.00170	0.00170	0.5	97079	165	96996	4470382	46.05
2010-2019	33	0.00176	0.00175	0.5	96914	170	96829	4373385	45.13
2010-2019	34	0.00182	0.00182	0.5	96744	176	96656	4276556	44.20
2010-2019	35	0.00187	0.00187	0.5	96568	180	96478	4179900	43.28
2010-2019	36	0.00193	0.00192	0.5	96388	185	96295	4083422	42.36
2010-2019	37	0.00200	0.00200	0.5	96203	192	96107	3987126	41.45
2010-2019	38	0.00208	0.00208	0.5	96010	199	95911	3891020	40.53
2010-2019	39	0.00218	0.00218	0.5	95811	209	95707	3795109	39.61
2010-2019	40	0.00230	0.00229	0.5	95602	219	95493	3699402	38.70
2010-2019	41	0.00242	0.00242	0.5	95383	231	95268	3603909	37.78
2010-2019	42	0.00256	0.00255	0.5	95153	243	95031	3508642	36.87
2010-2019	43	0.00272	0.00271	0.5	94910	258	94781	3413611	35.97
2010-2019	44	0.00294	0.00294	0.5	94652	278	94513	3318830	35.06
2010-2019	45	0.00320	0.00320	0.5	94374	302	94223	3224317	34.17
2010-2019	46	0.00353	0.00353	0.5	94072	332	93906	3130093	33.27
2010-2019	47	0.00386	0.00385	0.5	93741	361	93560	3036187	32.39
2010-2019	48	0.00419	0.00418	0.5	93380	390	93185	2942627	31.51
2010-2019	49	0.00460	0.00459	0.5	92989	426	92776	2849442	30.64
2010-2019	50	0.00505	0.00504	0.5	92563	467	92330	2756666	29.78
2010-2019	51	0.00553	0.00552	0.5	92096	508	91842	2664337	28.93
2010-2019	52	0.00603	0.00602	0.5	91588	551	91313	2572494	28.09
2010-2019	53	0.00658	0.00656	0.5	91037	597	90739	2481182	27.25
2010-2019	54	0.00717	0.00715	0.5	90440	646	90117	2390443	26.43
2010-2019	55	0.00786	0.00783	0.5	89794	703	89442	2300326	25.62
2010-2019	56	0.00849	0.00846	0.5	89091	753	88714	2210884	24.82
2010-2019	57	0.00918	0.00914	0.5	88337	807	87934	2122170	24.02
2010-2019	58	0.00987	0.00982	0.5	87530	860	87100	2034236	23.24
2010-2019	59	0.01064	0.01059	0.5	86670	918	86211	1947136	22.47
2010-2019	60	0.01139	0.01133	0.5	85753	971	85267	1860925	21.70
2010-2019	61	0.01223	0.01215	0.5	84781	1031	84266	1775658	20.94
2010-2019	62	0.01307	0.01299	0.5	83751	1088	83207	1691392	20.20
2010-2019	63	0.01417	0.01407	0.5	82663	1163	82082	1608186	19.45
2010-2019	64	0.01500	0.01488	0.5	81500	1213	80894	1526104	18.73
2010-2019	65	0.01591	0.01579	0.5	80287	1268	79653	1445210	18.00
2010-2019	66	0.01702	0.01688	0.5	79019	1334	78352	1365557	17.28
2010-2019	67	0.01827	0.01811	0.5	77686	1407	76982	1287205	16.57
2010-2019	68	0.01967	0.01948	0.5	76279	1486	75536	1210223	15.87
2010-2019	69	0.02124	0.02101	0.5	74793	1572	74007	1134687	15.17
2010-2019	70	0.02303	0.02277	0.5	73221	1667	72388	1060679	14.49
2010-2019	71	0.02507	0.02476	0.5	71554	1772	70668	988292	13.81
2010-2019	72	0.02733	0.02697	0.5	69783	1882	68842	917623	13.15
2010-2019	73	0.02958	0.02914	0.5	67901	1979	66911	848782	12.50
2010-2019	74	0.03253	0.03201	0.5	65922	2110	64867	781870	11.86
2010-2019	75	0.03576	0.03513	0.5	63812	2242	62691	717003	11.24
2010-2019	76	0.03910	0.03835	0.5	61570	2361	60389	654313	10.63
2010-2019	77	0.04286	0.04196	0.5	59208	2484	57966	593923	10.03
2010-2019	78	0.04690	0.04582	0.5	56724	2599	55424	535957	9.45
2010-2019	79	0.05173	0.05043	0.5	54125	2729	52760	480533	8.88
2010-2019	80	0.05933	0.05762	0.5	51395	2961	49915	427773	8.32
2010-2019	81	0.06623	0.06411	0.5	48434	3105	46881	377858	7.80
2010-2019	82	0.07378	0.07115	0.5	45329	3225	43716	330977	7.30
2010-2019	83	0.08190	0.07868	0.5	42104	3313	40447	287260	6.82
2010-2019	84	0.09184	0.08781	0.5	38791	3406	37088	246813	6.36
2010-2019	85	0.10192	0.09698	0.5	35385	3432	33669	209725	5.93
2010-2019	86	0.11402	0.10787	0.5	31953	3447	30230	176057	5.51
2010-2019	87	0.12792	0.12023	0.5	28506	3427	26793	145827	5.12
2010-2019	88	0.14315	0.13359	0.5	25079	3350	23404	119034	4.75
2010-2019	89	0.15964	0.14784	0.5	21729	3212	20122	95630	4.40
2010-2019	90	0.17918	0.16444	0.5	18516	3045	16994	75508	4.08
2010-2019	91	0.19892	0.18092	0.5	15471	2799	14072	58514	3.78
2010-2019	92	0.22271	0.20040	0.5	12672	2539	11403	44442	3.51
2010-2019	93	0.24794	0.22060	0.5	10133	2235	9015	33040	3.26
2010-2019	94	0.27313	0.24031	0.5	7898	1898	6949	24025	3.04
2010-2019	95	0.29460	0.25678	0.5	6000	1541	5229	17076	2.85
2010-2019	96	0.32193	0.27730	0.5	4459	1236	3841	11847	2.66
2010-2019	97	0.35054	0.29826	0.5	3223	961	2742	8006	2.48
2010-2019	98	0.38026	0.31951	0.5	2261	723	1900	5264	2.33
2010-2019	99	0.41091	0.34087	0.5	1539	525	1277	3364	2.19
2010-2019	100	0.44226	0.36218	0.5	1014	367	831	2087	2.06
2010-2019	101	0.47409	0.38324	0.5	647	248	523	1256	1.94
2010-2019	102	0.50612	0.40391	0.5	399	161	318	734	1.84
2010-2019	103	0.53811	0.42402	0.5	238	101	187	415	1.75
2010-2019	104	0.56978	0.44345	0.5	137	61	107	228	1.66
2010-2019	105	0.60089	0.46207	0.5	76	35	59	121	1.59
2010-2019	106	0.63121	0.47979	0.5	41	20	31	62	1.52
2010-2019	107	0.66053	0.49654	0.5	21	11	16	31	1.46
2010-2019	108	0.68866	0.51227	0.5	11	6	8	15	1.41
2010-2019	109	0.71547	0.52696	0.5	5	3	4	7	1.38
2010-2019	110+	0.74084	1.00000	1.35	2	2	3	3	1.35
2020-2022	0	0.00591	0.00587	0.06	100000	587	99448	7425479	74.25
2020-2022	1	0.00044	0.00044	0.5	99413	43	99391	7326031	73.69
2020-2022	2	0.00029	0.00029	0.5	99369	28	99355	7226640	72.73
2020-2022	3	0.00022	0.00022	0.5	99341	22	99330	7127285	71.75
2020-2022	4	0.00017	0.00017	0.5	99319	17	99310	7027955	70.76
2020-2022	5	0.00016	0.00016	0.5	99302	16	99294	6928645	69.77
2020-2022	6	0.00014	0.00014	0.5	99286	14	99279	6829351	68.78
2020-2022	7	0.00012	0.00012	0.5	99272	12	99267	6730072	67.79
2020-2022	8	0.00012	0.00012	0.5	99261	11	99255	6630805	66.80
2020-2022	9	0.00012	0.00012	0.5	99249	12	99243	6531551	65.81
2020-2022	10	0.00013	0.00013	0.5	99237	13	99231	6432307	64.82
2020-2022	11	0.00015	0.00015	0.5	99224	15	99217	6333076	63.83
2020-2022	12	0.00016	0.00016	0.5	99210	16	99202	6233859	62.84
2020-2022	13	0.00022	0.00022	0.5	99194	22	99183	6134658	61.85
2020-2022	14	0.00031	0.00031	0.5	99172	31	99157	6035474	60.86
2020-2022	15	0.00042	0.00042	0.5	99141	42	99120	5936318	59.88
2020-2022	16	0.00059	0.00059	0.5	99099	59	99070	5837197	58.90
2020-2022	17	0.00081	0.00081	0.5	99040	80	99001	5738128	57.94
2020-2022	18	0.00110	0.00110	0.5	98961	108	98907	5639127	56.98
2020-2022	19	0.00128	0.00128	0.5	98852	127	98789	5540220	56.05
2020-2022	20	0.00135	0.00135	0.5	98725	133	98659	5441432	55.12
2020-2022	21	0.00152	0.00152	0.5	98593	150	98518	5342773	54.19
2020-2022	22	0.00161	0.00161	0.5	98443	159	98364	5244255	53.27
2020-2022	23	0.00167	0.00167	0.5	98284	164	98203	5145891	52.36
2020-2022	24	0.00177	0.00176	0.5	98121	173	98034	5047688	51.44
2020-2022	25	0.00187	0.00187	0.5	97947	183	97856	4949654	50.53
2020-2022	26	0.00196	0.00196	0.5	97764	192	97668	4851799	49.63
2020-2022	27	0.00207	0.00207	0.5	97572	202	97471	4754131	48.72
2020-2022	28	0.00218	0.00217	0.5	97370	212	97264	4656659	47.82
2020-2022	29	0.00232	0.00232	0.5	97158	226	97046	4559395	46.93
2020-2022	30	0.00242	0.00242	0.5	96933	234	96816	4462349	46.04
2020-2022	31	0.00252	0.00251	0.5	96698	243	96577	4365534	45.15
2020-2022	32	0.00261	0.00261	0.5	96455	252	96330	4268957	44.26
2020-2022	33	0.00270	0.00269	0.5	96204	259	96074	4172627	43.37
2020-2022	34	0.00274	0.00274	0.5	95945	263	95813	4076553	42.49
2020-2022	35	0.00283	0.00283	0.5	95682	271	95547	3980740	41.60
2020-2022	36	0.00295	0.00295	0.5	95412	281	95271	3885193	40.72
2020-2022	37	0.00307	0.00306	0.5	95130	291	94985	3789922	39.84
2020-2022	38	0.00314	0.00314	0.5	94839	298	94690	3694937	38.96
2020-2022	39	0.00335	0.00335	0.5	94541	316	94383	3600247	38.08
2020-2022	40	0.00350	0.00349	0.5	94225	329	94060	3505864	37.21
2020-2022	41	0.00366	0.00365	0.5	93896	343	93724	3411804	36.34
2020-2022	42	0.00376	0.00375	0.5	93553	351	93378	3318080	35.47
2020-2022	43	0.00395	0.00394	0.5	93202	367	93019	3224702	34.60
2020-2022	44	0.00415	0.00414	0.5	92835	384	92643	3131683	33.73
2020-2022	45	0.00434	0.00433	0.5	92451	401	92250	3039041	32.87
2020-2022	46	0.00459	0.00458	0.5	92050	422	91839	2946790	32.01
2020-2022	47	0.00493	0.00492	0.5	91628	451	91403	2854951	31.16
2020-2022	48	0.00531	0.00530	0.5	91178	483	90936	2763548	30.31
2020-2022	49	0.00568	0.00567	0.5	90695	514	90438	2672612	29.47
2020-2022	50	0.00617	0.00615	0.5	90181	555	89903	2582174	28.63
2020-2022	51	0.00657	0.00655	0.5	89626	587	89332	2492271	27.81
2020-2022	52	0.00711	0.00708	0.5	89039	631	88724	2402939	26.99
2020-2022	53	0.00761	0.00758	0.5	88408	670	88073	2314215	26.18
2020-2022	54	0.00828	0.00825	0.5	87738	724	87376	2226142	25.37
2020-2022	55	0.00908	0.00904	0.5	87014	787	86621	2138766	24.58
2020-2022	56	0.00986	0.00981	0.5	86228	846	85805	2052145	23.80
2020-2022	57	0.01059	0.01053	0.5	85382	899	84932	1966340	23.03
2020-2022	58	0.01151	0.01145	0.5	84482	967	83999	1881408	22.27
2020-2022	59	0.01236	0.01228	0.5	83515	1026	83003	1797409	21.52
2020-2022	60	0.01349	0.01340	0.5	82490	1106	81937	1714406	20.78
2020-2022	61	0.01445	0.01434	0.5	81384	1167	80800	1632470	20.06
2020-2022	62	0.01551	0.01539	0.5	80217	1235	79600	1551669	19.34
2020-2022	63	0.01673	0.01659	0.5	78982	1310	78327	1472069	18.64
2020-2022	64	0.01790	0.01774	0.5	77672	1378	76983	1393742	17.94
2020-2022	65	0.01898	0.01880	0.5	76294	1435	75577	1316759	17.26
2020-2022	66	0.02012	0.01992	0.5	74860	1491	74114	1241182	16.58
2020-2022	67	0.02140	0.02117	0.5	73368	1553	72591	1167069	15.91
2020-2022	68	0.02283	0.02258	0.5	71815	1621	71004	1094477	15.24
2020-2022	69	0.02425	0.02396	0.5	70193	1682	69353	1023473	14.58
2020-2022	70	0.02624	0.02590	0.5	68512	1775	67624	954121	13.93
2020-2022	71	0.02808	0.02769	0.5	66737	1848	65813	886496	13.28
2020-2022	72	0.03015	0.02970	0.5	64889	1927	63926	820683	12.65
2020-2022	73	0.03310	0.03256	0.5	62962	2050	61937	756757	12.02
2020-2022	74	0.03559	0.03496	0.5	60912	2130	59847	694820	11.41
2020-2022	75	0.03917	0.03842	0.5	58782	2258	57653	634973	10.80
2020-2022	76	0.04254	0.04165	0.5	56524	2354	55347	577320	10.21
2020-2022	77	0.04831	0.04717	0.5	54170	2555	52892	521973	9.64
2020-2022	78	0.05336	0.05197	0.5	51614	2682	50273	469081	9.09
2020-2022	79	0.05848	0.05682	0.5	48932	2780	47542	418808	8.56
2020-2022	80	0.06403	0.06204	0.5	46152	2863	44720	371266	8.04
2020-2022	81	0.07079	0.06837	0.5	43288	2960	41809	326546	7.54
2020-2022	82	0.07847	0.07551	0.5	40329	3045	38806	284738	7.06
2020-2022	83	0.08752	0.08385	0.5	37284	3126	35721	245931	6.60
2020-2022	84	0.09675	0.09229	0.5	34157	3152	32581	210211	6.15
2020-2022	85	0.10814	0.10260	0.5	31005	3181	29415	177630	5.73
2020-2022	86	0.11966	0.11290	0.5	27824	3141	26253	148215	5.33
2020-2022	87	0.13456	0.12608	0.5	24683	3112	23127	121962	4.94
2020-2022	88	0.15014	0.13966	0.5	21571	3012	20065	98835	4.58
2020-2022	89	0.16779	0.15480	0.5	18558	2873	17122	78770	4.24
2020-2022	90	0.18788	0.17175	0.5	15685	2694	14338	61648	3.93
2020-2022	91	0.21026	0.19026	0.5	12991	2472	11756	47310	3.64
2020-2022	92	0.23393	0.20943	0.5	10520	2203	9418	35554	3.38
2020-2022	93	0.26046	0.23045	0.5	8317	1917	7358	26136	3.14
2020-2022	94	0.28669	0.25075	0.5	6400	1605	5598	18778	2.93
2020-2022	95	0.30827	0.26710	0.5	4795	1281	4155	13180	2.75
2020-2022	96	0.33622	0.28783	0.5	3514	1012	3009	9026	2.57
2020-2022	97	0.36536	0.30892	0.5	2503	773	2116	6017	2.40
2020-2022	98	0.39552	0.33022	0.5	1730	571	1444	3901	2.26
2020-2022	99	0.42650	0.35154	0.5	1159	407	955	2457	2.12
2020-2022	100	0.45807	0.37271	0.5	751	280	611	1502	2.00
2020-2022	101	0.48998	0.39356	0.5	471	185	379	890	1.89
2020-2022	102	0.52197	0.41394	0.5	286	118	227	512	1.79
2020-2022	103	0.55378	0.43369	0.5	167	73	131	285	1.70
2020-2022	104	0.58515	0.45270	0.5	95	43	73	154	1.62
2020-2022	105	0.61585	0.47086	0.5	52	24	40	81	1.55
2020-2022	106	0.64566	0.48809	0.5	27	13	21	41	1.49
2020-2022	107	0.67437	0.50432	0.5	14	7	11	20	1.44
2020-2022	108	0.70184	0.51953	0.5	7	4	5	10	1.39
2020-2022	109	0.72792	0.53368	0.5	3	2	2	5	1.35
2020-2022	110+	0.75252	1.00000	1.33	2	2	2	2	1.33
