OR: OR, Lifetables (period 1x10), Males Last modified: February 4 2025, MPv5 (May07) 

Year     	Age	mx	qx	ax	lx	dx	Lx	Tx	ex
1941-1949	0	0.03331	0.03238	0.13	100000	3238	97198	6489201	64.89
1941-1949	1	0.00291	0.00290	0.5	96762	281	96622	6392003	66.06
1941-1949	2	0.00236	0.00235	0.5	96481	227	96368	6295381	65.25
1941-1949	3	0.00129	0.00129	0.5	96254	124	96192	6199014	64.40
1941-1949	4	0.00121	0.00121	0.5	96130	116	96072	6102821	63.48
1941-1949	5	0.00118	0.00118	0.5	96014	113	95957	6006749	62.56
1941-1949	6	0.00109	0.00109	0.5	95900	105	95848	5910792	61.63
1941-1949	7	0.00103	0.00103	0.5	95796	98	95746	5814944	60.70
1941-1949	8	0.00098	0.00097	0.5	95697	93	95651	5719198	59.76
1941-1949	9	0.00094	0.00094	0.5	95604	90	95559	5623547	58.82
1941-1949	10	0.00093	0.00093	0.5	95514	89	95470	5527988	57.88
1941-1949	11	0.00098	0.00098	0.5	95425	93	95379	5432518	56.93
1941-1949	12	0.00108	0.00108	0.5	95332	103	95281	5337139	55.98
1941-1949	13	0.00124	0.00124	0.5	95230	118	95170	5241858	55.04
1941-1949	14	0.00146	0.00146	0.5	95111	139	95042	5146688	54.11
1941-1949	15	0.00172	0.00172	0.5	94973	163	94891	5051646	53.19
1941-1949	16	0.00195	0.00195	0.5	94809	185	94717	4956755	52.28
1941-1949	17	0.00213	0.00213	0.5	94625	201	94524	4862038	51.38
1941-1949	18	0.00226	0.00226	0.5	94423	213	94317	4767514	50.49
1941-1949	19	0.00234	0.00234	0.5	94210	220	94100	4673198	49.60
1941-1949	20	0.00239	0.00239	0.5	93990	224	93878	4579098	48.72
1941-1949	21	0.00244	0.00244	0.5	93765	228	93651	4485220	47.83
1941-1949	22	0.00249	0.00249	0.5	93537	233	93421	4391569	46.95
1941-1949	23	0.00255	0.00255	0.5	93304	238	93185	4298148	46.07
1941-1949	24	0.00260	0.00260	0.5	93067	242	92946	4204963	45.18
1941-1949	25	0.00264	0.00264	0.5	92825	245	92703	4112017	44.30
1941-1949	26	0.00266	0.00266	0.5	92580	246	92457	4019314	43.41
1941-1949	27	0.00266	0.00266	0.5	92334	245	92212	3926857	42.53
1941-1949	28	0.00265	0.00265	0.5	92089	244	91967	3834646	41.64
1941-1949	29	0.00262	0.00262	0.5	91845	241	91725	3742678	40.75
1941-1949	30	0.00259	0.00259	0.5	91605	237	91486	3650954	39.86
1941-1949	31	0.00260	0.00260	0.5	91367	237	91249	3559468	38.96
1941-1949	32	0.00266	0.00266	0.5	91130	242	91009	3468219	38.06
1941-1949	33	0.00279	0.00279	0.5	90888	253	90761	3377210	37.16
1941-1949	34	0.00300	0.00300	0.5	90635	271	90499	3286448	36.26
1941-1949	35	0.00328	0.00327	0.5	90363	296	90215	3195949	35.37
1941-1949	36	0.00358	0.00357	0.5	90067	322	89907	3105734	34.48
1941-1949	37	0.00390	0.00390	0.5	89746	350	89571	3015827	33.60
1941-1949	38	0.00426	0.00425	0.5	89396	380	89206	2926256	32.73
1941-1949	39	0.00464	0.00463	0.5	89016	412	88810	2837050	31.87
1941-1949	40	0.00504	0.00502	0.5	88604	445	88381	2748240	31.02
1941-1949	41	0.00542	0.00541	0.5	88159	477	87920	2659859	30.17
1941-1949	42	0.00584	0.00583	0.5	87682	511	87426	2571938	29.33
1941-1949	43	0.00628	0.00626	0.5	87171	546	86898	2484512	28.50
1941-1949	44	0.00671	0.00669	0.5	86625	580	86335	2397614	27.68
1941-1949	45	0.00720	0.00717	0.5	86046	617	85737	2311278	26.86
1941-1949	46	0.00772	0.00769	0.5	85428	657	85100	2225541	26.05
1941-1949	47	0.00830	0.00826	0.5	84772	700	84421	2140441	25.25
1941-1949	48	0.00896	0.00892	0.5	84071	750	83696	2056020	24.46
1941-1949	49	0.00974	0.00969	0.5	83321	808	82917	1972324	23.67
1941-1949	50	0.01061	0.01056	0.5	82513	871	82078	1889407	22.90
1941-1949	51	0.01145	0.01138	0.5	81642	929	81178	1807329	22.14
1941-1949	52	0.01236	0.01228	0.5	80713	991	80217	1726151	21.39
1941-1949	53	0.01337	0.01328	0.5	79722	1059	79192	1645934	20.65
1941-1949	54	0.01442	0.01432	0.5	78663	1126	78100	1566741	19.92
1941-1949	55	0.01558	0.01546	0.5	77537	1198	76937	1488642	19.20
1941-1949	56	0.01677	0.01663	0.5	76338	1270	75704	1411704	18.49
1941-1949	57	0.01812	0.01796	0.5	75069	1348	74395	1336001	17.80
1941-1949	58	0.01969	0.01950	0.5	73720	1438	73002	1261606	17.11
1941-1949	59	0.02143	0.02120	0.5	72283	1533	71516	1188605	16.44
1941-1949	60	0.02338	0.02311	0.5	70750	1635	69933	1117088	15.79
1941-1949	61	0.02533	0.02501	0.5	69115	1729	68251	1047156	15.15
1941-1949	62	0.02744	0.02707	0.5	67387	1824	66474	978905	14.53
1941-1949	63	0.02977	0.02933	0.5	65562	1923	64601	912430	13.92
1941-1949	64	0.03209	0.03158	0.5	63639	2010	62634	847829	13.32
1941-1949	65	0.03470	0.03410	0.5	61630	2102	60579	785195	12.74
1941-1949	66	0.03758	0.03689	0.5	59528	2196	58430	724616	12.17
1941-1949	67	0.04065	0.03984	0.5	57332	2284	56190	666187	11.62
1941-1949	68	0.04397	0.04302	0.5	55048	2368	53863	609997	11.08
1941-1949	69	0.04743	0.04633	0.5	52679	2441	51459	556134	10.56
1941-1949	70	0.05128	0.05000	0.5	50238	2512	48982	504675	10.05
1941-1949	71	0.05521	0.05373	0.5	47727	2564	46444	455692	9.55
1941-1949	72	0.05982	0.05808	0.5	45162	2623	43851	409248	9.06
1941-1949	73	0.06525	0.06319	0.5	42539	2688	41195	365397	8.59
1941-1949	74	0.07099	0.06856	0.5	39851	2732	38485	324202	8.14
1941-1949	75	0.07756	0.07466	0.5	37119	2771	35733	285717	7.70
1941-1949	76	0.08452	0.08109	0.5	34348	2785	32955	249984	7.28
1941-1949	77	0.09202	0.08797	0.5	31562	2777	30174	217029	6.88
1941-1949	78	0.10112	0.09626	0.5	28786	2771	27400	186855	6.49
1941-1949	79	0.11101	0.10517	0.5	26015	2736	24647	159455	6.13
1941-1949	80	0.11757	0.11104	0.5	23279	2585	21986	134808	5.79
1941-1949	81	0.12892	0.12111	0.5	20694	2506	19441	112822	5.45
1941-1949	82	0.14099	0.13170	0.5	18188	2395	16990	93381	5.13
1941-1949	83	0.15369	0.14273	0.5	15792	2254	14665	76392	4.84
1941-1949	84	0.16570	0.15303	0.5	13538	2072	12502	61726	4.56
1941-1949	85	0.17989	0.16505	0.5	11467	1893	10520	49224	4.29
1941-1949	86	0.19501	0.17768	0.5	9574	1701	8723	38704	4.04
1941-1949	87	0.21107	0.19092	0.5	7873	1503	7121	29980	3.81
1941-1949	88	0.22808	0.20473	0.5	6370	1304	5718	22859	3.59
1941-1949	89	0.24603	0.21908	0.5	5066	1110	4511	17141	3.38
1941-1949	90	0.26491	0.23393	0.5	3956	925	3493	12630	3.19
1941-1949	91	0.28470	0.24922	0.5	3030	755	2653	9137	3.02
1941-1949	92	0.30534	0.26490	0.5	2275	603	1974	6484	2.85
1941-1949	93	0.32680	0.28090	0.5	1673	470	1438	4510	2.70
1941-1949	94	0.34901	0.29716	0.5	1203	357	1024	3073	2.55
1941-1949	95	0.37190	0.31359	0.5	845	265	713	2049	2.42
1941-1949	96	0.39537	0.33011	0.5	580	192	484	1336	2.30
1941-1949	97	0.41934	0.34666	0.5	389	135	321	851	2.19
1941-1949	98	0.44369	0.36313	0.5	254	92	208	530	2.09
1941-1949	99	0.46832	0.37947	0.5	162	61	131	322	1.99
1941-1949	100	0.49310	0.39557	0.5	100	40	81	191	1.91
1941-1949	101	0.51792	0.41139	0.5	61	25	48	111	1.83
1941-1949	102	0.54265	0.42684	0.5	36	15	28	63	1.75
1941-1949	103	0.56717	0.44186	0.5	20	9	16	34	1.69
1941-1949	104	0.59137	0.45641	0.5	11	5	9	19	1.62
1941-1949	105	0.61513	0.47044	0.5	6	3	5	10	1.57
1941-1949	106	0.63835	0.48390	0.5	3	2	2	5	1.52
1941-1949	107	0.66095	0.49678	0.5	2	1	1	2	1.47
1941-1949	108	0.68283	0.50904	0.5	1	0	1	1	1.43
1941-1949	109	0.70394	0.52068	0.5	0	0	0	1	1.40
1941-1949	110+	0.72421	1.00000	1.38	0	0	0	0	1.38
1950-1959	0	0.02699	0.02636	0.12	100000	2636	97673	6743119	67.43
1950-1959	1	0.00179	0.00179	0.5	97364	174	97277	6645446	68.25
1950-1959	2	0.00121	0.00121	0.5	97190	118	97131	6548169	67.37
1950-1959	3	0.00089	0.00089	0.5	97073	86	97029	6451037	66.46
1950-1959	4	0.00077	0.00077	0.5	96986	75	96949	6354008	65.51
1950-1959	5	0.00074	0.00074	0.5	96912	71	96876	6257059	64.56
1950-1959	6	0.00066	0.00066	0.5	96841	64	96809	6160182	63.61
1950-1959	7	0.00064	0.00064	0.5	96777	62	96745	6063374	62.65
1950-1959	8	0.00058	0.00058	0.5	96714	56	96686	5966628	61.69
1950-1959	9	0.00060	0.00060	0.5	96658	58	96629	5869942	60.73
1950-1959	10	0.00052	0.00052	0.5	96600	50	96575	5773313	59.76
1950-1959	11	0.00061	0.00061	0.5	96550	59	96520	5676737	58.80
1950-1959	12	0.00068	0.00068	0.5	96491	65	96458	5580217	57.83
1950-1959	13	0.00082	0.00082	0.5	96426	79	96386	5483759	56.87
1950-1959	14	0.00105	0.00105	0.5	96346	101	96296	5387373	55.92
1950-1959	15	0.00128	0.00128	0.5	96245	123	96183	5291077	54.98
1950-1959	16	0.00150	0.00150	0.5	96122	144	96050	5194894	54.04
1950-1959	17	0.00181	0.00180	0.5	95978	173	95891	5098844	53.13
1950-1959	18	0.00190	0.00190	0.5	95805	182	95714	5002953	52.22
1950-1959	19	0.00200	0.00200	0.5	95623	191	95527	4907239	51.32
1950-1959	20	0.00187	0.00187	0.5	95431	178	95342	4811712	50.42
1950-1959	21	0.00206	0.00206	0.5	95253	196	95155	4716370	49.51
1950-1959	22	0.00206	0.00206	0.5	95057	196	94959	4621215	48.62
1950-1959	23	0.00192	0.00192	0.5	94861	182	94770	4526256	47.71
1950-1959	24	0.00207	0.00207	0.5	94679	196	94581	4431486	46.81
1950-1959	25	0.00206	0.00206	0.5	94483	195	94386	4336905	45.90
1950-1959	26	0.00210	0.00210	0.5	94289	198	94190	4242519	44.99
1950-1959	27	0.00214	0.00214	0.5	94091	201	93990	4148329	44.09
1950-1959	28	0.00213	0.00213	0.5	93890	200	93790	4054338	43.18
1950-1959	29	0.00201	0.00201	0.5	93690	188	93596	3960549	42.27
1950-1959	30	0.00208	0.00208	0.5	93501	194	93404	3866953	41.36
1950-1959	31	0.00209	0.00208	0.5	93307	194	93210	3773549	40.44
1950-1959	32	0.00212	0.00212	0.5	93112	197	93014	3680339	39.53
1950-1959	33	0.00213	0.00212	0.5	92915	197	92817	3587325	38.61
1950-1959	34	0.00235	0.00234	0.5	92718	217	92609	3494508	37.69
1950-1959	35	0.00252	0.00252	0.5	92501	233	92384	3401899	36.78
1950-1959	36	0.00262	0.00261	0.5	92268	241	92147	3309515	35.87
1950-1959	37	0.00287	0.00287	0.5	92027	264	91895	3217367	34.96
1950-1959	38	0.00302	0.00302	0.5	91763	277	91624	3125472	34.06
1950-1959	39	0.00333	0.00333	0.5	91486	305	91333	3033848	33.16
1950-1959	40	0.00346	0.00346	0.5	91181	315	91024	2942515	32.27
1950-1959	41	0.00383	0.00383	0.5	90866	348	90692	2851491	31.38
1950-1959	42	0.00437	0.00436	0.5	90518	394	90321	2760799	30.50
1950-1959	43	0.00473	0.00472	0.5	90124	425	89911	2670478	29.63
1950-1959	44	0.00516	0.00515	0.5	89699	462	89468	2580566	28.77
1950-1959	45	0.00597	0.00596	0.5	89237	532	88971	2491099	27.92
1950-1959	46	0.00653	0.00651	0.5	88705	577	88416	2402128	27.08
1950-1959	47	0.00721	0.00718	0.5	88128	633	87811	2313712	26.25
1950-1959	48	0.00781	0.00778	0.5	87495	680	87155	2225900	25.44
1950-1959	49	0.00873	0.00870	0.5	86815	755	86437	2138746	24.64
1950-1959	50	0.00921	0.00917	0.5	86060	789	85665	2052309	23.85
1950-1959	51	0.01008	0.01003	0.5	85271	855	84843	1966643	23.06
1950-1959	52	0.01081	0.01076	0.5	84416	908	83962	1881800	22.29
1950-1959	53	0.01201	0.01194	0.5	83508	997	83009	1797838	21.53
1950-1959	54	0.01299	0.01290	0.5	82511	1065	81978	1714829	20.78
1950-1959	55	0.01424	0.01414	0.5	81446	1152	80870	1632851	20.05
1950-1959	56	0.01556	0.01544	0.5	80294	1240	79674	1551981	19.33
1950-1959	57	0.01656	0.01642	0.5	79054	1298	78405	1472307	18.62
1950-1959	58	0.01828	0.01812	0.5	77756	1409	77051	1393902	17.93
1950-1959	59	0.01948	0.01930	0.5	76347	1473	75610	1316851	17.25
1950-1959	60	0.02084	0.02063	0.5	74874	1545	74101	1241241	16.58
1950-1959	61	0.02242	0.02217	0.5	73329	1626	72516	1167139	15.92
1950-1959	62	0.02434	0.02405	0.5	71703	1724	70841	1094623	15.27
1950-1959	63	0.02619	0.02586	0.5	69979	1809	69074	1023782	14.63
1950-1959	64	0.02850	0.02810	0.5	68170	1915	67212	954707	14.00
1950-1959	65	0.03096	0.03049	0.5	66254	2020	65244	887496	13.40
1950-1959	66	0.03415	0.03358	0.5	64234	2157	63156	822251	12.80
1950-1959	67	0.03716	0.03648	0.5	62078	2265	60945	759095	12.23
1950-1959	68	0.04006	0.03928	0.5	59813	2349	58638	698150	11.67
1950-1959	69	0.04301	0.04211	0.5	57463	2420	56254	639512	11.13
1950-1959	70	0.04641	0.04536	0.5	55044	2497	53795	583259	10.60
1950-1959	71	0.05042	0.04918	0.5	52547	2584	51255	529463	10.08
1950-1959	72	0.05555	0.05405	0.5	49963	2700	48613	478208	9.57
1950-1959	73	0.05888	0.05720	0.5	47263	2703	45911	429595	9.09
1950-1959	74	0.06434	0.06234	0.5	44559	2778	43171	383684	8.61
1950-1959	75	0.07014	0.06777	0.5	41782	2831	40366	340514	8.15
1950-1959	76	0.07544	0.07270	0.5	38950	2832	37534	300148	7.71
1950-1959	77	0.08485	0.08140	0.5	36119	2940	34649	262613	7.27
1950-1959	78	0.09145	0.08745	0.5	33179	2902	31728	227965	6.87
1950-1959	79	0.10036	0.09557	0.5	30277	2893	28830	196237	6.48
1950-1959	80	0.10816	0.10261	0.5	27384	2810	25979	167406	6.11
1950-1959	81	0.11941	0.11268	0.5	24574	2769	23189	141428	5.76
1950-1959	82	0.12829	0.12056	0.5	21805	2629	20490	118239	5.42
1950-1959	83	0.14085	0.13158	0.5	19176	2523	17914	97748	5.10
1950-1959	84	0.15360	0.14264	0.5	16653	2375	15465	79834	4.79
1950-1959	85	0.16728	0.15437	0.5	14277	2204	13175	64369	4.51
1950-1959	86	0.18191	0.16675	0.5	12073	2013	11067	51193	4.24
1950-1959	87	0.19753	0.17977	0.5	10060	1809	9156	40126	3.99
1950-1959	88	0.21413	0.19342	0.5	8252	1596	7454	30970	3.75
1950-1959	89	0.23172	0.20766	0.5	6656	1382	5965	23517	3.53
1950-1959	90	0.25031	0.22246	0.5	5274	1173	4687	17552	3.33
1950-1959	91	0.26985	0.23777	0.5	4100	975	3613	12865	3.14
1950-1959	92	0.29033	0.25353	0.5	3125	792	2729	9252	2.96
1950-1959	93	0.31171	0.26968	0.5	2333	629	2018	6523	2.80
1950-1959	94	0.33391	0.28614	0.5	1704	488	1460	4505	2.64
1950-1959	95	0.35688	0.30284	0.5	1216	368	1032	3045	2.50
1950-1959	96	0.38053	0.31970	0.5	848	271	712	2012	2.37
1950-1959	97	0.40476	0.33663	0.5	577	194	480	1300	2.25
1950-1959	98	0.42945	0.35354	0.5	383	135	315	820	2.14
1950-1959	99	0.45451	0.37035	0.5	247	92	202	505	2.04
1950-1959	100	0.47980	0.38697	0.5	156	60	126	304	1.95
1950-1959	101	0.50519	0.40332	0.5	95	39	76	178	1.86
1950-1959	102	0.53056	0.41932	0.5	57	24	45	102	1.79
1950-1959	103	0.55576	0.43491	0.5	33	14	26	57	1.71
1950-1959	104	0.58069	0.45003	0.5	19	8	14	31	1.65
1950-1959	105	0.60521	0.46461	0.5	10	5	8	16	1.59
1950-1959	106	0.62921	0.47863	0.5	6	3	4	8	1.54
1950-1959	107	0.65259	0.49204	0.5	3	1	2	4	1.49
1950-1959	108	0.67526	0.50482	0.5	1	1	1	2	1.45
1950-1959	109	0.69713	0.51694	0.5	1	0	1	1	1.41
1950-1959	110+	0.71815	1.00000	1.39	0	0	0	0	1.39
1960-1969	0	0.02445	0.02393	0.11	100000	2393	97871	6790261	67.90
1960-1969	1	0.00177	0.00177	0.5	97607	173	97520	6692390	68.56
1960-1969	2	0.00111	0.00111	0.5	97434	108	97380	6594870	67.69
1960-1969	3	0.00082	0.00082	0.5	97326	80	97286	6497490	66.76
1960-1969	4	0.00067	0.00067	0.5	97246	65	97213	6400205	65.81
1960-1969	5	0.00053	0.00053	0.5	97181	52	97155	6302991	64.86
1960-1969	6	0.00056	0.00056	0.5	97129	54	97102	6205836	63.89
1960-1969	7	0.00048	0.00048	0.5	97075	47	97051	6108735	62.93
1960-1969	8	0.00049	0.00049	0.5	97028	47	97004	6011683	61.96
1960-1969	9	0.00042	0.00042	0.5	96980	41	96960	5914679	60.99
1960-1969	10	0.00040	0.00040	0.5	96940	39	96920	5817719	60.01
1960-1969	11	0.00059	0.00059	0.5	96901	57	96872	5720799	59.04
1960-1969	12	0.00058	0.00058	0.5	96844	56	96815	5623927	58.07
1960-1969	13	0.00059	0.00059	0.5	96787	57	96759	5527112	57.11
1960-1969	14	0.00067	0.00067	0.5	96731	65	96698	5430353	56.14
1960-1969	15	0.00103	0.00103	0.5	96665	100	96615	5333655	55.18
1960-1969	16	0.00136	0.00136	0.5	96565	131	96500	5237039	54.23
1960-1969	17	0.00190	0.00190	0.5	96434	183	96343	5140539	53.31
1960-1969	18	0.00219	0.00219	0.5	96251	211	96146	5044196	52.41
1960-1969	19	0.00211	0.00211	0.5	96041	202	95939	4948050	51.52
1960-1969	20	0.00195	0.00195	0.5	95838	187	95745	4852111	50.63
1960-1969	21	0.00230	0.00230	0.5	95651	220	95541	4756366	49.73
1960-1969	22	0.00233	0.00233	0.5	95431	222	95320	4660825	48.84
1960-1969	23	0.00197	0.00197	0.5	95209	188	95115	4565505	47.95
1960-1969	24	0.00183	0.00182	0.5	95021	173	94934	4470390	47.05
1960-1969	25	0.00185	0.00185	0.5	94848	175	94760	4375456	46.13
1960-1969	26	0.00178	0.00178	0.5	94673	168	94588	4280696	45.22
1960-1969	27	0.00184	0.00184	0.5	94504	174	94417	4186107	44.30
1960-1969	28	0.00191	0.00191	0.5	94330	180	94240	4091690	43.38
1960-1969	29	0.00173	0.00173	0.5	94150	163	94069	3997450	42.46
1960-1969	30	0.00175	0.00175	0.5	93988	164	93905	3903381	41.53
1960-1969	31	0.00173	0.00172	0.5	93823	162	93742	3809476	40.60
1960-1969	32	0.00187	0.00187	0.5	93661	175	93574	3715733	39.67
1960-1969	33	0.00218	0.00218	0.5	93486	204	93384	3622160	38.75
1960-1969	34	0.00209	0.00209	0.5	93282	195	93185	3528775	37.83
1960-1969	35	0.00220	0.00220	0.5	93087	204	92985	3435590	36.91
1960-1969	36	0.00248	0.00248	0.5	92883	230	92768	3342605	35.99
1960-1969	37	0.00227	0.00227	0.5	92653	210	92547	3249838	35.08
1960-1969	38	0.00269	0.00268	0.5	92442	248	92318	3157290	34.15
1960-1969	39	0.00337	0.00336	0.5	92194	310	92039	3064972	33.24
1960-1969	40	0.00338	0.00337	0.5	91884	310	91729	2972933	32.36
1960-1969	41	0.00382	0.00382	0.5	91574	349	91399	2881204	31.46
1960-1969	42	0.00405	0.00404	0.5	91225	369	91040	2789805	30.58
1960-1969	43	0.00468	0.00467	0.5	90856	424	90644	2698764	29.70
1960-1969	44	0.00484	0.00482	0.5	90431	436	90213	2608121	28.84
1960-1969	45	0.00562	0.00561	0.5	89995	505	89743	2517908	27.98
1960-1969	46	0.00627	0.00625	0.5	89491	559	89211	2428165	27.13
1960-1969	47	0.00649	0.00647	0.5	88931	575	88644	2338954	26.30
1960-1969	48	0.00681	0.00679	0.5	88356	600	88056	2250310	25.47
1960-1969	49	0.00787	0.00784	0.5	87756	688	87413	2162253	24.64
1960-1969	50	0.00840	0.00836	0.5	87069	728	86705	2074841	23.83
1960-1969	51	0.00949	0.00944	0.5	86340	815	85933	1988136	23.03
1960-1969	52	0.01073	0.01067	0.5	85525	913	85069	1902204	22.24
1960-1969	53	0.01211	0.01204	0.5	84612	1019	84103	1817135	21.48
1960-1969	54	0.01267	0.01259	0.5	83593	1053	83067	1733032	20.73
1960-1969	55	0.01393	0.01383	0.5	82541	1142	81970	1649965	19.99
1960-1969	56	0.01501	0.01490	0.5	81399	1213	80792	1567996	19.26
1960-1969	57	0.01615	0.01602	0.5	80186	1285	79543	1487203	18.55
1960-1969	58	0.01822	0.01805	0.5	78901	1424	78189	1407660	17.84
1960-1969	59	0.01949	0.01930	0.5	77477	1495	76729	1329471	17.16
1960-1969	60	0.02141	0.02118	0.5	75981	1609	75177	1252742	16.49
1960-1969	61	0.02364	0.02336	0.5	74372	1737	73503	1177565	15.83
1960-1969	62	0.02553	0.02520	0.5	72635	1831	71719	1104062	15.20
1960-1969	63	0.02824	0.02785	0.5	70804	1972	69818	1032343	14.58
1960-1969	64	0.02989	0.02945	0.5	68832	2027	67819	962525	13.98
1960-1969	65	0.03276	0.03223	0.5	66805	2153	65729	894706	13.39
1960-1969	66	0.03433	0.03375	0.5	64652	2182	63561	828978	12.82
1960-1969	67	0.03880	0.03806	0.5	62470	2377	61281	765417	12.25
1960-1969	68	0.04030	0.03951	0.5	60093	2374	58906	704135	11.72
1960-1969	69	0.04357	0.04264	0.5	57718	2461	56488	645230	11.18
1960-1969	70	0.04690	0.04583	0.5	55257	2532	53991	588742	10.65
1960-1969	71	0.05114	0.04986	0.5	52725	2629	51411	534751	10.14
1960-1969	72	0.05715	0.05556	0.5	50096	2783	48704	483340	9.65
1960-1969	73	0.06107	0.05926	0.5	47313	2804	45911	434636	9.19
1960-1969	74	0.06548	0.06340	0.5	44509	2822	43098	388725	8.73
1960-1969	75	0.07055	0.06814	0.5	41687	2841	40267	345627	8.29
1960-1969	76	0.07472	0.07203	0.5	38846	2798	37447	305360	7.86
1960-1969	77	0.08266	0.07938	0.5	36048	2862	34617	267913	7.43
1960-1969	78	0.08861	0.08485	0.5	33187	2816	31779	233296	7.03
1960-1969	79	0.09660	0.09215	0.5	30371	2799	28971	201517	6.64
1960-1969	80	0.10877	0.10316	0.5	27572	2844	26150	172546	6.26
1960-1969	81	0.11026	0.10450	0.5	24728	2584	23436	146396	5.92
1960-1969	82	0.12502	0.11767	0.5	22144	2606	20841	122961	5.55
1960-1969	83	0.13825	0.12931	0.5	19538	2527	18275	102120	5.23
1960-1969	84	0.14890	0.13858	0.5	17012	2357	15833	83845	4.93
1960-1969	85	0.16189	0.14977	0.5	14654	2195	13557	68012	4.64
1960-1969	86	0.17576	0.16156	0.5	12459	2013	11453	54456	4.37
1960-1969	87	0.19054	0.17396	0.5	10446	1817	9538	43003	4.12
1960-1969	88	0.20625	0.18697	0.5	8629	1613	7822	33465	3.88
1960-1969	89	0.22290	0.20055	0.5	7016	1407	6312	25643	3.66
1960-1969	90	0.24049	0.21468	0.5	5609	1204	5007	19331	3.45
1960-1969	91	0.25901	0.22931	0.5	4405	1010	3900	14324	3.25
1960-1969	92	0.27842	0.24440	0.5	3395	830	2980	10424	3.07
1960-1969	93	0.29871	0.25989	0.5	2565	667	2232	7445	2.90
1960-1969	94	0.31982	0.27573	0.5	1898	523	1637	5213	2.75
1960-1969	95	0.34169	0.29183	0.5	1375	401	1174	3576	2.60
1960-1969	96	0.36426	0.30814	0.5	974	300	824	2402	2.47
1960-1969	97	0.38744	0.32457	0.5	674	219	564	1578	2.34
1960-1969	98	0.41114	0.34104	0.5	455	155	377	1014	2.23
1960-1969	99	0.43527	0.35747	0.5	300	107	246	637	2.12
1960-1969	100	0.45970	0.37379	0.5	193	72	157	390	2.03
1960-1969	101	0.48433	0.38991	0.5	121	47	97	234	1.94
1960-1969	102	0.50903	0.40576	0.5	74	30	59	136	1.85
1960-1969	103	0.53369	0.42128	0.5	44	18	35	78	1.78
1960-1969	104	0.55819	0.43639	0.5	25	11	20	43	1.71
1960-1969	105	0.58241	0.45106	0.5	14	6	11	24	1.65
1960-1969	106	0.60623	0.46522	0.5	8	4	6	12	1.59
1960-1969	107	0.62957	0.47884	0.5	4	2	3	6	1.54
1960-1969	108	0.65231	0.49188	0.5	2	1	2	3	1.50
1960-1969	109	0.67437	0.50432	0.5	1	1	1	2	1.46
1960-1969	110+	0.69570	1.00000	1.44	1	1	1	1	1.44
1970-1979	0	0.01637	0.01613	0.09	100000	1613	98531	6981019	69.81
1970-1979	1	0.00110	0.00110	0.5	98387	109	98333	6882489	69.95
1970-1979	2	0.00094	0.00094	0.5	98279	92	98233	6784156	69.03
1970-1979	3	0.00070	0.00070	0.5	98187	69	98152	6685923	68.09
1970-1979	4	0.00062	0.00062	0.5	98118	60	98088	6587771	67.14
1970-1979	5	0.00047	0.00047	0.5	98057	46	98034	6489683	66.18
1970-1979	6	0.00050	0.00050	0.5	98012	49	97987	6391648	65.21
1970-1979	7	0.00048	0.00048	0.5	97962	47	97939	6293661	64.25
1970-1979	8	0.00044	0.00044	0.5	97916	43	97894	6195722	63.28
1970-1979	9	0.00043	0.00043	0.5	97872	43	97851	6097828	62.30
1970-1979	10	0.00042	0.00042	0.5	97830	41	97809	5999977	61.33
1970-1979	11	0.00044	0.00044	0.5	97789	43	97767	5902168	60.36
1970-1979	12	0.00049	0.00049	0.5	97746	48	97722	5804400	59.38
1970-1979	13	0.00061	0.00061	0.5	97698	60	97668	5706679	58.41
1970-1979	14	0.00061	0.00061	0.5	97638	60	97608	5609011	57.45
1970-1979	15	0.00100	0.00100	0.5	97578	97	97529	5511403	56.48
1970-1979	16	0.00129	0.00129	0.5	97481	126	97418	5413873	55.54
1970-1979	17	0.00160	0.00160	0.5	97355	156	97277	5316456	54.61
1970-1979	18	0.00198	0.00198	0.5	97199	192	97103	5219179	53.70
1970-1979	19	0.00215	0.00215	0.5	97007	208	96903	5122075	52.80
1970-1979	20	0.00230	0.00230	0.5	96799	223	96688	5025172	51.91
1970-1979	21	0.00227	0.00227	0.5	96576	219	96467	4928484	51.03
1970-1979	22	0.00220	0.00220	0.5	96357	212	96252	4832017	50.15
1970-1979	23	0.00220	0.00220	0.5	96146	211	96040	4735766	49.26
1970-1979	24	0.00203	0.00203	0.5	95934	195	95837	4639726	48.36
1970-1979	25	0.00167	0.00167	0.5	95740	160	95660	4543889	47.46
1970-1979	26	0.00193	0.00193	0.5	95580	185	95488	4448229	46.54
1970-1979	27	0.00158	0.00158	0.5	95396	151	95320	4352741	45.63
1970-1979	28	0.00182	0.00182	0.5	95245	173	95158	4257420	44.70
1970-1979	29	0.00167	0.00166	0.5	95072	158	94993	4162262	43.78
1970-1979	30	0.00157	0.00157	0.5	94914	149	94839	4067269	42.85
1970-1979	31	0.00159	0.00158	0.5	94765	150	94690	3972430	41.92
1970-1979	32	0.00171	0.00171	0.5	94615	162	94534	3877740	40.98
1970-1979	33	0.00184	0.00184	0.5	94453	174	94366	3783207	40.05
1970-1979	34	0.00169	0.00169	0.5	94279	159	94199	3688841	39.13
1970-1979	35	0.00172	0.00172	0.5	94120	162	94039	3594641	38.19
1970-1979	36	0.00209	0.00209	0.5	93958	197	93859	3500602	37.26
1970-1979	37	0.00233	0.00233	0.5	93761	218	93652	3406743	36.33
1970-1979	38	0.00268	0.00267	0.5	93543	250	93418	3313091	35.42
1970-1979	39	0.00266	0.00266	0.5	93293	248	93169	3219673	34.51
1970-1979	40	0.00284	0.00284	0.5	93045	264	92913	3126505	33.60
1970-1979	41	0.00299	0.00298	0.5	92781	277	92642	3033592	32.70
1970-1979	42	0.00374	0.00373	0.5	92504	345	92332	2940950	31.79
1970-1979	43	0.00377	0.00376	0.5	92159	347	91986	2848618	30.91
1970-1979	44	0.00419	0.00418	0.5	91812	384	91621	2756633	30.02
1970-1979	45	0.00482	0.00481	0.5	91429	440	91209	2665012	29.15
1970-1979	46	0.00483	0.00482	0.5	90989	439	90770	2573803	28.29
1970-1979	47	0.00571	0.00569	0.5	90550	515	90293	2483033	27.42
1970-1979	48	0.00614	0.00612	0.5	90035	551	89759	2392741	26.58
1970-1979	49	0.00669	0.00667	0.5	89484	597	89185	2302981	25.74
1970-1979	50	0.00780	0.00777	0.5	88887	691	88541	2213796	24.91
1970-1979	51	0.00851	0.00848	0.5	88196	748	87822	2125255	24.10
1970-1979	52	0.00902	0.00898	0.5	87448	785	87055	2037433	23.30
1970-1979	53	0.00997	0.00992	0.5	86663	860	86233	1950378	22.51
1970-1979	54	0.01118	0.01112	0.5	85803	954	85326	1864145	21.73
1970-1979	55	0.01216	0.01208	0.5	84849	1025	84337	1778819	20.96
1970-1979	56	0.01321	0.01313	0.5	83824	1100	83274	1694482	20.21
1970-1979	57	0.01519	0.01508	0.5	82724	1247	82100	1611208	19.48
1970-1979	58	0.01590	0.01578	0.5	81477	1285	80834	1529108	18.77
1970-1979	59	0.01695	0.01681	0.5	80191	1348	79517	1448274	18.06
1970-1979	60	0.01936	0.01917	0.5	78843	1511	78088	1368757	17.36
1970-1979	61	0.02101	0.02079	0.5	77332	1608	76528	1290669	16.69
1970-1979	62	0.02257	0.02232	0.5	75724	1690	74879	1214141	16.03
1970-1979	63	0.02499	0.02468	0.5	74034	1827	73120	1139262	15.39
1970-1979	64	0.02849	0.02809	0.5	72206	2028	71192	1066142	14.77
1970-1979	65	0.02828	0.02788	0.5	70178	1957	69200	994950	14.18
1970-1979	66	0.03060	0.03014	0.5	68221	2056	67193	925750	13.57
1970-1979	67	0.03314	0.03260	0.5	66165	2157	65087	858557	12.98
1970-1979	68	0.03595	0.03532	0.5	64008	2260	62878	793471	12.40
1970-1979	69	0.03973	0.03895	0.5	61748	2405	60545	730593	11.83
1970-1979	70	0.04216	0.04129	0.5	59342	2450	58117	670048	11.29
1970-1979	71	0.04656	0.04550	0.5	56892	2589	55598	611930	10.76
1970-1979	72	0.05053	0.04929	0.5	54303	2676	52965	556332	10.24
1970-1979	73	0.05467	0.05321	0.5	51627	2747	50253	503367	9.75
1970-1979	74	0.05703	0.05545	0.5	48880	2710	47525	453114	9.27
1970-1979	75	0.06702	0.06485	0.5	46170	2994	44673	405589	8.78
1970-1979	76	0.06928	0.06696	0.5	43176	2891	41730	360916	8.36
1970-1979	77	0.07726	0.07438	0.5	40284	2997	38786	319186	7.92
1970-1979	78	0.08286	0.07956	0.5	37288	2967	35805	280400	7.52
1970-1979	79	0.09058	0.08666	0.5	34321	2974	32834	244595	7.13
1970-1979	80	0.09274	0.08863	0.5	31347	2778	29958	211761	6.76
1970-1979	81	0.10193	0.09698	0.5	28569	2771	27183	181803	6.36
1970-1979	82	0.10955	0.10386	0.5	25798	2679	24458	154620	5.99
1970-1979	83	0.12267	0.11558	0.5	23119	2672	21783	130162	5.63
1970-1979	84	0.13402	0.12560	0.5	20447	2568	19163	108379	5.30
1970-1979	85	0.14531	0.13546	0.5	17879	2422	16668	89216	4.99
1970-1979	86	0.15834	0.14673	0.5	15457	2268	14323	72548	4.69
1970-1979	87	0.17231	0.15864	0.5	13189	2092	12143	58226	4.41
1970-1979	88	0.18724	0.17121	0.5	11096	1900	10147	46083	4.15
1970-1979	89	0.20315	0.18441	0.5	9197	1696	8349	35937	3.91
1970-1979	90	0.22003	0.19823	0.5	7501	1487	6757	27588	3.68
1970-1979	91	0.23791	0.21262	0.5	6014	1279	5374	20831	3.46
1970-1979	92	0.25676	0.22755	0.5	4735	1077	4196	15456	3.26
1970-1979	93	0.27656	0.24296	0.5	3658	889	3213	11260	3.08
1970-1979	94	0.29727	0.25881	0.5	2769	717	2411	8047	2.91
1970-1979	95	0.31886	0.27501	0.5	2052	564	1770	5636	2.75
1970-1979	96	0.34125	0.29151	0.5	1488	434	1271	3866	2.60
1970-1979	97	0.36437	0.30822	0.5	1054	325	892	2595	2.46
1970-1979	98	0.38813	0.32505	0.5	729	237	611	1703	2.33
1970-1979	99	0.41244	0.34193	0.5	492	168	408	1092	2.22
1970-1979	100	0.43718	0.35876	0.5	324	116	266	684	2.11
1970-1979	101	0.46224	0.37547	0.5	208	78	169	418	2.01
1970-1979	102	0.48750	0.39196	0.5	130	51	104	249	1.92
1970-1979	103	0.51281	0.40816	0.5	79	32	63	145	1.84
1970-1979	104	0.53806	0.42399	0.5	47	20	37	82	1.77
1970-1979	105	0.56312	0.43940	0.5	27	12	21	46	1.70
1970-1979	106	0.58786	0.45432	0.5	15	7	12	25	1.63
1970-1979	107	0.61216	0.46870	0.5	8	4	6	13	1.58
1970-1979	108	0.63592	0.48250	0.5	4	2	3	7	1.53
1970-1979	109	0.65903	0.49569	0.5	2	1	2	3	1.49
1970-1979	110+	0.68141	1.00000	1.47	1	1	2	2	1.47
1980-1989	0	0.01115	0.01104	0.07	100000	1104	98979	7224602	72.25
1980-1989	1	0.00086	0.00086	0.5	98896	85	98854	7125623	72.05
1980-1989	2	0.00072	0.00072	0.5	98811	71	98776	7026769	71.11
1980-1989	3	0.00045	0.00045	0.5	98740	44	98718	6927993	70.16
1980-1989	4	0.00043	0.00043	0.5	98696	42	98675	6829275	69.20
1980-1989	5	0.00033	0.00033	0.5	98654	32	98638	6730600	68.22
1980-1989	6	0.00026	0.00026	0.5	98622	26	98609	6631962	67.25
1980-1989	7	0.00031	0.00031	0.5	98596	31	98580	6533354	66.26
1980-1989	8	0.00034	0.00034	0.5	98565	33	98548	6434773	65.28
1980-1989	9	0.00027	0.00027	0.5	98532	27	98519	6336225	64.31
1980-1989	10	0.00028	0.00028	0.5	98505	28	98491	6237706	63.32
1980-1989	11	0.00030	0.00030	0.5	98478	30	98463	6139215	62.34
1980-1989	12	0.00030	0.00030	0.5	98448	30	98433	6040752	61.36
1980-1989	13	0.00034	0.00034	0.5	98418	33	98402	5942319	60.38
1980-1989	14	0.00059	0.00059	0.5	98385	58	98356	5843918	59.40
1980-1989	15	0.00074	0.00074	0.5	98327	73	98291	5745561	58.43
1980-1989	16	0.00111	0.00111	0.5	98255	109	98200	5647271	57.48
1980-1989	17	0.00140	0.00140	0.5	98145	137	98077	5549071	56.54
1980-1989	18	0.00171	0.00171	0.5	98008	168	97924	5450994	55.62
1980-1989	19	0.00177	0.00177	0.5	97840	173	97754	5353070	54.71
1980-1989	20	0.00177	0.00176	0.5	97668	172	97581	5255315	53.81
1980-1989	21	0.00180	0.00180	0.5	97495	175	97408	5157734	52.90
1980-1989	22	0.00188	0.00188	0.5	97320	183	97229	5060326	52.00
1980-1989	23	0.00170	0.00170	0.5	97137	165	97055	4963098	51.09
1980-1989	24	0.00178	0.00178	0.5	96972	173	96886	4866043	50.18
1980-1989	25	0.00167	0.00167	0.5	96799	162	96719	4769157	49.27
1980-1989	26	0.00169	0.00169	0.5	96638	163	96556	4672439	48.35
1980-1989	27	0.00174	0.00174	0.5	96475	168	96391	4575883	47.43
1980-1989	28	0.00160	0.00160	0.5	96307	154	96230	4479492	46.51
1980-1989	29	0.00148	0.00148	0.5	96153	142	96081	4383262	45.59
1980-1989	30	0.00157	0.00157	0.5	96010	151	95935	4287181	44.65
1980-1989	31	0.00173	0.00173	0.5	95860	166	95777	4191246	43.72
1980-1989	32	0.00171	0.00171	0.5	95694	164	95612	4095469	42.80
1980-1989	33	0.00170	0.00170	0.5	95530	162	95449	3999857	41.87
1980-1989	34	0.00163	0.00163	0.5	95368	155	95290	3904408	40.94
1980-1989	35	0.00173	0.00173	0.5	95213	164	95131	3809118	40.01
1980-1989	36	0.00195	0.00195	0.5	95048	185	94956	3713987	39.07
1980-1989	37	0.00192	0.00192	0.5	94863	182	94772	3619031	38.15
1980-1989	38	0.00218	0.00218	0.5	94681	206	94578	3524259	37.22
1980-1989	39	0.00218	0.00218	0.5	94475	206	94372	3429681	36.30
1980-1989	40	0.00218	0.00218	0.5	94269	205	94166	3335309	35.38
1980-1989	41	0.00242	0.00241	0.5	94063	227	93950	3241143	34.46
1980-1989	42	0.00259	0.00259	0.5	93836	243	93715	3147193	33.54
1980-1989	43	0.00295	0.00295	0.5	93594	276	93456	3053478	32.62
1980-1989	44	0.00306	0.00305	0.5	93318	285	93175	2960022	31.72
1980-1989	45	0.00337	0.00336	0.5	93033	313	92876	2866847	30.82
1980-1989	46	0.00404	0.00404	0.5	92720	374	92533	2773971	29.92
1980-1989	47	0.00420	0.00419	0.5	92346	387	92152	2681438	29.04
1980-1989	48	0.00507	0.00505	0.5	91959	465	91727	2589286	28.16
1980-1989	49	0.00501	0.00499	0.5	91494	457	91266	2497559	27.30
1980-1989	50	0.00543	0.00542	0.5	91037	493	90791	2406293	26.43
1980-1989	51	0.00699	0.00696	0.5	90544	631	90229	2315502	25.57
1980-1989	52	0.00696	0.00694	0.5	89914	624	89602	2225274	24.75
1980-1989	53	0.00793	0.00790	0.5	89289	705	88937	2135672	23.92
1980-1989	54	0.00841	0.00838	0.5	88584	742	88213	2046735	23.10
1980-1989	55	0.01001	0.00996	0.5	87842	875	87404	1958522	22.30
1980-1989	56	0.01091	0.01085	0.5	86967	943	86495	1871118	21.52
1980-1989	57	0.01157	0.01150	0.5	86024	989	85529	1784622	20.75
1980-1989	58	0.01364	0.01355	0.5	85034	1152	84458	1699093	19.98
1980-1989	59	0.01416	0.01406	0.5	83882	1179	83293	1614635	19.25
1980-1989	60	0.01588	0.01576	0.5	82703	1303	82052	1531342	18.52
1980-1989	61	0.01731	0.01716	0.5	81400	1397	80702	1449290	17.80
1980-1989	62	0.01975	0.01956	0.5	80004	1565	79221	1368588	17.11
1980-1989	63	0.02035	0.02015	0.5	78439	1580	77649	1289367	16.44
1980-1989	64	0.02161	0.02138	0.5	76858	1643	76037	1211718	15.77
1980-1989	65	0.02324	0.02297	0.5	75215	1728	74351	1135682	15.10
1980-1989	66	0.02574	0.02542	0.5	73488	1868	72554	1061330	14.44
1980-1989	67	0.02870	0.02829	0.5	71620	2026	70607	988777	13.81
1980-1989	68	0.03046	0.03000	0.5	69593	2088	68549	918170	13.19
1980-1989	69	0.03378	0.03322	0.5	67506	2242	66384	849620	12.59
1980-1989	70	0.03616	0.03551	0.5	65263	2318	64104	783236	12.00
1980-1989	71	0.03952	0.03876	0.5	62945	2439	61726	719132	11.42
1980-1989	72	0.04454	0.04357	0.5	60506	2636	59188	657406	10.87
1980-1989	73	0.04866	0.04750	0.5	57870	2749	56495	598218	10.34
1980-1989	74	0.05200	0.05069	0.5	55121	2794	53724	541723	9.83
1980-1989	75	0.05575	0.05424	0.5	52327	2838	50908	487999	9.33
1980-1989	76	0.06307	0.06114	0.5	49489	3026	47976	437091	8.83
1980-1989	77	0.06425	0.06225	0.5	46463	2892	45017	389115	8.37
1980-1989	78	0.07320	0.07061	0.5	43571	3077	42032	344098	7.90
1980-1989	79	0.08161	0.07841	0.5	40494	3175	38907	302066	7.46
1980-1989	80	0.08631	0.08274	0.5	37319	3088	35775	263159	7.05
1980-1989	81	0.09676	0.09229	0.5	34231	3159	32652	227384	6.64
1980-1989	82	0.10725	0.10179	0.5	31072	3163	29491	194733	6.27
1980-1989	83	0.11119	0.10534	0.5	27909	2940	26439	165242	5.92
1980-1989	84	0.12436	0.11708	0.5	24969	2923	23508	138803	5.56
1980-1989	85	0.13584	0.12720	0.5	22046	2804	20644	115295	5.23
1980-1989	86	0.14820	0.13797	0.5	19242	2655	17914	94651	4.92
1980-1989	87	0.16147	0.14941	0.5	16587	2478	15348	76737	4.63
1980-1989	88	0.17568	0.16150	0.5	14109	2279	12969	61389	4.35
1980-1989	89	0.19087	0.17424	0.5	11830	2061	10800	48420	4.09
1980-1989	90	0.20703	0.18761	0.5	9769	1833	8853	37620	3.85
1980-1989	91	0.22419	0.20159	0.5	7936	1600	7136	28768	3.62
1980-1989	92	0.24233	0.21614	0.5	6336	1370	5652	21631	3.41
1980-1989	93	0.26145	0.23122	0.5	4967	1148	4393	15980	3.22
1980-1989	94	0.28151	0.24677	0.5	3818	942	3347	11587	3.03
1980-1989	95	0.30248	0.26274	0.5	2876	756	2498	8240	2.87
1980-1989	96	0.32431	0.27906	0.5	2120	592	1825	5742	2.71
1980-1989	97	0.34693	0.29565	0.5	1529	452	1303	3917	2.56
1980-1989	98	0.37027	0.31243	0.5	1077	336	909	2615	2.43
1980-1989	99	0.39422	0.32931	0.5	740	244	618	1706	2.30
1980-1989	100	0.41870	0.34622	0.5	497	172	411	1088	2.19
1980-1989	101	0.44358	0.36306	0.5	325	118	266	677	2.09
1980-1989	102	0.46875	0.37975	0.5	207	79	168	411	1.99
1980-1989	103	0.49408	0.39620	0.5	128	51	103	244	1.90
1980-1989	104	0.51944	0.41235	0.5	77	32	61	141	1.82
1980-1989	105	0.54470	0.42811	0.5	46	19	36	80	1.75
1980-1989	106	0.56973	0.44342	0.5	26	12	20	44	1.68
1980-1989	107	0.59441	0.45823	0.5	14	7	11	23	1.62
1980-1989	108	0.61863	0.47248	0.5	8	4	6	12	1.57
1980-1989	109	0.64226	0.48615	0.5	4	2	3	6	1.53
1980-1989	110+	0.66523	1.00000	1.5	2	2	3	3	1.50
1990-1999	0	0.00735	0.00730	0.06	100000	730	99317	7410408	74.10
1990-1999	1	0.00070	0.00070	0.5	99270	69	99235	7311091	73.65
1990-1999	2	0.00044	0.00044	0.5	99200	43	99179	7211856	72.70
1990-1999	3	0.00040	0.00040	0.5	99157	39	99137	7112678	71.73
1990-1999	4	0.00029	0.00029	0.5	99118	29	99104	7013540	70.76
1990-1999	5	0.00024	0.00024	0.5	99089	24	99077	6914437	69.78
1990-1999	6	0.00019	0.00019	0.5	99065	19	99056	6815360	68.80
1990-1999	7	0.00018	0.00018	0.5	99047	18	99038	6716304	67.81
1990-1999	8	0.00017	0.00017	0.5	99029	17	99020	6617266	66.82
1990-1999	9	0.00014	0.00014	0.5	99012	14	99005	6518246	65.83
1990-1999	10	0.00021	0.00021	0.5	98998	20	98987	6419241	64.84
1990-1999	11	0.00021	0.00021	0.5	98977	20	98967	6320254	63.86
1990-1999	12	0.00028	0.00028	0.5	98957	27	98943	6221287	62.87
1990-1999	13	0.00034	0.00034	0.5	98929	33	98913	6122343	61.89
1990-1999	14	0.00048	0.00048	0.5	98896	48	98872	6023430	60.91
1990-1999	15	0.00057	0.00057	0.5	98848	56	98820	5924558	59.94
1990-1999	16	0.00091	0.00091	0.5	98792	90	98747	5825738	58.97
1990-1999	17	0.00109	0.00109	0.5	98702	107	98648	5726991	58.02
1990-1999	18	0.00136	0.00136	0.5	98595	134	98528	5628343	57.09
1990-1999	19	0.00134	0.00134	0.5	98461	132	98395	5529815	56.16
1990-1999	20	0.00143	0.00143	0.5	98329	141	98258	5431420	55.24
1990-1999	21	0.00139	0.00139	0.5	98188	136	98120	5333162	54.32
1990-1999	22	0.00149	0.00149	0.5	98052	146	97979	5235042	53.39
1990-1999	23	0.00141	0.00141	0.5	97906	138	97837	5137063	52.47
1990-1999	24	0.00133	0.00133	0.5	97768	130	97703	5039226	51.54
1990-1999	25	0.00140	0.00140	0.5	97638	137	97570	4941522	50.61
1990-1999	26	0.00142	0.00142	0.5	97502	139	97432	4843952	49.68
1990-1999	27	0.00147	0.00147	0.5	97363	143	97291	4746520	48.75
1990-1999	28	0.00143	0.00143	0.5	97220	139	97151	4649229	47.82
1990-1999	29	0.00157	0.00157	0.5	97081	152	97005	4552078	46.89
1990-1999	30	0.00153	0.00152	0.5	96929	148	96855	4455073	45.96
1990-1999	31	0.00180	0.00180	0.5	96781	175	96694	4358218	45.03
1990-1999	32	0.00175	0.00175	0.5	96607	169	96522	4261524	44.11
1990-1999	33	0.00181	0.00181	0.5	96438	175	96351	4165002	43.19
1990-1999	34	0.00192	0.00192	0.5	96263	185	96171	4068651	42.27
1990-1999	35	0.00205	0.00205	0.5	96078	197	95979	3972481	41.35
1990-1999	36	0.00224	0.00224	0.5	95881	214	95774	3876501	40.43
1990-1999	37	0.00209	0.00208	0.5	95666	199	95567	3780727	39.52
1990-1999	38	0.00250	0.00249	0.5	95467	238	95348	3685161	38.60
1990-1999	39	0.00234	0.00234	0.5	95229	223	95118	3589813	37.70
1990-1999	40	0.00240	0.00239	0.5	95006	227	94893	3494695	36.78
1990-1999	41	0.00283	0.00283	0.5	94779	268	94645	3399802	35.87
1990-1999	42	0.00279	0.00279	0.5	94511	264	94379	3305157	34.97
1990-1999	43	0.00322	0.00322	0.5	94247	303	94096	3210778	34.07
1990-1999	44	0.00312	0.00312	0.5	93944	293	93798	3116682	33.18
1990-1999	45	0.00339	0.00338	0.5	93652	317	93493	3022884	32.28
1990-1999	46	0.00351	0.00351	0.5	93335	327	93171	2929391	31.39
1990-1999	47	0.00370	0.00369	0.5	93007	343	92836	2836220	30.49
1990-1999	48	0.00431	0.00430	0.5	92664	398	92465	2743384	29.61
1990-1999	49	0.00440	0.00439	0.5	92266	405	92063	2650919	28.73
1990-1999	50	0.00439	0.00438	0.5	91861	403	91659	2558855	27.86
1990-1999	51	0.00530	0.00528	0.5	91458	483	91216	2467196	26.98
1990-1999	52	0.00595	0.00594	0.5	90975	540	90705	2375980	26.12
1990-1999	53	0.00673	0.00671	0.5	90435	607	90131	2285275	25.27
1990-1999	54	0.00675	0.00673	0.5	89828	604	89526	2195143	24.44
1990-1999	55	0.00770	0.00767	0.5	89224	684	88882	2105617	23.60
1990-1999	56	0.00872	0.00868	0.5	88539	769	88155	2016736	22.78
1990-1999	57	0.00953	0.00949	0.5	87771	833	87354	1928581	21.97
1990-1999	58	0.01049	0.01044	0.5	86938	907	86484	1841227	21.18
1990-1999	59	0.01123	0.01116	0.5	86030	960	85550	1754743	20.40
1990-1999	60	0.01247	0.01239	0.5	85070	1054	84543	1669193	19.62
1990-1999	61	0.01391	0.01381	0.5	84016	1160	83435	1584650	18.86
1990-1999	62	0.01576	0.01564	0.5	82855	1296	82207	1501215	18.12
1990-1999	63	0.01670	0.01657	0.5	81559	1351	80884	1419008	17.40
1990-1999	64	0.01834	0.01817	0.5	80208	1458	79479	1338124	16.68
1990-1999	65	0.02027	0.02006	0.5	78750	1580	77960	1258645	15.98
1990-1999	66	0.02268	0.02242	0.5	77170	1731	76305	1180684	15.30
1990-1999	67	0.02471	0.02441	0.5	75440	1841	74519	1104379	14.64
1990-1999	68	0.02661	0.02626	0.5	73599	1933	72632	1029860	13.99
1990-1999	69	0.02818	0.02778	0.5	71666	1991	70670	957228	13.36
1990-1999	70	0.03185	0.03135	0.5	69675	2184	68582	886557	12.72
1990-1999	71	0.03522	0.03461	0.5	67490	2336	66322	817975	12.12
1990-1999	72	0.03754	0.03685	0.5	65155	2401	63954	751652	11.54
1990-1999	73	0.04111	0.04028	0.5	62754	2528	61490	687698	10.96
1990-1999	74	0.04448	0.04351	0.5	60226	2620	58916	626208	10.40
1990-1999	75	0.04816	0.04702	0.5	57606	2709	56251	567292	9.85
1990-1999	76	0.05485	0.05339	0.5	54897	2931	53432	511041	9.31
1990-1999	77	0.05938	0.05766	0.5	51966	2997	50468	457609	8.81
1990-1999	78	0.06216	0.06029	0.5	48970	2952	47494	407141	8.31
1990-1999	79	0.06995	0.06758	0.5	46017	3110	44462	359648	7.82
1990-1999	80	0.07686	0.07401	0.5	42907	3176	41320	315185	7.35
1990-1999	81	0.08332	0.07998	0.5	39732	3178	38143	273866	6.89
1990-1999	82	0.09484	0.09055	0.5	36554	3310	34899	235723	6.45
1990-1999	83	0.10810	0.10256	0.5	33244	3409	31539	200824	6.04
1990-1999	84	0.11798	0.11141	0.5	29835	3324	28173	169285	5.67
1990-1999	85	0.12753	0.11989	0.5	26511	3178	24921	141112	5.32
1990-1999	86	0.14069	0.13144	0.5	23332	3067	21799	116191	4.98
1990-1999	87	0.15495	0.14381	0.5	20266	2914	18808	94392	4.66
1990-1999	88	0.17038	0.15701	0.5	17351	2724	15989	75584	4.36
1990-1999	89	0.18700	0.17101	0.5	14627	2501	13376	59595	4.07
1990-1999	90	0.20485	0.18582	0.5	12126	2253	10999	46218	3.81
1990-1999	91	0.22393	0.20138	0.5	9872	1988	8878	35219	3.57
1990-1999	92	0.24424	0.21766	0.5	7884	1716	7026	26341	3.34
1990-1999	93	0.26576	0.23459	0.5	6168	1447	5445	19315	3.13
1990-1999	94	0.28845	0.25209	0.5	4721	1190	4126	13870	2.94
1990-1999	95	0.31226	0.27009	0.5	3531	954	3054	9744	2.76
1990-1999	96	0.33710	0.28848	0.5	2577	744	2206	6690	2.60
1990-1999	97	0.36287	0.30715	0.5	1834	563	1552	4484	2.45
1990-1999	98	0.38946	0.32598	0.5	1271	414	1063	2932	2.31
1990-1999	99	0.41672	0.34487	0.5	856	295	709	1868	2.18
1990-1999	100	0.44450	0.36367	0.5	561	204	459	1160	2.07
1990-1999	101	0.47263	0.38229	0.5	357	136	289	701	1.96
1990-1999	102	0.50094	0.40060	0.5	221	88	176	412	1.87
1990-1999	103	0.52924	0.41850	0.5	132	55	105	235	1.78
1990-1999	104	0.55735	0.43588	0.5	77	34	60	131	1.70
1990-1999	105	0.58510	0.45267	0.5	43	20	34	71	1.63
1990-1999	106	0.61233	0.46880	0.5	24	11	18	37	1.57
1990-1999	107	0.63886	0.48420	0.5	13	6	10	19	1.51
1990-1999	108	0.66458	0.49883	0.5	7	3	5	10	1.47
1990-1999	109	0.68936	0.51265	0.5	3	2	2	5	1.43
1990-1999	110+	0.71309	1.00000	1.4	2	2	2	2	1.40
2000-2009	0	0.00604	0.00600	0.06	100000	600	99436	7608639	76.09
2000-2009	1	0.00045	0.00045	0.5	99400	44	99377	7509202	75.55
2000-2009	2	0.00030	0.00030	0.5	99355	30	99340	7409825	74.58
2000-2009	3	0.00018	0.00018	0.5	99325	18	99316	7310485	73.60
2000-2009	4	0.00027	0.00027	0.5	99307	27	99294	7211169	72.61
2000-2009	5	0.00014	0.00014	0.5	99280	14	99273	7111875	71.63
2000-2009	6	0.00015	0.00015	0.5	99266	15	99258	7012602	70.64
2000-2009	7	0.00016	0.00016	0.5	99251	16	99243	6913343	69.66
2000-2009	8	0.00010	0.00010	0.5	99235	10	99230	6814100	68.67
2000-2009	9	0.00013	0.00013	0.5	99225	13	99218	6714871	67.67
2000-2009	10	0.00013	0.00013	0.5	99212	13	99205	6615652	66.68
2000-2009	11	0.00019	0.00019	0.5	99198	18	99189	6516448	65.69
2000-2009	12	0.00017	0.00017	0.5	99180	17	99171	6417258	64.70
2000-2009	13	0.00022	0.00022	0.5	99163	22	99152	6318087	63.71
2000-2009	14	0.00024	0.00024	0.5	99141	24	99129	6218935	62.73
2000-2009	15	0.00045	0.00045	0.5	99117	45	99095	6119806	61.74
2000-2009	16	0.00054	0.00054	0.5	99073	54	99046	6020711	60.77
2000-2009	17	0.00059	0.00059	0.5	99019	59	98989	5921665	59.80
2000-2009	18	0.00097	0.00097	0.5	98960	96	98912	5822676	58.84
2000-2009	19	0.00106	0.00106	0.5	98865	105	98812	5723764	57.90
2000-2009	20	0.00119	0.00118	0.5	98760	117	98701	5624952	56.96
2000-2009	21	0.00120	0.00120	0.5	98643	119	98583	5526251	56.02
2000-2009	22	0.00124	0.00124	0.5	98524	123	98463	5427667	55.09
2000-2009	23	0.00120	0.00120	0.5	98401	118	98342	5329205	54.16
2000-2009	24	0.00110	0.00110	0.5	98283	108	98229	5230862	53.22
2000-2009	25	0.00114	0.00114	0.5	98175	112	98119	5132633	52.28
2000-2009	26	0.00116	0.00116	0.5	98063	114	98006	5034514	51.34
2000-2009	27	0.00110	0.00110	0.5	97949	107	97896	4936507	50.40
2000-2009	28	0.00123	0.00122	0.5	97842	120	97782	4838611	49.45
2000-2009	29	0.00101	0.00101	0.5	97722	99	97673	4740829	48.51
2000-2009	30	0.00117	0.00117	0.5	97623	114	97566	4643156	47.56
2000-2009	31	0.00130	0.00130	0.5	97509	126	97446	4545590	46.62
2000-2009	32	0.00131	0.00131	0.5	97383	128	97319	4448144	45.68
2000-2009	33	0.00140	0.00140	0.5	97255	136	97187	4350826	44.74
2000-2009	34	0.00127	0.00127	0.5	97119	123	97057	4253639	43.80
2000-2009	35	0.00139	0.00139	0.5	96996	135	96928	4156581	42.85
2000-2009	36	0.00155	0.00155	0.5	96861	150	96786	4059653	41.91
2000-2009	37	0.00178	0.00178	0.5	96711	172	96625	3962867	40.98
2000-2009	38	0.00205	0.00204	0.5	96539	197	96440	3866242	40.05
2000-2009	39	0.00205	0.00205	0.5	96341	197	96243	3769802	39.13
2000-2009	40	0.00220	0.00220	0.5	96144	211	96038	3673560	38.21
2000-2009	41	0.00228	0.00227	0.5	95933	218	95824	3577521	37.29
2000-2009	42	0.00257	0.00257	0.5	95715	246	95592	3481697	36.38
2000-2009	43	0.00276	0.00276	0.5	95469	263	95337	3386106	35.47
2000-2009	44	0.00296	0.00296	0.5	95205	282	95065	3290768	34.56
2000-2009	45	0.00347	0.00346	0.5	94924	329	94759	3195704	33.67
2000-2009	46	0.00370	0.00369	0.5	94595	349	94420	3100945	32.78
2000-2009	47	0.00414	0.00414	0.5	94246	390	94051	3006524	31.90
2000-2009	48	0.00427	0.00427	0.5	93856	400	93656	2912473	31.03
2000-2009	49	0.00478	0.00476	0.5	93456	445	93233	2818817	30.16
2000-2009	50	0.00482	0.00480	0.5	93011	447	92787	2725584	29.30
2000-2009	51	0.00558	0.00557	0.5	92564	515	92306	2632797	28.44
2000-2009	52	0.00578	0.00577	0.5	92048	531	91783	2540491	27.60
2000-2009	53	0.00650	0.00647	0.5	91518	593	91221	2448708	26.76
2000-2009	54	0.00691	0.00689	0.5	90925	626	90612	2357487	25.93
2000-2009	55	0.00718	0.00716	0.5	90299	646	89976	2266875	25.10
2000-2009	56	0.00762	0.00759	0.5	89653	680	89312	2176899	24.28
2000-2009	57	0.00830	0.00827	0.5	88972	736	88604	2087587	23.46
2000-2009	58	0.00919	0.00915	0.5	88237	807	87833	1998982	22.65
2000-2009	59	0.00962	0.00957	0.5	87429	837	87011	1911150	21.86
2000-2009	60	0.01067	0.01061	0.5	86592	919	86133	1824139	21.07
2000-2009	61	0.01120	0.01114	0.5	85673	954	85196	1738006	20.29
2000-2009	62	0.01302	0.01294	0.5	84719	1096	84171	1652810	19.51
2000-2009	63	0.01415	0.01405	0.5	83623	1175	83036	1568639	18.76
2000-2009	64	0.01521	0.01510	0.5	82448	1245	81826	1485603	18.02
2000-2009	65	0.01589	0.01577	0.5	81203	1280	80563	1403777	17.29
2000-2009	66	0.01759	0.01744	0.5	79923	1394	79226	1323214	16.56
2000-2009	67	0.01887	0.01870	0.5	78529	1468	77795	1243987	15.84
2000-2009	68	0.02076	0.02054	0.5	77061	1583	76270	1166192	15.13
2000-2009	69	0.02290	0.02264	0.5	75478	1709	74624	1089922	14.44
2000-2009	70	0.02523	0.02491	0.5	73769	1838	72850	1015299	13.76
2000-2009	71	0.02789	0.02750	0.5	71932	1978	70942	942448	13.10
2000-2009	72	0.03085	0.03038	0.5	69953	2125	68891	871506	12.46
2000-2009	73	0.03338	0.03283	0.5	67828	2227	66715	802615	11.83
2000-2009	74	0.03765	0.03696	0.5	65601	2424	64389	735901	11.22
2000-2009	75	0.04083	0.04001	0.5	63177	2528	61913	671512	10.63
2000-2009	76	0.04416	0.04321	0.5	60649	2620	59339	609599	10.05
2000-2009	77	0.04935	0.04816	0.5	58029	2795	56631	550260	9.48
2000-2009	78	0.05337	0.05198	0.5	55234	2871	53798	493629	8.94
2000-2009	79	0.05884	0.05716	0.5	52363	2993	50866	439830	8.40
2000-2009	80	0.06359	0.06163	0.5	49370	3043	47849	388964	7.88
2000-2009	81	0.07346	0.07085	0.5	46327	3282	44686	341116	7.36
2000-2009	82	0.08123	0.07806	0.5	43045	3360	41365	296430	6.89
2000-2009	83	0.09099	0.08703	0.5	39685	3454	37958	255065	6.43
2000-2009	84	0.10265	0.09764	0.5	36231	3538	34462	217107	5.99
2000-2009	85	0.11057	0.10478	0.5	32693	3425	30981	182645	5.59
2000-2009	86	0.12705	0.11946	0.5	29268	3496	27520	151665	5.18
2000-2009	87	0.14189	0.13249	0.5	25771	3415	24064	124145	4.82
2000-2009	88	0.15815	0.14656	0.5	22357	3277	20719	100081	4.48
2000-2009	89	0.17590	0.16168	0.5	19080	3085	17538	79362	4.16
2000-2009	90	0.19517	0.17782	0.5	15995	2844	14573	61824	3.87
2000-2009	91	0.21600	0.19495	0.5	13151	2564	11869	47251	3.59
2000-2009	92	0.23840	0.21301	0.5	10587	2255	9460	35382	3.34
2000-2009	93	0.26234	0.23192	0.5	8332	1932	7366	25922	3.11
2000-2009	94	0.28778	0.25158	0.5	6400	1610	5595	18556	2.90
2000-2009	95	0.31463	0.27186	0.5	4790	1302	4139	12962	2.71
2000-2009	96	0.34279	0.29263	0.5	3488	1021	2977	8823	2.53
2000-2009	97	0.37209	0.31372	0.5	2467	774	2080	5846	2.37
2000-2009	98	0.40236	0.33497	0.5	1693	567	1409	3766	2.22
2000-2009	99	0.43340	0.35621	0.5	1126	401	925	2357	2.09
2000-2009	100	0.46497	0.37726	0.5	725	273	588	1431	1.97
2000-2009	101	0.49682	0.39796	0.5	451	180	362	843	1.87
2000-2009	102	0.52870	0.41816	0.5	272	114	215	481	1.77
2000-2009	103	0.56035	0.43771	0.5	158	69	124	267	1.69
2000-2009	104	0.59151	0.45650	0.5	89	41	69	143	1.61
2000-2009	105	0.62196	0.47442	0.5	48	23	37	74	1.54
2000-2009	106	0.65147	0.49140	0.5	25	12	19	38	1.48
2000-2009	107	0.67986	0.50739	0.5	13	7	10	18	1.43
2000-2009	108	0.70698	0.52234	0.5	6	3	5	9	1.38
2000-2009	109	0.73271	0.53625	0.5	3	2	2	4	1.34
2000-2009	110+	0.75695	1.00000	1.32	1	1	2	2	1.32
2010-2019	0	0.00528	0.00525	0.06	100000	525	99506	7728674	77.29
2010-2019	1	0.00037	0.00037	0.5	99475	36	99457	7629168	76.69
2010-2019	2	0.00025	0.00025	0.5	99439	24	99426	7529711	75.72
2010-2019	3	0.00015	0.00015	0.5	99414	15	99407	7430284	74.74
2010-2019	4	0.00015	0.00015	0.5	99399	15	99392	7330878	73.75
2010-2019	5	0.00012	0.00012	0.5	99384	12	99378	7231486	72.76
2010-2019	6	0.00009	0.00009	0.5	99372	8	99368	7132108	71.77
2010-2019	7	0.00014	0.00014	0.5	99364	14	99357	7032740	70.78
2010-2019	8	0.00010	0.00010	0.5	99350	10	99345	6933383	69.79
2010-2019	9	0.00008	0.00008	0.5	99340	8	99336	6834038	68.79
2010-2019	10	0.00011	0.00011	0.5	99332	11	99326	6734702	67.80
2010-2019	11	0.00012	0.00012	0.5	99321	12	99315	6635376	66.81
2010-2019	12	0.00013	0.00013	0.5	99309	13	99302	6536061	65.82
2010-2019	13	0.00018	0.00018	0.5	99296	18	99287	6436759	64.82
2010-2019	14	0.00026	0.00026	0.5	99278	26	99265	6337472	63.84
2010-2019	15	0.00034	0.00034	0.5	99252	33	99235	6238207	62.85
2010-2019	16	0.00046	0.00046	0.5	99219	46	99196	6138972	61.87
2010-2019	17	0.00050	0.00050	0.5	99173	50	99148	6039776	60.90
2010-2019	18	0.00080	0.00080	0.5	99124	79	99084	5940628	59.93
2010-2019	19	0.00085	0.00085	0.5	99045	84	99002	5841544	58.98
2010-2019	20	0.00092	0.00092	0.5	98960	91	98915	5742541	58.03
2010-2019	21	0.00126	0.00126	0.5	98869	125	98807	5643627	57.08
2010-2019	22	0.00105	0.00105	0.5	98744	103	98693	5544820	56.15
2010-2019	23	0.00110	0.00110	0.5	98641	108	98587	5446127	55.21
2010-2019	24	0.00127	0.00127	0.5	98533	125	98471	5347540	54.27
2010-2019	25	0.00101	0.00101	0.5	98408	100	98358	5249069	53.34
2010-2019	26	0.00115	0.00114	0.5	98308	113	98252	5150711	52.39
2010-2019	27	0.00126	0.00126	0.5	98196	124	98134	5052459	51.45
2010-2019	28	0.00115	0.00115	0.5	98072	113	98016	4954325	50.52
2010-2019	29	0.00142	0.00142	0.5	97959	139	97890	4856309	49.57
2010-2019	30	0.00133	0.00133	0.5	97820	130	97755	4758420	48.64
2010-2019	31	0.00130	0.00130	0.5	97690	127	97627	4660665	47.71
2010-2019	32	0.00127	0.00127	0.5	97563	124	97501	4563038	46.77
2010-2019	33	0.00137	0.00137	0.5	97439	133	97373	4465537	45.83
2010-2019	34	0.00142	0.00142	0.5	97306	138	97237	4368164	44.89
2010-2019	35	0.00151	0.00151	0.5	97168	147	97095	4270927	43.95
2010-2019	36	0.00174	0.00174	0.5	97021	168	96937	4173832	43.02
2010-2019	37	0.00156	0.00156	0.5	96853	151	96777	4076895	42.09
2010-2019	38	0.00165	0.00165	0.5	96702	159	96622	3980118	41.16
2010-2019	39	0.00185	0.00185	0.5	96542	178	96453	3883496	40.23
2010-2019	40	0.00165	0.00165	0.5	96364	159	96284	3787043	39.30
2010-2019	41	0.00195	0.00195	0.5	96205	188	96111	3690759	38.36
2010-2019	42	0.00210	0.00210	0.5	96017	201	95916	3594648	37.44
2010-2019	43	0.00230	0.00229	0.5	95816	220	95706	3498732	36.52
2010-2019	44	0.00255	0.00255	0.5	95596	243	95474	3403026	35.60
2010-2019	45	0.00278	0.00277	0.5	95352	265	95220	3307552	34.69
2010-2019	46	0.00315	0.00314	0.5	95088	299	94939	3212332	33.78
2010-2019	47	0.00339	0.00339	0.5	94789	321	94629	3117393	32.89
2010-2019	48	0.00371	0.00371	0.5	94468	350	94293	3022764	32.00
2010-2019	49	0.00447	0.00446	0.5	94118	420	93908	2928471	31.11
2010-2019	50	0.00459	0.00458	0.5	93698	429	93484	2834563	30.25
2010-2019	51	0.00525	0.00524	0.5	93269	489	93025	2741079	29.39
2010-2019	52	0.00570	0.00568	0.5	92780	527	92517	2648055	28.54
2010-2019	53	0.00597	0.00595	0.5	92253	549	91978	2555538	27.70
2010-2019	54	0.00647	0.00645	0.5	91704	591	91408	2463560	26.86
2010-2019	55	0.00733	0.00731	0.5	91113	666	90780	2372151	26.04
2010-2019	56	0.00790	0.00787	0.5	90447	712	90091	2281372	25.22
2010-2019	57	0.00862	0.00858	0.5	89735	770	89350	2191281	24.42
2010-2019	58	0.00921	0.00916	0.5	88965	815	88558	2101931	23.63
2010-2019	59	0.01014	0.01009	0.5	88150	890	87705	2013373	22.84
2010-2019	60	0.01052	0.01047	0.5	87260	914	86803	1925668	22.07
2010-2019	61	0.01158	0.01151	0.5	86347	994	85850	1838865	21.30
2010-2019	62	0.01205	0.01198	0.5	85353	1023	84841	1753015	20.54
2010-2019	63	0.01300	0.01291	0.5	84330	1089	83786	1668174	19.78
2010-2019	64	0.01390	0.01380	0.5	83241	1149	82667	1584388	19.03
2010-2019	65	0.01513	0.01502	0.5	82092	1233	81476	1501721	18.29
2010-2019	66	0.01576	0.01564	0.5	80859	1265	80227	1420245	17.56
2010-2019	67	0.01702	0.01688	0.5	79595	1343	78923	1340018	16.84
2010-2019	68	0.01806	0.01790	0.5	78251	1401	77551	1261095	16.12
2010-2019	69	0.01941	0.01922	0.5	76851	1477	76112	1183544	15.40
2010-2019	70	0.02160	0.02136	0.5	75373	1610	74568	1107432	14.69
2010-2019	71	0.02274	0.02248	0.5	73763	1658	72934	1032864	14.00
2010-2019	72	0.02494	0.02463	0.5	72105	1776	71217	959930	13.31
2010-2019	73	0.02793	0.02754	0.5	70328	1937	69360	888714	12.64
2010-2019	74	0.03095	0.03048	0.5	68391	2085	67349	819354	11.98
2010-2019	75	0.03368	0.03312	0.5	66307	2196	65209	752005	11.34
2010-2019	76	0.03692	0.03625	0.5	64110	2324	62948	686796	10.71
2010-2019	77	0.04106	0.04023	0.5	61786	2486	60543	623848	10.10
2010-2019	78	0.04579	0.04476	0.5	59301	2654	57973	563304	9.50
2010-2019	79	0.04962	0.04842	0.5	56646	2743	55275	505331	8.92
2010-2019	80	0.05758	0.05597	0.5	53903	3017	52395	450056	8.35
2010-2019	81	0.06544	0.06337	0.5	50886	3225	49274	397661	7.81
2010-2019	82	0.07106	0.06862	0.5	47662	3270	46026	348387	7.31
2010-2019	83	0.07803	0.07510	0.5	44391	3334	42724	302361	6.81
2010-2019	84	0.09159	0.08758	0.5	41057	3596	39259	259637	6.32
2010-2019	85	0.10048	0.09568	0.5	37461	3584	35669	220377	5.88
2010-2019	86	0.11521	0.10894	0.5	33877	3690	32032	184708	5.45
2010-2019	87	0.12955	0.12167	0.5	30187	3673	28350	152676	5.06
2010-2019	88	0.14538	0.13553	0.5	26514	3593	24717	124326	4.69
2010-2019	89	0.16278	0.15052	0.5	22921	3450	21196	99608	4.35
2010-2019	90	0.18181	0.16666	0.5	19471	3245	17848	78413	4.03
2010-2019	91	0.20254	0.18392	0.5	16226	2984	14733	60565	3.73
2010-2019	92	0.22498	0.20223	0.5	13241	2678	11902	45831	3.46
2010-2019	93	0.24913	0.22154	0.5	10564	2340	9393	33929	3.21
2010-2019	94	0.27495	0.24172	0.5	8223	1988	7229	24535	2.98
2010-2019	95	0.30238	0.26266	0.5	6236	1638	5417	17306	2.78
2010-2019	96	0.33128	0.28421	0.5	4598	1307	3944	11889	2.59
2010-2019	97	0.36152	0.30618	0.5	3291	1008	2787	7945	2.41
2010-2019	98	0.39290	0.32839	0.5	2283	750	1908	5158	2.26
2010-2019	99	0.42518	0.35064	0.5	1534	538	1265	3249	2.12
2010-2019	100	0.45812	0.37274	0.5	996	371	810	1984	1.99
2010-2019	101	0.49143	0.39449	0.5	625	246	501	1174	1.88
2010-2019	102	0.52481	0.41572	0.5	378	157	300	673	1.78
2010-2019	103	0.55797	0.43626	0.5	221	96	173	373	1.69
2010-2019	104	0.59063	0.45597	0.5	125	57	96	200	1.61
2010-2019	105	0.62250	0.47474	0.5	68	32	52	104	1.54
2010-2019	106	0.65335	0.49247	0.5	36	18	27	52	1.47
2010-2019	107	0.68296	0.50911	0.5	18	9	13	26	1.42
2010-2019	108	0.71116	0.52462	0.5	9	5	7	12	1.37
2010-2019	109	0.73782	0.53898	0.5	4	2	3	6	1.33
2010-2019	110+	0.76283	1.00000	1.31	2	2	3	3	1.31
2020-2022	0	0.00459	0.00457	0.06	100000	457	99569	7548715	75.49
2020-2022	1	0.00027	0.00027	0.5	99543	27	99530	7449146	74.83
2020-2022	2	0.00023	0.00023	0.5	99517	23	99505	7349616	73.85
2020-2022	3	0.00018	0.00018	0.5	99494	18	99485	7250111	72.87
2020-2022	4	0.00009	0.00009	0.5	99476	9	99472	7150626	71.88
2020-2022	5	0.00018	0.00018	0.5	99467	18	99458	7051154	70.89
2020-2022	6	0.00012	0.00012	0.5	99449	12	99443	6951696	69.90
2020-2022	7	0.00011	0.00011	0.5	99437	11	99432	6852253	68.91
2020-2022	8	0.00011	0.00011	0.5	99426	11	99421	6752821	67.92
2020-2022	9	0.00009	0.00009	0.5	99416	9	99411	6653400	66.93
2020-2022	10	0.00013	0.00013	0.5	99406	13	99400	6553989	65.93
2020-2022	11	0.00008	0.00008	0.5	99393	8	99389	6454590	64.94
2020-2022	12	0.00006	0.00006	0.5	99385	6	99382	6355200	63.95
2020-2022	13	0.00018	0.00018	0.5	99379	17	99370	6255818	62.95
2020-2022	14	0.00026	0.00026	0.5	99361	26	99348	6156448	61.96
2020-2022	15	0.00038	0.00038	0.5	99335	38	99317	6057100	60.98
2020-2022	16	0.00064	0.00064	0.5	99298	63	99266	5957783	60.00
2020-2022	17	0.00060	0.00060	0.5	99234	60	99204	5858517	59.04
2020-2022	18	0.00103	0.00103	0.5	99175	102	99124	5759313	58.07
2020-2022	19	0.00122	0.00122	0.5	99073	121	99013	5660189	57.13
2020-2022	20	0.00128	0.00128	0.5	98952	127	98889	5561177	56.20
2020-2022	21	0.00127	0.00127	0.5	98826	125	98763	5462288	55.27
2020-2022	22	0.00157	0.00157	0.5	98700	155	98623	5363525	54.34
2020-2022	23	0.00151	0.00151	0.5	98545	149	98471	5264902	53.43
2020-2022	24	0.00171	0.00171	0.5	98396	168	98312	5166431	52.51
2020-2022	25	0.00163	0.00163	0.5	98228	160	98148	5068119	51.60
2020-2022	26	0.00154	0.00154	0.5	98068	151	97993	4969970	50.68
2020-2022	27	0.00151	0.00151	0.5	97918	148	97844	4871977	49.76
2020-2022	28	0.00182	0.00181	0.5	97769	177	97681	4774134	48.83
2020-2022	29	0.00185	0.00184	0.5	97592	180	97502	4676453	47.92
2020-2022	30	0.00220	0.00220	0.5	97412	214	97305	4578951	47.01
2020-2022	31	0.00189	0.00189	0.5	97198	184	97106	4481646	46.11
2020-2022	32	0.00212	0.00212	0.5	97014	205	96912	4384540	45.19
2020-2022	33	0.00219	0.00219	0.5	96809	212	96703	4287629	44.29
2020-2022	34	0.00232	0.00232	0.5	96597	224	96485	4190926	43.39
2020-2022	35	0.00223	0.00223	0.5	96373	215	96266	4094440	42.49
2020-2022	36	0.00212	0.00212	0.5	96158	204	96056	3998175	41.58
2020-2022	37	0.00229	0.00229	0.5	95954	220	95845	3902119	40.67
2020-2022	38	0.00264	0.00263	0.5	95735	252	95609	3806274	39.76
2020-2022	39	0.00274	0.00274	0.5	95483	262	95352	3710665	38.86
2020-2022	40	0.00276	0.00276	0.5	95221	262	95090	3615313	37.97
2020-2022	41	0.00326	0.00326	0.5	94959	309	94804	3520223	37.07
2020-2022	42	0.00294	0.00294	0.5	94650	278	94511	3425419	36.19
2020-2022	43	0.00341	0.00340	0.5	94372	321	94211	3330908	35.30
2020-2022	44	0.00359	0.00358	0.5	94050	337	93882	3236697	34.41
2020-2022	45	0.00364	0.00363	0.5	93714	341	93543	3142815	33.54
2020-2022	46	0.00402	0.00401	0.5	93373	375	93186	3049272	32.66
2020-2022	47	0.00417	0.00416	0.5	92999	387	92805	2956086	31.79
2020-2022	48	0.00450	0.00449	0.5	92612	416	92404	2863281	30.92
2020-2022	49	0.00483	0.00482	0.5	92196	444	91974	2770877	30.05
2020-2022	50	0.00587	0.00585	0.5	91752	537	91483	2678903	29.20
2020-2022	51	0.00571	0.00569	0.5	91215	519	90955	2587419	28.37
2020-2022	52	0.00639	0.00637	0.5	90696	577	90407	2496464	27.53
2020-2022	53	0.00669	0.00667	0.5	90118	601	89818	2406057	26.70
2020-2022	54	0.00740	0.00737	0.5	89518	660	89188	2316239	25.87
2020-2022	55	0.00833	0.00829	0.5	88858	737	88490	2227051	25.06
2020-2022	56	0.00946	0.00942	0.5	88121	830	87706	2138562	24.27
2020-2022	57	0.01006	0.01001	0.5	87291	874	86854	2050855	23.49
2020-2022	58	0.01110	0.01104	0.5	86418	954	85940	1964001	22.73
2020-2022	59	0.01170	0.01163	0.5	85463	994	84966	1878060	21.98
2020-2022	60	0.01264	0.01256	0.5	84469	1061	83939	1793094	21.23
2020-2022	61	0.01393	0.01384	0.5	83408	1154	82831	1709156	20.49
2020-2022	62	0.01419	0.01409	0.5	82254	1159	81675	1626324	19.77
2020-2022	63	0.01606	0.01593	0.5	81095	1292	80449	1544649	19.05
2020-2022	64	0.01636	0.01623	0.5	79804	1295	79156	1464200	18.35
2020-2022	65	0.01726	0.01711	0.5	78508	1343	77837	1385044	17.64
2020-2022	66	0.01839	0.01822	0.5	77165	1406	76462	1307207	16.94
2020-2022	67	0.01927	0.01908	0.5	75759	1446	75036	1230745	16.25
2020-2022	68	0.02067	0.02046	0.5	74313	1521	73553	1155709	15.55
2020-2022	69	0.02252	0.02227	0.5	72793	1621	71982	1082156	14.87
2020-2022	70	0.02330	0.02303	0.5	71172	1639	70352	1010174	14.19
2020-2022	71	0.02434	0.02405	0.5	69532	1672	68696	939822	13.52
2020-2022	72	0.02723	0.02686	0.5	67860	1823	66949	871126	12.84
2020-2022	73	0.02873	0.02833	0.5	66037	1871	65102	804177	12.18
2020-2022	74	0.03130	0.03081	0.5	64167	1977	63178	739075	11.52
2020-2022	75	0.03599	0.03535	0.5	62189	2199	61090	675897	10.87
2020-2022	76	0.03929	0.03853	0.5	59991	2312	58835	614807	10.25
2020-2022	77	0.04652	0.04546	0.5	57679	2622	56368	555972	9.64
2020-2022	78	0.04859	0.04744	0.5	55057	2612	53751	499605	9.07
2020-2022	79	0.05843	0.05677	0.5	52445	2977	50956	445854	8.50
2020-2022	80	0.06405	0.06206	0.5	49468	3070	47933	394897	7.98
2020-2022	81	0.06869	0.06640	0.5	46398	3081	44857	346964	7.48
2020-2022	82	0.07653	0.07371	0.5	43317	3193	41720	302107	6.97
2020-2022	83	0.08675	0.08315	0.5	40124	3336	38456	260387	6.49
2020-2022	84	0.09344	0.08927	0.5	36788	3284	35146	221931	6.03
2020-2022	85	0.11116	0.10531	0.5	33504	3528	31740	186785	5.58
2020-2022	86	0.12508	0.11772	0.5	29976	3529	28211	155046	5.17
2020-2022	87	0.14046	0.13125	0.5	26447	3471	24711	126834	4.80
2020-2022	88	0.15740	0.14592	0.5	22976	3353	21299	102123	4.44
2020-2022	89	0.17597	0.16174	0.5	19623	3174	18036	80824	4.12
2020-2022	90	0.19621	0.17868	0.5	16449	2939	14980	62787	3.82
2020-2022	91	0.21816	0.19670	0.5	13510	2658	12182	47807	3.54
2020-2022	92	0.24183	0.21574	0.5	10853	2341	9682	35626	3.28
2020-2022	93	0.26719	0.23570	0.5	8511	2006	7508	25944	3.05
2020-2022	94	0.29418	0.25646	0.5	6505	1668	5671	18436	2.83
2020-2022	95	0.32270	0.27786	0.5	4837	1344	4165	12765	2.64
2020-2022	96	0.35259	0.29975	0.5	3493	1047	2969	8600	2.46
2020-2022	97	0.38369	0.32193	0.5	2446	787	2052	5630	2.30
2020-2022	98	0.41577	0.34422	0.5	1658	571	1373	3578	2.16
2020-2022	99	0.44858	0.36640	0.5	1088	399	888	2205	2.03
2020-2022	100	0.48185	0.38830	0.5	689	268	555	1317	1.91
2020-2022	101	0.51527	0.40972	0.5	422	173	335	761	1.81
2020-2022	102	0.54856	0.43049	0.5	249	107	195	426	1.71
2020-2022	103	0.58142	0.45047	0.5	142	64	110	231	1.63
2020-2022	104	0.61358	0.46953	0.5	78	37	60	121	1.56
2020-2022	105	0.64477	0.48758	0.5	41	20	31	62	1.49
2020-2022	106	0.67478	0.50455	0.5	21	11	16	30	1.43
2020-2022	107	0.70342	0.52039	0.5	10	5	8	14	1.38
2020-2022	108	0.73054	0.53509	0.5	5	3	4	7	1.34
2020-2022	109	0.75605	0.54865	0.5	2	1	2	3	1.30
2020-2022	110+	0.77987	1.00000	1.28	1	1	1	1	1.28
