AK: AK, Lifetables (period 5x1), Males Last modified: February 4 2025, MPv5 (May07) 

Year	Age	mx	qx	ax	lx	dx	Lx	Tx	ex
1959	0	0.04443	0.04283	0.16	100000	4283	96420	6616615	66.17
1959	1-4	0.00140	0.00560	1.71	95717	536	381638	6520195	68.12
1959	5-9	0.00097	0.00483	1.95	95181	460	474498	6138557	64.49
1959	10-14	0.00144	0.00716	2.85	94721	678	472147	5664058	59.80
1959	15-19	0.00139	0.00692	2.39	94043	651	468512	5191912	55.21
1959	20-24	0.00168	0.00838	2.74	93392	782	465192	4723399	50.58
1959	25-29	0.00187	0.00930	2.7	92609	862	461063	4258208	45.98
1959	30-34	0.00337	0.01674	2.73	91748	1536	455252	3797144	41.39
1959	35-39	0.00329	0.01631	2.47	90212	1471	447332	3341893	37.04
1959	40-44	0.00458	0.02269	2.83	88740	2013	439343	2894561	32.62
1959	45-49	0.00915	0.04470	2.41	86727	3877	423584	2455217	28.31
1959	50-54	0.01157	0.05650	2.93	82850	4681	404577	2031633	24.52
1959	55-59	0.01425	0.06889	2.57	78169	5385	377776	1627055	20.81
1959	60-64	0.02384	0.11229	2.42	72784	8173	342795	1249279	17.16
1959	65-69	0.03612	0.16520	2.42	64611	10673	295482	906485	14.03
1959	70-74	0.06091	0.26731	2.71	53937	14418	236726	611003	11.33
1959	75-79	0.08113	0.34534	2.85	39519	13648	168209	374277	9.47
1959	80-84	0.11979	0.45171	2.28	25871	11687	97554	206068	7.97
1959	85-89	0.12516	0.46633	2.27	14185	6615	52853	108514	7.65
1959	90-94	0.13072	0.48109	2.26	7570	3642	27860	55661	7.35
1959	95-99	0.13650	0.49599	2.25	3928	1948	14274	27801	7.08
1959	100-104	0.14248	0.51099	2.23	1980	1012	7100	13527	6.83
1959	105-109	0.14869	0.52607	2.22	968	509	3426	6427	6.64
1959	110+	0.15290	1.00000	6.54	459	459	3001	3001	6.54
1960	0	0.04507	0.04344	0.17	100000	4344	96377	6469093	64.69
1960	1-4	0.00226	0.00900	1.51	95656	861	380478	6372716	66.62
1960	5-9	0.00125	0.00625	2.72	94795	592	472628	5992238	63.21
1960	10-14	0.00055	0.00273	1.9	94203	258	470217	5519610	58.59
1960	15-19	0.00110	0.00549	3.16	93946	516	468780	5049393	53.75
1960	20-24	0.00209	0.01039	2.72	93429	971	464933	4580613	49.03
1960	25-29	0.00193	0.00958	2.35	92458	886	459947	4115680	44.51
1960	30-34	0.00272	0.01349	2.48	91573	1235	454753	3655733	39.92
1960	35-39	0.00428	0.02124	2.99	90338	1918	447830	3200980	35.43
1960	40-44	0.00508	0.02509	2.46	88419	2218	436461	2753150	31.14
1960	45-49	0.00985	0.04794	2.23	86201	4133	419537	2316689	26.88
1960	50-54	0.01477	0.07144	2.72	82068	5863	396974	1897152	23.12
1960	55-59	0.01713	0.08204	2.43	76205	6252	364973	1500179	19.69
1960	60-64	0.02685	0.12607	2.59	69953	8819	328495	1135206	16.23
1960	65-69	0.03962	0.17972	2.42	61134	10987	277340	806711	13.20
1960	70-74	0.05727	0.25271	2.68	50147	12673	221285	529370	10.56
1960	75-79	0.08217	0.34653	2.74	37475	12986	158043	308086	8.22
1960	80-84	0.15815	0.54820	2.2	24489	13425	84886	150043	6.13
1960	85-89	0.16490	0.56337	2.19	11064	6233	37799	65157	5.89
1960	90-94	0.17188	0.57853	2.18	4831	2795	16260	27359	5.66
1960	95-99	0.17910	0.59365	2.16	2036	1209	6749	11099	5.45
1960	100-104	0.18655	0.60870	2.15	827	504	2700	4350	5.26
1960	105-109	0.19423	0.62366	2.13	324	202	1040	1650	5.10
1960	110+	0.19957	1.00000	5.01	122	122	611	611	5.01
1961	0	0.04883	0.04694	0.18	100000	4694	96132	6536277	65.36
1961	1-4	0.00223	0.00886	1.55	95306	844	379160	6440145	67.57
1961	5-9	0.00101	0.00503	2.22	94462	475	470987	6060985	64.16
1961	10-14	0.00114	0.00569	2.51	93986	534	468603	5589998	59.48
1961	15-19	0.00131	0.00654	3.22	93452	611	466175	5121395	54.80
1961	20-24	0.00172	0.00857	2.35	92841	796	462100	4655221	50.14
1961	25-29	0.00220	0.01092	2.79	92045	1005	458009	4193120	45.55
1961	30-34	0.00257	0.01275	2.5	91040	1161	452298	3735112	41.03
1961	35-39	0.00384	0.01904	2.58	89879	1711	445259	3282814	36.52
1961	40-44	0.00625	0.03080	2.58	88168	2716	434262	2837554	32.18
1961	45-49	0.00614	0.03019	2.34	85452	2580	420404	2403292	28.12
1961	50-54	0.00881	0.04313	2.61	82872	3575	405819	1982888	23.93
1961	55-59	0.01780	0.08567	2.8	79297	6793	381554	1577068	19.89
1961	60-64	0.02511	0.11826	2.54	72504	8574	341469	1195514	16.49
1961	65-69	0.04121	0.18531	2.29	63930	11847	287503	854046	13.36
1961	70-74	0.05033	0.22714	2.86	52083	11830	235055	566542	10.88
1961	75-79	0.09172	0.36676	2.27	40253	14763	160965	331488	8.24
1961	80-84	0.12840	0.47779	2.32	25490	12179	94852	170522	6.69
1961	85-89	0.15663	0.54823	2.26	13311	7297	46590	75670	5.68
1961	90-94	0.18965	0.61900	2.2	6013	3722	19627	29080	4.84
1961	95-99	0.22767	0.68726	2.12	2291	1575	6916	9452	4.13
1961	100-104	0.27070	0.75024	2.03	717	538	1986	2536	3.54
1961	105-109	0.31842	0.80574	1.94	179	144	453	550	3.08
1961	110+	0.35619	1.00000	2.81	35	35	98	98	2.81
1962	0	0.04169	0.04027	0.16	100000	4027	96604	6501214	65.01
1962	1-4	0.00199	0.00791	1.12	95973	759	381706	6404610	66.73
1962	5-9	0.00058	0.00290	2.51	95213	276	475379	6022904	63.26
1962	10-14	0.00068	0.00338	1.56	94937	321	473580	5547525	58.43
1962	15-19	0.00159	0.00791	2.91	94616	749	471513	5073944	53.63
1962	20-24	0.00210	0.01045	2.47	93867	981	466858	4602431	49.03
1962	25-29	0.00181	0.00901	2.05	92886	837	461964	4135573	44.52
1962	30-34	0.00280	0.01392	2.51	92049	1281	457058	3673609	39.91
1962	35-39	0.00386	0.01912	2.47	90768	1735	449457	3216551	35.44
1962	40-44	0.00426	0.02112	2.82	89033	1880	441058	2767094	31.08
1962	45-49	0.00687	0.03380	2.62	87153	2946	428744	2326036	26.69
1962	50-54	0.01096	0.05328	2.37	84207	4486	409239	1897292	22.53
1962	55-59	0.01966	0.09422	2.79	79721	7512	382032	1488054	18.67
1962	60-64	0.02967	0.13849	2.6	72209	10000	337077	1106021	15.32
1962	65-69	0.04369	0.19612	2.4	62209	12201	279274	768945	12.36
1962	70-74	0.06156	0.26860	2.63	50008	13432	218200	489670	9.79
1962	75-79	0.09648	0.38331	2.32	36576	14020	145310	271471	7.42
1962	80-84	0.15098	0.53756	2.32	22556	12125	80309	126161	5.59
1962	85-89	0.20440	0.65049	2.21	10431	6785	33196	45852	4.40
1962	90-94	0.27034	0.75370	2.07	3646	2748	10164	12655	3.47
1962	95-99	0.34794	0.83770	1.91	898	752	2162	2491	2.77
1962	100-104	0.43443	0.89860	1.74	146	131	301	329	2.26
1962	105-109	0.52523	0.93843	1.58	15	14	26	28	1.89
1962	110+	0.59880	1.00000	1.67	1	1	2	2	1.67
1963	0	0.03717	0.03603	0.14	100000	3603	96919	6557994	65.58
1963	1-4	0.00245	0.00973	1.64	96397	938	383377	6461075	67.03
1963	5-9	0.00069	0.00345	3.05	95459	330	476654	6077698	63.67
1963	10-14	0.00099	0.00494	2.76	95130	469	474598	5601044	58.88
1963	15-19	0.00144	0.00717	3.21	94660	679	472083	5126446	54.16
1963	20-24	0.00188	0.00936	2.28	93981	879	467513	4654364	49.52
1963	25-29	0.00270	0.01342	2.53	93102	1249	462420	4186850	44.97
1963	30-34	0.00348	0.01725	2.49	91852	1585	455287	3724430	40.55
1963	35-39	0.00394	0.01951	2.31	90268	1761	446593	3269143	36.22
1963	40-44	0.00555	0.02743	2.89	88506	2427	437410	2822550	31.89
1963	45-49	0.00842	0.04135	2.79	86079	3559	422541	2385139	27.71
1963	50-54	0.01274	0.06172	2.47	82519	5093	399726	1962598	23.78
1963	55-59	0.01410	0.06810	2.52	77426	5272	374031	1562872	20.19
1963	60-64	0.02456	0.11578	2.53	72153	8354	340097	1188840	16.48
1963	65-69	0.03546	0.16236	2.41	63799	10359	292122	848743	13.30
1963	70-74	0.05803	0.25445	2.58	53441	13598	234315	556621	10.42
1963	75-79	0.09902	0.39418	2.41	39843	15705	158603	322306	8.09
1963	80-84	0.11868	0.45273	2.38	24138	10928	92077	163703	6.78
1963	85-89	0.15895	0.55575	2.29	13210	7341	46187	71627	5.42
1963	90-94	0.20939	0.65879	2.19	5868	3866	18463	25439	4.33
1963	95-99	0.27042	0.75293	2.06	2002	1508	5575	6976	3.48
1963	100-104	0.34133	0.83094	1.91	495	411	1204	1401	2.83
1963	105-109	0.42001	0.88955	1.76	84	74	177	196	2.35
1963	110+	0.48476	1.00000	2.06	9	9	19	19	2.06
1964	0	0.03283	0.03192	0.13	100000	3192	97233	6438962	64.39
1964	1-4	0.00237	0.00944	1.62	96808	914	385060	6341729	65.51
1964	5-9	0.00074	0.00368	1.4	95894	353	478202	5956668	62.12
1964	10-14	0.00129	0.00643	3.36	95542	615	476702	5478466	57.34
1964	15-19	0.00185	0.00920	3.37	94927	873	473213	5001764	52.69
1964	20-24	0.00279	0.01384	2.15	94054	1302	466558	4528551	48.15
1964	25-29	0.00412	0.02038	2.66	92752	1890	459343	4061993	43.79
1964	30-34	0.00323	0.01602	2.53	90862	1456	450708	3602650	39.65
1964	35-39	0.00510	0.02520	2.84	89406	2253	442155	3151942	35.25
1964	40-44	0.00633	0.03123	2.77	87153	2722	429685	2709786	31.09
1964	45-49	0.00682	0.03352	2.44	84431	2830	414898	2280102	27.01
1964	50-54	0.01067	0.05180	2.23	81601	4227	396281	1865204	22.86
1964	55-59	0.01843	0.08824	2.59	77374	6827	370392	1468924	18.98
1964	60-64	0.02636	0.12488	2.9	70547	8810	334264	1098532	15.57
1964	65-69	0.05214	0.22983	2.43	61737	14189	272151	764269	12.38
1964	70-74	0.05395	0.24335	2.99	47548	11571	214476	492117	10.35
1964	75-79	0.10089	0.39002	2.09	35977	14032	139077	277641	7.72
1964	80-84	0.14703	0.52329	2.25	21946	11484	78105	138564	6.31
1964	85-89	0.16231	0.55893	2.22	10462	5847	36026	60459	5.78
1964	90-94	0.17883	0.59455	2.18	4614	2743	15341	24433	5.29
1964	95-99	0.19663	0.62980	2.15	1871	1178	5992	9092	4.86
1964	100-104	0.21573	0.66429	2.11	693	460	2133	3100	4.48
1964	105-109	0.23613	0.69768	2.07	233	162	687	967	4.16
1964	110+	0.25111	1.00000	3.98	70	70	280	280	3.98
1965	0	0.04480	0.04319	0.17	100000	4319	96395	6550576	65.51
1965	1-4	0.00108	0.00433	1.88	95681	414	381845	6454182	67.46
1965	5-9	0.00069	0.00344	2.81	95267	328	475617	6072336	63.74
1965	10-14	0.00088	0.00437	2.95	94939	415	473848	5596719	58.95
1965	15-19	0.00100	0.00501	3.22	94524	474	471780	5122871	54.20
1965	20-24	0.00257	0.01275	2.15	94050	1199	466831	4651092	49.45
1965	25-29	0.00238	0.01184	2.68	92851	1099	461706	4184261	45.06
1965	30-34	0.00377	0.01868	2.57	91752	1713	454587	3722555	40.57
1965	35-39	0.00352	0.01747	2.84	90038	1573	446791	3267967	36.30
1965	40-44	0.00509	0.02518	2.82	88466	2228	437483	2821176	31.89
1965	45-49	0.00670	0.03301	2.83	86238	2847	425008	2383693	27.64
1965	50-54	0.01227	0.05960	2.63	83391	4970	405154	1958685	23.49
1965	55-59	0.02048	0.09797	2.8	78421	7683	375215	1553531	19.81
1965	60-64	0.02280	0.10792	2.54	70738	7634	334903	1178316	16.66
1965	65-69	0.03379	0.15580	2.5	63104	9831	290932	843413	13.37
1965	70-74	0.05656	0.24860	2.57	53272	13244	234145	552481	10.37
1965	75-79	0.07984	0.33632	2.66	40029	13462	168625	318336	7.95
1965	80-84	0.16689	0.56909	2.21	26566	15119	90592	149711	5.64
1965	85-89	0.18372	0.60455	2.17	11448	6921	37669	59119	5.16
1965	90-94	0.20184	0.63952	2.14	4527	2895	14344	21451	4.74
1965	95-99	0.22125	0.67364	2.1	1632	1099	4969	7107	4.36
1965	100-104	0.24194	0.70657	2.06	533	376	1555	2138	4.02
1965	105-109	0.26391	0.73799	2.01	156	115	437	583	3.73
1965	110+	0.28021	1.00000	3.57	41	41	146	146	3.57
1966	0	0.03192	0.03106	0.13	100000	3106	97300	6660317	66.60
1966	1-4	0.00178	0.00708	1.66	96894	686	385975	6563017	67.73
1966	5-9	0.00089	0.00443	2.52	96208	426	479985	6177041	64.20
1966	10-14	0.00099	0.00494	3.2	95782	473	478058	5697056	59.48
1966	15-19	0.00131	0.00652	2.38	95309	621	474919	5218998	54.76
1966	20-24	0.00317	0.01575	2.81	94688	1491	470169	4744080	50.10
1966	25-29	0.00295	0.01461	2.18	93197	1361	462142	4273911	45.86
1966	30-34	0.00298	0.01477	2.2	91836	1356	455388	3811769	41.51
1966	35-39	0.00370	0.01830	2.19	90480	1656	447741	3356381	37.10
1966	40-44	0.00588	0.02892	2.26	88824	2569	437084	2908640	32.75
1966	45-49	0.00741	0.03643	2.74	86255	3143	424171	2471556	28.65
1966	50-54	0.01181	0.05753	2.76	83112	4782	404863	2047386	24.63
1966	55-59	0.01352	0.06548	2.63	78330	5129	379484	1642523	20.97
1966	60-64	0.02322	0.11090	2.98	73201	8118	349615	1263040	17.25
1966	65-69	0.03849	0.17283	2.05	65083	11248	292229	913424	14.03
1966	70-74	0.05629	0.24924	2.7	53834	13418	238365	621196	11.54
1966	75-79	0.06531	0.27933	2.41	40417	11290	172865	382830	9.47
1966	80-84	0.10754	0.42075	2.42	29127	12255	113958	209966	7.21
1966	85-89	0.14791	0.53002	2.33	16872	8942	60457	96008	5.69
1966	90-94	0.19977	0.64174	2.21	7929	5089	25473	35551	4.48
1966	95-99	0.26383	0.74485	2.08	2841	2116	8020	10079	3.55
1966	100-104	0.33941	0.82991	1.92	725	602	1772	2059	2.84
1966	105-109	0.42403	0.89255	1.76	123	110	260	286	2.32
1966	110+	0.49407	1.00000	2.02	13	13	27	27	2.02
1967	0	0.03466	0.03366	0.14	100000	3366	97099	6682900	66.83
1967	1-4	0.00133	0.00529	1.87	96634	511	385446	6585801	68.15
1967	5-9	0.00055	0.00273	2.91	96123	263	480067	6200355	64.50
1967	10-14	0.00066	0.00330	2.88	95860	316	478632	5720288	59.67
1967	15-19	0.00144	0.00717	2.55	95544	685	476042	5241656	54.86
1967	20-24	0.00327	0.01625	2.77	94860	1542	470857	4765614	50.24
1967	25-29	0.00230	0.01143	2.4	93318	1067	463814	4294758	46.02
1967	30-34	0.00266	0.01323	2.8	92251	1220	458573	3830944	41.53
1967	35-39	0.00324	0.01605	2.59	91031	1461	451632	3372371	37.05
1967	40-44	0.00475	0.02348	2.76	89570	2103	443131	2920739	32.61
1967	45-49	0.00630	0.03101	2.44	87466	2713	430386	2477608	28.33
1967	50-54	0.01277	0.06206	2.75	84754	5260	411947	2047223	24.15
1967	55-59	0.01295	0.06272	2.5	79494	4985	385004	1635275	20.57
1967	60-64	0.02534	0.11931	2.56	74508	8889	350811	1250272	16.78
1967	65-69	0.03710	0.16710	2.03	65619	10965	295567	899461	13.71
1967	70-74	0.05165	0.23200	2.81	54654	12680	245480	603894	11.05
1967	75-79	0.06924	0.28755	2.05	41974	12070	174313	358415	8.54
1967	80-84	0.13773	0.50328	2.33	29904	15050	109277	184102	6.16
1967	85-89	0.17678	0.59425	2.24	14854	8827	49931	74824	5.04
1967	90-94	0.22388	0.68273	2.14	6027	4115	18380	24893	4.13
1967	95-99	0.27909	0.76285	2.03	1912	1459	5227	6513	3.41
1967	100-104	0.34177	0.83015	1.9	453	376	1101	1287	2.84
1967	105-109	0.41045	0.88260	1.77	77	68	166	185	2.40
1967	110+	0.46637	1.00000	2.14	9	9	19	19	2.14
1968	0	0.02238	0.02194	0.11	100000	2194	98036	6620489	66.20
1968	1-4	0.00155	0.00619	1.64	97806	605	389796	6522453	66.69
1968	5-9	0.00080	0.00399	1.78	97200	388	484754	6132657	63.09
1968	10-14	0.00084	0.00418	3.41	96813	405	483419	5647903	58.34
1968	15-19	0.00181	0.00899	2.9	96408	867	480220	5164484	53.57
1968	20-24	0.00268	0.01329	2.59	95541	1270	474652	4684264	49.03
1968	25-29	0.00300	0.01487	2.24	94271	1401	467488	4209613	44.65
1968	30-34	0.00280	0.01393	2.73	92870	1294	461407	3742124	40.29
1968	35-39	0.00387	0.01915	2.29	91576	1754	453137	3280717	35.82
1968	40-44	0.00540	0.02667	2.59	89823	2395	443349	2827580	31.48
1968	45-49	0.00926	0.04528	2.55	87427	3958	427435	2384230	27.27
1968	50-54	0.01344	0.06513	2.62	83469	5436	404380	1956796	23.44
1968	55-59	0.01826	0.08778	2.81	78033	6850	375136	1552415	19.89
1968	60-64	0.03038	0.14173	2.64	71183	10089	332097	1177279	16.54
1968	65-69	0.03406	0.15627	2.37	61094	9547	280343	845182	13.83
1968	70-74	0.05513	0.24192	2.47	51547	12470	226184	564838	10.96
1968	75-79	0.07574	0.32129	2.64	39077	12555	165766	338654	8.67
1968	80-84	0.14816	0.52480	2.22	26522	13919	93944	172888	6.52
1968	85-89	0.15456	0.53994	2.21	12603	6805	44026	78944	6.26
1968	90-94	0.16119	0.55510	2.2	5798	3219	19967	34918	6.02
1968	95-99	0.16805	0.57027	2.18	2580	1471	8754	14951	5.80
1968	100-104	0.17514	0.58541	2.17	1109	649	3705	6197	5.59
1968	105-109	0.18246	0.60050	2.15	460	276	1513	2492	5.42
1968	110+	0.18752	1.00000	5.33	184	184	979	979	5.33
1969	0	0.02440	0.02388	0.11	100000	2388	97876	6656991	66.57
1969	1-4	0.00131	0.00521	1.45	97612	509	389148	6559115	67.20
1969	5-9	0.00053	0.00266	2.61	97103	258	484896	6169968	63.54
1969	10-14	0.00041	0.00205	2.56	96844	198	483739	5685071	58.70
1969	15-19	0.00180	0.00896	2.4	96646	866	480981	5201333	53.82
1969	20-24	0.00293	0.01456	2.64	95780	1395	475606	4720351	49.28
1969	25-29	0.00324	0.01605	2.3	94385	1515	467837	4244745	44.97
1969	30-34	0.00221	0.01100	2.38	92870	1021	461672	3776909	40.67
1969	35-39	0.00383	0.01900	2.8	91849	1746	455403	3315237	36.09
1969	40-44	0.00534	0.02630	2.31	90103	2370	444143	2859834	31.74
1969	45-49	0.00910	0.04452	2.56	87734	3906	429125	2415691	27.53
1969	50-54	0.01240	0.06001	2.34	83828	5030	405770	1986566	23.70
1969	55-59	0.01624	0.07813	2.58	78798	6156	379077	1580796	20.06
1969	60-64	0.02220	0.10566	2.73	72641	7676	345757	1201719	16.54
1969	65-69	0.03555	0.16309	2.48	64966	10596	298075	855962	13.18
1969	70-74	0.05384	0.23875	2.63	54370	12981	241112	557887	10.26
1969	75-79	0.10514	0.40907	2.29	41389	16931	161030	316775	7.65
1969	80-84	0.11997	0.45864	2.43	24458	11218	93507	155745	6.37
1969	85-89	0.18227	0.61025	2.29	13241	8080	44331	62238	4.70
1969	90-94	0.26624	0.75184	2.11	5161	3880	14573	17907	3.47
1969	95-99	0.37057	0.85978	1.88	1281	1101	2971	3334	2.60
1969	100-104	0.48846	0.92701	1.65	180	166	341	362	2.02
1969	105-109	0.60829	0.96255	1.45	13	13	21	21	1.64
1969	110+	0.70185	1.00000	1.42	0	0	1	1	1.42
1970	0	0.02636	0.02576	0.12	100000	2576	97722	6571403	65.71
1970	1-4	0.00138	0.00550	2.05	97424	535	388652	6473681	66.45
1970	5-9	0.00064	0.00321	2.99	96889	311	483819	6085028	62.80
1970	10-14	0.00062	0.00308	2.08	96578	298	482021	5601209	58.00
1970	15-19	0.00266	0.01321	2.71	96280	1272	478494	5119189	53.17
1970	20-24	0.00325	0.01612	2.38	95008	1531	471033	4640695	48.85
1970	25-29	0.00365	0.01810	2.72	93477	1692	463524	4169662	44.61
1970	30-34	0.00275	0.01364	2.47	91785	1252	455752	3706139	40.38
1970	35-39	0.00353	0.01748	2.46	90533	1582	448647	3250387	35.90
1970	40-44	0.00560	0.02763	2.62	88951	2458	438900	2801740	31.50
1970	45-49	0.00959	0.04687	2.63	86493	4054	422839	2362840	27.32
1970	50-54	0.01027	0.05014	2.66	82439	4134	402518	1940001	23.53
1970	55-59	0.01654	0.07982	2.8	78305	6250	377792	1537482	19.63
1970	60-64	0.02877	0.13495	2.71	72055	9724	337961	1159690	16.09
1970	65-69	0.04201	0.19076	2.59	62331	11890	283048	821729	13.18
1970	70-74	0.06137	0.27055	2.81	50441	13647	222386	538681	10.68
1970	75-79	0.07814	0.32167	2.25	36794	11836	151468	316296	8.60
1970	80-84	0.12573	0.47163	2.35	24958	11771	93624	164828	6.60
1970	85-89	0.16228	0.56253	2.27	13187	7418	45714	71203	5.40
1970	90-94	0.20678	0.65303	2.18	5769	3767	18219	25489	4.42
1970	95-99	0.25952	0.73704	2.07	2002	1475	5685	7270	3.63
1970	100-104	0.32013	0.80937	1.95	526	426	1331	1586	3.01
1970	105-109	0.38737	0.86707	1.81	100	87	225	255	2.54
1970	110+	0.44217	1.00000	2.26	13	13	30	30	2.26
1971	0	0.02232	0.02188	0.1	100000	2188	98042	6628840	66.29
1971	1-4	0.00182	0.00725	1.3	97812	709	389334	6530799	66.77
1971	5-9	0.00066	0.00329	2.34	97103	319	484664	6141465	63.25
1971	10-14	0.00105	0.00524	2.84	96784	507	482822	5656801	58.45
1971	15-19	0.00242	0.01202	2.66	96276	1157	478673	5173978	53.74
1971	20-24	0.00243	0.01209	2.32	95119	1150	472510	4695306	49.36
1971	25-29	0.00348	0.01725	2.73	93969	1621	466163	4222796	44.94
1971	30-34	0.00322	0.01595	2.48	92348	1473	458023	3756632	40.68
1971	35-39	0.00335	0.01661	2.5	90875	1509	450599	3298609	36.30
1971	40-44	0.00645	0.03176	2.58	89366	2838	439969	2848010	31.87
1971	45-49	0.00779	0.03833	2.87	86528	3317	425561	2408041	27.83
1971	50-54	0.01175	0.05728	2.82	83211	4767	405649	1982480	23.82
1971	55-59	0.01760	0.08490	2.91	78444	6660	378324	1576831	20.10
1971	60-64	0.02307	0.10912	2.52	71785	7833	339498	1198507	16.70
1971	65-69	0.04313	0.19570	2.64	63952	12516	290164	859009	13.43
1971	70-74	0.05563	0.24349	2.44	51436	12524	225117	568844	11.06
1971	75-79	0.07099	0.29723	2.26	38912	11566	162924	343727	8.83
1971	80-84	0.12492	0.46956	2.36	27346	12841	102794	180803	6.61
1971	85-89	0.16251	0.56326	2.28	14505	8170	50275	78010	5.38
1971	90-94	0.20855	0.65646	2.18	6335	4159	19941	27735	4.38
1971	95-99	0.26333	0.74253	2.06	2176	1616	6137	7794	3.58
1971	100-104	0.32639	0.81589	1.94	560	457	1401	1657	2.96
1971	105-109	0.39631	0.87356	1.8	103	90	227	256	2.48
1971	110+	0.45344	1.00000	2.21	13	13	29	29	2.21
1972	0	0.02020	0.01984	0.1	100000	1984	98213	6717381	67.17
1972	1-4	0.00115	0.00458	1.54	98016	448	390963	6619169	67.53
1972	5-9	0.00045	0.00225	1.94	97567	219	487165	6228206	63.83
1972	10-14	0.00043	0.00215	2.49	97348	209	486214	5741041	58.97
1972	15-19	0.00248	0.01233	2.61	97139	1198	482826	5254827	54.10
1972	20-24	0.00314	0.01554	2.15	95941	1491	475462	4772001	49.74
1972	25-29	0.00300	0.01490	2.89	94451	1408	469288	4296539	45.49
1972	30-34	0.00143	0.00714	2.46	93043	664	463527	3827251	41.13
1972	35-39	0.00386	0.01912	2.78	92379	1766	457979	3363724	36.41
1972	40-44	0.00456	0.02259	2.81	90613	2047	448586	2905745	32.07
1972	45-49	0.00770	0.03781	2.62	88566	3349	434844	2457159	27.74
1972	50-54	0.01138	0.05537	2.56	85217	4718	414585	2022316	23.73
1972	55-59	0.01311	0.06386	3.01	80499	5141	392251	1607730	19.97
1972	60-64	0.03237	0.15053	2.67	75358	11344	350381	1215479	16.13
1972	65-69	0.03531	0.16164	2.38	64015	10347	293011	865099	13.51
1972	70-74	0.05036	0.22135	2.27	53668	11879	235863	572088	10.66
1972	75-79	0.10083	0.39140	2.14	41788	16356	162215	336224	8.05
1972	80-84	0.10172	0.40611	2.52	25432	10328	101532	174010	6.84
1972	85-89	0.17232	0.59177	2.35	15104	8938	51868	72477	4.80
1972	90-94	0.27509	0.76695	2.12	6166	4729	17190	20609	3.34
1972	95-99	0.40753	0.88859	1.83	1437	1277	3133	3419	2.38
1972	100-104	0.55526	0.95136	1.55	160	152	274	285	1.78
1972	105-109	0.69542	0.97775	1.32	8	8	11	11	1.43
1972	110+	0.79570	1.00000	1.26	0	0	0	0	1.26
1973	0	0.02162	0.02121	0.1	100000	2121	98098	6718130	67.18
1973	1-4	0.00106	0.00423	1.78	97879	414	390597	6620033	67.63
1973	5-9	0.00052	0.00259	1.51	97465	253	486443	6229436	63.91
1973	10-14	0.00069	0.00344	1.87	97212	334	485016	5742993	59.08
1973	15-19	0.00280	0.01391	2.73	96878	1348	481331	5257976	54.27
1973	20-24	0.00300	0.01489	2.05	95531	1422	473453	4776645	50.00
1973	25-29	0.00302	0.01498	2.66	94108	1410	467238	4303192	45.73
1973	30-34	0.00213	0.01060	2.35	92699	983	460888	3835953	41.38
1973	35-39	0.00340	0.01684	2.32	91716	1545	454434	3375065	36.80
1973	40-44	0.00510	0.02517	2.24	90171	2269	444582	2920631	32.39
1973	45-49	0.00713	0.03500	2.5	87902	3077	431813	2476050	28.17
1973	50-54	0.01003	0.04903	2.77	84825	4159	414857	2044237	24.10
1973	55-59	0.01711	0.08182	2.35	80666	6600	385845	1629381	20.20
1973	60-64	0.02355	0.11147	2.61	74065	8256	350585	1243536	16.79
1973	65-69	0.03764	0.17355	2.76	65809	11421	303429	892950	13.57
1973	70-74	0.05202	0.22946	2.43	54388	12480	239899	589522	10.84
1973	75-79	0.08079	0.33162	2.3	41908	13898	172019	349622	8.34
1973	80-84	0.13557	0.49701	2.32	28010	13922	102686	177603	6.34
1973	85-89	0.16815	0.57472	2.25	14089	8097	48155	74917	5.32
1973	90-94	0.20658	0.65156	2.17	5992	3904	18898	26762	4.47
1973	95-99	0.25104	0.72377	2.08	2088	1511	6019	7864	3.77
1973	100-104	0.30133	0.78803	1.97	577	454	1508	1845	3.20
1973	105-109	0.35682	0.84213	1.87	122	103	289	337	2.75
1973	110+	0.40132	1.00000	2.49	19	19	48	48	2.49
1974	0	0.02238	0.02194	0.11	100000	2194	98036	6722423	67.22
1974	1-4	0.00112	0.00448	1.6	97806	438	390173	6624387	67.73
1974	5-9	0.00089	0.00444	2.41	97368	432	485716	6234214	64.03
1974	10-14	0.00092	0.00457	2.79	96935	443	483696	5748498	59.30
1974	15-19	0.00295	0.01463	2.81	96492	1412	479369	5264802	54.56
1974	20-24	0.00319	0.01582	2.16	95080	1504	471126	4785434	50.33
1974	25-29	0.00268	0.01331	2.23	93576	1245	464435	4314308	46.10
1974	30-34	0.00305	0.01517	2.76	92331	1400	458515	3849872	41.70
1974	35-39	0.00430	0.02129	2.7	90930	1936	450204	3391357	37.30
1974	40-44	0.00556	0.02745	2.56	88995	2443	439023	2941153	33.05
1974	45-49	0.00614	0.03023	2.52	86552	2617	426278	2502130	28.91
1974	50-54	0.00896	0.04382	2.48	83935	3678	410394	2075852	24.73
1974	55-59	0.01266	0.06145	2.61	80257	4932	389488	1665458	20.75
1974	60-64	0.02744	0.12932	2.78	75325	9741	354984	1275971	16.94
1974	65-69	0.03619	0.16528	2.38	65584	10840	299563	920986	14.04
1974	70-74	0.05103	0.22658	2.53	54744	12404	243056	621424	11.35
1974	75-79	0.07002	0.30020	2.63	42341	12711	181524	378367	8.94
1974	80-84	0.11274	0.43785	2.45	29630	12973	115070	196844	6.64
1974	85-89	0.17212	0.58866	2.32	16656	9805	56965	81774	4.91
1974	90-94	0.25297	0.73334	2.13	6851	5024	19862	24808	3.62
1974	95-99	0.35468	0.84696	1.92	1827	1547	4363	4946	2.71
1974	100-104	0.47127	0.91969	1.69	280	257	546	583	2.09
1974	105-109	0.59162	0.95890	1.48	22	22	36	38	1.68
1974	110+	0.68657	1.00000	1.46	1	1	1	1	1.46
1975	0	0.01645	0.01620	0.09	100000	1620	98524	6846168	68.46
1975	1-4	0.00076	0.00303	1.39	98380	298	392740	6747644	68.59
1975	5-9	0.00054	0.00271	3.01	98081	266	489877	6354904	64.79
1975	10-14	0.00074	0.00370	2.33	97815	362	488112	5865027	59.96
1975	15-19	0.00285	0.01418	3.19	97453	1382	484764	5376915	55.17
1975	20-24	0.00328	0.01628	2.3	96071	1564	476134	4892151	50.92
1975	25-29	0.00335	0.01660	2.19	94507	1569	468122	4416017	46.73
1975	30-34	0.00250	0.01242	2.63	92938	1154	461954	3947894	42.48
1975	35-39	0.00349	0.01729	2.46	91784	1587	454887	3485941	37.98
1975	40-44	0.00439	0.02173	2.63	90197	1960	446331	3031054	33.60
1975	45-49	0.00682	0.03358	2.73	88237	2963	434464	2584724	29.29
1975	50-54	0.01212	0.05890	2.64	85274	5023	414528	2150259	25.22
1975	55-59	0.01394	0.06765	2.84	80251	5429	389504	1735731	21.63
1975	60-64	0.02036	0.09710	2.63	74823	7265	356860	1346227	17.99
1975	65-69	0.02845	0.13298	2.55	67557	8984	315804	989367	14.64
1975	70-74	0.06308	0.27181	2.46	58574	15921	252382	673563	11.50
1975	75-79	0.05722	0.25244	2.67	42653	10767	188189	421182	9.87
1975	80-84	0.10221	0.40525	2.45	31886	12922	126426	232993	7.31
1975	85-89	0.14736	0.52966	2.35	18964	10044	68162	106567	5.62
1975	90-94	0.20740	0.65721	2.21	8920	5862	28264	38405	4.31
1975	95-99	0.28325	0.77152	2.05	3057	2359	8328	10141	3.32
1975	100-104	0.37336	0.85986	1.86	699	601	1609	1813	2.60
1975	105-109	0.47314	0.91896	1.67	98	90	190	204	2.09
1975	110+	0.55574	1.00000	1.8	8	8	14	14	1.80
1976	0	0.01920	0.01887	0.1	100000	1887	98295	6817458	68.17
1976	1-4	0.00167	0.00664	1.47	98113	652	390804	6719163	68.48
1976	5-9	0.00037	0.00183	2.98	97461	179	486947	6328359	64.93
1976	10-14	0.00072	0.00361	3.27	97283	351	485807	5841412	60.05
1976	15-19	0.00229	0.01142	2.98	96932	1107	482419	5355605	55.25
1976	20-24	0.00401	0.01984	2.27	95825	1901	473943	4873186	50.86
1976	25-29	0.00333	0.01651	2.55	93924	1550	465825	4399243	46.84
1976	30-34	0.00342	0.01697	2.52	92374	1568	457979	3933418	42.58
1976	35-39	0.00312	0.01550	2.88	90806	1408	451042	3475439	38.27
1976	40-44	0.00506	0.02503	2.77	89398	2238	442008	3024396	33.83
1976	45-49	0.00749	0.03678	2.62	87160	3206	428181	2582388	29.63
1976	50-54	0.00995	0.04859	2.59	83954	4080	409925	2154207	25.66
1976	55-59	0.01373	0.06657	2.75	79875	5318	387395	1744282	21.84
1976	60-64	0.02068	0.09853	2.61	74557	7346	355256	1356887	18.20
1976	65-69	0.03101	0.14345	2.39	67211	9641	310926	1001632	14.90
1976	70-74	0.04597	0.20480	2.34	57570	11790	256499	690706	12.00
1976	75-79	0.07518	0.32632	2.98	45779	14939	198701	434207	9.48
1976	80-84	0.09165	0.37271	2.5	30841	11495	125413	235506	7.64
1976	85-89	0.14114	0.51538	2.38	19346	9971	70645	110093	5.69
1976	90-94	0.21042	0.66448	2.23	9375	6230	29607	39448	4.21
1976	95-99	0.30091	0.79432	2.03	3146	2499	8304	9842	3.13
1976	100-104	0.40955	0.88677	1.8	647	574	1401	1538	2.38
1976	105-109	0.52797	0.94130	1.58	73	69	131	138	1.88
1976	110+	0.62473	1.00000	1.6	4	4	7	7	1.60
1977	0	0.01797	0.01768	0.09	100000	1768	98396	6885032	68.85
1977	1-4	0.00125	0.00500	1.65	98232	491	391774	6786636	69.09
1977	5-9	0.00071	0.00355	2.16	97740	347	487718	6394862	65.43
1977	10-14	0.00044	0.00222	2.98	97394	216	486531	5907144	60.65
1977	15-19	0.00271	0.01347	2.99	97178	1309	483258	5420613	55.78
1977	20-24	0.00296	0.01468	2.51	95868	1407	475840	4937355	51.50
1977	25-29	0.00394	0.01948	2.38	94461	1840	467482	4461514	47.23
1977	30-34	0.00263	0.01304	2.38	92621	1208	459944	3994032	43.12
1977	35-39	0.00312	0.01547	2.6	91413	1414	453680	3534088	38.66
1977	40-44	0.00482	0.02383	2.48	90000	2145	444602	3080409	34.23
1977	45-49	0.00525	0.02593	2.59	87855	2278	433794	2635807	30.00
1977	50-54	0.00907	0.04440	2.63	85577	3800	418884	2202013	25.73
1977	55-59	0.01317	0.06388	2.66	81777	5224	396647	1783129	21.80
1977	60-64	0.01971	0.09427	2.71	76553	7216	366209	1386481	18.11
1977	65-69	0.02972	0.13798	2.4	69336	9567	321854	1020273	14.71
1977	70-74	0.04786	0.21314	2.43	59769	12739	266161	698419	11.69
1977	75-79	0.07225	0.30496	2.45	47030	14342	198513	432258	9.19
1977	80-84	0.11936	0.45287	2.34	32688	14803	124018	233745	7.15
1977	85-89	0.14400	0.51765	2.29	17885	9258	64292	109727	6.14
1977	90-94	0.17267	0.58373	2.23	8627	5036	29163	45435	5.27
1977	95-99	0.20562	0.64888	2.16	3591	2330	11332	16272	4.53
1977	100-104	0.24295	0.71077	2.08	1261	896	3689	4940	3.92
1977	105-109	0.28457	0.76733	2	365	280	983	1251	3.43
1977	110+	0.31706	1.00000	3.15	85	85	268	268	3.15
1978	0	0.01664	0.01639	0.09	100000	1639	98508	6874499	68.74
1978	1-4	0.00064	0.00254	1.12	98361	250	392726	6775991	68.89
1978	5-9	0.00068	0.00340	2.95	98112	334	489875	6383265	65.06
1978	10-14	0.00055	0.00273	3.73	97778	267	488550	5893390	60.27
1978	15-19	0.00318	0.01581	3.02	97511	1542	484497	5404841	55.43
1978	20-24	0.00423	0.02093	2.51	95969	2008	474841	4920344	51.27
1978	25-29	0.00286	0.01417	2.11	93961	1332	465956	4445503	47.31
1978	30-34	0.00292	0.01449	2.33	92629	1342	459561	3979546	42.96
1978	35-39	0.00362	0.01792	2.43	91287	1635	452226	3519985	38.56
1978	40-44	0.00541	0.02669	2.56	89652	2393	442414	3067759	34.22
1978	45-49	0.00682	0.03352	2.51	87259	2925	429013	2625345	30.09
1978	50-54	0.00982	0.04799	2.63	84334	4048	412064	2196332	26.04
1978	55-59	0.01475	0.07118	2.57	80286	5715	387524	1784268	22.22
1978	60-64	0.01711	0.08215	2.56	74571	6126	357937	1396744	18.73
1978	65-69	0.03014	0.14151	2.84	68445	9686	321303	1038808	15.18
1978	70-74	0.04632	0.20806	2.56	58760	12226	263961	717505	12.21
1978	75-79	0.07048	0.30185	2.62	46534	14047	199301	453543	9.75
1978	80-84	0.09572	0.38444	2.44	32488	12490	130481	254243	7.83
1978	85-89	0.13242	0.49063	2.36	19998	9812	74098	123762	6.19
1978	90-94	0.18012	0.60279	2.26	10186	6140	34090	49663	4.88
1978	95-99	0.23993	0.71027	2.13	4046	2874	11978	15573	3.85
1978	100-104	0.31171	0.80255	1.98	1172	941	3018	3595	3.07
1978	105-109	0.39363	0.87321	1.81	231	202	513	577	2.49
1978	110+	0.46172	1.00000	2.17	29	29	64	64	2.17
1979	0	0.01833	0.01803	0.09	100000	1803	98367	6924615	69.25
1979	1-4	0.00089	0.00353	1.5	98197	347	391923	6826248	69.52
1979	5-9	0.00033	0.00167	1.31	97850	164	488648	6434325	65.76
1979	10-14	0.00059	0.00296	3.36	97687	289	487961	5945677	60.86
1979	15-19	0.00215	0.01070	3.1	97398	1042	485005	5457716	56.04
1979	20-24	0.00312	0.01546	2.47	96356	1489	478004	4972712	51.61
1979	25-29	0.00230	0.01144	2.44	94866	1085	471551	4494707	47.38
1979	30-34	0.00220	0.01095	2.63	93781	1027	466471	4023156	42.90
1979	35-39	0.00263	0.01307	2.46	92754	1213	460695	3556686	38.35
1979	40-44	0.00334	0.01655	2.55	91541	1515	454003	3095991	33.82
1979	45-49	0.00648	0.03191	2.63	90027	2873	443324	2641987	29.35
1979	50-54	0.00901	0.04422	2.87	87154	3854	427554	2198663	25.23
1979	55-59	0.01290	0.06268	2.73	83300	5221	404634	1771110	21.26
1979	60-64	0.02026	0.09650	2.54	78079	7534	371852	1366475	17.50
1979	65-69	0.03303	0.15252	2.49	70544	10759	325742	994624	14.10
1979	70-74	0.05487	0.24173	2.54	59785	14452	263395	668881	11.19
1979	75-79	0.07716	0.32186	2.42	45333	14591	189091	405486	8.94
1979	80-84	0.12616	0.47069	2.3	30742	14470	114698	216395	7.04
1979	85-89	0.14505	0.51927	2.27	16272	8450	58251	101697	6.25
1979	90-94	0.16622	0.56855	2.22	7822	4447	26756	43446	5.55
1979	95-99	0.18977	0.61761	2.17	3375	2084	10984	16691	4.95
1979	100-104	0.21577	0.66548	2.12	1291	859	3980	5707	4.42
1979	105-109	0.24423	0.71121	2.06	432	307	1257	1727	4.00
1979	110+	0.26564	1.00000	3.76	125	125	469	469	3.76
1980	0	0.01570	0.01547	0.09	100000	1547	98587	6829199	68.29
1980	1-4	0.00093	0.00372	1.48	98453	366	392887	6730611	68.36
1980	5-9	0.00028	0.00138	2.64	98086	135	490112	6337724	64.61
1980	10-14	0.00067	0.00335	3.47	97951	329	489252	5847613	59.70
1980	15-19	0.00233	0.01161	2.78	97622	1134	485597	5358361	54.89
1980	20-24	0.00358	0.01773	2.37	96488	1711	477934	4872764	50.50
1980	25-29	0.00324	0.01606	2.34	94777	1522	469832	4394829	46.37
1980	30-34	0.00281	0.01393	2.47	93255	1299	462987	3924997	42.09
1980	35-39	0.00299	0.01483	2.6	91956	1364	456507	3462010	37.65
1980	40-44	0.00482	0.02383	2.48	90592	2159	447526	3005503	33.18
1980	45-49	0.00508	0.02509	2.52	88434	2219	436674	2557976	28.93
1980	50-54	0.00823	0.04031	2.51	86215	3475	422406	2121302	24.60
1980	55-59	0.01425	0.06890	2.61	82740	5701	400089	1698896	20.53
1980	60-64	0.02223	0.10530	2.51	77039	8112	364974	1298807	16.86
1980	65-69	0.03532	0.16244	2.53	68927	11196	316977	933833	13.55
1980	70-74	0.05277	0.23718	2.87	57731	13692	259485	616856	10.69
1980	75-79	0.10541	0.42394	2.69	44038	18669	177120	357371	8.12
1980	80-84	0.10761	0.42138	2.43	25369	10690	99341	180251	7.11
1980	85-89	0.15225	0.54116	2.33	14679	7944	52176	80910	5.51
1980	90-94	0.21064	0.66256	2.2	6735	4463	21186	28733	4.27
1980	95-99	0.28348	0.77125	2.04	2273	1753	6183	7548	3.32
1980	100-104	0.36937	0.85626	1.87	520	445	1205	1364	2.62
1980	105-109	0.46434	0.91453	1.69	75	68	147	159	2.13
1980	110+	0.54288	1.00000	1.84	6	6	12	12	1.84
1981	0	0.01440	0.01422	0.08	100000	1422	98697	6974736	69.75
1981	1-4	0.00096	0.00382	1.88	98578	377	393514	6876039	69.75
1981	5-9	0.00078	0.00388	2.78	98202	381	490164	6482525	66.01
1981	10-14	0.00086	0.00429	2.23	97821	420	487941	5992361	61.26
1981	15-19	0.00183	0.00913	3.12	97401	889	485332	5504420	56.51
1981	20-24	0.00358	0.01776	2.63	96511	1714	478501	5019088	52.01
1981	25-29	0.00254	0.01263	2.68	94798	1198	471209	4540587	47.90
1981	30-34	0.00320	0.01589	2.76	93600	1487	464674	4069378	43.48
1981	35-39	0.00300	0.01488	2.4	92113	1371	456994	3604704	39.13
1981	40-44	0.00389	0.01929	2.57	90742	1750	449457	3147710	34.69
1981	45-49	0.00463	0.02289	2.67	88992	2037	440217	2698253	30.32
1981	50-54	0.00753	0.03700	2.71	86954	3217	427414	2258036	25.97
1981	55-59	0.01077	0.05252	2.64	83737	4398	408295	1830622	21.86
1981	60-64	0.02348	0.11150	2.75	79339	8846	376794	1422327	17.93
1981	65-69	0.03167	0.14690	2.54	70492	10355	326956	1045533	14.83
1981	70-74	0.04693	0.21217	2.74	60137	12759	271885	718577	11.95
1981	75-79	0.06550	0.28121	2.49	47378	13323	203408	446692	9.43
1981	80-84	0.09204	0.37589	2.56	34055	12801	139074	243284	7.14
1981	85-89	0.16493	0.57650	2.39	21254	12253	74293	104210	4.90
1981	90-94	0.27557	0.76928	2.13	9001	6924	25128	29917	3.32
1981	95-99	0.42110	0.89813	1.81	2077	1865	4429	4790	2.31
1981	100-104	0.58248	0.95894	1.5	212	203	348	360	1.70
1981	105-109	0.73005	0.98193	1.28	9	9	12	12	1.37
1981	110+	0.83024	1.00000	1.2	0	0	0	0	1.20
1982	0	0.01232	0.01218	0.08	100000	1218	98877	7013973	70.14
1982	1-4	0.00064	0.00258	1.64	98782	254	394528	6915096	70.00
1982	5-9	0.00033	0.00165	3.01	98528	162	492315	6520568	66.18
1982	10-14	0.00026	0.00130	3.33	98365	128	491614	6028253	61.28
1982	15-19	0.00240	0.01196	2.79	98238	1175	488590	5536639	56.36
1982	20-24	0.00344	0.01703	2.43	97063	1653	481070	5048050	52.01
1982	25-29	0.00274	0.01358	2.27	95410	1295	473513	4566980	47.87
1982	30-34	0.00249	0.01237	2.51	94115	1165	467673	4093467	43.49
1982	35-39	0.00276	0.01369	2.69	92950	1273	461815	3625793	39.01
1982	40-44	0.00359	0.01778	2.73	91678	1630	454691	3163979	34.51
1982	45-49	0.00495	0.02447	2.69	90047	2203	445159	2709288	30.09
1982	50-54	0.00704	0.03462	2.54	87844	3041	431740	2264128	25.77
1982	55-59	0.01494	0.07226	2.76	84804	6128	410280	1832388	21.61
1982	60-64	0.01860	0.08931	2.79	78675	7026	377829	1422108	18.08
1982	65-69	0.03094	0.14298	2.35	71649	10245	331062	1044279	14.57
1982	70-74	0.04559	0.20524	2.58	61405	12603	276468	713216	11.61
1982	75-79	0.06547	0.28395	2.67	48802	13857	211672	436748	8.95
1982	80-84	0.11673	0.44977	2.45	34945	15717	134638	225075	6.44
1982	85-89	0.18109	0.60834	2.3	19228	11697	64593	90437	4.70
1982	90-94	0.26905	0.75628	2.11	7531	5695	21168	25844	3.43
1982	95-99	0.37908	0.86682	1.87	1835	1591	4197	4676	2.55
1982	100-104	0.50308	0.93313	1.63	244	228	453	479	1.96
1982	105-109	0.62751	0.96659	1.42	16	16	25	26	1.59
1982	110+	0.72325	1.00000	1.38	1	1	1	1	1.38
1983	0	0.01283	0.01268	0.08	100000	1268	98832	7062051	70.62
1983	1-4	0.00095	0.00380	1.53	98732	375	393999	6963218	70.53
1983	5-9	0.00055	0.00276	2.82	98356	272	491188	6569219	66.79
1983	10-14	0.00044	0.00218	2.71	98084	214	489933	6078032	61.97
1983	15-19	0.00226	0.01127	3.1	97871	1103	487255	5588099	57.10
1983	20-24	0.00352	0.01744	2.6	96767	1688	479784	5100844	52.71
1983	25-29	0.00248	0.01230	2.34	95080	1170	472285	4621060	48.60
1983	30-34	0.00228	0.01133	2.51	93910	1064	466897	4148774	44.18
1983	35-39	0.00238	0.01184	2.64	92846	1099	461636	3681878	39.66
1983	40-44	0.00313	0.01554	2.23	91747	1425	454783	3220241	35.10
1983	45-49	0.00616	0.03034	2.66	90322	2740	445186	2765458	30.62
1983	50-54	0.00916	0.04487	2.72	87581	3930	428948	2320272	26.49
1983	55-59	0.01072	0.05225	2.59	83652	4371	407707	1891324	22.61
1983	60-64	0.01831	0.08770	2.6	79280	6953	379745	1483617	18.71
1983	65-69	0.03231	0.15037	2.7	72327	10876	336635	1103872	15.26
1983	70-74	0.04906	0.22158	2.82	61452	13617	277535	767237	12.49
1983	75-79	0.06962	0.29982	2.69	47835	14342	205994	489703	10.24
1983	80-84	0.07860	0.32888	2.52	33493	11015	140140	283708	8.47
1983	85-89	0.12060	0.46011	2.43	22478	10342	85759	143568	6.39
1983	90-94	0.18008	0.60521	2.29	12136	7345	40785	57809	4.76
1983	95-99	0.25948	0.74197	2.12	4791	3555	13700	17025	3.55
1983	100-104	0.35789	0.84906	1.91	1236	1050	2933	3325	2.69
1983	105-109	0.46976	0.91858	1.69	187	171	365	392	2.10
1983	110+	0.56339	1.00000	1.77	15	15	27	27	1.77
1984	0	0.01348	0.01332	0.08	100000	1332	98776	7075957	70.76
1984	1-4	0.00097	0.00387	1.69	98668	382	393788	6977180	70.71
1984	5-9	0.00019	0.00096	3.02	98286	94	491244	6583392	66.98
1984	10-14	0.00037	0.00186	1.97	98192	183	490405	6092148	62.04
1984	15-19	0.00168	0.00837	2.85	98009	820	488284	5601744	57.16
1984	20-24	0.00348	0.01728	2.88	97189	1679	482389	5113460	52.61
1984	25-29	0.00274	0.01361	2.41	95510	1300	474186	4631071	48.49
1984	30-34	0.00198	0.00986	2.52	94209	929	468742	4156885	44.12
1984	35-39	0.00247	0.01228	2.14	93280	1146	463127	3688142	39.54
1984	40-44	0.00270	0.01343	2.43	92134	1237	457496	3225015	35.00
1984	45-49	0.00498	0.02463	2.64	90897	2239	449203	2767519	30.45
1984	50-54	0.00750	0.03675	2.35	88658	3258	434662	2318316	26.15
1984	55-59	0.01290	0.06284	2.95	85400	5366	415996	1883654	22.06
1984	60-64	0.01539	0.07429	2.68	80033	5945	386400	1467658	18.34
1984	65-69	0.02819	0.13268	2.79	74088	9830	348756	1081258	14.59
1984	70-74	0.04900	0.21715	2.38	64258	13954	284769	732502	11.40
1984	75-79	0.08195	0.34054	2.52	50304	17130	209043	447732	8.90
1984	80-84	0.11564	0.44287	2.36	33174	14692	127048	238690	7.20
1984	85-89	0.14409	0.51854	2.3	18482	9584	66510	111641	6.04
1984	90-94	0.17805	0.59593	2.23	8898	5303	29782	45131	5.07
1984	95-99	0.21788	0.67145	2.14	3596	2414	11080	15350	4.27
1984	100-104	0.26366	0.74143	2.05	1181	876	3322	4269	3.61
1984	105-109	0.31508	0.80287	1.95	305	245	778	947	3.10
1984	110+	0.35609	1.00000	2.81	60	60	169	169	2.81
1985	0	0.01374	0.01357	0.08	100000	1357	98754	7047634	70.48
1985	1-4	0.00100	0.00398	1.71	98643	392	393675	6948880	70.44
1985	5-9	0.00053	0.00267	2.64	98251	262	490636	6555205	66.72
1985	10-14	0.00058	0.00292	2.55	97989	286	489245	6064570	61.89
1985	15-19	0.00187	0.00932	2.96	97703	911	486661	5575325	57.06
1985	20-24	0.00289	0.01434	2.56	96792	1388	480581	5088664	52.57
1985	25-29	0.00304	0.01509	2.22	95404	1440	473025	4608083	48.30
1985	30-34	0.00238	0.01183	2.4	93964	1112	466933	4135058	44.01
1985	35-39	0.00283	0.01406	2.7	92853	1306	461259	3668124	39.50
1985	40-44	0.00417	0.02062	2.57	91547	1888	453138	3206865	35.03
1985	45-49	0.00505	0.02496	2.92	89659	2238	443635	2753728	30.71
1985	50-54	0.00783	0.03844	2.7	87421	3361	429378	2310092	26.42
1985	55-59	0.01129	0.05510	2.81	84060	4632	410177	1880715	22.37
1985	60-64	0.01513	0.07299	2.61	79428	5798	383284	1470537	18.51
1985	65-69	0.03194	0.14796	2.51	73630	10895	341063	1087254	14.77
1985	70-74	0.05859	0.25749	2.65	62736	16154	275725	746191	11.89
1985	75-79	0.05347	0.23579	2.49	46582	10983	205393	470466	10.10
1985	80-84	0.08824	0.36284	2.55	35598	12916	146379	265073	7.45
1985	85-89	0.15225	0.54557	2.4	22682	12375	81276	118693	5.23
1985	90-94	0.24829	0.73010	2.18	10307	7526	30309	37417	3.63
1985	95-99	0.37626	0.86746	1.89	2782	2413	6414	7108	2.56
1985	100-104	0.52414	0.94221	1.6	369	347	663	695	1.88
1985	105-109	0.66940	0.97434	1.36	21	21	31	32	1.49
1985	110+	0.77586	1.00000	1.29	1	1	1	1	1.29
1986	0	0.01110	0.01099	0.07	100000	1099	98983	7109561	71.10
1986	1-4	0.00059	0.00237	1.59	98901	234	395040	7010577	70.88
1986	5-9	0.00042	0.00212	2.96	98667	209	492907	6615538	67.05
1986	10-14	0.00076	0.00379	3.1	98458	373	491578	6122631	62.19
1986	15-19	0.00205	0.01020	3.06	98085	1000	488480	5631053	57.41
1986	20-24	0.00307	0.01524	2.44	97084	1480	481630	5142573	52.97
1986	25-29	0.00296	0.01471	2.36	95604	1406	474312	4660942	48.75
1986	30-34	0.00216	0.01075	2.61	94198	1012	468569	4186631	44.44
1986	35-39	0.00268	0.01329	2.46	93186	1239	462785	3718062	39.90
1986	40-44	0.00282	0.01400	2.56	91947	1287	456600	3255276	35.40
1986	45-49	0.00409	0.02028	2.74	90660	1839	449149	2798676	30.87
1986	50-54	0.00732	0.03594	2.59	88821	3192	436419	2349527	26.45
1986	55-59	0.01053	0.05130	2.47	85629	4393	417020	1913108	22.34
1986	60-64	0.01742	0.08365	2.63	81236	6795	390051	1496088	18.42
1986	65-69	0.02678	0.12620	2.72	74441	9395	350773	1106037	14.86
1986	70-74	0.04579	0.20545	2.5	65046	13363	291847	755264	11.61
1986	75-79	0.07382	0.31154	2.5	51683	16101	218117	463417	8.97
1986	80-84	0.10632	0.41883	2.47	35582	14903	140163	245299	6.89
1986	85-89	0.16394	0.57059	2.34	20679	11799	71970	105136	5.08
1986	90-94	0.24339	0.71936	2.16	8880	6388	26245	33165	3.73
1986	95-99	0.34455	0.83839	1.94	2492	2089	6064	6920	2.78
1986	100-104	0.46179	0.91550	1.7	403	369	798	856	2.13
1986	105-109	0.58393	0.95719	1.49	34	33	56	58	1.70
1986	110+	0.68072	1.00000	1.47	1	1	2	2	1.47
1987	0	0.01226	0.01212	0.08	100000	1212	98882	7107681	71.08
1987	1-4	0.00103	0.00412	1.63	98788	407	394188	7008798	70.95
1987	5-9	0.00028	0.00138	1.98	98381	136	491495	6614610	67.23
1987	10-14	0.00064	0.00319	3.17	98245	313	490652	6123115	62.32
1987	15-19	0.00153	0.00761	2.82	97932	746	488033	5632463	57.51
1987	20-24	0.00244	0.01215	2.65	97186	1181	483160	5144430	52.93
1987	25-29	0.00247	0.01227	2.53	96005	1178	477117	4661270	48.55
1987	30-34	0.00243	0.01206	2.53	94827	1143	471311	4184154	44.12
1987	35-39	0.00265	0.01315	2.6	93684	1232	465462	3712843	39.63
1987	40-44	0.00263	0.01304	2.39	92451	1205	459108	3247381	35.13
1987	45-49	0.00331	0.01644	2.54	91246	1500	452549	2788273	30.56
1987	50-54	0.00743	0.03653	2.73	89747	3279	441307	2335724	26.03
1987	55-59	0.01080	0.05268	2.71	86468	4555	421916	1894417	21.91
1987	60-64	0.01795	0.08615	2.67	81913	7057	393136	1472501	17.98
1987	65-69	0.02625	0.12290	2.4	74856	9200	350404	1079366	14.42
1987	70-74	0.05655	0.25084	2.75	65656	16469	291231	728962	11.10
1987	75-79	0.07902	0.33218	2.6	49187	16339	206753	437731	8.90
1987	80-84	0.10664	0.41902	2.44	32848	13764	129069	230978	7.03
1987	85-89	0.15642	0.55191	2.33	19084	10533	67337	101910	5.34
1987	90-94	0.22306	0.68522	2.19	8551	5859	26269	34572	4.04
1987	95-99	0.30713	0.79983	2	2692	2153	7010	8304	3.08
1987	100-104	0.40593	0.88331	1.8	539	476	1172	1294	2.40
1987	105-109	0.51308	0.93542	1.6	63	59	115	121	1.93
1987	110+	0.60083	1.00000	1.66	4	4	7	7	1.66
1988	0	0.01192	0.01179	0.08	100000	1179	98912	7176512	71.77
1988	1-4	0.00066	0.00264	1.95	98821	261	394747	7077601	71.62
1988	5-9	0.00051	0.00253	2.43	98560	250	492158	6682854	67.81
1988	10-14	0.00047	0.00237	3.81	98310	233	491274	6190696	62.97
1988	15-19	0.00178	0.00889	2.89	98077	872	488545	5699421	58.11
1988	20-24	0.00267	0.01325	2.25	97206	1288	482485	5210876	53.61
1988	25-29	0.00210	0.01044	2.15	95917	1002	476731	4728392	49.30
1988	30-34	0.00252	0.01252	2.37	94916	1189	471456	4251660	44.79
1988	35-39	0.00254	0.01259	2.1	93727	1180	465214	3780205	40.33
1988	40-44	0.00265	0.01317	2.71	92547	1218	459951	3314991	35.82
1988	45-49	0.00385	0.01906	2.6	91329	1740	452459	2855040	31.26
1988	50-54	0.00676	0.03326	2.62	89589	2979	440838	2402580	26.82
1988	55-59	0.01060	0.05183	2.82	86609	4489	423264	1961742	22.65
1988	60-64	0.01574	0.07578	2.55	82120	6223	395329	1538478	18.73
1988	65-69	0.03171	0.14703	2.53	75897	11159	351940	1143148	15.06
1988	70-74	0.05373	0.23678	2.49	64738	15328	285284	791208	12.22
1988	75-79	0.06813	0.28981	2.42	49409	14319	210161	505924	10.24
1988	80-84	0.09272	0.37391	2.41	35090	13121	141501	295763	8.43
1988	85-89	0.11810	0.45007	2.36	21970	9888	83728	154262	7.02
1988	90-94	0.14918	0.53131	2.29	12082	6419	43028	70534	5.84
1988	95-99	0.18662	0.61386	2.21	5663	3476	18626	27506	4.86
1988	100-104	0.23077	0.69327	2.12	2187	1516	6569	8880	4.06
1988	105-109	0.28163	0.76524	2.02	671	513	1822	2311	3.45
1988	110+	0.32226	1.00000	3.1	157	157	489	489	3.10
1989	0	0.01224	0.01210	0.08	100000	1210	98884	7169233	71.69
1989	1-4	0.00081	0.00323	1.6	98790	319	394394	7070349	71.57
1989	5-9	0.00043	0.00213	3.02	98471	210	491938	6675955	67.80
1989	10-14	0.00042	0.00212	3.8	98261	209	491052	6184017	62.93
1989	15-19	0.00230	0.01143	2.68	98052	1121	487654	5692965	58.06
1989	20-24	0.00246	0.01221	2.42	96931	1183	481601	5205311	53.70
1989	25-29	0.00294	0.01457	2.32	95748	1395	474996	4723709	49.33
1989	30-34	0.00233	0.01160	2.63	94353	1095	469168	4248714	45.03
1989	35-39	0.00236	0.01173	2.7	93258	1094	463772	3779545	40.53
1989	40-44	0.00242	0.01203	2.7	92164	1109	458276	3315773	35.98
1989	45-49	0.00412	0.02043	2.81	91055	1861	451201	2857497	31.38
1989	50-54	0.00567	0.02804	2.92	89195	2501	440763	2406296	26.98
1989	55-59	0.01208	0.05859	2.48	86694	5080	420668	1965533	22.67
1989	60-64	0.01492	0.07212	2.69	81614	5886	394481	1544865	18.93
1989	65-69	0.02812	0.13118	2.45	75728	9934	353283	1150384	15.19
1989	70-74	0.04183	0.19034	2.64	65794	12523	299376	797101	12.12
1989	75-79	0.06457	0.27398	2.24	53271	14595	226021	497726	9.34
1989	80-84	0.10795	0.42271	2.43	38676	16349	151441	271705	7.03
1989	85-89	0.15567	0.54975	2.33	22327	12274	78851	120264	5.39
1989	90-94	0.21881	0.67747	2.19	10053	6811	31126	41413	4.12
1989	95-99	0.29798	0.78907	2.02	3242	2558	8586	10287	3.17
1989	100-104	0.39107	0.87289	1.83	684	597	1527	1701	2.49
1989	105-109	0.49285	0.92738	1.64	87	81	164	175	2.01
1989	110+	0.57662	1.00000	1.73	6	6	11	11	1.73
1990	0	0.01346	0.01329	0.08	100000	1329	98779	7139606	71.40
1990	1-4	0.00082	0.00325	1.67	98671	321	393935	7040827	71.36
1990	5-9	0.00037	0.00185	2.64	98350	182	491319	6646892	67.58
1990	10-14	0.00081	0.00405	3.43	98168	397	490217	6155574	62.70
1990	15-19	0.00169	0.00844	2.75	97771	825	486999	5665357	57.95
1990	20-24	0.00239	0.01186	2.34	96945	1150	481671	5178358	53.42
1990	25-29	0.00240	0.01193	2.17	95795	1143	475742	4696687	49.03
1990	30-34	0.00214	0.01066	2.62	94652	1009	470854	4220945	44.59
1990	35-39	0.00282	0.01397	2.3	93643	1308	464677	3750091	40.05
1990	40-44	0.00287	0.01424	2.64	92334	1315	458570	3285414	35.58
1990	45-49	0.00379	0.01877	2.59	91020	1708	450986	2826845	31.06
1990	50-54	0.00701	0.03451	2.68	89311	3082	439396	2375859	26.60
1990	55-59	0.00919	0.04504	2.87	86229	3884	422855	1936463	22.46
1990	60-64	0.02029	0.09670	2.59	82345	7963	392512	1513608	18.38
1990	65-69	0.03088	0.14449	2.77	74382	10747	347979	1121096	15.07
1990	70-74	0.04262	0.19426	2.72	63635	12362	290018	773117	12.15
1990	75-79	0.05397	0.23790	2.51	51273	12198	226001	483099	9.42
1990	80-84	0.12258	0.46387	2.38	39075	18126	147867	257098	6.58
1990	85-89	0.16608	0.57228	2.28	20950	11989	72189	109231	5.21
1990	90-94	0.22084	0.67917	2.17	8961	6086	27557	37041	4.13
1990	95-99	0.28712	0.77442	2.03	2875	2226	7754	9484	3.30
1990	100-104	0.36377	0.85063	1.87	648	552	1516	1730	2.67
1990	105-109	0.44795	0.90550	1.71	97	88	196	214	2.20
1990	110+	0.51721	1.00000	1.93	9	9	18	18	1.93
1991	0	0.01205	0.01192	0.08	100000	1192	98901	7206392	72.06
1991	1-4	0.00059	0.00237	1.67	98808	234	394690	7107492	71.93
1991	5-9	0.00032	0.00162	2.86	98575	160	492532	6712802	68.10
1991	10-14	0.00029	0.00144	2.44	98415	142	491712	6220270	63.20
1991	15-19	0.00163	0.00813	2.5	98273	799	489373	5728558	58.29
1991	20-24	0.00242	0.01203	1.91	97475	1173	483745	5239185	53.75
1991	25-29	0.00236	0.01171	2.46	96302	1128	478648	4755440	49.38
1991	30-34	0.00217	0.01080	2.36	95174	1028	473153	4276792	44.94
1991	35-39	0.00218	0.01084	2.56	94146	1021	468239	3803638	40.40
1991	40-44	0.00273	0.01357	2.48	93125	1264	462435	3335400	35.82
1991	45-49	0.00337	0.01673	2.95	91861	1536	456161	2872965	31.28
1991	50-54	0.00541	0.02668	2.46	90325	2410	445510	2416803	26.76
1991	55-59	0.01218	0.05917	2.63	87915	5202	427227	1971294	22.42
1991	60-64	0.01778	0.08535	2.66	82713	7060	397014	1544067	18.67
1991	65-69	0.02804	0.13155	2.66	75654	9953	354942	1147053	15.16
1991	70-74	0.04108	0.18816	2.77	65701	12362	300959	792111	12.06
1991	75-79	0.06638	0.28522	2.54	53339	15213	229199	491152	9.21
1991	80-84	0.11586	0.44487	2.39	38125	16961	146393	261953	6.87
1991	85-89	0.15687	0.55115	2.3	21164	11665	74361	115560	5.46
1991	90-94	0.20870	0.65785	2.19	9500	6249	29944	41199	4.34
1991	95-99	0.27184	0.75512	2.06	3250	2454	9029	11255	3.46
1991	100-104	0.34548	0.83500	1.91	796	665	1924	2227	2.80
1991	105-109	0.42725	0.89409	1.75	131	117	275	303	2.31
1991	110+	0.49467	1.00000	2.02	14	14	28	28	2.02
1992	0	0.00915	0.00907	0.07	100000	907	99156	7247161	72.47
1992	1-4	0.00055	0.00221	2.12	99093	219	395960	7148005	72.13
1992	5-9	0.00029	0.00143	2.28	98874	142	493982	6752045	68.29
1992	10-14	0.00052	0.00259	2.69	98732	256	493067	6258063	63.38
1992	15-19	0.00182	0.00907	3.03	98476	893	490619	5764997	58.54
1992	20-24	0.00297	0.01475	2.25	97583	1439	483955	5274378	54.05
1992	25-29	0.00246	0.01222	2.41	96144	1175	477681	4790422	49.83
1992	30-34	0.00233	0.01160	2.51	94969	1102	472106	4312742	45.41
1992	35-39	0.00214	0.01067	2.42	93868	1001	466755	3840635	40.92
1992	40-44	0.00262	0.01302	2.67	92866	1209	461519	3373880	36.33
1992	45-49	0.00357	0.01770	2.46	91657	1622	454159	2912361	31.77
1992	50-54	0.00587	0.02898	2.73	90035	2610	444258	2458203	27.30
1992	55-59	0.00938	0.04594	2.8	87425	4016	428290	2013944	23.04
1992	60-64	0.01781	0.08559	2.73	83409	7139	400833	1585654	19.01
1992	65-69	0.02900	0.13614	2.76	76270	10383	358096	1184821	15.53
1992	70-74	0.03887	0.17682	2.45	65887	11650	299751	826725	12.55
1992	75-79	0.05939	0.26142	2.71	54237	14179	238744	526974	9.72
1992	80-84	0.10466	0.41271	2.44	40058	16533	157963	288230	7.20
1992	85-89	0.15041	0.53705	2.34	23526	12634	84002	130267	5.54
1992	90-94	0.21099	0.66361	2.21	10891	7228	34256	46265	4.25
1992	95-99	0.28720	0.77626	2.04	3664	2844	9902	12010	3.28
1992	100-104	0.37737	0.86283	1.86	820	707	1874	2107	2.57
1992	105-109	0.47687	0.92056	1.67	112	104	217	233	2.07
1992	110+	0.55911	1.00000	1.79	9	9	16	16	1.79
1993	0	0.00950	0.00942	0.07	100000	942	99124	7252457	72.52
1993	1-4	0.00065	0.00259	1.75	99058	257	395654	7153333	72.21
1993	5-9	0.00014	0.00071	1.5	98801	70	493761	6757679	68.40
1993	10-14	0.00081	0.00405	2.68	98731	400	492729	6263918	63.44
1993	15-19	0.00146	0.00726	2.6	98331	714	489947	5771188	58.69
1993	20-24	0.00220	0.01094	2.35	97617	1068	485255	5281242	54.10
1993	25-29	0.00267	0.01325	2.3	96550	1279	479293	4795986	49.67
1993	30-34	0.00237	0.01176	2.45	95271	1120	473501	4316694	45.31
1993	35-39	0.00214	0.01066	2.46	94151	1004	468198	3843192	40.82
1993	40-44	0.00350	0.01734	2.56	93147	1615	461795	3374995	36.23
1993	45-49	0.00310	0.01537	2.43	91531	1407	454039	2913200	31.83
1993	50-54	0.00545	0.02693	2.74	90125	2427	445145	2459161	27.29
1993	55-59	0.01112	0.05427	2.78	87698	4760	427913	2014016	22.97
1993	60-64	0.01589	0.07636	2.44	82938	6333	398483	1586103	19.12
1993	65-69	0.02721	0.12808	2.72	76605	9812	360618	1187620	15.50
1993	70-74	0.04053	0.18547	2.72	66793	12388	305666	827002	12.38
1993	75-79	0.06943	0.29573	2.49	54406	16089	231724	521336	9.58
1993	80-84	0.08722	0.35921	2.55	38316	13764	157808	289612	7.56
1993	85-89	0.14777	0.53412	2.41	24553	13114	88743	131804	5.37
1993	90-94	0.23789	0.71360	2.2	11439	8163	34312	43061	3.76
1993	95-99	0.35825	0.85277	1.93	3276	2794	7798	8750	2.67
1993	100-104	0.49929	0.93314	1.64	482	450	901	951	1.97
1993	105-109	0.64164	0.96984	1.4	32	31	49	50	1.55
1993	110+	0.74903	1.00000	1.34	1	1	1	1	1.34
1994	0	0.00766	0.00761	0.07	100000	761	99289	7278539	72.79
1994	1-4	0.00054	0.00215	1.71	99239	214	396467	7179250	72.34
1994	5-9	0.00021	0.00105	1.35	99025	104	494748	6782783	68.50
1994	10-14	0.00019	0.00096	3.15	98922	95	494433	6288035	63.57
1994	15-19	0.00190	0.00947	2.74	98827	936	492015	5793602	58.62
1994	20-24	0.00243	0.01207	2.41	97891	1182	486389	5301587	54.16
1994	25-29	0.00219	0.01091	2.55	96709	1055	480960	4815199	49.79
1994	30-34	0.00201	0.00998	2.34	95653	955	475731	4334239	45.31
1994	35-39	0.00242	0.01205	2.61	94698	1141	470766	3858509	40.75
1994	40-44	0.00290	0.01439	2.66	93557	1346	464637	3387743	36.21
1994	45-49	0.00360	0.01783	2.63	92211	1645	457165	2923105	31.70
1994	50-54	0.00624	0.03077	2.73	90567	2787	446516	2465940	27.23
1994	55-59	0.00883	0.04321	2.6	87780	3793	429787	2019424	23.01
1994	60-64	0.01598	0.07730	2.9	83987	6492	406286	1589637	18.93
1994	65-69	0.03053	0.14264	2.7	77495	11054	362087	1183351	15.27
1994	70-74	0.03854	0.17519	2.41	66441	11640	302018	821264	12.36
1994	75-79	0.05956	0.26097	2.63	54801	14301	240100	519246	9.48
1994	80-84	0.11730	0.44855	2.38	40500	18166	154876	279146	6.89
1994	85-89	0.15488	0.54590	2.3	22333	12192	78719	124270	5.56
1994	90-94	0.20155	0.64400	2.2	10142	6531	32405	45552	4.49
1994	95-99	0.25778	0.73526	2.08	3610	2655	10298	13147	3.64
1994	100-104	0.32313	0.81306	1.95	956	777	2405	2849	2.98
1994	105-109	0.39608	0.87377	1.8	179	156	394	444	2.48
1994	110+	0.45592	1.00000	2.19	23	23	49	49	2.19
1995	0	0.00919	0.00911	0.07	100000	911	99153	7251332	72.51
1995	1-4	0.00084	0.00334	2.13	99089	331	395736	7152179	72.18
1995	5-9	0.00028	0.00142	3.39	98758	141	493563	6756443	68.41
1995	10-14	0.00041	0.00204	1.99	98617	201	492480	6262880	63.51
1995	15-19	0.00131	0.00655	2.85	98416	645	490697	5770400	58.63
1995	20-24	0.00234	0.01163	2.55	97772	1137	486068	5279703	54.00
1995	25-29	0.00238	0.01183	2.27	96634	1143	480052	4793635	49.61
1995	30-34	0.00224	0.01113	2.31	95491	1063	474595	4313582	45.17
1995	35-39	0.00237	0.01177	2.5	94428	1111	469363	3838987	40.66
1995	40-44	0.00326	0.01615	2.63	93317	1507	463010	3369625	36.11
1995	45-49	0.00387	0.01914	2.36	91810	1757	454415	2906615	31.66
1995	50-54	0.00618	0.03043	2.52	90052	2741	443459	2452200	27.23
1995	55-59	0.01034	0.05060	2.9	87311	4418	427295	2008741	23.01
1995	60-64	0.01708	0.08202	2.58	82893	6799	397985	1581446	19.08
1995	65-69	0.02737	0.12810	2.5	76094	9748	356150	1183461	15.55
1995	70-74	0.03951	0.18137	2.74	66346	12033	304559	827311	12.47
1995	75-79	0.06064	0.26542	2.65	54313	14416	237746	522752	9.62
1995	80-84	0.10314	0.40861	2.46	39897	16302	158064	285006	7.14
1995	85-89	0.15392	0.54637	2.35	23595	12891	83753	126941	5.38
1995	90-94	0.22286	0.68537	2.19	10703	7336	32917	43189	4.04
1995	95-99	0.31062	0.80411	2	3368	2708	8718	10272	3.05
1995	100-104	0.41409	0.88887	1.79	660	586	1416	1554	2.36
1995	105-109	0.52589	0.94015	1.58	73	69	131	138	1.88
1995	110+	0.61712	1.00000	1.62	4	4	7	7	1.62
1996	0	0.00979	0.00970	0.07	100000	970	99099	7311591	73.12
1996	1-4	0.00044	0.00175	1.9	99030	173	395754	7212493	72.83
1996	5-9	0.00021	0.00106	2.01	98856	105	493966	6816738	68.96
1996	10-14	0.00034	0.00168	3.84	98751	166	493562	6322772	64.03
1996	15-19	0.00196	0.00976	2.55	98585	963	490563	5829211	59.13
1996	20-24	0.00237	0.01176	2.73	97622	1148	485505	5338648	54.69
1996	25-29	0.00199	0.00989	2.67	96474	954	480151	4853143	50.31
1996	30-34	0.00198	0.00988	2.79	95520	944	475509	4372992	45.78
1996	35-39	0.00235	0.01167	2.85	94576	1104	470503	3897483	41.21
1996	40-44	0.00277	0.01375	2.57	93472	1285	464243	3426980	36.66
1996	45-49	0.00389	0.01927	2.64	92187	1776	456751	2962737	32.14
1996	50-54	0.00597	0.02949	2.89	90411	2666	446436	2505986	27.72
1996	55-59	0.00880	0.04310	2.62	87745	3782	429729	2059550	23.47
1996	60-64	0.01357	0.06569	2.56	83963	5516	406379	1629821	19.41
1996	65-69	0.02827	0.13291	2.75	78447	10426	368765	1223441	15.60
1996	70-74	0.03852	0.17693	2.7	68021	12035	312399	854676	12.56
1996	75-79	0.06018	0.26424	2.69	55987	14794	245815	542278	9.69
1996	80-84	0.10504	0.41379	2.44	41193	17045	162267	296463	7.20
1996	85-89	0.15006	0.53608	2.34	24148	12945	86265	134196	5.56
1996	90-94	0.20943	0.66065	2.21	11202	7401	35338	47931	4.28
1996	95-99	0.28396	0.77212	2.05	3802	2935	10337	12593	3.31
1996	100-104	0.37212	0.85866	1.86	866	744	1999	2257	2.60
1996	105-109	0.46964	0.91719	1.68	122	112	239	258	2.10
1996	110+	0.55033	1.00000	1.82	10	10	18	18	1.82
1997	0	0.01003	0.00993	0.07	100000	993	99078	7328644	73.29
1997	1-4	0.00074	0.00295	1.93	99007	292	395423	7229566	73.02
1997	5-9	0.00035	0.00174	2.79	98715	172	493193	6834142	69.23
1997	10-14	0.00051	0.00253	3	98543	250	492215	6340949	64.35
1997	15-19	0.00180	0.00896	2.99	98293	880	489692	5848734	59.50
1997	20-24	0.00132	0.00660	2.79	97413	643	485643	5359042	55.01
1997	25-29	0.00240	0.01194	2.25	96769	1155	480673	4873399	50.36
1997	30-34	0.00206	0.01025	2.78	95614	980	475899	4392725	45.94
1997	35-39	0.00209	0.01040	2.38	94634	985	470586	3916826	41.39
1997	40-44	0.00266	0.01319	2.55	93649	1236	465218	3446240	36.80
1997	45-49	0.00434	0.02148	2.66	92414	1985	457424	2981023	32.26
1997	50-54	0.00511	0.02523	2.62	90429	2282	446706	2523599	27.91
1997	55-59	0.00906	0.04436	2.65	88147	3910	431550	2076892	23.56
1997	60-64	0.01428	0.06916	2.72	84237	5825	407903	1645343	19.53
1997	65-69	0.02677	0.12635	2.78	78411	9908	370074	1237440	15.78
1997	70-74	0.03883	0.17820	2.7	68504	12208	314403	867366	12.66
1997	75-79	0.06018	0.26149	2.5	56296	14721	244624	552964	9.82
1997	80-84	0.09513	0.38403	2.49	41575	15966	167841	308339	7.42
1997	85-89	0.14779	0.53231	2.37	25609	13632	92239	140498	5.49
1997	90-94	0.22164	0.68443	2.21	11977	8198	36987	48259	4.03
1997	95-99	0.31768	0.81270	2	3780	3072	9669	11272	2.98
1997	100-104	0.43173	0.90015	1.76	708	637	1476	1603	2.26
1997	105-109	0.55385	0.94937	1.54	71	67	121	127	1.79
1997	110+	0.65235	1.00000	1.53	4	4	5	5	1.53
1998	0	0.00861	0.00854	0.07	100000	854	99204	7422888	74.23
1998	1-4	0.00040	0.00160	1.85	99146	158	396245	7323683	73.87
1998	5-9	0.00021	0.00106	2.09	98988	105	494635	6927439	69.98
1998	10-14	0.00039	0.00194	2.14	98883	192	493867	6432803	65.05
1998	15-19	0.00135	0.00672	3.19	98691	663	492253	5938936	60.18
1998	20-24	0.00256	0.01274	2.44	98028	1248	486942	5446683	55.56
1998	25-29	0.00165	0.00822	2.44	96780	796	481859	4959741	51.25
1998	30-34	0.00136	0.00680	2.29	95984	652	478153	4477882	46.65
1998	35-39	0.00193	0.00961	2.22	95332	916	474115	3999730	41.96
1998	40-44	0.00268	0.01333	2.52	94416	1259	468955	3525615	37.34
1998	45-49	0.00446	0.02203	2.28	93157	2052	460209	3056660	32.81
1998	50-54	0.00535	0.02641	2.57	91105	2406	449686	2596451	28.50
1998	55-59	0.00827	0.04059	2.65	88699	3600	435031	2146765	24.20
1998	60-64	0.01411	0.06829	2.68	85099	5812	412013	1711734	20.11
1998	65-69	0.02345	0.11096	2.59	79287	8798	375221	1299721	16.39
1998	70-74	0.03935	0.17935	2.54	70490	12642	321315	924500	13.12
1998	75-79	0.05758	0.25334	2.63	57848	14655	254514	603185	10.43
1998	80-84	0.08296	0.34405	2.52	43193	14861	179135	348671	8.07
1998	85-89	0.13056	0.48804	2.41	28332	13827	105903	169536	5.98
1998	90-94	0.19880	0.64344	2.26	14505	9333	46946	63633	4.39
1998	95-99	0.28981	0.78204	2.06	5172	4045	13956	16687	3.23
1998	100-104	0.40093	0.88170	1.82	1127	994	2479	2731	2.42
1998	105-109	0.52337	0.94009	1.59	133	125	240	252	1.89
1998	110+	0.62383	1.00000	1.6	8	8	13	13	1.60
1999	0	0.00555	0.00553	0.06	100000	553	99481	7432392	74.32
1999	1-4	0.00055	0.00222	1.94	99447	220	397335	7332912	73.74
1999	5-9	0.00018	0.00090	1.85	99227	89	495854	6935576	69.90
1999	10-14	0.00017	0.00087	1.9	99138	86	495422	6439722	64.96
1999	15-19	0.00161	0.00801	3.12	99052	793	493765	5944300	60.01
1999	20-24	0.00143	0.00711	2.2	98258	698	489339	5450535	55.47
1999	25-29	0.00210	0.01046	2.38	97560	1021	485130	4961195	50.85
1999	30-34	0.00218	0.01083	2.8	96539	1045	480398	4476066	46.37
1999	35-39	0.00239	0.01185	2.49	95494	1132	474634	3995668	41.84
1999	40-44	0.00258	0.01280	2.44	94362	1208	468722	3521033	37.31
1999	45-49	0.00318	0.01576	2.45	93154	1468	462029	3052312	32.77
1999	50-54	0.00548	0.02706	2.86	91686	2481	453127	2590283	28.25
1999	55-59	0.00893	0.04371	2.61	89204	3899	436714	2137155	23.96
1999	60-64	0.01258	0.06113	2.69	85305	5215	414487	1700442	19.93
1999	65-69	0.02421	0.11428	2.56	80090	9153	378115	1285955	16.06
1999	70-74	0.04065	0.18671	2.82	70937	13245	325829	907840	12.80
1999	75-79	0.05125	0.22770	2.55	57693	13136	256308	582011	10.09
1999	80-84	0.10045	0.40016	2.46	44556	17829	177498	325703	7.31
1999	85-89	0.14847	0.53292	2.35	26727	14243	95933	148205	5.55
1999	90-94	0.21344	0.66876	2.21	12484	8349	39115	52272	4.19
1999	95-99	0.29628	0.78784	2.03	4135	3258	10996	13157	3.18
1999	100-104	0.39469	0.87601	1.83	877	769	1947	2161	2.46
1999	105-109	0.50249	0.93160	1.62	109	101	202	214	1.97
1999	110+	0.59119	1.00000	1.69	7	7	13	13	1.69
2000	0	0.00873	0.00866	0.07	100000	866	99193	7358218	73.58
2000	1-4	0.00072	0.00288	1.56	99134	286	395840	7259025	73.22
2000	5-9	0.00026	0.00128	2.25	98849	127	493895	6863185	69.43
2000	10-14	0.00055	0.00276	3.06	98722	272	493080	6369290	64.52
2000	15-19	0.00189	0.00939	2.93	98450	924	490334	5876210	59.69
2000	20-24	0.00212	0.01052	2.05	97525	1026	484602	5385875	55.23
2000	25-29	0.00189	0.00943	2.49	96499	910	480217	4901274	50.79
2000	30-34	0.00167	0.00833	2.68	95590	797	476103	4421057	46.25
2000	35-39	0.00242	0.01204	2.84	94793	1141	471501	3944954	41.62
2000	40-44	0.00316	0.01569	2.55	93652	1469	464665	3473453	37.09
2000	45-49	0.00403	0.01994	2.6	92182	1838	456503	3008788	32.64
2000	50-54	0.00527	0.02604	2.58	90345	2353	446025	2552285	28.25
2000	55-59	0.00830	0.04072	2.69	87992	3583	431696	2106260	23.94
2000	60-64	0.01290	0.06263	2.68	84409	5286	409787	1674564	19.84
2000	65-69	0.02208	0.10493	2.65	79123	8303	376072	1264777	15.99
2000	70-74	0.03701	0.17061	2.72	70820	12083	326495	888705	12.55
2000	75-79	0.06264	0.27130	2.53	58737	15936	254384	562211	9.57
2000	80-84	0.09969	0.39843	2.48	42802	17054	171075	307827	7.19
2000	85-89	0.15449	0.54856	2.36	25748	14124	91428	136751	5.31
2000	90-94	0.23082	0.69968	2.19	11624	8133	35234	45323	3.90
2000	95-99	0.32925	0.82424	1.97	3491	2877	8739	10089	2.89
2000	100-104	0.44494	0.90722	1.74	614	557	1251	1351	2.20
2000	105-109	0.56733	0.95305	1.52	57	54	96	100	1.75
2000	110+	0.66530	1.00000	1.5	3	3	4	4	1.50
2001	0	0.00837	0.00831	0.07	100000	831	99225	7402006	74.02
2001	1-4	0.00052	0.00207	2.3	99169	205	396328	7302781	73.64
2001	5-9	0.00023	0.00117	1.43	98964	116	494408	6906453	69.79
2001	10-14	0.00048	0.00242	3.72	98848	239	493935	6412045	64.87
2001	15-19	0.00144	0.00719	2.96	98609	709	491601	5918111	60.02
2001	20-24	0.00160	0.00799	2.81	97901	782	487791	5426509	55.43
2001	25-29	0.00149	0.00744	2.28	97119	723	483626	4938718	50.85
2001	30-34	0.00190	0.00943	2.3	96396	909	479522	4455092	46.22
2001	35-39	0.00262	0.01301	2.69	95486	1243	474565	3975570	41.63
2001	40-44	0.00305	0.01513	2.56	94244	1426	467743	3501005	37.15
2001	45-49	0.00392	0.01943	2.57	92818	1803	459711	3033262	32.68
2001	50-54	0.00660	0.03251	2.62	91015	2959	448024	2573550	28.28
2001	55-59	0.00798	0.03909	2.46	88056	3443	431537	2125526	24.14
2001	60-64	0.01357	0.06586	2.77	84614	5573	410657	1693989	20.02
2001	65-69	0.02009	0.09609	2.75	79041	7595	378112	1283331	16.24
2001	70-74	0.03727	0.17092	2.58	71446	12212	327641	905219	12.67
2001	75-79	0.05609	0.24782	2.65	59234	14680	261705	577578	9.75
2001	80-84	0.10414	0.41170	2.46	44555	18343	176143	315872	7.09
2001	85-89	0.15569	0.55062	2.34	26211	14432	92701	139729	5.33
2001	90-94	0.22567	0.69014	2.19	11779	8129	36022	47028	3.99
2001	95-99	0.31465	0.80844	1.99	3650	2951	9377	11005	3.02
2001	100-104	0.41930	0.89209	1.78	699	624	1487	1628	2.33
2001	105-109	0.53194	0.94217	1.57	75	71	134	141	1.86
2001	110+	0.62362	1.00000	1.6	4	4	7	7	1.60
2002	0	0.00517	0.00514	0.06	100000	514	99516	7439570	74.40
2002	1-4	0.00031	0.00124	2.51	99486	123	397758	7340054	73.78
2002	5-9	0.00012	0.00059	2.14	99362	59	496642	6942296	69.87
2002	10-14	0.00044	0.00222	2.97	99303	221	496067	6445654	64.91
2002	15-19	0.00110	0.00549	2.79	99082	544	494211	5949586	60.05
2002	20-24	0.00201	0.00999	2.23	98538	985	489965	5455376	55.36
2002	25-29	0.00213	0.01058	2.73	97553	1032	485422	4965411	50.90
2002	30-34	0.00180	0.00896	2.29	96521	865	480263	4479988	46.41
2002	35-39	0.00257	0.01276	2.85	95656	1221	475653	3999725	41.81
2002	40-44	0.00339	0.01679	2.37	94435	1586	467998	3524072	37.32
2002	45-49	0.00480	0.02369	2.51	92849	2200	458760	3056074	32.91
2002	50-54	0.00582	0.02871	2.67	90649	2602	447192	2597314	28.65
2002	55-59	0.00883	0.04327	2.72	88047	3810	431534	2150122	24.42
2002	60-64	0.01517	0.07342	2.83	84237	6185	407776	1718588	20.40
2002	65-69	0.01993	0.09500	2.54	78053	7415	372004	1310812	16.79
2002	70-74	0.03494	0.16125	2.61	70638	11390	325975	938808	13.29
2002	75-79	0.04980	0.22042	2.4	59248	13059	262228	612833	10.34
2002	80-84	0.09676	0.38827	2.46	46189	17934	185346	350605	7.59
2002	85-89	0.13974	0.51052	2.36	28255	14425	103227	165260	5.85
2002	90-94	0.19721	0.63815	2.24	13830	8826	44752	62033	4.49
2002	95-99	0.27038	0.75509	2.08	5004	3779	13976	17280	3.45
2002	100-104	0.35814	0.84768	1.89	1226	1039	2901	3305	2.70
2002	105-109	0.45643	0.91110	1.7	187	170	373	403	2.16
2002	110+	0.53816	1.00000	1.86	17	17	31	31	1.86
2003	0	0.00812	0.00806	0.07	100000	806	99248	7430465	74.30
2003	1-4	0.00061	0.00244	2.09	99194	242	396314	7331217	73.91
2003	5-9	0.00024	0.00122	1.8	98952	120	494374	6934903	70.08
2003	10-14	0.00065	0.00323	3.11	98832	319	493555	6440529	65.17
2003	15-19	0.00140	0.00698	2.79	98512	688	491043	5946975	60.37
2003	20-24	0.00166	0.00824	2.58	97825	806	487173	5455932	55.77
2003	25-29	0.00182	0.00907	2.53	97018	880	482921	4968759	51.21
2003	30-34	0.00159	0.00792	2.7	96138	762	478938	4485838	46.66
2003	35-39	0.00209	0.01041	2.72	95377	993	474620	4006901	42.01
2003	40-44	0.00290	0.01441	2.86	94383	1360	469004	3532280	37.42
2003	45-49	0.00396	0.01963	2.58	93024	1826	460702	3063276	32.93
2003	50-54	0.00544	0.02686	2.8	91198	2450	450593	2602574	28.54
2003	55-59	0.00864	0.04237	2.74	88748	3761	435251	2151981	24.25
2003	60-64	0.01334	0.06472	2.68	84988	5500	412197	1716730	20.20
2003	65-69	0.02015	0.09589	2.48	79488	7622	378210	1304534	16.41
2003	70-74	0.03602	0.16529	2.51	71865	11878	329807	926323	12.89
2003	75-79	0.06095	0.26511	2.55	59987	15903	260931	596517	9.94
2003	80-84	0.08446	0.35029	2.57	44084	15442	182824	335586	7.61
2003	85-89	0.14765	0.53446	2.42	28642	15308	103680	152762	5.33
2003	90-94	0.24366	0.72348	2.19	13334	9647	39590	49082	3.68
2003	95-99	0.37291	0.86525	1.9	3687	3190	8555	9492	2.57
2003	100-104	0.52317	0.94208	1.6	497	468	895	937	1.89
2003	105-109	0.67094	0.97464	1.36	29	28	42	43	1.49
2003	110+	0.77885	1.00000	1.28	1	1	1	1	1.28
2004	0	0.00797	0.00791	0.07	100000	791	99261	7497044	74.97
2004	1-4	0.00061	0.00242	1.58	99209	240	396254	7397783	74.57
2004	5-9	0.00016	0.00081	2.99	98968	80	494681	7001529	70.75
2004	10-14	0.00053	0.00263	2.31	98888	260	493743	6506848	65.80
2004	15-19	0.00175	0.00871	3.11	98629	859	491521	6013105	60.97
2004	20-24	0.00208	0.01033	2.42	97769	1010	486236	5521583	56.48
2004	25-29	0.00195	0.00972	2.49	96759	940	481437	5035347	52.04
2004	30-34	0.00198	0.00987	2.27	95819	946	476510	4553910	47.53
2004	35-39	0.00252	0.01253	2.55	94873	1188	471459	4077401	42.98
2004	40-44	0.00262	0.01302	2.78	93685	1220	465710	3605941	38.49
2004	45-49	0.00435	0.02153	2.55	92465	1991	457440	3140231	33.96
2004	50-54	0.00488	0.02413	2.63	90474	2183	447205	2682790	29.65
2004	55-59	0.00765	0.03756	2.65	88291	3316	433650	2235585	25.32
2004	60-64	0.01137	0.05539	2.65	84975	4707	413822	1801935	21.21
2004	65-69	0.01982	0.09472	2.68	80268	7603	383691	1388113	17.29
2004	70-74	0.03192	0.14842	2.64	72665	10785	337883	1004422	13.82
2004	75-79	0.04747	0.21333	2.63	61880	13201	278117	666539	10.77
2004	80-84	0.08183	0.34064	2.54	48679	16582	202651	388423	7.98
2004	85-89	0.13444	0.49921	2.42	32097	16023	119182	185772	5.79
2004	90-94	0.21199	0.66907	2.24	16074	10755	50732	66590	4.14
2004	95-99	0.31655	0.81312	2.01	5319	4325	13663	15858	2.98
2004	100-104	0.44300	0.90741	1.75	994	902	2036	2194	2.21
2004	105-109	0.57785	0.95641	1.5	92	88	152	158	1.72
2004	110+	0.68509	1.00000	1.46	4	4	6	6	1.46
2005	0	0.00644	0.00640	0.06	100000	640	99400	7535289	75.35
2005	1-4	0.00025	0.00100	0.7	99360	99	397114	7435888	74.84
2005	5-9	0.00012	0.00061	3.18	99261	60	496196	7038774	70.91
2005	10-14	0.00042	0.00210	3.28	99201	208	495645	6542578	65.95
2005	15-19	0.00112	0.00557	2.75	98993	551	493723	6046933	61.08
2005	20-24	0.00198	0.00983	2.17	98441	968	489470	5553210	56.41
2005	25-29	0.00173	0.00861	2.12	97474	839	484956	5063739	51.95
2005	30-34	0.00174	0.00867	2.5	96635	838	481077	4578784	47.38
2005	35-39	0.00215	0.01070	2.43	95797	1025	476352	4097707	42.78
2005	40-44	0.00309	0.01532	2.6	94772	1452	470380	3621355	38.21
2005	45-49	0.00387	0.01916	2.58	93320	1788	462272	3150976	33.77
2005	50-54	0.00538	0.02657	2.54	91532	2432	451676	2688704	29.37
2005	55-59	0.00689	0.03391	2.72	89100	3021	438617	2237028	25.11
2005	60-64	0.01256	0.06105	2.74	86079	5255	418527	1798411	20.89
2005	65-69	0.01699	0.08174	2.68	80824	6607	388810	1379883	17.07
2005	70-74	0.03389	0.15660	2.58	74218	11622	342946	991073	13.35
2005	75-79	0.04899	0.22141	2.83	62595	13859	282913	648127	10.35
2005	80-84	0.09746	0.39068	2.46	48736	19041	195373	365214	7.49
2005	85-89	0.14297	0.51905	2.36	29696	15414	107812	169841	5.72
2005	90-94	0.20442	0.65218	2.23	14282	9315	45566	62030	4.34
2005	95-99	0.28295	0.77165	2.05	4968	3833	13547	16464	3.31
2005	100-104	0.37689	0.86300	1.86	1134	979	2597	2917	2.57
2005	105-109	0.48105	0.92276	1.66	155	143	298	319	2.05
2005	110+	0.56729	1.00000	1.76	12	12	21	21	1.76
2006	0	0.00646	0.00642	0.06	100000	642	99398	7530660	75.31
2006	1-4	0.00015	0.00060	1.84	99358	60	397302	7431262	74.79
2006	5-9	0.00040	0.00200	1.92	99298	198	495880	7033959	70.84
2006	10-14	0.00046	0.00231	3.69	99100	229	495200	6538079	65.97
2006	15-19	0.00129	0.00641	2.52	98871	634	492779	6042879	61.12
2006	20-24	0.00212	0.01055	2.66	98237	1036	488754	5550101	56.50
2006	25-29	0.00184	0.00918	2.14	97200	892	483454	5061346	52.07
2006	30-34	0.00195	0.00972	2.4	96309	936	479107	4577892	47.53
2006	35-39	0.00194	0.00963	2.73	95373	919	474781	4098785	42.98
2006	40-44	0.00304	0.01506	2.52	94454	1423	468735	3624004	38.37
2006	45-49	0.00391	0.01937	2.83	93031	1802	461238	3155269	33.92
2006	50-54	0.00508	0.02505	2.3	91229	2285	449964	2694031	29.53
2006	55-59	0.00793	0.03896	2.71	88944	3465	436781	2244067	25.23
2006	60-64	0.01058	0.05163	2.72	85479	4414	417323	1807286	21.14
2006	65-69	0.01750	0.08399	2.62	81065	6808	389143	1389963	17.15
2006	70-74	0.03410	0.15810	2.7	74257	11740	344294	1000820	13.48
2006	75-79	0.04909	0.21966	2.61	62517	13733	279722	656526	10.50
2006	80-84	0.07865	0.33099	2.61	48784	16147	205310	376804	7.72
2006	85-89	0.14764	0.53599	2.44	32637	17493	118483	171494	5.25
2006	90-94	0.25747	0.74602	2.18	15144	11298	43879	53011	3.50
2006	95-99	0.40739	0.89090	1.84	3846	3427	8411	9132	2.37
2006	100-104	0.57740	0.95824	1.51	420	402	696	720	1.72
2006	105-109	0.73331	0.98243	1.27	18	17	23	24	1.36
2006	110+	0.83756	1.00000	1.19	0	0	0	0	1.19
2007	0	0.00833	0.00827	0.07	100000	827	99229	7503928	75.04
2007	1-4	0.00049	0.00195	2.32	99173	193	396368	7404699	74.66
2007	5-9	0.00040	0.00198	1.7	98980	196	494250	7008331	70.81
2007	10-14	0.00038	0.00188	2.56	98783	186	493464	6514081	65.94
2007	15-19	0.00138	0.00686	3.07	98598	677	491683	6020618	61.06
2007	20-24	0.00214	0.01064	2.56	97921	1042	487063	5528935	56.46
2007	25-29	0.00165	0.00823	2.43	96879	797	482344	5041872	52.04
2007	30-34	0.00196	0.00975	2.4	96082	937	477976	4559527	47.45
2007	35-39	0.00235	0.01166	2.55	95145	1110	473007	4081552	42.90
2007	40-44	0.00304	0.01509	2.77	94035	1419	467017	3608545	38.37
2007	45-49	0.00404	0.02000	2.56	92616	1852	458562	3141528	33.92
2007	50-54	0.00602	0.02970	2.8	90764	2696	447893	2682966	29.56
2007	55-59	0.00774	0.03796	2.47	88068	3343	431894	2235073	25.38
2007	60-64	0.01122	0.05463	2.59	84725	4629	412452	1803179	21.28
2007	65-69	0.01570	0.07556	2.53	80096	6052	385512	1390727	17.36
2007	70-74	0.03324	0.15422	2.66	74044	11419	343482	1005215	13.58
2007	75-79	0.05146	0.22847	2.55	62625	14308	278040	661733	10.57
2007	80-84	0.08212	0.34169	2.54	48317	16509	201049	383693	7.94
2007	85-89	0.13566	0.50255	2.42	31808	15985	117826	182644	5.74
2007	90-94	0.21481	0.67426	2.24	15823	10669	49665	64818	4.10
2007	95-99	0.32156	0.81840	2	5154	4218	13118	15153	2.94
2007	100-104	0.45025	0.91123	1.73	936	853	1894	2035	2.17
2007	105-109	0.58661	0.95857	1.49	83	80	136	141	1.69
2007	110+	0.69437	1.00000	1.44	3	3	5	5	1.44
2008	0	0.00675	0.00671	0.06	100000	671	99371	7554379	75.54
2008	1-4	0.00047	0.00190	1.72	99329	188	396886	7455007	75.05
2008	5-9	0.00016	0.00079	1.49	99141	78	495429	7058121	71.19
2008	10-14	0.00034	0.00171	3.16	99063	169	495001	6562692	66.25
2008	15-19	0.00107	0.00535	2.81	98893	529	493306	6067691	61.36
2008	20-24	0.00171	0.00853	2.82	98364	839	489990	5574385	56.67
2008	25-29	0.00195	0.00970	2.47	97525	946	485238	5084395	52.13
2008	30-34	0.00179	0.00891	2.6	96580	860	480835	4599157	47.62
2008	35-39	0.00269	0.01337	2.69	95720	1280	475645	4118322	43.02
2008	40-44	0.00267	0.01326	3.01	94440	1253	469711	3642677	38.57
2008	45-49	0.00410	0.02030	2.74	93187	1891	461656	3172966	34.05
2008	50-54	0.00565	0.02783	2.43	91296	2541	449946	2711311	29.70
2008	55-59	0.00740	0.03638	2.62	88755	3229	436100	2261365	25.48
2008	60-64	0.01007	0.04922	2.74	85526	4209	418110	1825265	21.34
2008	65-69	0.02106	0.10055	2.76	81317	8176	388260	1407155	17.30
2008	70-74	0.02959	0.13811	2.59	73141	10102	341393	1018895	13.93
2008	75-79	0.04757	0.21441	2.7	63039	13516	284136	677501	10.75
2008	80-84	0.08950	0.36511	2.48	49523	18081	202037	393366	7.94
2008	85-89	0.13152	0.48937	2.39	31442	15387	116986	191328	6.09
2008	90-94	0.18875	0.62196	2.26	16055	9986	52904	74342	4.63
2008	95-99	0.26276	0.74530	2.1	6069	4524	17215	21438	3.53
2008	100-104	0.35265	0.84350	1.91	1546	1304	3697	4223	2.73
2008	105-109	0.45418	0.91034	1.71	242	220	485	525	2.17
2008	110+	0.53893	1.00000	1.86	22	22	40	40	1.86
2009	0	0.00739	0.00734	0.06	100000	734	99314	7582014	75.82
2009	1-4	0.00014	0.00055	1.54	99266	55	396931	7482700	75.38
2009	5-9	0.00031	0.00155	2.38	99212	154	495655	7085768	71.42
2009	10-14	0.00019	0.00096	2.09	99058	95	495011	6590114	66.53
2009	15-19	0.00107	0.00535	3.18	98962	530	493846	6095103	61.59
2009	20-24	0.00184	0.00914	2.6	98432	899	490005	5601256	56.90
2009	25-29	0.00193	0.00958	2.2	97533	934	485054	5111251	52.41
2009	30-34	0.00150	0.00747	2.8	96599	722	481407	4626197	47.89
2009	35-39	0.00266	0.01321	2.71	95878	1267	476490	4144790	43.23
2009	40-44	0.00247	0.01230	2.86	94611	1164	470565	3668300	38.77
2009	45-49	0.00382	0.01890	2.57	93447	1766	462941	3197735	34.22
2009	50-54	0.00638	0.03142	2.67	91681	2880	451681	2734794	29.83
2009	55-59	0.00799	0.03921	2.64	88800	3482	435791	2283113	25.71
2009	60-64	0.01021	0.04990	2.7	85319	4257	416805	1847321	21.65
2009	65-69	0.01878	0.08974	2.53	81061	7274	387371	1430516	17.65
2009	70-74	0.02771	0.12976	2.55	73787	9575	345492	1043145	14.14
2009	75-79	0.04288	0.19381	2.52	64212	12445	290193	697653	10.86
2009	80-84	0.08507	0.35139	2.53	51767	18190	213831	407460	7.87
2009	85-89	0.13641	0.50394	2.41	33577	16921	124042	193630	5.77
2009	90-94	0.21066	0.66602	2.24	16656	11093	52660	69588	4.18
2009	95-99	0.30968	0.80515	2.02	5563	4479	14463	16928	3.04
2009	100-104	0.42925	0.89944	1.77	1084	975	2271	2465	2.27
2009	105-109	0.55808	0.95096	1.53	109	104	186	194	1.78
2009	110+	0.66184	1.00000	1.51	5	5	8	8	1.51
2010	0	0.00401	0.00399	0.06	100000	399	99623	7555007	75.55
2010	1-4	0.00045	0.00180	1.82	99601	179	398012	7455384	74.85
2010	5-9	0.00027	0.00134	1.65	99421	134	496658	7057373	70.98
2010	10-14	0.00042	0.00211	2.96	99288	209	496010	6560715	66.08
2010	15-19	0.00095	0.00472	3.35	99078	468	494620	6064705	61.21
2010	20-24	0.00215	0.01068	2.63	98611	1053	490558	5570085	56.49
2010	25-29	0.00153	0.00761	2.54	97558	742	485963	5079527	52.07
2010	30-34	0.00215	0.01071	2.74	96816	1037	481736	4593564	47.45
2010	35-39	0.00220	0.01094	2.91	95779	1048	476706	4111828	42.93
2010	40-44	0.00310	0.01541	2.63	94731	1459	470195	3635122	38.37
2010	45-49	0.00406	0.02010	2.78	93272	1875	462201	3164927	33.93
2010	50-54	0.00551	0.02720	2.63	91397	2486	451098	2702725	29.57
2010	55-59	0.00735	0.03613	2.59	88911	3212	436825	2251627	25.32
2010	60-64	0.01144	0.05564	2.59	85699	4769	417003	1814803	21.18
2010	65-69	0.01906	0.09136	2.75	80930	7394	388009	1397800	17.27
2010	70-74	0.02977	0.13907	2.64	73536	10227	343509	1009792	13.73
2010	75-79	0.04272	0.19339	2.55	63310	12243	286593	666282	10.52
2010	80-84	0.08816	0.36264	2.55	51066	18519	210050	379690	7.44
2010	85-89	0.15288	0.54719	2.4	32547	17810	116498	169639	5.21
2010	90-94	0.25022	0.73311	2.18	14738	10804	43180	53142	3.61
2010	95-99	0.37994	0.87032	1.89	3933	3423	9010	9961	2.53
2010	100-104	0.52943	0.94399	1.59	510	481	909	952	1.87
2010	105-109	0.67540	0.97522	1.35	29	28	41	42	1.48
2010	110+	0.78163	1.00000	1.28	1	1	1	1	1.28
2011	0	0.00464	0.00462	0.06	100000	462	99564	7559454	75.59
2011	1-4	0.00035	0.00141	1.39	99538	140	397784	7459890	74.95
2011	5-9	0.00008	0.00038	2.02	99397	38	496875	7062106	71.05
2011	10-14	0.00034	0.00172	2.51	99360	171	496373	6565231	66.08
2011	15-19	0.00113	0.00562	3.49	99189	557	495104	6068858	61.18
2011	20-24	0.00210	0.01047	2.61	98631	1032	490689	5573754	56.51
2011	25-29	0.00181	0.00900	2.43	97599	879	485739	5083065	52.08
2011	30-34	0.00166	0.00827	2.66	96721	800	481731	4597327	47.53
2011	35-39	0.00217	0.01080	2.58	95920	1036	477090	4115596	42.91
2011	40-44	0.00289	0.01434	2.8	94884	1361	471429	3638506	38.35
2011	45-49	0.00404	0.02002	2.56	93523	1872	463048	3167077	33.86
2011	50-54	0.00582	0.02871	2.72	91651	2631	452261	2704029	29.50
2011	55-59	0.00894	0.04376	2.56	89020	3896	435603	2251768	25.30
2011	60-64	0.01236	0.06008	2.66	85124	5114	413674	1816165	21.34
2011	65-69	0.01884	0.09026	2.69	80010	7222	383351	1402491	17.53
2011	70-74	0.03014	0.14059	2.61	72788	10233	339483	1019140	14.00
2011	75-79	0.04619	0.20706	2.5	62555	12953	280439	679658	10.86
2011	80-84	0.07878	0.33046	2.56	49602	16392	208071	399219	8.05
2011	85-89	0.13382	0.49817	2.44	33211	16544	123637	191148	5.76
2011	90-94	0.21689	0.67870	2.24	16666	11311	52151	67511	4.05
2011	95-99	0.33024	0.82775	1.99	5355	4432	13422	15360	2.87
2011	100-104	0.46683	0.91968	1.71	922	848	1817	1938	2.10
2011	105-109	0.60950	0.96385	1.45	74	71	117	121	1.63
2011	110+	0.72015	1.00000	1.39	3	3	4	4	1.39
2012	0	0.00658	0.00654	0.06	100000	654	99387	7595668	75.96
2012	1-4	0.00018	0.00070	2.02	99346	70	397244	7496281	75.46
2012	5-9	0.00015	0.00077	3.76	99276	76	496284	7099037	71.51
2012	10-14	0.00031	0.00153	3.25	99200	152	495734	6602752	66.56
2012	15-19	0.00069	0.00345	3.89	99048	342	494861	6107018	61.66
2012	20-24	0.00185	0.00922	2.45	98706	910	491205	5612158	56.86
2012	25-29	0.00197	0.00977	2.18	97796	956	486286	5120952	52.36
2012	30-34	0.00232	0.01152	2.59	96840	1115	481506	4634666	47.86
2012	35-39	0.00197	0.00981	2.79	95724	939	476543	4153160	43.39
2012	40-44	0.00265	0.01318	2.45	94785	1249	470740	3676617	38.79
2012	45-49	0.00479	0.02369	2.75	93536	2216	462686	3205877	34.27
2012	50-54	0.00530	0.02617	2.7	91320	2390	451091	2743191	30.04
2012	55-59	0.00818	0.04007	2.49	88930	3564	435695	2292101	25.77
2012	60-64	0.01100	0.05354	2.5	85366	4570	415387	1856406	21.75
2012	65-69	0.01750	0.08424	2.79	80796	6806	388945	1441019	17.84
2012	70-74	0.02915	0.13608	2.56	73990	10068	345394	1052074	14.22
2012	75-79	0.04357	0.19783	2.68	63921	12646	290243	706679	11.06
2012	80-84	0.07596	0.32088	2.58	51275	16453	216592	416436	8.12
2012	85-89	0.13292	0.49633	2.45	34822	17283	130028	199844	5.74
2012	90-94	0.22077	0.68626	2.24	17539	12036	54520	69815	3.98
2012	95-99	0.34184	0.83940	1.97	5503	4619	13512	15296	2.78
2012	100-104	0.48719	0.92894	1.67	884	821	1685	1783	2.02
2012	105-109	0.63601	0.96912	1.41	63	61	96	98	1.57
2012	110+	0.74852	1.00000	1.34	2	2	3	3	1.34
2013	0	0.00658	0.00654	0.06	100000	654	99387	7620464	76.20
2013	1-4	0.00044	0.00174	1.51	99346	173	396953	7521077	75.71
2013	5-9	0.00034	0.00170	3.2	99173	169	495560	7124125	71.84
2013	10-14	0.00011	0.00057	2.49	99004	57	494877	6628565	66.95
2013	15-19	0.00090	0.00449	2.85	98947	444	493782	6133688	61.99
2013	20-24	0.00160	0.00796	2.46	98503	784	490526	5639906	57.26
2013	25-29	0.00189	0.00942	2.46	97719	921	486257	5149381	52.70
2013	30-34	0.00197	0.00981	2.56	96798	949	481672	4663124	48.17
2013	35-39	0.00174	0.00865	2.9	95849	829	477506	4181452	43.63
2013	40-44	0.00307	0.01525	2.91	95020	1449	472072	3703946	38.98
2013	45-49	0.00389	0.01927	2.28	93571	1803	462954	3231874	34.54
2013	50-54	0.00549	0.02708	2.59	91768	2485	452842	2768920	30.17
2013	55-59	0.00835	0.04095	2.6	89283	3656	437641	2316078	25.94
2013	60-64	0.01305	0.06321	2.52	85626	5412	414733	1878437	21.94
2013	65-69	0.01606	0.07732	2.61	80214	6202	386265	1463703	18.25
2013	70-74	0.02329	0.11041	2.65	74012	8172	350819	1077438	14.56
2013	75-79	0.04288	0.19343	2.47	65841	12735	297018	726619	11.04
2013	80-84	0.08346	0.34564	2.52	53106	18355	219922	429601	8.09
2013	85-89	0.12975	0.48562	2.41	34750	16875	130061	209679	6.03
2013	90-94	0.19553	0.63681	2.26	17875	11383	58213	79619	4.45
2013	95-99	0.28292	0.77328	2.07	6492	5020	17744	21405	3.30
2013	100-104	0.38975	0.87380	1.84	1472	1286	3300	3661	2.49
2013	105-109	0.50834	0.93461	1.62	186	174	342	362	1.95
2013	110+	0.60624	1.00000	1.65	12	12	20	20	1.65
2014	0	0.00723	0.00719	0.06	100000	719	99328	7571087	75.71
2014	1-4	0.00057	0.00229	1.67	99281	227	396596	7471759	75.26
2014	5-9	0.00015	0.00074	1.5	99054	73	495015	7075163	71.43
2014	10-14	0.00016	0.00078	1.74	98981	77	494655	6580148	66.48
2014	15-19	0.00084	0.00419	3.04	98904	414	493710	6085493	61.53
2014	20-24	0.00142	0.00707	2.96	98490	696	491028	5591784	56.78
2014	25-29	0.00181	0.00902	2.78	97793	882	487005	5100756	52.16
2014	30-34	0.00209	0.01038	2.57	96911	1006	482116	4613751	47.61
2014	35-39	0.00211	0.01051	2.51	95905	1008	477016	4131635	43.08
2014	40-44	0.00270	0.01339	2.71	94897	1271	471579	3654619	38.51
2014	45-49	0.00437	0.02163	2.51	93626	2025	463081	3183040	34.00
2014	50-54	0.00634	0.03117	2.4	91601	2855	450584	2719959	29.69
2014	55-59	0.00954	0.04660	2.53	88746	4136	433502	2269375	25.57
2014	60-64	0.01181	0.05748	2.69	84611	4863	411833	1835873	21.70
2014	65-69	0.01578	0.07597	2.54	79747	6058	383836	1424041	17.86
2014	70-74	0.02488	0.11731	2.57	73689	8644	347397	1040205	14.12
2014	75-79	0.04510	0.20404	2.67	65045	13272	294298	692808	10.65
2014	80-84	0.08685	0.35757	2.53	51773	18512	213159	398509	7.70
2014	85-89	0.14201	0.51882	2.4	33261	17256	121516	185351	5.57
2014	90-94	0.22252	0.68737	2.22	16004	11001	49438	63834	3.99
2014	95-99	0.32981	0.82628	1.98	5003	4134	12535	14396	2.88
2014	100-104	0.45780	0.91474	1.72	869	795	1737	1861	2.14
2014	105-109	0.59230	0.95978	1.48	74	71	120	124	1.68
2014	110+	0.69817	1.00000	1.43	3	3	4	4	1.43
2015	0	0.00660	0.00656	0.06	100000	656	99385	7564792	75.65
2015	1-4	0.00071	0.00284	2.19	99344	283	396867	7465406	75.15
2015	5-9	0.00026	0.00129	1.65	99062	128	494882	7068539	71.35
2015	10-14	0.00016	0.00079	3.25	98934	78	494534	6573658	66.44
2015	15-19	0.00086	0.00431	3.71	98856	426	493731	6079124	61.49
2015	20-24	0.00191	0.00949	2.66	98430	934	489964	5585392	56.74
2015	25-29	0.00204	0.01014	2.21	97496	988	484721	5095429	52.26
2015	30-34	0.00194	0.00967	2.56	96508	934	480262	4610708	47.78
2015	35-39	0.00278	0.01383	2.83	95574	1322	474998	4130446	43.22
2015	40-44	0.00268	0.01334	2.82	94253	1258	468516	3655449	38.78
2015	45-49	0.00447	0.02212	2.8	92995	2057	460441	3186933	34.27
2015	50-54	0.00625	0.03079	2.67	90938	2800	448168	2726492	29.98
2015	55-59	0.00881	0.04319	2.73	88138	3806	432055	2278324	25.85
2015	60-64	0.01160	0.05641	2.53	84332	4757	409892	1846269	21.89
2015	65-69	0.01532	0.07397	2.68	79575	5886	384230	1436377	18.05
2015	70-74	0.02549	0.12022	2.64	73689	8859	347503	1052147	14.28
2015	75-79	0.04464	0.20146	2.58	64830	13060	292559	704644	10.87
2015	80-84	0.08213	0.34169	2.54	51769	17689	215372	412085	7.96
2015	85-89	0.13496	0.50057	2.42	34080	17060	126409	196712	5.77
2015	90-94	0.21278	0.67050	2.24	17021	11412	53634	70303	4.13
2015	95-99	0.31765	0.81426	2.01	5608	4567	14376	16669	2.97
2015	100-104	0.44434	0.90811	1.74	1042	946	2129	2293	2.20
2015	105-109	0.57928	0.95676	1.5	96	92	158	164	1.71
2015	110+	0.68649	1.00000	1.46	4	4	6	6	1.46
2016	0	0.00615	0.00611	0.06	100000	611	99426	7519769	75.20
2016	1-4	0.00058	0.00233	1.96	99389	232	397084	7420342	74.66
2016	5-9	0.00007	0.00037	2.02	99157	36	495679	7023258	70.83
2016	10-14	0.00039	0.00197	2.92	99121	196	495198	6527579	65.85
2016	15-19	0.00125	0.00624	2.58	98925	617	493134	6032381	60.98
2016	20-24	0.00218	0.01086	2.63	98308	1067	489014	5539247	56.35
2016	25-29	0.00250	0.01244	2.46	97241	1209	483136	5050233	51.94
2016	30-34	0.00221	0.01097	2.41	96032	1054	477426	4567097	47.56
2016	35-39	0.00230	0.01145	2.82	94978	1087	472520	4089671	43.06
2016	40-44	0.00391	0.01936	2.44	93891	1818	464806	3617150	38.53
2016	45-49	0.00342	0.01698	2.77	92073	1563	456878	3152344	34.24
2016	50-54	0.00580	0.02857	2.47	90509	2586	445998	2695466	29.78
2016	55-59	0.00895	0.04376	2.48	87923	3848	429909	2249467	25.58
2016	60-64	0.01191	0.05791	2.64	84075	4869	408876	1819559	21.64
2016	65-69	0.01665	0.08008	2.61	79206	6343	380871	1410682	17.81
2016	70-74	0.02746	0.12876	2.59	72863	9382	341660	1029811	14.13
2016	75-79	0.04265	0.19472	2.77	63481	12361	289812	688152	10.84
2016	80-84	0.08541	0.35271	2.53	51120	18031	211109	398340	7.79
2016	85-89	0.13920	0.51152	2.41	33090	16926	121598	187230	5.66
2016	90-94	0.21771	0.67899	2.23	16164	10975	50410	65633	4.06
2016	95-99	0.32262	0.81909	2	5189	4250	13173	15222	2.93
2016	100-104	0.44848	0.91006	1.74	939	854	1905	2049	2.18
2016	105-109	0.58189	0.95730	1.5	84	81	139	144	1.71
2016	110+	0.68769	1.00000	1.45	4	4	5	5	1.45
2017	0	0.00561	0.00559	0.06	100000	559	99475	7570700	75.71
2017	1-4	0.00055	0.00218	2.08	99441	217	397350	7471225	75.13
2017	5-9	0.00022	0.00110	0.67	99225	109	495652	7073875	71.29
2017	10-14	0.00063	0.00316	3.03	99116	313	494961	6578223	66.37
2017	15-19	0.00152	0.00760	3.05	98802	751	492544	6083263	61.57
2017	20-24	0.00195	0.00969	2.43	98051	950	487814	5590719	57.02
2017	25-29	0.00222	0.01104	2.69	97102	1072	483034	5102905	52.55
2017	30-34	0.00272	0.01351	2.25	96029	1297	476579	4619871	48.11
2017	35-39	0.00261	0.01297	2.09	94732	1229	470083	4143292	43.74
2017	40-44	0.00291	0.01447	2.57	93503	1353	464234	3673208	39.28
2017	45-49	0.00442	0.02188	2.78	92150	2016	456284	3208974	34.82
2017	50-54	0.00524	0.02590	2.72	90134	2335	445354	2752690	30.54
2017	55-59	0.00819	0.04018	2.65	87799	3528	430722	2307336	26.28
2017	60-64	0.01115	0.05420	2.43	84271	4567	409622	1876614	22.27
2017	65-69	0.01688	0.08113	2.6	79704	6467	383011	1466992	18.41
2017	70-74	0.02516	0.11887	2.69	73237	8706	346053	1083981	14.80
2017	75-79	0.03803	0.17429	2.61	64531	11247	295741	737927	11.44
2017	80-84	0.07461	0.31588	2.57	53284	16831	225587	442186	8.30
2017	85-89	0.12752	0.48122	2.45	36453	17542	137564	216599	5.94
2017	90-94	0.20819	0.66323	2.26	18911	12542	60244	79035	4.18
2017	95-99	0.31952	0.81728	2.01	6368	5205	16289	18792	2.95
2017	100-104	0.45533	0.91440	1.73	1164	1064	2337	2502	2.15
2017	105-109	0.59895	0.96169	1.47	100	96	160	165	1.66
2017	110+	0.71128	1.00000	1.41	4	4	5	5	1.41
2018	0	0.00624	0.00620	0.06	100000	620	99418	7622732	76.23
2018	1-4	0.00037	0.00149	1.5	99380	148	397150	7523314	75.70
2018	5-9	0.00041	0.00205	1.59	99232	203	495468	7126164	71.81
2018	10-14	0.00016	0.00080	3.27	99029	79	495008	6630696	66.96
2018	15-19	0.00126	0.00629	3	98950	623	493505	6135688	62.01
2018	20-24	0.00138	0.00690	2.6	98327	678	490006	5642183	57.38
2018	25-29	0.00176	0.00876	2.93	97649	856	486477	5152177	52.76
2018	30-34	0.00205	0.01022	2.45	96794	989	481449	4665701	48.20
2018	35-39	0.00220	0.01095	2.56	95805	1049	476461	4184251	43.67
2018	40-44	0.00285	0.01414	2.35	94755	1340	470228	3707790	39.13
2018	45-49	0.00436	0.02158	2.49	93416	2016	462019	3237562	34.66
2018	50-54	0.00636	0.03134	2.66	91400	2864	450304	2775543	30.37
2018	55-59	0.00802	0.03944	2.84	88536	3492	435136	2325240	26.26
2018	60-64	0.01295	0.06286	2.68	85044	5346	412813	1890103	22.22
2018	65-69	0.01649	0.07932	2.61	79698	6322	383410	1477291	18.54
2018	70-74	0.02352	0.11108	2.51	73376	8151	346574	1093881	14.91
2018	75-79	0.03905	0.17911	2.69	65226	11682	299164	747307	11.46
2018	80-84	0.07380	0.31297	2.57	53543	16758	227057	448143	8.37
2018	85-89	0.12563	0.47593	2.45	36786	17507	139359	221086	6.01
2018	90-94	0.20456	0.65639	2.27	19278	12654	61861	81727	4.24
2018	95-99	0.31364	0.81105	2.02	6624	5373	17130	19866	3.00
2018	100-104	0.44731	0.91034	1.74	1252	1139	2547	2736	2.19
2018	105-109	0.58979	0.95962	1.49	112	108	183	189	1.68
2018	110+	0.70206	1.00000	1.42	5	5	6	6	1.42
2019	0	0.00531	0.00528	0.06	100000	528	99503	7611923	76.12
2019	1-4	0.00043	0.00171	1.82	99472	170	397516	7512420	75.52
2019	5-9	0.00004	0.00019	2.5	99301	19	496460	7114904	71.65
2019	10-14	0.00043	0.00215	2.8	99283	213	495944	6618444	66.66
2019	15-19	0.00182	0.00907	3.11	99069	898	493648	6122500	61.80
2019	20-24	0.00153	0.00763	2.48	98171	749	488968	5628852	57.34
2019	25-29	0.00223	0.01112	2.75	97422	1083	484675	5139885	52.76
2019	30-34	0.00246	0.01220	2.41	96339	1176	478646	4655209	48.32
2019	35-39	0.00322	0.01598	2.44	95163	1520	471923	4176563	43.89
2019	40-44	0.00292	0.01449	2.35	93642	1357	464623	3704640	39.56
2019	45-49	0.00331	0.01641	2.55	92286	1515	457720	3240018	35.11
2019	50-54	0.00586	0.02892	2.73	90771	2625	447899	2782298	30.65
2019	55-59	0.00826	0.04051	2.62	88146	3571	432249	2334398	26.48
2019	60-64	0.01204	0.05855	2.62	84575	4952	411116	1902149	22.49
2019	65-69	0.01740	0.08358	2.65	79624	6655	382507	1491033	18.73
2019	70-74	0.02363	0.11190	2.63	72969	8165	345511	1108526	15.19
2019	75-79	0.03709	0.17132	2.78	64804	11102	299331	763015	11.77
2019	80-84	0.07334	0.31084	2.55	53702	16693	227618	463684	8.63
2019	85-89	0.11809	0.45374	2.45	37009	16793	142205	236066	6.38
2019	90-94	0.18394	0.61442	2.3	20217	12422	67529	93861	4.64
2019	95-99	0.27401	0.76296	2.1	7795	5947	21705	26332	3.38
2019	100-104	0.38641	0.87228	1.86	1848	1612	4171	4627	2.50
2019	105-109	0.51238	0.93662	1.61	236	221	431	456	1.93
2019	110+	0.61653	1.00000	1.62	15	15	24	24	1.62
2020	0	0.00611	0.00608	0.06	100000	608	99430	7466179	74.66
2020	1-4	0.00025	0.00099	1.47	99392	98	397321	7366749	74.12
2020	5-9	0.00050	0.00248	1.8	99294	246	495684	6969428	70.19
2020	10-14	0.00050	0.00249	2.98	99048	247	494741	6473744	65.36
2020	15-19	0.00131	0.00653	2.92	98801	645	492667	5979003	60.52
2020	20-24	0.00214	0.01066	2.39	98156	1046	488057	5486337	55.89
2020	25-29	0.00199	0.00992	2.44	97110	963	483082	4998280	51.47
2020	30-34	0.00277	0.01376	2.3	96147	1323	477168	4515198	46.96
2020	35-39	0.00346	0.01717	2.87	94824	1628	470658	4038030	42.58
2020	40-44	0.00329	0.01635	2.69	93195	1524	462458	3567373	38.28
2020	45-49	0.00446	0.02205	2.43	91672	2021	453170	3104915	33.87
2020	50-54	0.00670	0.03298	2.52	89651	2956	440934	2651744	29.58
2020	55-59	0.00952	0.04655	2.63	86694	4036	423903	2210810	25.50
2020	60-64	0.01279	0.06201	2.55	82658	5126	400740	1786908	21.62
2020	65-69	0.01741	0.08365	2.67	77532	6486	372532	1386167	17.88
2020	70-74	0.02650	0.12451	2.58	71047	8846	333833	1013635	14.27
2020	75-79	0.04611	0.20752	2.59	62201	12908	279925	679802	10.93
2020	80-84	0.07653	0.32280	2.58	49293	15912	207917	399877	8.11
2020	85-89	0.13290	0.49613	2.45	33381	16561	124617	191959	5.75
2020	90-94	0.21939	0.68366	2.24	16820	11499	52414	67342	4.00
2020	95-99	0.33833	0.83599	1.97	5321	4448	13147	14928	2.81
2020	100-104	0.48137	0.92642	1.68	873	808	1679	1781	2.04
2020	105-109	0.62869	0.96775	1.42	64	62	99	102	1.58
2020	110+	0.74090	1.00000	1.35	2	2	3	3	1.35
2021	0	0.00747	0.00742	0.07	100000	742	99306	7236229	72.36
2021	1-4	0.00036	0.00142	1.62	99258	141	396696	7136923	71.90
2021	5-9	0.00015	0.00077	2.75	99117	76	495412	6740227	68.00
2021	10-14	0.00015	0.00076	2.24	99041	75	494997	6244815	63.05
2021	15-19	0.00122	0.00608	2.69	98966	602	493440	5749818	58.10
2021	20-24	0.00245	0.01219	2.48	98364	1199	488801	5256378	53.44
2021	25-29	0.00253	0.01258	2.62	97164	1222	482913	4767577	49.07
2021	30-34	0.00379	0.01877	2.73	95942	1801	475619	4284663	44.66
2021	35-39	0.00404	0.02001	2.59	94141	1884	466163	3809044	40.46
2021	40-44	0.00488	0.02412	2.42	92257	2225	455553	3342881	36.23
2021	45-49	0.00540	0.02664	2.4	90032	2399	443934	2887329	32.07
2021	50-54	0.00938	0.04598	2.86	87633	4030	429531	2443395	27.88
2021	55-59	0.01155	0.05620	2.6	83604	4699	406760	2013863	24.09
2021	60-64	0.01665	0.08010	2.66	78905	6320	379708	1607104	20.37
2021	65-69	0.02248	0.10654	2.56	72585	7733	344092	1227396	16.91
2021	70-74	0.02957	0.13812	2.62	64851	8957	302940	883304	13.62
2021	75-79	0.05108	0.22711	2.56	55894	12694	248494	580364	10.38
2021	80-84	0.08171	0.34118	2.58	43200	14739	180377	331871	7.68
2021	85-89	0.14682	0.53297	2.43	28461	15169	103319	151493	5.32
2021	90-94	0.24765	0.73032	2.19	13292	9707	39199	48174	3.62
2021	95-99	0.38436	0.87442	1.88	3585	3134	8155	8975	2.50
2021	100-104	0.54226	0.94840	1.57	450	427	787	821	1.82
2021	105-109	0.69401	0.97788	1.33	23	23	33	33	1.44
2021	110+	0.80159	1.00000	1.25	1	1	1	1	1.25
2022	0	0.00853	0.00846	0.07	100000	846	99211	7404838	74.05
2022	1-4	0.00032	0.00126	2.16	99154	125	396386	7305627	73.68
2022	5-9	0.00027	0.00136	2.2	99029	135	494767	6909240	69.77
2022	10-14	0.00023	0.00114	3.66	98894	112	494320	6414473	64.86
2022	15-19	0.00101	0.00506	3.07	98782	499	492944	5920153	59.93
2022	20-24	0.00215	0.01068	2.6	98282	1050	488895	5427209	55.22
2022	25-29	0.00231	0.01148	2.65	97233	1117	483538	4938314	50.79
2022	30-34	0.00345	0.01710	2.57	96116	1644	476594	4454776	46.35
2022	35-39	0.00400	0.01980	2.42	94473	1871	467533	3978183	42.11
2022	40-44	0.00378	0.01870	2.15	92602	1732	458069	3510650	37.91
2022	45-49	0.00484	0.02395	2.71	90870	2176	449376	3052580	33.59
2022	50-54	0.00741	0.03646	2.79	88694	3234	436335	2603204	29.35
2022	55-59	0.01042	0.05093	2.85	85460	4353	417919	2166870	25.36
2022	60-64	0.01487	0.07180	2.59	81107	5824	391508	1748951	21.56
2022	65-69	0.02046	0.09741	2.55	75283	7333	358424	1357443	18.03
2022	70-74	0.02631	0.12379	2.62	67950	8412	319748	999019	14.70
2022	75-79	0.04271	0.19312	2.52	59539	11498	269229	679271	11.41
2022	80-84	0.07017	0.30010	2.59	48041	14417	205471	410042	8.54
2022	85-89	0.12224	0.46685	2.47	33624	15697	128409	204572	6.08
2022	90-94	0.20314	0.65434	2.28	17927	11730	57743	76163	4.25
2022	95-99	0.31641	0.81460	2.02	6196	5048	15953	18420	2.97
2022	100-104	0.45578	0.91498	1.73	1149	1051	2306	2467	2.15
2022	105-109	0.60335	0.96281	1.46	98	94	156	161	1.65
2022	110+	0.71827	1.00000	1.39	4	4	5	5	1.39
