AR: AR, Lifetables (period 1x10), Males Last modified: February 4 2025, MPv5 (May07) 

Year     	Age	mx	qx	ax	lx	dx	Lx	Tx	ex
1941-1949	0	0.03827	0.03706	0.15	100000	3706	96841	6548755	65.49
1941-1949	1	0.00484	0.00483	0.5	96294	465	96061	6451914	67.00
1941-1949	2	0.00261	0.00261	0.5	95829	250	95704	6355852	66.33
1941-1949	3	0.00187	0.00187	0.5	95579	179	95489	6260149	65.50
1941-1949	4	0.00123	0.00123	0.5	95400	117	95341	6164659	64.62
1941-1949	5	0.00105	0.00104	0.5	95283	100	95233	6069318	63.70
1941-1949	6	0.00103	0.00103	0.5	95183	98	95135	5974085	62.76
1941-1949	7	0.00101	0.00101	0.5	95086	96	95038	5878950	61.83
1941-1949	8	0.00098	0.00098	0.5	94990	93	94943	5783913	60.89
1941-1949	9	0.00095	0.00095	0.5	94896	90	94851	5688969	59.95
1941-1949	10	0.00092	0.00092	0.5	94806	88	94762	5594118	59.01
1941-1949	11	0.00094	0.00094	0.5	94718	89	94674	5499356	58.06
1941-1949	12	0.00100	0.00100	0.5	94630	95	94583	5404682	57.11
1941-1949	13	0.00111	0.00111	0.5	94535	105	94483	5310099	56.17
1941-1949	14	0.00127	0.00127	0.5	94430	120	94370	5215616	55.23
1941-1949	15	0.00148	0.00148	0.5	94310	139	94240	5121246	54.30
1941-1949	16	0.00169	0.00169	0.5	94171	159	94091	5027006	53.38
1941-1949	17	0.00190	0.00189	0.5	94012	178	93923	4932914	52.47
1941-1949	18	0.00209	0.00209	0.5	93834	196	93736	4838991	51.57
1941-1949	19	0.00226	0.00226	0.5	93638	212	93532	4745256	50.68
1941-1949	20	0.00241	0.00241	0.5	93426	225	93313	4651724	49.79
1941-1949	21	0.00254	0.00254	0.5	93201	237	93082	4558410	48.91
1941-1949	22	0.00266	0.00265	0.5	92964	247	92841	4465328	48.03
1941-1949	23	0.00276	0.00275	0.5	92717	255	92590	4372487	47.16
1941-1949	24	0.00284	0.00284	0.5	92462	262	92331	4279897	46.29
1941-1949	25	0.00289	0.00289	0.5	92200	266	92067	4187566	45.42
1941-1949	26	0.00291	0.00291	0.5	91934	267	91800	4095500	44.55
1941-1949	27	0.00292	0.00292	0.5	91666	267	91533	4003700	43.68
1941-1949	28	0.00293	0.00292	0.5	91399	267	91265	3912167	42.80
1941-1949	29	0.00292	0.00291	0.5	91132	266	90999	3820902	41.93
1941-1949	30	0.00292	0.00291	0.5	90866	265	90734	3729903	41.05
1941-1949	31	0.00294	0.00293	0.5	90601	266	90469	3639169	40.17
1941-1949	32	0.00301	0.00300	0.5	90336	271	90200	3548700	39.28
1941-1949	33	0.00313	0.00313	0.5	90064	282	89924	3458500	38.40
1941-1949	34	0.00330	0.00330	0.5	89783	296	89635	3368577	37.52
1941-1949	35	0.00354	0.00353	0.5	89487	316	89329	3278942	36.64
1941-1949	36	0.00377	0.00376	0.5	89171	335	89003	3189613	35.77
1941-1949	37	0.00400	0.00399	0.5	88836	355	88658	3100610	34.90
1941-1949	38	0.00428	0.00427	0.5	88481	377	88292	3011951	34.04
1941-1949	39	0.00454	0.00453	0.5	88103	399	87904	2923659	33.18
1941-1949	40	0.00478	0.00477	0.5	87704	418	87495	2835755	32.33
1941-1949	41	0.00502	0.00501	0.5	87286	437	87067	2748260	31.49
1941-1949	42	0.00538	0.00537	0.5	86849	466	86616	2661193	30.64
1941-1949	43	0.00586	0.00584	0.5	86382	504	86130	2574577	29.80
1941-1949	44	0.00632	0.00630	0.5	85878	541	85607	2488447	28.98
1941-1949	45	0.00685	0.00683	0.5	85337	583	85046	2402839	28.16
1941-1949	46	0.00740	0.00737	0.5	84754	625	84442	2317794	27.35
1941-1949	47	0.00803	0.00800	0.5	84129	673	83793	2233352	26.55
1941-1949	48	0.00884	0.00880	0.5	83456	734	83089	2149559	25.76
1941-1949	49	0.00981	0.00976	0.5	82722	807	82318	2066470	24.98
1941-1949	50	0.01086	0.01080	0.5	81915	885	81472	1984152	24.22
1941-1949	51	0.01163	0.01157	0.5	81030	937	80561	1902679	23.48
1941-1949	52	0.01239	0.01231	0.5	80093	986	79600	1822118	22.75
1941-1949	53	0.01326	0.01317	0.5	79106	1042	78585	1742519	22.03
1941-1949	54	0.01409	0.01399	0.5	78065	1092	77518	1663933	21.31
1941-1949	55	0.01495	0.01484	0.5	76972	1142	76401	1586415	20.61
1941-1949	56	0.01576	0.01564	0.5	75830	1186	75237	1510014	19.91
1941-1949	57	0.01664	0.01651	0.5	74644	1232	74028	1434777	19.22
1941-1949	58	0.01771	0.01755	0.5	73412	1289	72767	1360750	18.54
1941-1949	59	0.01881	0.01863	0.5	72123	1344	71451	1287982	17.86
1941-1949	60	0.01994	0.01974	0.5	70779	1397	70081	1216531	17.19
1941-1949	61	0.02101	0.02079	0.5	69382	1442	68661	1146450	16.52
1941-1949	62	0.02239	0.02214	0.5	67940	1504	67188	1077789	15.86
1941-1949	63	0.02429	0.02400	0.5	66436	1594	65638	1010602	15.21
1941-1949	64	0.02650	0.02615	0.5	64841	1696	63993	944963	14.57
1941-1949	65	0.02933	0.02891	0.5	63145	1825	62233	880970	13.95
1941-1949	66	0.03188	0.03138	0.5	61320	1924	60358	818737	13.35
1941-1949	67	0.03433	0.03375	0.5	59396	2005	58394	758379	12.77
1941-1949	68	0.03732	0.03664	0.5	57391	2103	56340	699985	12.20
1941-1949	69	0.04021	0.03941	0.5	55288	2179	54199	643646	11.64
1941-1949	70	0.04303	0.04213	0.5	53109	2237	51991	589447	11.10
1941-1949	71	0.04545	0.04444	0.5	50872	2261	49742	537456	10.56
1941-1949	72	0.04848	0.04733	0.5	48611	2301	47461	487715	10.03
1941-1949	73	0.05238	0.05105	0.5	46310	2364	45128	440254	9.51
1941-1949	74	0.05672	0.05516	0.5	43946	2424	42734	395126	8.99
1941-1949	75	0.06208	0.06021	0.5	41522	2500	40272	352391	8.49
1941-1949	76	0.06737	0.06517	0.5	39022	2543	37751	312119	8.00
1941-1949	77	0.07315	0.07057	0.5	36479	2574	35192	274368	7.52
1941-1949	78	0.07995	0.07687	0.5	33905	2606	32602	239176	7.05
1941-1949	79	0.08640	0.08283	0.5	31298	2592	30002	206575	6.60
1941-1949	80	0.11746	0.11095	0.5	28706	3185	27114	176573	6.15
1941-1949	81	0.12573	0.11829	0.5	25521	3019	24012	149459	5.86
1941-1949	82	0.13448	0.12601	0.5	22502	2836	21085	125447	5.57
1941-1949	83	0.14375	0.13411	0.5	19667	2638	18348	104363	5.31
1941-1949	84	0.15354	0.14260	0.5	17029	2428	15815	86015	5.05
1941-1949	85	0.16387	0.15146	0.5	14601	2212	13495	70200	4.81
1941-1949	86	0.17476	0.16071	0.5	12389	1991	11394	56704	4.58
1941-1949	87	0.18620	0.17034	0.5	10398	1771	9513	45311	4.36
1941-1949	88	0.19822	0.18034	0.5	8627	1556	7849	35798	4.15
1941-1949	89	0.21080	0.19070	0.5	7071	1349	6397	27949	3.95
1941-1949	90	0.22397	0.20141	0.5	5723	1153	5146	21552	3.77
1941-1949	91	0.23771	0.21246	0.5	4570	971	4085	16405	3.59
1941-1949	92	0.25202	0.22381	0.5	3599	806	3196	12321	3.42
1941-1949	93	0.26688	0.23546	0.5	2794	658	2465	9124	3.27
1941-1949	94	0.28230	0.24738	0.5	2136	528	1872	6660	3.12
1941-1949	95	0.29824	0.25954	0.5	1607	417	1399	4788	2.98
1941-1949	96	0.31469	0.27191	0.5	1190	324	1028	3389	2.85
1941-1949	97	0.33161	0.28445	0.5	867	247	743	2361	2.72
1941-1949	98	0.34899	0.29714	0.5	620	184	528	1617	2.61
1941-1949	99	0.36677	0.30993	0.5	436	135	368	1089	2.50
1941-1949	100	0.38493	0.32280	0.5	301	97	252	721	2.40
1941-1949	101	0.40341	0.33570	0.5	204	68	169	469	2.30
1941-1949	102	0.42216	0.34858	0.5	135	47	112	299	2.21
1941-1949	103	0.44115	0.36143	0.5	88	32	72	188	2.13
1941-1949	104	0.46031	0.37419	0.5	56	21	46	116	2.05
1941-1949	105	0.47959	0.38683	0.5	35	14	28	70	1.98
1941-1949	106	0.49893	0.39931	0.5	22	9	17	41	1.92
1941-1949	107	0.51827	0.41161	0.5	13	5	10	24	1.86
1941-1949	108	0.53756	0.42368	0.5	8	3	6	14	1.80
1941-1949	109	0.55673	0.43550	0.5	4	2	3	8	1.76
1941-1949	110+	0.57574	1.00000	1.74	2	2	4	4	1.74
1950-1959	0	0.03119	0.03036	0.13	100000	3036	97355	6730663	67.31
1950-1959	1	0.00290	0.00289	0.5	96964	280	96824	6633308	68.41
1950-1959	2	0.00163	0.00163	0.5	96684	157	96605	6536484	67.61
1950-1959	3	0.00115	0.00115	0.5	96526	111	96471	6439880	66.72
1950-1959	4	0.00090	0.00090	0.5	96416	86	96372	6343409	65.79
1950-1959	5	0.00075	0.00075	0.5	96329	72	96293	6247036	64.85
1950-1959	6	0.00065	0.00065	0.5	96257	63	96225	6150743	63.90
1950-1959	7	0.00061	0.00061	0.5	96194	58	96165	6054518	62.94
1950-1959	8	0.00054	0.00054	0.5	96136	52	96110	5958353	61.98
1950-1959	9	0.00057	0.00057	0.5	96084	55	96057	5862243	61.01
1950-1959	10	0.00059	0.00059	0.5	96029	57	96001	5766186	60.05
1950-1959	11	0.00067	0.00067	0.5	95973	64	95941	5670185	59.08
1950-1959	12	0.00074	0.00074	0.5	95909	71	95873	5574244	58.12
1950-1959	13	0.00089	0.00089	0.5	95838	85	95795	5478371	57.16
1950-1959	14	0.00106	0.00106	0.5	95753	101	95702	5382576	56.21
1950-1959	15	0.00126	0.00126	0.5	95652	121	95591	5286874	55.27
1950-1959	16	0.00147	0.00147	0.5	95531	141	95461	5191282	54.34
1950-1959	17	0.00163	0.00163	0.5	95390	156	95312	5095822	53.42
1950-1959	18	0.00175	0.00175	0.5	95234	166	95151	5000509	52.51
1950-1959	19	0.00186	0.00186	0.5	95068	177	94980	4905358	51.60
1950-1959	20	0.00203	0.00203	0.5	94891	192	94795	4810379	50.69
1950-1959	21	0.00212	0.00212	0.5	94699	201	94598	4715584	49.80
1950-1959	22	0.00217	0.00217	0.5	94498	205	94396	4620985	48.90
1950-1959	23	0.00217	0.00217	0.5	94293	205	94191	4526589	48.01
1950-1959	24	0.00220	0.00219	0.5	94089	206	93986	4432398	47.11
1950-1959	25	0.00217	0.00217	0.5	93882	204	93780	4338413	46.21
1950-1959	26	0.00213	0.00213	0.5	93679	199	93579	4244632	45.31
1950-1959	27	0.00216	0.00216	0.5	93479	202	93378	4151053	44.41
1950-1959	28	0.00216	0.00215	0.5	93277	201	93177	4057675	43.50
1950-1959	29	0.00224	0.00224	0.5	93076	208	92972	3964498	42.59
1950-1959	30	0.00224	0.00224	0.5	92868	208	92764	3871526	41.69
1950-1959	31	0.00238	0.00237	0.5	92660	220	92550	3778762	40.78
1950-1959	32	0.00241	0.00241	0.5	92440	223	92329	3686211	39.88
1950-1959	33	0.00262	0.00261	0.5	92218	241	92097	3593882	38.97
1950-1959	34	0.00268	0.00267	0.5	91976	246	91854	3501785	38.07
1950-1959	35	0.00286	0.00286	0.5	91731	262	91599	3409932	37.17
1950-1959	36	0.00305	0.00305	0.5	91468	279	91329	3318332	36.28
1950-1959	37	0.00322	0.00321	0.5	91190	293	91043	3227004	35.39
1950-1959	38	0.00356	0.00355	0.5	90896	323	90735	3135961	34.50
1950-1959	39	0.00370	0.00369	0.5	90574	335	90406	3045226	33.62
1950-1959	40	0.00401	0.00400	0.5	90239	361	90059	2954819	32.74
1950-1959	41	0.00424	0.00424	0.5	89878	381	89687	2864761	31.87
1950-1959	42	0.00482	0.00480	0.5	89497	430	89282	2775073	31.01
1950-1959	43	0.00507	0.00506	0.5	89067	450	88842	2685791	30.15
1950-1959	44	0.00539	0.00537	0.5	88617	476	88379	2596949	29.31
1950-1959	45	0.00605	0.00603	0.5	88141	532	87875	2508570	28.46
1950-1959	46	0.00637	0.00635	0.5	87609	556	87331	2420696	27.63
1950-1959	47	0.00697	0.00694	0.5	87053	604	86750	2333365	26.80
1950-1959	48	0.00756	0.00754	0.5	86448	652	86122	2246615	25.99
1950-1959	49	0.00815	0.00811	0.5	85797	696	85448	2160492	25.18
1950-1959	50	0.00873	0.00869	0.5	85100	740	84730	2075044	24.38
1950-1959	51	0.00959	0.00955	0.5	84361	805	83958	1990313	23.59
1950-1959	52	0.01051	0.01045	0.5	83555	873	83119	1906355	22.82
1950-1959	53	0.01165	0.01158	0.5	82682	958	82203	1823237	22.05
1950-1959	54	0.01288	0.01280	0.5	81724	1046	81201	1741034	21.30
1950-1959	55	0.01396	0.01386	0.5	80678	1118	80119	1659832	20.57
1950-1959	56	0.01516	0.01505	0.5	79560	1197	78961	1579713	19.86
1950-1959	57	0.01669	0.01655	0.5	78363	1297	77714	1500752	19.15
1950-1959	58	0.01818	0.01802	0.5	77066	1389	76371	1423038	18.47
1950-1959	59	0.01953	0.01934	0.5	75677	1463	74946	1346666	17.79
1950-1959	60	0.02060	0.02039	0.5	74214	1513	73457	1271721	17.14
1950-1959	61	0.02224	0.02199	0.5	72701	1599	71901	1198264	16.48
1950-1959	62	0.02379	0.02351	0.5	71102	1671	70266	1126362	15.84
1950-1959	63	0.02584	0.02551	0.5	69430	1771	68545	1056096	15.21
1950-1959	64	0.02773	0.02735	0.5	67659	1851	66734	987552	14.60
1950-1959	65	0.03017	0.02972	0.5	65809	1956	64831	920818	13.99
1950-1959	66	0.03254	0.03202	0.5	63853	2045	62830	855987	13.41
1950-1959	67	0.03533	0.03471	0.5	61808	2146	60735	793156	12.83
1950-1959	68	0.03741	0.03673	0.5	59662	2191	58567	732421	12.28
1950-1959	69	0.03928	0.03853	0.5	57471	2214	56364	673854	11.73
1950-1959	70	0.04234	0.04146	0.5	55257	2291	54112	617490	11.17
1950-1959	71	0.04492	0.04393	0.5	52966	2327	51803	563379	10.64
1950-1959	72	0.04907	0.04789	0.5	50639	2425	49427	511576	10.10
1950-1959	73	0.05330	0.05191	0.5	48214	2503	46962	462150	9.59
1950-1959	74	0.05769	0.05607	0.5	45711	2563	44429	415187	9.08
1950-1959	75	0.06255	0.06065	0.5	43148	2617	41839	370758	8.59
1950-1959	76	0.06642	0.06429	0.5	40531	2606	39228	328918	8.12
1950-1959	77	0.07356	0.07095	0.5	37925	2691	36580	289690	7.64
1950-1959	78	0.07997	0.07689	0.5	35234	2709	33880	253110	7.18
1950-1959	79	0.08751	0.08384	0.5	32525	2727	31162	219230	6.74
1950-1959	80	0.10794	0.10242	0.5	29798	3052	28272	188069	6.31
1950-1959	81	0.11687	0.11042	0.5	26747	2953	25270	159796	5.97
1950-1959	82	0.12644	0.11892	0.5	23793	2829	22378	134526	5.65
1950-1959	83	0.13666	0.12792	0.5	20964	2682	19623	112148	5.35
1950-1959	84	0.14757	0.13743	0.5	18282	2513	17026	92525	5.06
1950-1959	85	0.15919	0.14746	0.5	15770	2325	14607	75499	4.79
1950-1959	86	0.17155	0.15799	0.5	13444	2124	12382	60892	4.53
1950-1959	87	0.18465	0.16904	0.5	11320	1914	10363	48510	4.29
1950-1959	88	0.19851	0.18059	0.5	9407	1699	8557	38147	4.06
1950-1959	89	0.21314	0.19261	0.5	7708	1485	6966	29589	3.84
1950-1959	90	0.22854	0.20510	0.5	6223	1276	5585	22624	3.64
1950-1959	91	0.24471	0.21803	0.5	4947	1079	4408	17039	3.44
1950-1959	92	0.26163	0.23137	0.5	3868	895	3421	12631	3.27
1950-1959	93	0.27929	0.24507	0.5	2973	729	2609	9211	3.10
1950-1959	94	0.29767	0.25910	0.5	2245	582	1954	6602	2.94
1950-1959	95	0.31672	0.27342	0.5	1663	455	1436	4648	2.79
1950-1959	96	0.33641	0.28797	0.5	1208	348	1034	3212	2.66
1950-1959	97	0.35668	0.30269	0.5	860	260	730	2178	2.53
1950-1959	98	0.37747	0.31754	0.5	600	191	505	1448	2.41
1950-1959	99	0.39873	0.33245	0.5	409	136	341	943	2.30
1950-1959	100	0.42038	0.34737	0.5	273	95	226	602	2.20
1950-1959	101	0.44234	0.36223	0.5	178	65	146	376	2.11
1950-1959	102	0.46452	0.37697	0.5	114	43	92	230	2.02
1950-1959	103	0.48685	0.39154	0.5	71	28	57	137	1.94
1950-1959	104	0.50923	0.40589	0.5	43	18	34	80	1.86
1950-1959	105	0.53157	0.41996	0.5	26	11	20	46	1.79
1950-1959	106	0.55379	0.43370	0.5	15	6	12	26	1.73
1950-1959	107	0.57579	0.44708	0.5	8	4	7	14	1.68
1950-1959	108	0.59750	0.46006	0.5	5	2	4	8	1.63
1950-1959	109	0.61883	0.47260	0.5	3	1	2	4	1.59
1950-1959	110+	0.63972	1.00000	1.56	1	1	2	2	1.56
1960-1969	0	0.03008	0.02931	0.13	100000	2931	97438	6643139	66.43
1960-1969	1	0.00220	0.00220	0.5	97069	213	96963	6545701	67.43
1960-1969	2	0.00147	0.00147	0.5	96856	142	96785	6448738	66.58
1960-1969	3	0.00101	0.00101	0.5	96714	97	96665	6351953	65.68
1960-1969	4	0.00081	0.00081	0.5	96617	78	96578	6255287	64.74
1960-1969	5	0.00078	0.00078	0.5	96539	75	96501	6158709	63.80
1960-1969	6	0.00069	0.00069	0.5	96463	66	96430	6062208	62.84
1960-1969	7	0.00059	0.00059	0.5	96397	57	96369	5965778	61.89
1960-1969	8	0.00059	0.00059	0.5	96340	57	96312	5869409	60.92
1960-1969	9	0.00057	0.00057	0.5	96284	55	96256	5773097	59.96
1960-1969	10	0.00059	0.00059	0.5	96229	57	96200	5676841	58.99
1960-1969	11	0.00053	0.00053	0.5	96172	51	96146	5580641	58.03
1960-1969	12	0.00065	0.00065	0.5	96120	63	96089	5484495	57.06
1960-1969	13	0.00091	0.00091	0.5	96057	87	96014	5388406	56.10
1960-1969	14	0.00094	0.00094	0.5	95970	90	95926	5292392	55.15
1960-1969	15	0.00128	0.00128	0.5	95881	122	95819	5196466	54.20
1960-1969	16	0.00160	0.00160	0.5	95758	153	95682	5100647	53.27
1960-1969	17	0.00181	0.00181	0.5	95605	173	95518	5004965	52.35
1960-1969	18	0.00212	0.00212	0.5	95432	203	95331	4909447	51.44
1960-1969	19	0.00220	0.00220	0.5	95229	209	95125	4814116	50.55
1960-1969	20	0.00215	0.00215	0.5	95020	204	94918	4718992	49.66
1960-1969	21	0.00233	0.00232	0.5	94816	220	94706	4624074	48.77
1960-1969	22	0.00210	0.00210	0.5	94595	199	94496	4529368	47.88
1960-1969	23	0.00230	0.00230	0.5	94397	217	94288	4434872	46.98
1960-1969	24	0.00224	0.00224	0.5	94180	211	94074	4340584	46.09
1960-1969	25	0.00227	0.00227	0.5	93969	213	93862	4246509	45.19
1960-1969	26	0.00238	0.00238	0.5	93756	223	93644	4152647	44.29
1960-1969	27	0.00223	0.00222	0.5	93533	208	93429	4059003	43.40
1960-1969	28	0.00220	0.00220	0.5	93325	205	93222	3965574	42.49
1960-1969	29	0.00229	0.00228	0.5	93119	213	93013	3872352	41.58
1960-1969	30	0.00224	0.00224	0.5	92907	208	92803	3779339	40.68
1960-1969	31	0.00258	0.00257	0.5	92698	239	92579	3686536	39.77
1960-1969	32	0.00243	0.00243	0.5	92460	224	92348	3593957	38.87
1960-1969	33	0.00256	0.00255	0.5	92235	235	92118	3501610	37.96
1960-1969	34	0.00309	0.00308	0.5	92000	284	91858	3409492	37.06
1960-1969	35	0.00289	0.00288	0.5	91716	265	91584	3317634	36.17
1960-1969	36	0.00325	0.00325	0.5	91452	297	91303	3226049	35.28
1960-1969	37	0.00352	0.00352	0.5	91155	321	90995	3134746	34.39
1960-1969	38	0.00353	0.00352	0.5	90834	320	90674	3043751	33.51
1960-1969	39	0.00384	0.00383	0.5	90514	347	90341	2953077	32.63
1960-1969	40	0.00403	0.00402	0.5	90167	363	89986	2862736	31.75
1960-1969	41	0.00491	0.00490	0.5	89804	440	89585	2772751	30.88
1960-1969	42	0.00548	0.00547	0.5	89365	489	89121	2683166	30.02
1960-1969	43	0.00586	0.00584	0.5	88876	519	88617	2594045	29.19
1960-1969	44	0.00626	0.00624	0.5	88357	551	88081	2505429	28.36
1960-1969	45	0.00670	0.00668	0.5	87806	586	87513	2417348	27.53
1960-1969	46	0.00705	0.00703	0.5	87219	613	86913	2329835	26.71
1960-1969	47	0.00792	0.00788	0.5	86607	683	86265	2242922	25.90
1960-1969	48	0.00865	0.00861	0.5	85924	740	85554	2156657	25.10
1960-1969	49	0.00918	0.00914	0.5	85184	779	84795	2071103	24.31
1960-1969	50	0.01065	0.01059	0.5	84405	894	83958	1986308	23.53
1960-1969	51	0.01064	0.01058	0.5	83512	884	83070	1902350	22.78
1960-1969	52	0.01199	0.01192	0.5	82628	985	82136	1819280	22.02
1960-1969	53	0.01331	0.01322	0.5	81643	1080	81104	1737144	21.28
1960-1969	54	0.01434	0.01424	0.5	80564	1147	79990	1656041	20.56
1960-1969	55	0.01516	0.01504	0.5	79417	1195	78819	1576051	19.85
1960-1969	56	0.01596	0.01584	0.5	78222	1239	77603	1497231	19.14
1960-1969	57	0.01769	0.01754	0.5	76983	1350	76308	1419628	18.44
1960-1969	58	0.01837	0.01820	0.5	75633	1376	74945	1343320	17.76
1960-1969	59	0.02004	0.01984	0.5	74257	1473	73521	1268375	17.08
1960-1969	60	0.02199	0.02175	0.5	72784	1583	71992	1194854	16.42
1960-1969	61	0.02240	0.02215	0.5	71201	1577	70412	1122862	15.77
1960-1969	62	0.02636	0.02601	0.5	69623	1811	68718	1052450	15.12
1960-1969	63	0.02771	0.02734	0.5	67812	1854	66885	983732	14.51
1960-1969	64	0.03075	0.03029	0.5	65959	1998	64960	916847	13.90
1960-1969	65	0.03448	0.03390	0.5	63961	2168	62877	851887	13.32
1960-1969	66	0.03627	0.03562	0.5	61793	2201	60692	789010	12.77
1960-1969	67	0.03900	0.03825	0.5	59592	2279	58452	728318	12.22
1960-1969	68	0.04291	0.04201	0.5	57312	2408	56109	669866	11.69
1960-1969	69	0.04556	0.04454	0.5	54905	2446	53682	613758	11.18
1960-1969	70	0.05013	0.04891	0.5	52459	2566	51176	560076	10.68
1960-1969	71	0.05072	0.04946	0.5	49894	2468	48660	508899	10.20
1960-1969	72	0.05766	0.05604	0.5	47426	2658	46097	460240	9.70
1960-1969	73	0.06057	0.05879	0.5	44768	2632	43452	414143	9.25
1960-1969	74	0.06451	0.06249	0.5	42136	2633	40819	370692	8.80
1960-1969	75	0.07116	0.06871	0.5	39503	2714	38145	329873	8.35
1960-1969	76	0.07441	0.07174	0.5	36788	2639	35469	291727	7.93
1960-1969	77	0.07767	0.07476	0.5	34149	2553	32872	256259	7.50
1960-1969	78	0.08493	0.08147	0.5	31596	2574	30309	223386	7.07
1960-1969	79	0.09178	0.08776	0.5	29022	2547	27748	193078	6.65
1960-1969	80	0.10879	0.10318	0.5	26475	2732	25109	165329	6.24
1960-1969	81	0.11570	0.10937	0.5	23743	2597	22445	140220	5.91
1960-1969	82	0.12598	0.11852	0.5	21146	2506	19893	117775	5.57
1960-1969	83	0.13704	0.12825	0.5	18640	2391	17445	97882	5.25
1960-1969	84	0.14889	0.13858	0.5	16250	2252	15124	80437	4.95
1960-1969	85	0.16159	0.14951	0.5	13998	2093	12951	65313	4.67
1960-1969	86	0.17514	0.16104	0.5	11905	1917	10946	52362	4.40
1960-1969	87	0.18957	0.17316	0.5	9988	1729	9123	41416	4.15
1960-1969	88	0.20490	0.18586	0.5	8258	1535	7491	32293	3.91
1960-1969	89	0.22112	0.19911	0.5	6724	1339	6054	24802	3.69
1960-1969	90	0.23825	0.21289	0.5	5385	1146	4812	18747	3.48
1960-1969	91	0.25626	0.22716	0.5	4238	963	3757	13936	3.29
1960-1969	92	0.27515	0.24188	0.5	3276	792	2879	10179	3.11
1960-1969	93	0.29488	0.25699	0.5	2483	638	2164	7299	2.94
1960-1969	94	0.31540	0.27244	0.5	1845	503	1594	5135	2.78
1960-1969	95	0.33668	0.28817	0.5	1342	387	1149	3541	2.64
1960-1969	96	0.35863	0.30410	0.5	956	291	810	2392	2.50
1960-1969	97	0.38119	0.32017	0.5	665	213	559	1582	2.38
1960-1969	98	0.40428	0.33630	0.5	452	152	376	1023	2.26
1960-1969	99	0.42780	0.35242	0.5	300	106	247	647	2.16
1960-1969	100	0.45166	0.36845	0.5	194	72	159	400	2.06
1960-1969	101	0.47573	0.38432	0.5	123	47	99	242	1.97
1960-1969	102	0.49992	0.39995	0.5	76	30	60	142	1.89
1960-1969	103	0.52411	0.41528	0.5	45	19	36	82	1.81
1960-1969	104	0.54819	0.43026	0.5	27	11	21	46	1.74
1960-1969	105	0.57204	0.44481	0.5	15	7	12	25	1.68
1960-1969	106	0.59556	0.45891	0.5	8	4	6	14	1.62
1960-1969	107	0.61865	0.47250	0.5	5	2	3	7	1.57
1960-1969	108	0.64122	0.48555	0.5	2	1	2	4	1.52
1960-1969	109	0.66318	0.49804	0.5	1	1	1	2	1.48
1960-1969	110+	0.68446	1.00000	1.46	1	1	1	1	1.46
1970-1979	0	0.02024	0.01987	0.1	100000	1987	98210	6792778	67.93
1970-1979	1	0.00138	0.00138	0.5	98013	135	97945	6694568	68.30
1970-1979	2	0.00105	0.00105	0.5	97878	102	97826	6596623	67.40
1970-1979	3	0.00081	0.00081	0.5	97775	79	97736	6498796	66.47
1970-1979	4	0.00062	0.00062	0.5	97696	61	97666	6401061	65.52
1970-1979	5	0.00064	0.00064	0.5	97635	62	97604	6303395	64.56
1970-1979	6	0.00046	0.00046	0.5	97573	45	97551	6205791	63.60
1970-1979	7	0.00053	0.00053	0.5	97528	51	97503	6108240	62.63
1970-1979	8	0.00040	0.00040	0.5	97477	39	97457	6010738	61.66
1970-1979	9	0.00054	0.00054	0.5	97438	53	97412	5913280	60.69
1970-1979	10	0.00049	0.00049	0.5	97385	48	97362	5815868	59.72
1970-1979	11	0.00050	0.00050	0.5	97338	49	97313	5718507	58.75
1970-1979	12	0.00058	0.00058	0.5	97289	56	97261	5621194	57.78
1970-1979	13	0.00063	0.00062	0.5	97233	61	97203	5523933	56.81
1970-1979	14	0.00091	0.00091	0.5	97172	89	97128	5426730	55.85
1970-1979	15	0.00118	0.00118	0.5	97084	115	97026	5329602	54.90
1970-1979	16	0.00144	0.00144	0.5	96969	139	96899	5232576	53.96
1970-1979	17	0.00181	0.00181	0.5	96829	175	96742	5135677	53.04
1970-1979	18	0.00229	0.00228	0.5	96654	221	96544	5038935	52.13
1970-1979	19	0.00230	0.00230	0.5	96434	222	96323	4942391	51.25
1970-1979	20	0.00214	0.00214	0.5	96212	206	96109	4846068	50.37
1970-1979	21	0.00216	0.00215	0.5	96006	207	95903	4749959	49.48
1970-1979	22	0.00224	0.00223	0.5	95800	214	95693	4654056	48.58
1970-1979	23	0.00240	0.00240	0.5	95586	229	95471	4558363	47.69
1970-1979	24	0.00201	0.00201	0.5	95357	192	95261	4462892	46.80
1970-1979	25	0.00221	0.00221	0.5	95165	210	95059	4367631	45.90
1970-1979	26	0.00218	0.00218	0.5	94954	207	94851	4272572	45.00
1970-1979	27	0.00223	0.00222	0.5	94747	211	94642	4177721	44.09
1970-1979	28	0.00200	0.00200	0.5	94537	189	94442	4083079	43.19
1970-1979	29	0.00232	0.00232	0.5	94348	218	94238	3988637	42.28
1970-1979	30	0.00199	0.00199	0.5	94129	188	94035	3894399	41.37
1970-1979	31	0.00200	0.00199	0.5	93942	187	93848	3800363	40.45
1970-1979	32	0.00232	0.00232	0.5	93754	217	93646	3706515	39.53
1970-1979	33	0.00227	0.00227	0.5	93537	212	93431	3612869	38.62
1970-1979	34	0.00269	0.00269	0.5	93325	251	93200	3519438	37.71
1970-1979	35	0.00252	0.00252	0.5	93074	234	92957	3426239	36.81
1970-1979	36	0.00278	0.00277	0.5	92840	258	92711	3333281	35.90
1970-1979	37	0.00288	0.00287	0.5	92583	266	92450	3240570	35.00
1970-1979	38	0.00340	0.00339	0.5	92317	313	92160	3148120	34.10
1970-1979	39	0.00344	0.00343	0.5	92003	316	91845	3055960	33.22
1970-1979	40	0.00367	0.00366	0.5	91687	336	91520	2964115	32.33
1970-1979	41	0.00413	0.00412	0.5	91352	377	91163	2872595	31.45
1970-1979	42	0.00480	0.00479	0.5	90975	436	90757	2781432	30.57
1970-1979	43	0.00495	0.00493	0.5	90539	447	90316	2690675	29.72
1970-1979	44	0.00528	0.00527	0.5	90092	475	89855	2600360	28.86
1970-1979	45	0.00604	0.00602	0.5	89617	540	89348	2510505	28.01
1970-1979	46	0.00659	0.00657	0.5	89078	585	88785	2421157	27.18
1970-1979	47	0.00700	0.00698	0.5	88492	617	88184	2332372	26.36
1970-1979	48	0.00789	0.00786	0.5	87875	691	87530	2244189	25.54
1970-1979	49	0.00898	0.00894	0.5	87184	779	86795	2156659	24.74
1970-1979	50	0.01004	0.00999	0.5	86405	863	85974	2069864	23.96
1970-1979	51	0.01081	0.01075	0.5	85542	920	85082	1983891	23.19
1970-1979	52	0.01152	0.01146	0.5	84622	970	84138	1898808	22.44
1970-1979	53	0.01207	0.01200	0.5	83653	1004	83151	1814671	21.69
1970-1979	54	0.01336	0.01327	0.5	82649	1097	82100	1731520	20.95
1970-1979	55	0.01512	0.01501	0.5	81552	1224	80940	1649420	20.23
1970-1979	56	0.01668	0.01654	0.5	80328	1329	79664	1568479	19.53
1970-1979	57	0.01789	0.01773	0.5	78999	1401	78299	1488816	18.85
1970-1979	58	0.01874	0.01857	0.5	77599	1441	76878	1410516	18.18
1970-1979	59	0.01956	0.01937	0.5	76158	1475	75420	1333638	17.51
1970-1979	60	0.02122	0.02099	0.5	74683	1568	73899	1258218	16.85
1970-1979	61	0.02338	0.02311	0.5	73115	1690	72270	1184319	16.20
1970-1979	62	0.02638	0.02604	0.5	71426	1860	70496	1112048	15.57
1970-1979	63	0.02799	0.02760	0.5	69566	1920	68606	1041553	14.97
1970-1979	64	0.02957	0.02914	0.5	67646	1971	66660	972947	14.38
1970-1979	65	0.03130	0.03082	0.5	65675	2024	64663	906287	13.80
1970-1979	66	0.03248	0.03197	0.5	63651	2035	62633	841624	13.22
1970-1979	67	0.03533	0.03472	0.5	61616	2139	60546	778991	12.64
1970-1979	68	0.03913	0.03838	0.5	59477	2283	58335	718445	12.08
1970-1979	69	0.04219	0.04132	0.5	57194	2363	56012	660109	11.54
1970-1979	70	0.04448	0.04351	0.5	54831	2386	53638	604097	11.02
1970-1979	71	0.05002	0.04880	0.5	52445	2559	51165	550459	10.50
1970-1979	72	0.05361	0.05221	0.5	49885	2605	48583	499294	10.01
1970-1979	73	0.05532	0.05383	0.5	47281	2545	46008	450711	9.53
1970-1979	74	0.06189	0.06003	0.5	44736	2686	43393	404703	9.05
1970-1979	75	0.06854	0.06627	0.5	42050	2787	40657	361310	8.59
1970-1979	76	0.07058	0.06818	0.5	39264	2677	37925	320653	8.17
1970-1979	77	0.07643	0.07361	0.5	36587	2693	35240	282728	7.73
1970-1979	78	0.08550	0.08199	0.5	33893	2779	32504	247488	7.30
1970-1979	79	0.09267	0.08857	0.5	31114	2756	29737	214984	6.91
1970-1979	80	0.10458	0.09939	0.5	28359	2818	26949	185247	6.53
1970-1979	81	0.11282	0.10679	0.5	25540	2727	24176	158298	6.20
1970-1979	82	0.12161	0.11463	0.5	22813	2615	21505	134121	5.88
1970-1979	83	0.13098	0.12293	0.5	20198	2483	18956	112616	5.58
1970-1979	84	0.14096	0.13168	0.5	17715	2333	16548	93660	5.29
1970-1979	85	0.15157	0.14089	0.5	15382	2167	14298	77112	5.01
1970-1979	86	0.16282	0.15056	0.5	13215	1990	12220	62813	4.75
1970-1979	87	0.17474	0.16070	0.5	11225	1804	10323	50593	4.51
1970-1979	88	0.18734	0.17129	0.5	9421	1614	8614	40270	4.27
1970-1979	89	0.20062	0.18233	0.5	7807	1424	7096	31656	4.05
1970-1979	90	0.21460	0.19380	0.5	6384	1237	5765	24560	3.85
1970-1979	91	0.22927	0.20569	0.5	5147	1059	4617	18795	3.65
1970-1979	92	0.24463	0.21797	0.5	4088	891	3643	14177	3.47
1970-1979	93	0.26067	0.23061	0.5	3197	737	2828	10535	3.30
1970-1979	94	0.27738	0.24360	0.5	2460	599	2160	7706	3.13
1970-1979	95	0.29473	0.25688	0.5	1861	478	1622	5546	2.98
1970-1979	96	0.31270	0.27042	0.5	1383	374	1196	3925	2.84
1970-1979	97	0.33125	0.28418	0.5	1009	287	865	2729	2.71
1970-1979	98	0.35034	0.29812	0.5	722	215	614	1864	2.58
1970-1979	99	0.36992	0.31218	0.5	507	158	428	1249	2.46
1970-1979	100	0.38994	0.32631	0.5	349	114	292	821	2.36
1970-1979	101	0.41033	0.34048	0.5	235	80	195	530	2.26
1970-1979	102	0.43104	0.35461	0.5	155	55	127	335	2.16
1970-1979	103	0.45199	0.36867	0.5	100	37	82	207	2.07
1970-1979	104	0.47311	0.38261	0.5	63	24	51	126	1.99
1970-1979	105	0.49434	0.39637	0.5	39	15	31	75	1.92
1970-1979	106	0.51558	0.40991	0.5	24	10	19	44	1.85
1970-1979	107	0.53676	0.42319	0.5	14	6	11	25	1.79
1970-1979	108	0.55781	0.43616	0.5	8	3	6	14	1.74
1970-1979	109	0.57866	0.44881	0.5	5	2	4	8	1.70
1970-1979	110+	0.59923	1.00000	1.67	2	2	4	4	1.67
1980-1989	0	0.01225	0.01212	0.08	100000	1212	98883	7006287	70.06
1980-1989	1	0.00100	0.00100	0.5	98788	98	98739	6907405	69.92
1980-1989	2	0.00075	0.00075	0.5	98690	74	98653	6808666	68.99
1980-1989	3	0.00053	0.00053	0.5	98616	53	98589	6710013	68.04
1980-1989	4	0.00040	0.00040	0.5	98563	39	98543	6611423	67.08
1980-1989	5	0.00040	0.00040	0.5	98524	39	98504	6512880	66.10
1980-1989	6	0.00045	0.00045	0.5	98484	44	98462	6414376	65.13
1980-1989	7	0.00032	0.00032	0.5	98440	32	98424	6315913	64.16
1980-1989	8	0.00043	0.00043	0.5	98408	43	98387	6217489	63.18
1980-1989	9	0.00024	0.00024	0.5	98366	23	98354	6119102	62.21
1980-1989	10	0.00046	0.00046	0.5	98342	45	98319	6020748	61.22
1980-1989	11	0.00040	0.00040	0.5	98297	39	98277	5922429	60.25
1980-1989	12	0.00043	0.00043	0.5	98258	42	98237	5824152	59.27
1980-1989	13	0.00045	0.00045	0.5	98215	44	98193	5725915	58.30
1980-1989	14	0.00069	0.00069	0.5	98171	68	98137	5627722	57.33
1980-1989	15	0.00080	0.00080	0.5	98103	78	98064	5529585	56.37
1980-1989	16	0.00140	0.00140	0.5	98025	137	97956	5431521	55.41
1980-1989	17	0.00145	0.00145	0.5	97887	142	97816	5333565	54.49
1980-1989	18	0.00174	0.00174	0.5	97745	170	97660	5235749	53.57
1980-1989	19	0.00176	0.00176	0.5	97575	172	97489	5138088	52.66
1980-1989	20	0.00190	0.00190	0.5	97403	185	97311	5040599	51.75
1980-1989	21	0.00173	0.00173	0.5	97218	168	97134	4943289	50.85
1980-1989	22	0.00203	0.00202	0.5	97050	196	96952	4846154	49.93
1980-1989	23	0.00189	0.00189	0.5	96854	183	96762	4749202	49.03
1980-1989	24	0.00191	0.00191	0.5	96671	185	96578	4652440	48.13
1980-1989	25	0.00183	0.00182	0.5	96486	176	96398	4555862	47.22
1980-1989	26	0.00202	0.00202	0.5	96310	195	96213	4459464	46.30
1980-1989	27	0.00177	0.00176	0.5	96115	170	96030	4363251	45.40
1980-1989	28	0.00214	0.00214	0.5	95946	206	95843	4267221	44.48
1980-1989	29	0.00175	0.00175	0.5	95740	167	95656	4171378	43.57
1980-1989	30	0.00203	0.00202	0.5	95573	193	95476	4075721	42.65
1980-1989	31	0.00204	0.00204	0.5	95379	194	95282	3980245	41.73
1980-1989	32	0.00205	0.00205	0.5	95185	195	95087	3884963	40.81
1980-1989	33	0.00242	0.00241	0.5	94990	229	94875	3789876	39.90
1980-1989	34	0.00204	0.00204	0.5	94760	193	94664	3695001	38.99
1980-1989	35	0.00254	0.00253	0.5	94567	240	94447	3600337	38.07
1980-1989	36	0.00271	0.00271	0.5	94327	256	94200	3505890	37.17
1980-1989	37	0.00253	0.00253	0.5	94072	238	93953	3411691	36.27
1980-1989	38	0.00279	0.00278	0.5	93834	261	93703	3317738	35.36
1980-1989	39	0.00315	0.00314	0.5	93573	294	93426	3224035	34.45
1980-1989	40	0.00321	0.00320	0.5	93279	299	93129	3130609	33.56
1980-1989	41	0.00331	0.00331	0.5	92980	307	92826	3037480	32.67
1980-1989	42	0.00362	0.00361	0.5	92672	335	92505	2944654	31.77
1980-1989	43	0.00413	0.00412	0.5	92338	380	92148	2852149	30.89
1980-1989	44	0.00446	0.00445	0.5	91957	409	91753	2760001	30.01
1980-1989	45	0.00522	0.00521	0.5	91548	477	91310	2668248	29.15
1980-1989	46	0.00511	0.00510	0.5	91071	464	90839	2576939	28.30
1980-1989	47	0.00602	0.00600	0.5	90607	544	90335	2486100	27.44
1980-1989	48	0.00648	0.00646	0.5	90063	582	89772	2395765	26.60
1980-1989	49	0.00713	0.00710	0.5	89481	635	89163	2305993	25.77
1980-1989	50	0.00804	0.00801	0.5	88845	712	88490	2216830	24.95
1980-1989	51	0.00894	0.00890	0.5	88134	785	87742	2128340	24.15
1980-1989	52	0.00998	0.00993	0.5	87349	868	86915	2040598	23.36
1980-1989	53	0.01050	0.01044	0.5	86482	903	86030	1953683	22.59
1980-1989	54	0.01033	0.01028	0.5	85579	880	85139	1867653	21.82
1980-1989	55	0.01215	0.01208	0.5	84699	1023	84188	1782514	21.05
1980-1989	56	0.01443	0.01433	0.5	83676	1199	83077	1698326	20.30
1980-1989	57	0.01464	0.01454	0.5	82477	1199	81878	1615250	19.58
1980-1989	58	0.01671	0.01657	0.5	81278	1347	80605	1533372	18.87
1980-1989	59	0.01769	0.01753	0.5	79931	1402	79231	1452767	18.18
1980-1989	60	0.01964	0.01945	0.5	78530	1527	77766	1373536	17.49
1980-1989	61	0.02094	0.02072	0.5	77003	1596	76205	1295770	16.83
1980-1989	62	0.02331	0.02305	0.5	75407	1738	74538	1219565	16.17
1980-1989	63	0.02386	0.02358	0.5	73669	1737	72801	1145027	15.54
1980-1989	64	0.02659	0.02625	0.5	71933	1888	70989	1072226	14.91
1980-1989	65	0.02790	0.02752	0.5	70045	1928	69081	1001237	14.29
1980-1989	66	0.03102	0.03054	0.5	68117	2081	67077	932156	13.68
1980-1989	67	0.03117	0.03069	0.5	66037	2027	65023	865079	13.10
1980-1989	68	0.03539	0.03477	0.5	64010	2226	62897	800056	12.50
1980-1989	69	0.03808	0.03737	0.5	61784	2309	60629	737159	11.93
1980-1989	70	0.04181	0.04096	0.5	59475	2436	58257	676530	11.38
1980-1989	71	0.04504	0.04404	0.5	57039	2512	55783	618273	10.84
1980-1989	72	0.04912	0.04795	0.5	54527	2614	53220	562490	10.32
1980-1989	73	0.05496	0.05349	0.5	51912	2777	50524	509271	9.81
1980-1989	74	0.05814	0.05650	0.5	49135	2776	47747	458747	9.34
1980-1989	75	0.06452	0.06250	0.5	46359	2898	44911	410999	8.87
1980-1989	76	0.06854	0.06627	0.5	43462	2880	42022	366089	8.42
1980-1989	77	0.07311	0.07053	0.5	40581	2862	39150	324067	7.99
1980-1989	78	0.07901	0.07601	0.5	37719	2867	36286	284917	7.55
1980-1989	79	0.08469	0.08125	0.5	34852	2832	33436	248631	7.13
1980-1989	80	0.09882	0.09416	0.5	32021	3015	30513	215195	6.72
1980-1989	81	0.10699	0.10155	0.5	29005	2946	27533	184682	6.37
1980-1989	82	0.11575	0.10941	0.5	26060	2851	24634	157149	6.03
1980-1989	83	0.12512	0.11775	0.5	23208	2733	21842	132515	5.71
1980-1989	84	0.13514	0.12659	0.5	20476	2592	19180	110673	5.41
1980-1989	85	0.14583	0.13592	0.5	17884	2431	16668	91494	5.12
1980-1989	86	0.15721	0.14575	0.5	15453	2252	14327	74825	4.84
1980-1989	87	0.16930	0.15609	0.5	13201	2060	12170	60499	4.58
1980-1989	88	0.18212	0.16692	0.5	11140	1860	10210	48328	4.34
1980-1989	89	0.19568	0.17824	0.5	9281	1654	8454	38118	4.11
1980-1989	90	0.21000	0.19004	0.5	7626	1449	6902	29664	3.89
1980-1989	91	0.22506	0.20230	0.5	6177	1250	5552	22763	3.69
1980-1989	92	0.24088	0.21499	0.5	4927	1059	4398	17210	3.49
1980-1989	93	0.25744	0.22808	0.5	3868	882	3427	12812	3.31
1980-1989	94	0.27473	0.24155	0.5	2986	721	2625	9386	3.14
1980-1989	95	0.29272	0.25535	0.5	2265	578	1975	6760	2.99
1980-1989	96	0.31139	0.26944	0.5	1686	454	1459	4785	2.84
1980-1989	97	0.33068	0.28376	0.5	1232	350	1057	3326	2.70
1980-1989	98	0.35057	0.29828	0.5	882	263	751	2268	2.57
1980-1989	99	0.37098	0.31294	0.5	619	194	522	1518	2.45
1980-1989	100	0.39187	0.32767	0.5	425	139	356	995	2.34
1980-1989	101	0.41316	0.34242	0.5	286	98	237	640	2.24
1980-1989	102	0.43479	0.35714	0.5	188	67	154	403	2.14
1980-1989	103	0.45666	0.37177	0.5	121	45	98	248	2.05
1980-1989	104	0.47870	0.38625	0.5	76	29	61	150	1.97
1980-1989	105	0.50082	0.40053	0.5	47	19	37	88	1.89
1980-1989	106	0.52295	0.41455	0.5	28	12	22	51	1.83
1980-1989	107	0.54498	0.42828	0.5	16	7	13	29	1.76
1980-1989	108	0.56683	0.44166	0.5	9	4	7	16	1.71
1980-1989	109	0.58843	0.45466	0.5	5	2	4	9	1.67
1980-1989	110+	0.60970	1.00000	1.64	3	3	5	5	1.64
1990-1999	0	0.01070	0.01059	0.07	100000	1059	99019	7099789	71.00
1990-1999	1	0.00086	0.00086	0.5	98941	85	98898	7000770	70.76
1990-1999	2	0.00061	0.00061	0.5	98856	60	98826	6901872	69.82
1990-1999	3	0.00050	0.00050	0.5	98796	49	98771	6803046	68.86
1990-1999	4	0.00033	0.00033	0.5	98747	33	98730	6704275	67.89
1990-1999	5	0.00034	0.00034	0.5	98714	33	98697	6605545	66.92
1990-1999	6	0.00037	0.00037	0.5	98681	37	98662	6506848	65.94
1990-1999	7	0.00033	0.00033	0.5	98644	33	98628	6408185	64.96
1990-1999	8	0.00035	0.00035	0.5	98612	34	98595	6309558	63.98
1990-1999	9	0.00023	0.00023	0.5	98577	23	98566	6210963	63.01
1990-1999	10	0.00031	0.00031	0.5	98554	31	98539	6112397	62.02
1990-1999	11	0.00030	0.00030	0.5	98524	29	98509	6013858	61.04
1990-1999	12	0.00036	0.00036	0.5	98495	36	98477	5915349	60.06
1990-1999	13	0.00050	0.00050	0.5	98459	49	98434	5816872	59.08
1990-1999	14	0.00072	0.00072	0.5	98410	71	98374	5718438	58.11
1990-1999	15	0.00090	0.00090	0.5	98339	89	98294	5620064	57.15
1990-1999	16	0.00120	0.00120	0.5	98250	118	98191	5521770	56.20
1990-1999	17	0.00159	0.00159	0.5	98132	156	98054	5423579	55.27
1990-1999	18	0.00186	0.00186	0.5	97976	182	97885	5325525	54.36
1990-1999	19	0.00202	0.00202	0.5	97794	197	97696	5227640	53.46
1990-1999	20	0.00179	0.00179	0.5	97597	174	97510	5129944	52.56
1990-1999	21	0.00206	0.00206	0.5	97423	201	97322	5032434	51.66
1990-1999	22	0.00193	0.00193	0.5	97222	187	97128	4935112	50.76
1990-1999	23	0.00189	0.00189	0.5	97034	184	96943	4837984	49.86
1990-1999	24	0.00188	0.00188	0.5	96851	182	96760	4741041	48.95
1990-1999	25	0.00193	0.00193	0.5	96669	186	96576	4644281	48.04
1990-1999	26	0.00193	0.00193	0.5	96483	186	96390	4547706	47.13
1990-1999	27	0.00194	0.00194	0.5	96297	187	96203	4451316	46.22
1990-1999	28	0.00208	0.00208	0.5	96110	200	96010	4355113	45.31
1990-1999	29	0.00215	0.00214	0.5	95910	206	95808	4259103	44.41
1990-1999	30	0.00203	0.00203	0.5	95705	194	95607	4163295	43.50
1990-1999	31	0.00223	0.00223	0.5	95510	213	95404	4067688	42.59
1990-1999	32	0.00233	0.00233	0.5	95298	222	95187	3972284	41.68
1990-1999	33	0.00254	0.00254	0.5	95076	241	94955	3877097	40.78
1990-1999	34	0.00261	0.00261	0.5	94834	248	94710	3782142	39.88
1990-1999	35	0.00243	0.00243	0.5	94587	230	94472	3687431	38.98
1990-1999	36	0.00284	0.00284	0.5	94357	268	94223	3592960	38.08
1990-1999	37	0.00290	0.00290	0.5	94089	273	93953	3498736	37.19
1990-1999	38	0.00308	0.00308	0.5	93817	289	93673	3404783	36.29
1990-1999	39	0.00300	0.00300	0.5	93528	280	93388	3311110	35.40
1990-1999	40	0.00310	0.00310	0.5	93248	289	93104	3217722	34.51
1990-1999	41	0.00364	0.00364	0.5	92959	338	92790	3124618	33.61
1990-1999	42	0.00391	0.00390	0.5	92621	361	92441	3031828	32.73
1990-1999	43	0.00435	0.00434	0.5	92260	401	92060	2939387	31.86
1990-1999	44	0.00435	0.00434	0.5	91859	399	91660	2847327	31.00
1990-1999	45	0.00473	0.00472	0.5	91461	432	91245	2755667	30.13
1990-1999	46	0.00519	0.00517	0.5	91029	471	90793	2664423	29.27
1990-1999	47	0.00539	0.00537	0.5	90558	486	90315	2573629	28.42
1990-1999	48	0.00595	0.00593	0.5	90071	534	89804	2483315	27.57
1990-1999	49	0.00638	0.00636	0.5	89537	569	89252	2393510	26.73
1990-1999	50	0.00681	0.00679	0.5	88968	604	88666	2304258	25.90
1990-1999	51	0.00766	0.00763	0.5	88364	674	88027	2215592	25.07
1990-1999	52	0.00820	0.00817	0.5	87689	716	87331	2127565	24.26
1990-1999	53	0.00828	0.00825	0.5	86973	718	86614	2040234	23.46
1990-1999	54	0.00971	0.00967	0.5	86256	834	85839	1953620	22.65
1990-1999	55	0.01101	0.01095	0.5	85422	935	84954	1867781	21.87
1990-1999	56	0.01216	0.01209	0.5	84486	1021	83976	1782827	21.10
1990-1999	57	0.01303	0.01294	0.5	83465	1080	82925	1698851	20.35
1990-1999	58	0.01424	0.01414	0.5	82385	1165	81802	1615926	19.61
1990-1999	59	0.01563	0.01550	0.5	81220	1259	80590	1534123	18.89
1990-1999	60	0.01656	0.01643	0.5	79960	1314	79304	1453533	18.18
1990-1999	61	0.01966	0.01947	0.5	78647	1531	77881	1374230	17.47
1990-1999	62	0.02006	0.01986	0.5	77116	1532	76350	1296348	16.81
1990-1999	63	0.02248	0.02223	0.5	75584	1681	74744	1219998	16.14
1990-1999	64	0.02377	0.02349	0.5	73904	1736	73036	1145254	15.50
1990-1999	65	0.02516	0.02484	0.5	72168	1793	71271	1072218	14.86
1990-1999	66	0.02714	0.02677	0.5	70375	1884	69433	1000947	14.22
1990-1999	67	0.02880	0.02839	0.5	68491	1944	67519	931514	13.60
1990-1999	68	0.03085	0.03038	0.5	66546	2022	65536	863995	12.98
1990-1999	69	0.03523	0.03462	0.5	64525	2234	63408	798460	12.37
1990-1999	70	0.03662	0.03596	0.5	62291	2240	61171	735052	11.80
1990-1999	71	0.04286	0.04196	0.5	60051	2520	58791	673881	11.22
1990-1999	72	0.04589	0.04486	0.5	57531	2581	56241	615090	10.69
1990-1999	73	0.04960	0.04840	0.5	54951	2660	53621	558848	10.17
1990-1999	74	0.05281	0.05146	0.5	52291	2691	50946	505228	9.66
1990-1999	75	0.05457	0.05312	0.5	49600	2635	48283	454282	9.16
1990-1999	76	0.06047	0.05869	0.5	46965	2757	45587	405999	8.64
1990-1999	77	0.06638	0.06425	0.5	44209	2840	42789	360412	8.15
1990-1999	78	0.07363	0.07102	0.5	41368	2938	39899	317624	7.68
1990-1999	79	0.07674	0.07390	0.5	38430	2840	37010	277724	7.23
1990-1999	80	0.09281	0.08869	0.5	35590	3157	34012	240714	6.76
1990-1999	81	0.10166	0.09675	0.5	32434	3138	30865	206702	6.37
1990-1999	82	0.11126	0.10540	0.5	29296	3088	27752	175837	6.00
1990-1999	83	0.12164	0.11467	0.5	26208	3005	24706	148084	5.65
1990-1999	84	0.13285	0.12458	0.5	23203	2891	21758	123379	5.32
1990-1999	85	0.14492	0.13513	0.5	20312	2745	18940	101621	5.00
1990-1999	86	0.15788	0.14633	0.5	17568	2571	16282	82681	4.71
1990-1999	87	0.17178	0.15819	0.5	14997	2372	13811	66399	4.43
1990-1999	88	0.18662	0.17069	0.5	12625	2155	11547	52588	4.17
1990-1999	89	0.20243	0.18383	0.5	10470	1925	9507	41041	3.92
1990-1999	90	0.21922	0.19757	0.5	8545	1688	7701	31533	3.69
1990-1999	91	0.23700	0.21189	0.5	6857	1453	6130	23832	3.48
1990-1999	92	0.25573	0.22674	0.5	5404	1225	4791	17702	3.28
1990-1999	93	0.27542	0.24208	0.5	4179	1012	3673	12911	3.09
1990-1999	94	0.29602	0.25785	0.5	3167	817	2759	9238	2.92
1990-1999	95	0.31748	0.27399	0.5	2350	644	2028	6479	2.76
1990-1999	96	0.33975	0.29042	0.5	1706	496	1459	4451	2.61
1990-1999	97	0.36275	0.30706	0.5	1211	372	1025	2992	2.47
1990-1999	98	0.38640	0.32384	0.5	839	272	703	1967	2.34
1990-1999	99	0.41060	0.34066	0.5	567	193	471	1264	2.23
1990-1999	100	0.43523	0.35745	0.5	374	134	307	793	2.12
1990-1999	101	0.46019	0.37411	0.5	240	90	195	486	2.02
1990-1999	102	0.48535	0.39057	0.5	150	59	121	290	1.93
1990-1999	103	0.51059	0.40675	0.5	92	37	73	169	1.85
1990-1999	104	0.53577	0.42257	0.5	54	23	43	96	1.77
1990-1999	105	0.56077	0.43797	0.5	31	14	25	53	1.70
1990-1999	106	0.58547	0.45289	0.5	18	8	14	29	1.64
1990-1999	107	0.60974	0.46728	0.5	10	5	7	15	1.58
1990-1999	108	0.63349	0.48110	0.5	5	2	4	8	1.54
1990-1999	109	0.65660	0.49431	0.5	3	1	2	4	1.50
1990-1999	110+	0.67899	1.00000	1.47	1	1	2	2	1.47
2000-2009	0	0.00919	0.00911	0.07	100000	911	99152	7232661	72.33
2000-2009	1	0.00083	0.00083	0.5	99089	82	99047	7133509	71.99
2000-2009	2	0.00050	0.00050	0.5	99006	49	98981	7034461	71.05
2000-2009	3	0.00040	0.00040	0.5	98957	40	98937	6935480	70.09
2000-2009	4	0.00033	0.00033	0.5	98917	33	98900	6836543	69.11
2000-2009	5	0.00024	0.00024	0.5	98884	24	98872	6737643	68.14
2000-2009	6	0.00025	0.00025	0.5	98860	25	98848	6638771	67.15
2000-2009	7	0.00026	0.00026	0.5	98835	25	98822	6539924	66.17
2000-2009	8	0.00019	0.00019	0.5	98810	19	98800	6441101	65.19
2000-2009	9	0.00020	0.00020	0.5	98791	20	98781	6342301	64.20
2000-2009	10	0.00018	0.00018	0.5	98771	17	98763	6243520	63.21
2000-2009	11	0.00019	0.00019	0.5	98754	18	98745	6144757	62.22
2000-2009	12	0.00020	0.00020	0.5	98735	20	98726	6046012	61.23
2000-2009	13	0.00034	0.00034	0.5	98716	34	98699	5947287	60.25
2000-2009	14	0.00043	0.00043	0.5	98682	42	98661	5848588	59.27
2000-2009	15	0.00060	0.00060	0.5	98640	59	98610	5749927	58.29
2000-2009	16	0.00100	0.00100	0.5	98580	99	98531	5651317	57.33
2000-2009	17	0.00105	0.00105	0.5	98481	103	98430	5552786	56.38
2000-2009	18	0.00163	0.00163	0.5	98378	160	98298	5454357	55.44
2000-2009	19	0.00185	0.00184	0.5	98218	181	98127	5356059	54.53
2000-2009	20	0.00183	0.00183	0.5	98036	179	97947	5257932	53.63
2000-2009	21	0.00190	0.00190	0.5	97857	186	97765	5159985	52.73
2000-2009	22	0.00186	0.00186	0.5	97672	182	97581	5062220	51.83
2000-2009	23	0.00190	0.00190	0.5	97490	185	97397	4964640	50.92
2000-2009	24	0.00203	0.00203	0.5	97305	198	97206	4867242	50.02
2000-2009	25	0.00194	0.00194	0.5	97107	188	97013	4770036	49.12
2000-2009	26	0.00196	0.00196	0.5	96919	190	96824	4673023	48.22
2000-2009	27	0.00201	0.00201	0.5	96729	194	96632	4576199	47.31
2000-2009	28	0.00201	0.00201	0.5	96534	194	96437	4479567	46.40
2000-2009	29	0.00185	0.00184	0.5	96340	178	96251	4383130	45.50
2000-2009	30	0.00213	0.00213	0.5	96163	205	96060	4286879	44.58
2000-2009	31	0.00226	0.00225	0.5	95958	216	95850	4190818	43.67
2000-2009	32	0.00214	0.00214	0.5	95742	204	95639	4094969	42.77
2000-2009	33	0.00219	0.00218	0.5	95537	209	95433	3999329	41.86
2000-2009	34	0.00218	0.00218	0.5	95328	208	95225	3903896	40.95
2000-2009	35	0.00236	0.00236	0.5	95121	224	95009	3808672	40.04
2000-2009	36	0.00256	0.00255	0.5	94896	242	94775	3713663	39.13
2000-2009	37	0.00278	0.00278	0.5	94654	263	94523	3618888	38.23
2000-2009	38	0.00276	0.00275	0.5	94391	260	94261	3524365	37.34
2000-2009	39	0.00304	0.00303	0.5	94131	285	93989	3430104	36.44
2000-2009	40	0.00323	0.00322	0.5	93846	303	93695	3336115	35.55
2000-2009	41	0.00371	0.00371	0.5	93543	347	93370	3242420	34.66
2000-2009	42	0.00383	0.00382	0.5	93197	356	93019	3149050	33.79
2000-2009	43	0.00428	0.00427	0.5	92841	396	92642	3056032	32.92
2000-2009	44	0.00465	0.00464	0.5	92444	429	92230	2963389	32.06
2000-2009	45	0.00505	0.00503	0.5	92015	463	91784	2871159	31.20
2000-2009	46	0.00516	0.00515	0.5	91552	471	91317	2779376	30.36
2000-2009	47	0.00592	0.00590	0.5	91081	538	90812	2688059	29.51
2000-2009	48	0.00620	0.00618	0.5	90543	559	90264	2597247	28.69
2000-2009	49	0.00667	0.00665	0.5	89984	598	89685	2506983	27.86
2000-2009	50	0.00728	0.00726	0.5	89386	649	89061	2417298	27.04
2000-2009	51	0.00793	0.00790	0.5	88737	701	88386	2328237	26.24
2000-2009	52	0.00817	0.00814	0.5	88036	716	87678	2239850	25.44
2000-2009	53	0.00896	0.00892	0.5	87320	779	86930	2152173	24.65
2000-2009	54	0.00975	0.00970	0.5	86541	839	86121	2065243	23.86
2000-2009	55	0.01021	0.01016	0.5	85701	871	85266	1979122	23.09
2000-2009	56	0.01088	0.01083	0.5	84831	918	84371	1893856	22.33
2000-2009	57	0.01163	0.01156	0.5	83912	970	83427	1809484	21.56
2000-2009	58	0.01286	0.01278	0.5	82942	1060	82412	1726057	20.81
2000-2009	59	0.01448	0.01438	0.5	81882	1177	81293	1643645	20.07
2000-2009	60	0.01548	0.01536	0.5	80705	1239	80085	1562352	19.36
2000-2009	61	0.01543	0.01531	0.5	79465	1216	78857	1482267	18.65
2000-2009	62	0.01807	0.01791	0.5	78249	1401	77548	1403410	17.94
2000-2009	63	0.01830	0.01813	0.5	76847	1393	76151	1325861	17.25
2000-2009	64	0.02011	0.01991	0.5	75454	1502	74703	1249711	16.56
2000-2009	65	0.02154	0.02131	0.5	73952	1576	73164	1175008	15.89
2000-2009	66	0.02336	0.02309	0.5	72376	1672	71540	1101844	15.22
2000-2009	67	0.02501	0.02470	0.5	70704	1746	69831	1030304	14.57
2000-2009	68	0.02729	0.02693	0.5	68958	1857	68030	960472	13.93
2000-2009	69	0.02819	0.02780	0.5	67101	1865	66169	892443	13.30
2000-2009	70	0.03052	0.03007	0.5	65236	1961	64255	826274	12.67
2000-2009	71	0.03409	0.03352	0.5	63275	2121	62214	762019	12.04
2000-2009	72	0.03762	0.03692	0.5	61154	2258	60025	699804	11.44
2000-2009	73	0.04064	0.03983	0.5	58896	2346	57723	639780	10.86
2000-2009	74	0.04312	0.04221	0.5	56550	2387	55356	582057	10.29
2000-2009	75	0.04740	0.04630	0.5	54163	2508	52909	526700	9.72
2000-2009	76	0.05281	0.05145	0.5	51655	2658	50326	473791	9.17
2000-2009	77	0.05748	0.05588	0.5	48997	2738	47628	423465	8.64
2000-2009	78	0.06402	0.06203	0.5	46259	2870	44825	375837	8.12
2000-2009	79	0.06750	0.06530	0.5	43390	2833	41973	331012	7.63
2000-2009	80	0.08239	0.07913	0.5	40557	3209	38952	289039	7.13
2000-2009	81	0.08922	0.08541	0.5	37347	3190	35752	250087	6.70
2000-2009	82	0.09893	0.09426	0.5	34157	3220	32548	214335	6.27
2000-2009	83	0.10956	0.10387	0.5	30938	3214	29331	181787	5.88
2000-2009	84	0.12119	0.11427	0.5	27724	3168	26140	152457	5.50
2000-2009	85	0.13387	0.12547	0.5	24556	3081	23015	126316	5.14
2000-2009	86	0.14765	0.13750	0.5	21475	2953	19998	103301	4.81
2000-2009	87	0.16259	0.15036	0.5	18522	2785	17130	83303	4.50
2000-2009	88	0.17872	0.16406	0.5	15737	2582	14446	66173	4.20
2000-2009	89	0.19607	0.17856	0.5	13155	2349	11981	51727	3.93
2000-2009	90	0.21467	0.19386	0.5	10806	2095	9759	39746	3.68
2000-2009	91	0.23451	0.20990	0.5	8711	1829	7797	29987	3.44
2000-2009	92	0.25560	0.22664	0.5	6883	1560	6103	22190	3.22
2000-2009	93	0.27789	0.24399	0.5	5323	1299	4674	16088	3.02
2000-2009	94	0.30134	0.26188	0.5	4024	1054	3497	11414	2.84
2000-2009	95	0.32588	0.28022	0.5	2970	832	2554	7917	2.67
2000-2009	96	0.35141	0.29889	0.5	2138	639	1818	5363	2.51
2000-2009	97	0.37781	0.31778	0.5	1499	476	1261	3544	2.36
2000-2009	98	0.40497	0.33678	0.5	1023	344	850	2284	2.23
2000-2009	99	0.43271	0.35575	0.5	678	241	558	1433	2.11
2000-2009	100	0.46089	0.37457	0.5	437	164	355	876	2.00
2000-2009	101	0.48932	0.39313	0.5	273	107	220	520	1.90
2000-2009	102	0.51781	0.41132	0.5	166	68	132	301	1.81
2000-2009	103	0.54620	0.42903	0.5	98	42	77	169	1.73
2000-2009	104	0.57428	0.44617	0.5	56	25	43	92	1.66
2000-2009	105	0.60189	0.46266	0.5	31	14	24	49	1.59
2000-2009	106	0.62887	0.47844	0.5	17	8	13	25	1.53
2000-2009	107	0.65507	0.49345	0.5	9	4	7	13	1.48
2000-2009	108	0.68036	0.50767	0.5	4	2	3	6	1.43
2000-2009	109	0.70464	0.52106	0.5	2	1	2	3	1.40
2000-2009	110+	0.72780	1.00000	1.37	1	1	1	1	1.37
2010-2019	0	0.00816	0.00810	0.07	100000	810	99244	7307777	73.08
2010-2019	1	0.00065	0.00065	0.5	99190	65	99158	7208533	72.67
2010-2019	2	0.00038	0.00038	0.5	99125	37	99106	7109375	71.72
2010-2019	3	0.00032	0.00032	0.5	99088	31	99072	7010269	70.75
2010-2019	4	0.00022	0.00022	0.5	99057	21	99046	6911196	69.77
2010-2019	5	0.00023	0.00023	0.5	99035	23	99024	6812151	68.79
2010-2019	6	0.00016	0.00016	0.5	99012	16	99004	6713127	67.80
2010-2019	7	0.00018	0.00018	0.5	98996	18	98987	6614123	66.81
2010-2019	8	0.00020	0.00020	0.5	98978	20	98968	6515136	65.82
2010-2019	9	0.00017	0.00017	0.5	98958	17	98950	6416169	64.84
2010-2019	10	0.00015	0.00015	0.5	98941	15	98934	6317219	63.85
2010-2019	11	0.00022	0.00022	0.5	98927	22	98916	6218285	62.86
2010-2019	12	0.00024	0.00024	0.5	98905	24	98893	6119369	61.87
2010-2019	13	0.00027	0.00027	0.5	98881	26	98868	6020476	60.89
2010-2019	14	0.00041	0.00041	0.5	98855	41	98835	5921608	59.90
2010-2019	15	0.00047	0.00047	0.5	98814	46	98791	5822774	58.93
2010-2019	16	0.00067	0.00067	0.5	98768	66	98735	5723983	57.95
2010-2019	17	0.00078	0.00078	0.5	98702	77	98663	5625248	56.99
2010-2019	18	0.00121	0.00121	0.5	98624	119	98565	5526585	56.04
2010-2019	19	0.00152	0.00152	0.5	98505	149	98431	5428020	55.10
2010-2019	20	0.00159	0.00159	0.5	98356	156	98278	5329590	54.19
2010-2019	21	0.00160	0.00160	0.5	98200	157	98121	5231312	53.27
2010-2019	22	0.00159	0.00159	0.5	98042	156	97964	5133191	52.36
2010-2019	23	0.00160	0.00160	0.5	97886	157	97808	5035226	51.44
2010-2019	24	0.00172	0.00172	0.5	97730	168	97646	4937418	50.52
2010-2019	25	0.00195	0.00195	0.5	97562	190	97466	4839773	49.61
2010-2019	26	0.00176	0.00176	0.5	97371	172	97285	4742306	48.70
2010-2019	27	0.00190	0.00190	0.5	97200	185	97107	4645021	47.79
2010-2019	28	0.00190	0.00190	0.5	97015	184	96923	4547914	46.88
2010-2019	29	0.00209	0.00209	0.5	96831	202	96729	4450991	45.97
2010-2019	30	0.00195	0.00195	0.5	96628	189	96534	4354262	45.06
2010-2019	31	0.00220	0.00220	0.5	96440	212	96333	4257728	44.15
2010-2019	32	0.00213	0.00213	0.5	96227	205	96125	4161394	43.25
2010-2019	33	0.00247	0.00247	0.5	96022	237	95904	4065269	42.34
2010-2019	34	0.00250	0.00250	0.5	95785	239	95665	3969366	41.44
2010-2019	35	0.00260	0.00260	0.5	95546	248	95422	3873701	40.54
2010-2019	36	0.00258	0.00258	0.5	95298	246	95175	3778279	39.65
2010-2019	37	0.00270	0.00269	0.5	95052	256	94924	3683104	38.75
2010-2019	38	0.00299	0.00298	0.5	94796	283	94654	3588180	37.85
2010-2019	39	0.00295	0.00294	0.5	94513	278	94374	3493526	36.96
2010-2019	40	0.00335	0.00335	0.5	94235	316	94077	3399152	36.07
2010-2019	41	0.00341	0.00340	0.5	93919	319	93760	3305075	35.19
2010-2019	42	0.00345	0.00344	0.5	93600	322	93439	3211315	34.31
2010-2019	43	0.00377	0.00377	0.5	93278	351	93102	3117876	33.43
2010-2019	44	0.00430	0.00429	0.5	92927	399	92727	3024774	32.55
2010-2019	45	0.00474	0.00473	0.5	92528	438	92309	2932046	31.69
2010-2019	46	0.00515	0.00514	0.5	92090	473	91854	2839737	30.84
2010-2019	47	0.00518	0.00517	0.5	91617	474	91380	2747884	29.99
2010-2019	48	0.00566	0.00565	0.5	91143	515	90886	2656504	29.15
2010-2019	49	0.00658	0.00656	0.5	90629	595	90331	2565618	28.31
2010-2019	50	0.00696	0.00693	0.5	90034	624	89722	2475286	27.49
2010-2019	51	0.00741	0.00738	0.5	89410	660	89080	2385564	26.68
2010-2019	52	0.00820	0.00817	0.5	88750	725	88387	2296485	25.88
2010-2019	53	0.00895	0.00891	0.5	88025	784	87633	2208097	25.08
2010-2019	54	0.01005	0.01000	0.5	87241	872	86805	2120464	24.31
2010-2019	55	0.01076	0.01070	0.5	86368	925	85906	2033660	23.55
2010-2019	56	0.01199	0.01191	0.5	85444	1018	84935	1947754	22.80
2010-2019	57	0.01268	0.01260	0.5	84426	1064	83894	1862819	22.06
2010-2019	58	0.01328	0.01319	0.5	83362	1100	82812	1778925	21.34
2010-2019	59	0.01441	0.01431	0.5	82262	1177	81673	1696113	20.62
2010-2019	60	0.01591	0.01578	0.5	81085	1280	80445	1614440	19.91
2010-2019	61	0.01636	0.01623	0.5	79805	1295	79158	1533995	19.22
2010-2019	62	0.01736	0.01721	0.5	78510	1351	77835	1454837	18.53
2010-2019	63	0.01894	0.01877	0.5	77159	1448	76435	1377002	17.85
2010-2019	64	0.02028	0.02008	0.5	75711	1520	74951	1300567	17.18
2010-2019	65	0.02100	0.02078	0.5	74191	1542	73420	1225616	16.52
2010-2019	66	0.02191	0.02167	0.5	72649	1574	71862	1152196	15.86
2010-2019	67	0.02383	0.02355	0.5	71075	1674	70238	1080334	15.20
2010-2019	68	0.02599	0.02565	0.5	69401	1780	68511	1010096	14.55
2010-2019	69	0.02749	0.02711	0.5	67621	1833	66704	941585	13.92
2010-2019	70	0.02975	0.02932	0.5	65787	1929	64823	874881	13.30
2010-2019	71	0.03239	0.03188	0.5	63859	2036	62841	810058	12.69
2010-2019	72	0.03338	0.03283	0.5	61823	2030	60808	747217	12.09
2010-2019	73	0.03760	0.03690	0.5	59793	2207	58690	686409	11.48
2010-2019	74	0.04151	0.04067	0.5	57587	2342	56416	627720	10.90
2010-2019	75	0.04489	0.04391	0.5	55245	2426	54032	571304	10.34
2010-2019	76	0.04607	0.04503	0.5	52819	2379	51630	517272	9.79
2010-2019	77	0.05174	0.05043	0.5	50441	2544	49169	465642	9.23
2010-2019	78	0.05670	0.05514	0.5	47897	2641	46576	416473	8.70
2010-2019	79	0.06014	0.05839	0.5	45256	2642	43935	369897	8.17
2010-2019	80	0.07124	0.06879	0.5	42613	2931	41148	325963	7.65
2010-2019	81	0.07924	0.07622	0.5	39682	3025	38170	284815	7.18
2010-2019	82	0.08656	0.08297	0.5	36657	3042	35137	246645	6.73
2010-2019	83	0.09648	0.09204	0.5	33616	3094	32069	211509	6.29
2010-2019	84	0.10740	0.10193	0.5	30522	3111	28966	179440	5.88
2010-2019	85	0.11939	0.11267	0.5	27411	3088	25867	150473	5.49
2010-2019	86	0.13253	0.12429	0.5	24323	3023	22811	124606	5.12
2010-2019	87	0.14686	0.13682	0.5	21300	2914	19843	101795	4.78
2010-2019	88	0.16246	0.15025	0.5	18385	2762	17004	81953	4.46
2010-2019	89	0.17936	0.16460	0.5	15623	2572	14337	64949	4.16
2010-2019	90	0.19761	0.17984	0.5	13051	2347	11878	50611	3.88
2010-2019	91	0.21723	0.19595	0.5	10704	2097	9655	38734	3.62
2010-2019	92	0.23821	0.21286	0.5	8607	1832	7691	29078	3.38
2010-2019	93	0.26055	0.23052	0.5	6775	1562	5994	21387	3.16
2010-2019	94	0.28420	0.24884	0.5	5213	1297	4564	15394	2.95
2010-2019	95	0.30910	0.26772	0.5	3916	1048	3392	10829	2.77
2010-2019	96	0.33515	0.28705	0.5	2867	823	2456	7438	2.59
2010-2019	97	0.36226	0.30670	0.5	2044	627	1731	4982	2.44
2010-2019	98	0.39027	0.32655	0.5	1417	463	1186	3251	2.29
2010-2019	99	0.41902	0.34644	0.5	955	331	789	2065	2.16
2010-2019	100	0.44833	0.36623	0.5	624	228	510	1276	2.04
2010-2019	101	0.47800	0.38580	0.5	395	153	319	766	1.94
2010-2019	102	0.50783	0.40500	0.5	243	98	194	447	1.84
2010-2019	103	0.53761	0.42371	0.5	144	61	114	253	1.75
2010-2019	104	0.56712	0.44183	0.5	83	37	65	139	1.67
2010-2019	105	0.59616	0.45926	0.5	46	21	36	75	1.60
2010-2019	106	0.62454	0.47593	0.5	25	12	19	39	1.54
2010-2019	107	0.65210	0.49176	0.5	13	6	10	20	1.48
2010-2019	108	0.67867	0.50672	0.5	7	3	5	10	1.44
2010-2019	109	0.70413	0.52078	0.5	3	2	2	5	1.40
2010-2019	110+	0.72838	1.00000	1.37	2	2	2	2	1.37
2020-2022	0	0.00854	0.00847	0.07	100000	847	99211	7081768	70.82
2020-2022	1	0.00055	0.00054	0.5	99153	54	99126	6982558	70.42
2020-2022	2	0.00068	0.00068	0.5	99099	67	99065	6883432	69.46
2020-2022	3	0.00026	0.00026	0.5	99032	26	99019	6784366	68.51
2020-2022	4	0.00024	0.00024	0.5	99006	24	98994	6685347	67.52
2020-2022	5	0.00032	0.00032	0.5	98982	32	98966	6586353	66.54
2020-2022	6	0.00022	0.00022	0.5	98951	21	98940	6487387	65.56
2020-2022	7	0.00005	0.00005	0.5	98929	5	98927	6388447	64.58
2020-2022	8	0.00018	0.00018	0.5	98924	18	98915	6289521	63.58
2020-2022	9	0.00015	0.00015	0.5	98906	15	98898	6190606	62.59
2020-2022	10	0.00020	0.00020	0.5	98891	20	98881	6091707	61.60
2020-2022	11	0.00024	0.00024	0.5	98871	24	98859	5992826	60.61
2020-2022	12	0.00014	0.00014	0.5	98847	14	98840	5893967	59.63
2020-2022	13	0.00033	0.00033	0.5	98833	32	98817	5795126	58.64
2020-2022	14	0.00043	0.00043	0.5	98801	43	98780	5696309	57.65
2020-2022	15	0.00072	0.00072	0.5	98758	71	98723	5597530	56.68
2020-2022	16	0.00091	0.00091	0.5	98688	90	98643	5498807	55.72
2020-2022	17	0.00111	0.00111	0.5	98598	110	98543	5400164	54.77
2020-2022	18	0.00191	0.00191	0.5	98488	188	98394	5301621	53.83
2020-2022	19	0.00157	0.00157	0.5	98300	154	98222	5203228	52.93
2020-2022	20	0.00142	0.00142	0.5	98145	139	98076	5105005	52.01
2020-2022	21	0.00184	0.00183	0.5	98006	180	97916	5006930	51.09
2020-2022	22	0.00181	0.00181	0.5	97826	177	97738	4909014	50.18
2020-2022	23	0.00187	0.00187	0.5	97649	182	97558	4811276	49.27
2020-2022	24	0.00247	0.00247	0.5	97467	241	97346	4713718	48.36
2020-2022	25	0.00217	0.00217	0.5	97226	211	97121	4616372	47.48
2020-2022	26	0.00193	0.00193	0.5	97015	187	96922	4519251	46.58
2020-2022	27	0.00266	0.00266	0.5	96828	257	96700	4422329	45.67
2020-2022	28	0.00237	0.00237	0.5	96571	229	96457	4325630	44.79
2020-2022	29	0.00283	0.00282	0.5	96342	272	96206	4229173	43.90
2020-2022	30	0.00263	0.00263	0.5	96070	253	95944	4132966	43.02
2020-2022	31	0.00271	0.00270	0.5	95818	259	95688	4037022	42.13
2020-2022	32	0.00318	0.00318	0.5	95559	304	95407	3941334	41.25
2020-2022	33	0.00362	0.00362	0.5	95255	344	95083	3845927	40.38
2020-2022	34	0.00352	0.00351	0.5	94911	333	94744	3750844	39.52
2020-2022	35	0.00319	0.00318	0.5	94578	301	94427	3656100	38.66
2020-2022	36	0.00389	0.00388	0.5	94277	366	94094	3561673	37.78
2020-2022	37	0.00463	0.00462	0.5	93911	434	93694	3467579	36.92
2020-2022	38	0.00405	0.00404	0.5	93477	378	93288	3373885	36.09
2020-2022	39	0.00392	0.00391	0.5	93099	364	92917	3280597	35.24
2020-2022	40	0.00451	0.00450	0.5	92735	418	92526	3187680	34.37
2020-2022	41	0.00564	0.00562	0.5	92317	519	92058	3095153	33.53
2020-2022	42	0.00506	0.00505	0.5	91799	464	91567	3003095	32.71
2020-2022	43	0.00462	0.00461	0.5	91335	421	91124	2911529	31.88
2020-2022	44	0.00532	0.00531	0.5	90914	483	90672	2820404	31.02
2020-2022	45	0.00560	0.00559	0.5	90431	505	90178	2729732	30.19
2020-2022	46	0.00621	0.00619	0.5	89926	556	89647	2639554	29.35
2020-2022	47	0.00692	0.00690	0.5	89369	616	89061	2549906	28.53
2020-2022	48	0.00696	0.00693	0.5	88753	615	88445	2460845	27.73
2020-2022	49	0.00758	0.00755	0.5	88138	665	87805	2372400	26.92
2020-2022	50	0.00864	0.00860	0.5	87472	752	87096	2284595	26.12
2020-2022	51	0.00901	0.00897	0.5	86720	778	86331	2197498	25.34
2020-2022	52	0.00972	0.00967	0.5	85942	831	85527	2111167	24.56
2020-2022	53	0.00991	0.00986	0.5	85111	839	84692	2025641	23.80
2020-2022	54	0.01114	0.01108	0.5	84272	933	83805	1940949	23.03
2020-2022	55	0.01261	0.01253	0.5	83339	1044	82817	1857143	22.28
2020-2022	56	0.01368	0.01359	0.5	82295	1118	81735	1774327	21.56
2020-2022	57	0.01510	0.01499	0.5	81176	1217	80568	1692591	20.85
2020-2022	58	0.01550	0.01538	0.5	79960	1230	79345	1612023	20.16
2020-2022	59	0.01678	0.01664	0.5	78730	1310	78075	1532679	19.47
2020-2022	60	0.01833	0.01817	0.5	77420	1407	76717	1454603	18.79
2020-2022	61	0.01926	0.01907	0.5	76014	1450	75289	1377887	18.13
2020-2022	62	0.02104	0.02082	0.5	74564	1552	73787	1302598	17.47
2020-2022	63	0.02352	0.02324	0.5	73011	1697	72163	1228810	16.83
2020-2022	64	0.02502	0.02471	0.5	71314	1762	70433	1156648	16.22
2020-2022	65	0.02554	0.02521	0.5	69552	1754	68675	1086215	15.62
2020-2022	66	0.02745	0.02708	0.5	67798	1836	66880	1017539	15.01
2020-2022	67	0.02995	0.02951	0.5	65962	1946	64989	950659	14.41
2020-2022	68	0.03020	0.02975	0.5	64016	1905	63063	885670	13.84
2020-2022	69	0.03112	0.03064	0.5	62111	1903	61160	822607	13.24
2020-2022	70	0.03621	0.03557	0.5	60208	2141	59137	761447	12.65
2020-2022	71	0.03657	0.03591	0.5	58067	2085	57024	702310	12.09
2020-2022	72	0.03920	0.03845	0.5	55981	2152	54905	645286	11.53
2020-2022	73	0.04320	0.04229	0.5	53829	2276	52691	590381	10.97
2020-2022	74	0.04542	0.04441	0.5	51553	2289	50408	537690	10.43
2020-2022	75	0.04843	0.04729	0.5	49263	2330	48099	487281	9.89
2020-2022	76	0.05441	0.05297	0.5	46934	2486	45691	439183	9.36
2020-2022	77	0.06160	0.05976	0.5	44448	2656	43120	393492	8.85
2020-2022	78	0.06695	0.06479	0.5	41791	2708	40438	350372	8.38
2020-2022	79	0.07077	0.06835	0.5	39084	2672	37748	309934	7.93
2020-2022	80	0.07423	0.07158	0.5	36412	2606	35109	272186	7.48
2020-2022	81	0.08232	0.07907	0.5	33806	2673	32470	237077	7.01
2020-2022	82	0.09001	0.08613	0.5	31133	2682	29792	204607	6.57
2020-2022	83	0.10130	0.09642	0.5	28451	2743	27080	174815	6.14
2020-2022	84	0.11107	0.10522	0.5	25708	2705	24356	147735	5.75
2020-2022	85	0.12347	0.11629	0.5	23003	2675	21666	123379	5.36
2020-2022	86	0.13705	0.12826	0.5	20328	2607	19024	101714	5.00
2020-2022	87	0.15186	0.14114	0.5	17721	2501	16470	82689	4.67
2020-2022	88	0.16796	0.15494	0.5	15220	2358	14041	66219	4.35
2020-2022	89	0.18539	0.16966	0.5	12862	2182	11770	52178	4.06
2020-2022	90	0.20419	0.18527	0.5	10679	1979	9690	40408	3.78
2020-2022	91	0.22436	0.20173	0.5	8701	1755	7823	30718	3.53
2020-2022	92	0.24592	0.21899	0.5	6946	1521	6185	22895	3.30
2020-2022	93	0.26883	0.23698	0.5	5425	1285	4782	16710	3.08
2020-2022	94	0.29305	0.25560	0.5	4139	1058	3610	11928	2.88
2020-2022	95	0.31849	0.27474	0.5	3081	847	2658	8318	2.70
2020-2022	96	0.34507	0.29429	0.5	2235	658	1906	5660	2.53
2020-2022	97	0.37265	0.31412	0.5	1577	495	1329	3754	2.38
2020-2022	98	0.40109	0.33409	0.5	1082	361	901	2425	2.24
2020-2022	99	0.43021	0.35405	0.5	720	255	593	1524	2.12
2020-2022	100	0.45982	0.37386	0.5	465	174	378	931	2.00
2020-2022	101	0.48971	0.39339	0.5	291	115	234	553	1.90
2020-2022	102	0.51968	0.41250	0.5	177	73	140	319	1.80
2020-2022	103	0.54951	0.43107	0.5	104	45	81	179	1.72
2020-2022	104	0.57899	0.44900	0.5	59	27	46	97	1.64
2020-2022	105	0.60791	0.46621	0.5	33	15	25	51	1.58
2020-2022	106	0.63610	0.48261	0.5	17	8	13	26	1.51
2020-2022	107	0.66338	0.49815	0.5	9	4	7	13	1.46
2020-2022	108	0.68961	0.51280	0.5	5	2	3	6	1.41
2020-2022	109	0.71468	0.52653	0.5	2	1	2	3	1.38
2020-2022	110+	0.73850	1.00000	1.35	1	1	1	1	1.35
