ID: ID, Lifetables (period 5x5), Females Last modified: February 4 2025, MPv5 (May07) 

Year     	Age	mx	qx	ax	lx	dx	Lx	Tx	ex
1941-1944	0	0.03088	0.03008	0.14	100000	3008	97412	6977791	69.78
1941-1944	1-4	0.00191	0.00761	1.52	96992	738	386136	6880379	70.94
1941-1944	5-9	0.00090	0.00448	2.3	96254	431	480110	6494242	67.47
1941-1944	10-14	0.00075	0.00377	2.66	95823	361	478272	6014132	62.76
1941-1944	15-19	0.00130	0.00649	2.62	95462	620	475837	5535860	57.99
1941-1944	20-24	0.00143	0.00714	2.5	94842	677	472524	5060023	53.35
1941-1944	25-29	0.00158	0.00786	2.57	94166	740	469033	4587499	48.72
1941-1944	30-34	0.00208	0.01034	2.61	93425	966	464817	4118467	44.08
1941-1944	35-39	0.00271	0.01347	2.61	92459	1245	459313	3653650	39.52
1941-1944	40-44	0.00345	0.01711	2.57	91214	1560	452274	3194336	35.02
1941-1944	45-49	0.00465	0.02303	2.68	89653	2064	443486	2742063	30.59
1941-1944	50-54	0.00778	0.03817	2.63	87589	3344	430026	2298576	26.24
1941-1944	55-59	0.00979	0.04781	2.6	84245	4028	411568	1868551	22.18
1941-1944	60-64	0.01651	0.07955	2.71	80217	6381	386450	1456983	18.16
1941-1944	65-69	0.02876	0.13466	2.64	73836	9943	345690	1070532	14.50
1941-1944	70-74	0.04522	0.20394	2.6	63894	13031	288178	724842	11.34
1941-1944	75-79	0.07495	0.31712	2.58	50863	16130	215218	436664	8.59
1941-1944	80-84	0.11842	0.45462	2.45	34733	15790	133340	221446	6.38
1941-1944	85-89	0.18371	0.61382	2.3	18943	11627	63292	88106	4.65
1941-1944	90-94	0.27278	0.76122	2.1	7315	5569	20414	24814	3.39
1941-1944	95-99	0.38386	0.87034	1.86	1747	1520	3960	4400	2.52
1941-1944	100-104	0.50853	0.93515	1.62	226	212	416	440	1.94
1941-1944	105-109	0.63298	0.96761	1.41	15	14	22	23	1.57
1941-1944	110+	0.72835	1.00000	1.37	0	0	1	1	1.37
1945-1949	0	0.02826	0.02759	0.13	100000	2759	97606	7171829	71.72
1945-1949	1-4	0.00161	0.00640	1.46	97241	622	387386	7074224	72.75
1945-1949	5-9	0.00070	0.00351	2.39	96619	339	482211	6686837	69.21
1945-1949	10-14	0.00073	0.00363	2.7	96280	350	480595	6204626	64.44
1945-1949	15-19	0.00120	0.00600	2.56	95930	576	478246	5724032	59.67
1945-1949	20-24	0.00110	0.00547	2.49	95354	521	475461	5245785	55.01
1945-1949	25-29	0.00125	0.00621	2.51	94833	589	472702	4770324	50.30
1945-1949	30-34	0.00128	0.00640	2.63	94244	604	469793	4297622	45.60
1945-1949	35-39	0.00217	0.01078	2.65	93641	1009	465829	3827829	40.88
1945-1949	40-44	0.00281	0.01398	2.64	92632	1295	460107	3362000	36.29
1945-1949	45-49	0.00441	0.02185	2.66	91337	1995	452024	2901893	31.77
1945-1949	50-54	0.00643	0.03165	2.62	89342	2828	439965	2449869	27.42
1945-1949	55-59	0.00921	0.04505	2.63	86514	3897	423345	2009903	23.23
1945-1949	60-64	0.01332	0.06458	2.65	82616	5335	400563	1586558	19.20
1945-1949	65-69	0.02356	0.11167	2.67	77281	8630	366321	1185995	15.35
1945-1949	70-74	0.04049	0.18485	2.65	68651	12690	313413	819674	11.94
1945-1949	75-79	0.06933	0.29618	2.54	55961	16574	239066	506261	9.05
1945-1949	80-84	0.10444	0.41418	2.5	39387	16313	156193	267194	6.78
1945-1949	85-89	0.17280	0.59222	2.34	23074	13665	79077	111001	4.81
1945-1949	90-94	0.27081	0.76060	2.12	9409	7157	26426	31924	3.39
1945-1949	95-99	0.39646	0.88079	1.85	2252	1984	5004	5498	2.44
1945-1949	100-104	0.53761	0.94590	1.57	269	254	472	494	1.84
1945-1949	105-109	0.67432	0.97479	1.35	15	14	21	21	1.48
1945-1949	110+	0.77465	1.00000	1.29	0	0	0	0	1.29
1950-1954	0	0.02196	0.02154	0.11	100000	2154	98092	7349809	73.50
1950-1954	1-4	0.00117	0.00466	1.52	97846	456	390254	7251717	74.11
1950-1954	5-9	0.00053	0.00265	2.44	97390	258	486289	6861462	70.45
1950-1954	10-14	0.00056	0.00278	2.67	97131	270	485028	6375174	65.63
1950-1954	15-19	0.00093	0.00463	2.63	96861	448	483241	5890146	60.81
1950-1954	20-24	0.00103	0.00511	2.52	96413	493	480839	5406904	56.08
1950-1954	25-29	0.00112	0.00558	2.52	95920	535	478271	4926065	51.36
1950-1954	30-34	0.00122	0.00609	2.58	95384	581	475519	4447795	46.63
1950-1954	35-39	0.00169	0.00842	2.65	94804	798	472148	3972276	41.90
1950-1954	40-44	0.00244	0.01214	2.61	94006	1141	467298	3500127	37.23
1950-1954	45-49	0.00335	0.01664	2.69	92865	1545	460759	3032829	32.66
1950-1954	50-54	0.00574	0.02832	2.68	91320	2586	450589	2572069	28.17
1950-1954	55-59	0.00840	0.04117	2.62	88734	3653	434974	2121481	23.91
1950-1954	60-64	0.01291	0.06265	2.68	85081	5330	413025	1686507	19.82
1950-1954	65-69	0.02099	0.10004	2.67	79751	7979	380177	1273482	15.97
1950-1954	70-74	0.03696	0.17001	2.64	71772	12202	330122	893304	12.45
1950-1954	75-79	0.06354	0.27530	2.58	59570	16399	258085	563182	9.45
1950-1954	80-84	0.09822	0.39473	2.51	43170	17041	173497	305097	7.07
1950-1954	85-89	0.16249	0.56894	2.37	26130	14866	91489	131600	5.04
1950-1954	90-94	0.25545	0.73936	2.15	11263	8328	32600	40111	3.56
1950-1954	95-99	0.37632	0.86643	1.89	2936	2544	6759	7511	2.56
1950-1954	100-104	0.51477	0.93840	1.61	392	368	715	752	1.92
1950-1954	105-109	0.65217	0.97142	1.39	24	23	36	37	1.53
1950-1954	110+	0.75511	1.00000	1.32	1	1	1	1	1.32
1955-1959	0	0.01883	0.01852	0.11	100000	1852	98344	7475982	74.76
1955-1959	1-4	0.00104	0.00416	1.68	98148	408	391647	7377638	75.17
1955-1959	5-9	0.00048	0.00238	2.31	97740	232	488074	6985991	71.48
1955-1959	10-14	0.00040	0.00201	2.63	97508	196	487075	6497918	66.64
1955-1959	15-19	0.00076	0.00382	2.71	97312	371	485707	6010843	61.77
1955-1959	20-24	0.00081	0.00406	2.41	96940	394	483684	5525136	57.00
1955-1959	25-29	0.00082	0.00411	2.55	96547	397	481760	5041452	52.22
1955-1959	30-34	0.00114	0.00567	2.49	96150	545	479377	4559692	47.42
1955-1959	35-39	0.00140	0.00699	2.72	95604	668	476501	4080315	42.68
1955-1959	40-44	0.00263	0.01306	2.7	94936	1240	471825	3603814	37.96
1955-1959	45-49	0.00354	0.01753	2.6	93696	1643	464535	3131989	33.43
1955-1959	50-54	0.00486	0.02400	2.56	92054	2209	454887	2667455	28.98
1955-1959	55-59	0.00717	0.03526	2.71	89844	3168	441975	2212567	24.63
1955-1959	60-64	0.01173	0.05709	2.65	86676	4949	421751	1770592	20.43
1955-1959	65-69	0.01993	0.09522	2.66	81728	7782	390416	1348841	16.50
1955-1959	70-74	0.03268	0.15187	2.68	73945	11230	343691	958426	12.96
1955-1959	75-79	0.05885	0.25793	2.61	62715	16176	274855	614735	9.80
1955-1959	80-84	0.09445	0.38245	2.51	46539	17799	188451	339880	7.30
1955-1959	85-89	0.15365	0.54763	2.38	28740	15739	102438	151429	5.27
1955-1959	90-94	0.23893	0.71405	2.18	13001	9284	38854	48991	3.77
1955-1959	95-99	0.35067	0.84526	1.94	3718	3142	8961	10137	2.73
1955-1959	100-104	0.48127	0.92523	1.67	575	532	1106	1176	2.04
1955-1959	105-109	0.61533	0.96464	1.44	43	41	67	70	1.62
1955-1959	110+	0.71907	1.00000	1.39	2	2	2	2	1.39
1960-1964	0	0.01941	0.01908	0.11	100000	1908	98297	7543785	75.44
1960-1964	1-4	0.00099	0.00394	1.45	98092	386	391383	7445489	75.90
1960-1964	5-9	0.00040	0.00199	2.35	97705	195	488012	7054106	72.20
1960-1964	10-14	0.00033	0.00162	2.47	97511	158	487153	6566094	67.34
1960-1964	15-19	0.00081	0.00405	2.75	97352	394	485876	6078941	62.44
1960-1964	20-24	0.00089	0.00445	2.34	96958	431	483644	5593065	57.69
1960-1964	25-29	0.00087	0.00433	2.58	96527	418	481623	5109422	52.93
1960-1964	30-34	0.00084	0.00421	2.63	96109	405	479585	4627799	48.15
1960-1964	35-39	0.00149	0.00743	2.67	95704	711	476863	4148213	43.34
1960-1964	40-44	0.00199	0.00991	2.69	94993	942	472793	3671350	38.65
1960-1964	45-49	0.00330	0.01637	2.66	94051	1539	466652	3198557	34.01
1960-1964	50-54	0.00494	0.02442	2.7	92512	2259	457356	2731905	29.53
1960-1964	55-59	0.00750	0.03688	2.73	90253	3328	443715	2274548	25.20
1960-1964	60-64	0.01105	0.05386	2.63	86925	4682	423511	1830833	21.06
1960-1964	65-69	0.01771	0.08508	2.69	82243	6997	395027	1407322	17.11
1960-1964	70-74	0.03000	0.14022	2.67	75247	10551	351684	1012295	13.45
1960-1964	75-79	0.05131	0.22835	2.59	64696	14774	287918	660611	10.21
1960-1964	80-84	0.09157	0.37307	2.52	49922	18625	203385	372694	7.47
1960-1964	85-89	0.14840	0.53473	2.39	31298	16736	112772	169309	5.41
1960-1964	90-94	0.23042	0.70031	2.2	14562	10198	44258	56538	3.88
1960-1964	95-99	0.33849	0.83425	1.96	4364	3641	10756	12279	2.81
1960-1964	100-104	0.46608	0.91846	1.7	723	664	1425	1523	2.11
1960-1964	105-109	0.59899	0.96118	1.47	59	57	95	98	1.66
1960-1964	110+	0.70313	1.00000	1.42	2	2	3	3	1.42
1965-1969	0	0.01769	0.01741	0.1	100000	1741	98438	7585590	75.86
1965-1969	1-4	0.00085	0.00338	1.49	98259	332	392202	7487152	76.20
1965-1969	5-9	0.00033	0.00166	2.49	97927	162	489227	7094951	72.45
1965-1969	10-14	0.00035	0.00172	2.74	97765	169	488442	6605724	67.57
1965-1969	15-19	0.00067	0.00335	2.75	97596	326	487245	6117282	62.68
1965-1969	20-24	0.00074	0.00369	2.47	97270	359	485441	5630036	57.88
1965-1969	25-29	0.00074	0.00370	2.59	96911	358	483689	5144595	53.09
1965-1969	30-34	0.00120	0.00598	2.76	96552	577	481471	4660906	48.27
1965-1969	35-39	0.00149	0.00745	2.75	95975	715	478262	4179436	43.55
1965-1969	40-44	0.00238	0.01182	2.59	95260	1126	473592	3701173	38.85
1965-1969	45-49	0.00340	0.01688	2.65	94134	1589	466934	3227582	34.29
1965-1969	50-54	0.00507	0.02507	2.69	92545	2320	457372	2760648	29.83
1965-1969	55-59	0.00755	0.03710	2.69	90225	3347	443389	2303277	25.53
1965-1969	60-64	0.00991	0.04844	2.64	86878	4208	424461	1859887	21.41
1965-1969	65-69	0.01774	0.08528	2.74	82670	7050	397418	1435426	17.36
1965-1969	70-74	0.02855	0.13365	2.62	75620	10107	353998	1038009	13.73
1965-1969	75-79	0.04958	0.22121	2.57	65513	14492	292301	684011	10.44
1965-1969	80-84	0.08637	0.35614	2.54	51021	18171	210371	391710	7.68
1965-1969	85-89	0.14319	0.52211	2.41	32851	17152	119784	181339	5.52
1965-1969	90-94	0.22683	0.69503	2.21	15699	10911	48102	61555	3.92
1965-1969	95-99	0.33859	0.83496	1.97	4788	3998	11807	13453	2.81
1965-1969	100-104	0.47132	0.92125	1.69	790	728	1544	1646	2.08
1965-1969	105-109	0.60909	0.96355	1.45	62	60	98	102	1.63
1965-1969	110+	0.71611	1.00000	1.4	2	2	3	3	1.40
1970-1974	0	0.01432	0.01414	0.09	100000	1414	98718	7676596	76.77
1970-1974	1-4	0.00074	0.00295	1.62	98586	291	393654	7577878	76.87
1970-1974	5-9	0.00045	0.00226	2.24	98295	223	490862	7184224	73.09
1970-1974	10-14	0.00034	0.00169	2.53	98073	165	489955	6693362	68.25
1970-1974	15-19	0.00069	0.00346	2.53	97907	339	488701	6203407	63.36
1970-1974	20-24	0.00083	0.00412	2.68	97569	402	486911	5714705	58.57
1970-1974	25-29	0.00090	0.00447	2.39	97167	434	484703	5227794	53.80
1970-1974	30-34	0.00101	0.00502	2.65	96733	485	482522	4743092	49.03
1970-1974	35-39	0.00140	0.00699	2.51	96247	673	479561	4260570	44.27
1970-1974	40-44	0.00204	0.01017	2.54	95575	972	475479	3781009	39.56
1970-1974	45-49	0.00324	0.01607	2.7	94603	1521	469520	3305530	34.94
1970-1974	50-54	0.00498	0.02461	2.79	93082	2291	460348	2836010	30.47
1970-1974	55-59	0.00760	0.03732	2.66	90791	3388	446014	2375662	26.17
1970-1974	60-64	0.01028	0.05020	2.65	87403	4388	426705	1929648	22.08
1970-1974	65-69	0.01617	0.07782	2.59	83015	6460	399535	1502943	18.10
1970-1974	70-74	0.02632	0.12390	2.63	76555	9485	360323	1103409	14.41
1970-1974	75-79	0.04607	0.20766	2.63	67070	13928	302285	743086	11.08
1970-1974	80-84	0.07519	0.31784	2.57	53142	16891	224647	440801	8.29
1970-1974	85-89	0.12734	0.48057	2.45	36251	17421	136811	216154	5.96
1970-1974	90-94	0.20635	0.65960	2.27	18830	12420	60190	79343	4.21
1970-1974	95-99	0.31509	0.81244	2.02	6410	5208	16527	19152	2.99
1970-1974	100-104	0.44796	0.91057	1.74	1202	1095	2444	2625	2.18
1970-1974	105-109	0.58941	0.95948	1.49	108	103	175	181	1.69
1970-1974	110+	0.70091	1.00000	1.43	4	4	6	6	1.43
1975-1979	0	0.01062	0.01052	0.08	100000	1052	99035	7837517	78.38
1975-1979	1-4	0.00064	0.00255	1.47	98948	252	395152	7738482	78.21
1975-1979	5-9	0.00028	0.00140	2.5	98695	138	493131	7343330	74.40
1975-1979	10-14	0.00028	0.00142	2.86	98557	140	492488	6850198	69.50
1975-1979	15-19	0.00071	0.00352	2.59	98417	347	491250	6357711	64.60
1975-1979	20-24	0.00073	0.00363	2.43	98071	356	489439	5866460	59.82
1975-1979	25-29	0.00070	0.00348	2.49	97715	340	487723	5377021	55.03
1975-1979	30-34	0.00093	0.00462	2.6	97375	450	485795	4889298	50.21
1975-1979	35-39	0.00134	0.00669	2.65	96925	648	483103	4403503	45.43
1975-1979	40-44	0.00191	0.00949	2.6	96277	914	479190	3920400	40.72
1975-1979	45-49	0.00276	0.01370	2.61	95363	1307	473688	3441210	36.09
1975-1979	50-54	0.00407	0.02017	2.72	94056	1897	465963	2967522	31.55
1975-1979	55-59	0.00723	0.03555	2.6	92159	3276	452916	2501559	27.14
1975-1979	60-64	0.00993	0.04852	2.69	88883	4313	434461	2048643	23.05
1975-1979	65-69	0.01483	0.07170	2.68	84570	6063	408789	1614181	19.09
1975-1979	70-74	0.02415	0.11430	2.66	78507	8973	371506	1205393	15.35
1975-1979	75-79	0.03801	0.17457	2.67	69533	12138	319327	833887	11.99
1975-1979	80-84	0.06609	0.28497	2.59	57395	16356	247497	514560	8.97
1975-1979	85-89	0.11198	0.43673	2.48	41039	17923	160049	267064	6.51
1975-1979	90-94	0.18251	0.61266	2.32	23116	14162	77599	107014	4.63
1975-1979	95-99	0.28185	0.77439	2.09	8954	6934	24601	29416	3.29
1975-1979	100-104	0.40719	0.88745	1.82	2020	1793	4403	4815	2.38
1975-1979	105-109	0.54618	0.94827	1.56	227	216	395	413	1.81
1975-1979	110+	0.65923	1.00000	1.52	12	12	18	18	1.52
1980-1984	0	0.00766	0.00761	0.07	100000	761	99296	7926132	79.26
1980-1984	1-4	0.00057	0.00229	1.53	99239	228	396393	7826836	78.87
1980-1984	5-9	0.00023	0.00117	2.8	99011	116	494800	7430443	75.05
1980-1984	10-14	0.00038	0.00191	2.59	98895	189	494020	6935642	70.13
1980-1984	15-19	0.00050	0.00250	2.44	98706	247	492900	6441622	65.26
1980-1984	20-24	0.00064	0.00317	2.27	98459	312	491445	5948722	60.42
1980-1984	25-29	0.00061	0.00303	2.51	98147	297	489995	5457277	55.60
1980-1984	30-34	0.00077	0.00383	2.73	97850	375	488401	4967281	50.76
1980-1984	35-39	0.00099	0.00495	2.72	97475	482	486278	4478881	45.95
1980-1984	40-44	0.00151	0.00750	2.49	96993	728	483142	3992603	41.16
1980-1984	45-49	0.00260	0.01294	2.75	96265	1245	478525	3509461	36.46
1980-1984	50-54	0.00382	0.01896	2.7	95020	1801	470960	3030936	31.90
1980-1984	55-59	0.00601	0.02963	2.75	93219	2762	459891	2559976	27.46
1980-1984	60-64	0.00951	0.04654	2.71	90456	4210	442631	2100085	23.22
1980-1984	65-69	0.01574	0.07591	2.68	86246	6547	416015	1657454	19.22
1980-1984	70-74	0.02268	0.10773	2.69	79699	8586	378637	1241439	15.58
1980-1984	75-79	0.03747	0.17213	2.64	71113	12240	326664	862802	12.13
1980-1984	80-84	0.06281	0.27300	2.6	58873	16072	255868	536138	9.11
1980-1984	85-89	0.10949	0.42971	2.5	42801	18392	167973	280270	6.55
1980-1984	90-94	0.18291	0.61417	2.33	24409	14991	81961	112297	4.60
1980-1984	95-99	0.28786	0.78257	2.08	9418	7370	25602	30336	3.22
1980-1984	100-104	0.42078	0.89636	1.8	2048	1835	4362	4733	2.31
1980-1984	105-109	0.56677	0.95427	1.52	212	203	357	372	1.75
1980-1984	110+	0.68387	1.00000	1.46	10	10	14	14	1.46
1985-1989	0	0.00880	0.00873	0.08	100000	873	99195	7962049	79.62
1985-1989	1-4	0.00050	0.00199	1.21	99127	198	395958	7862854	79.32
1985-1989	5-9	0.00018	0.00091	2.48	98929	90	494421	7466896	75.48
1985-1989	10-14	0.00021	0.00103	3.18	98840	101	494013	6972474	70.54
1985-1989	15-19	0.00061	0.00304	2.65	98738	300	492986	6478461	65.61
1985-1989	20-24	0.00067	0.00332	2.43	98438	327	491349	5985475	60.80
1985-1989	25-29	0.00060	0.00297	2.63	98111	292	489864	5494125	56.00
1985-1989	30-34	0.00060	0.00297	2.47	97819	291	488363	5004261	51.16
1985-1989	35-39	0.00090	0.00447	2.56	97529	436	486580	4515899	46.30
1985-1989	40-44	0.00145	0.00723	2.72	97092	702	483865	4029319	41.50
1985-1989	45-49	0.00227	0.01128	2.74	96391	1088	479498	3545454	36.78
1985-1989	50-54	0.00361	0.01788	2.65	95303	1704	472512	3065956	32.17
1985-1989	55-59	0.00579	0.02858	2.65	93599	2675	461715	2593444	27.71
1985-1989	60-64	0.00906	0.04434	2.66	90924	4032	445165	2131729	23.45
1985-1989	65-69	0.01507	0.07279	2.68	86892	6324	419795	1686564	19.41
1985-1989	70-74	0.02279	0.10827	2.7	80568	8723	382742	1266769	15.72
1985-1989	75-79	0.03609	0.16624	2.64	71845	11943	330979	884026	12.30
1985-1989	80-84	0.06104	0.26636	2.61	59901	15956	261381	553047	9.23
1985-1989	85-89	0.10700	0.42224	2.5	43946	18556	173425	291666	6.64
1985-1989	90-94	0.17974	0.60764	2.33	25390	15428	85835	118241	4.66
1985-1989	95-99	0.28439	0.77848	2.09	9962	7755	27270	32406	3.25
1985-1989	100-104	0.41763	0.89461	1.81	2207	1974	4727	5136	2.33
1985-1989	105-109	0.56455	0.95376	1.53	233	222	393	409	1.76
1985-1989	110+	0.68263	1.00000	1.46	11	11	16	16	1.46
1990-1994	0	0.00741	0.00736	0.07	100000	736	99318	8017140	80.17
1990-1994	1-4	0.00038	0.00153	1.47	99264	151	396672	7917822	79.77
1990-1994	5-9	0.00016	0.00081	2.14	99112	80	495333	7521150	75.89
1990-1994	10-14	0.00027	0.00136	3.09	99032	135	494904	7025817	70.94
1990-1994	15-19	0.00056	0.00277	2.21	98897	274	493723	6530913	66.04
1990-1994	20-24	0.00047	0.00235	2.43	98623	232	492522	6037191	61.21
1990-1994	25-29	0.00056	0.00280	2.23	98392	276	491193	5544669	56.35
1990-1994	30-34	0.00069	0.00345	2.51	98116	338	489738	5053476	51.51
1990-1994	35-39	0.00095	0.00476	2.66	97778	465	487797	4563739	46.67
1990-1994	40-44	0.00127	0.00632	2.67	97312	615	485131	4075941	41.89
1990-1994	45-49	0.00215	0.01069	2.7	96697	1034	481113	3590811	37.13
1990-1994	50-54	0.00340	0.01685	2.66	95663	1612	474548	3109697	32.51
1990-1994	55-59	0.00564	0.02786	2.72	94051	2620	464286	2635150	28.02
1990-1994	60-64	0.00877	0.04296	2.68	91431	3928	448051	2170864	23.74
1990-1994	65-69	0.01405	0.06797	2.62	87503	5948	423351	1722812	19.69
1990-1994	70-74	0.02295	0.10905	2.72	81555	8893	387475	1299461	15.93
1990-1994	75-79	0.03487	0.16094	2.61	72662	11694	335359	911986	12.55
1990-1994	80-84	0.05769	0.25366	2.62	60968	15465	268089	576627	9.46
1990-1994	85-89	0.10273	0.40936	2.52	45503	18627	181313	308538	6.78
1990-1994	90-94	0.17520	0.59826	2.35	26876	16079	91773	127225	4.73
1990-1994	95-99	0.28086	0.77453	2.11	10797	8363	29776	35452	3.28
1990-1994	100-104	0.41659	0.89434	1.81	2434	2177	5226	5676	2.33
1990-1994	105-109	0.56676	0.95452	1.53	257	246	433	450	1.75
1990-1994	110+	0.68728	1.00000	1.46	12	12	17	17	1.46
1995-1999	0	0.00600	0.00596	0.07	100000	596	99445	8048873	80.49
1995-1999	1-4	0.00034	0.00138	1.48	99404	137	397270	7949428	79.97
1995-1999	5-9	0.00023	0.00116	2.59	99267	115	496057	7552158	76.08
1995-1999	10-14	0.00026	0.00128	3.01	99152	127	495506	7056101	71.16
1995-1999	15-19	0.00056	0.00282	2.34	99025	279	494381	6560594	66.25
1995-1999	20-24	0.00046	0.00230	2.54	98746	228	493170	6066214	61.43
1995-1999	25-29	0.00042	0.00212	2.81	98518	209	492135	5573043	56.57
1995-1999	30-34	0.00065	0.00324	2.57	98309	318	490773	5080909	51.68
1995-1999	35-39	0.00096	0.00480	2.52	97991	470	488786	4590136	46.84
1995-1999	40-44	0.00122	0.00607	2.49	97521	592	486115	4101350	42.06
1995-1999	45-49	0.00187	0.00933	2.66	96929	904	482529	3615234	37.30
1995-1999	50-54	0.00316	0.01569	2.67	96025	1507	476619	3132705	32.62
1995-1999	55-59	0.00565	0.02788	2.74	94518	2635	466627	2656086	28.10
1995-1999	60-64	0.00908	0.04447	2.71	91883	4086	450058	2189459	23.83
1995-1999	65-69	0.01433	0.06931	2.63	87797	6086	424582	1739402	19.81
1995-1999	70-74	0.02152	0.10240	2.65	81712	8367	388870	1314820	16.09
1995-1999	75-79	0.03438	0.15879	2.6	73345	11646	338758	925949	12.62
1995-1999	80-84	0.05551	0.24541	2.64	61699	15142	272772	587191	9.52
1995-1999	85-89	0.10189	0.40713	2.53	46557	18955	186025	314419	6.75
1995-1999	90-94	0.17828	0.60560	2.35	27602	16716	93763	128394	4.65
1995-1999	95-99	0.29107	0.78786	2.09	10886	8577	29467	34631	3.18
1995-1999	100-104	0.43583	0.90587	1.77	2309	2092	4800	5164	2.24
1995-1999	105-109	0.59330	0.96115	1.48	217	209	352	364	1.67
1995-1999	110+	0.71683	1.00000	1.4	8	8	12	12	1.40
2000-2004	0	0.00597	0.00594	0.07	100000	594	99448	8057429	80.57
2000-2004	1-4	0.00030	0.00118	1.57	99406	118	397339	7957981	80.05
2000-2004	5-9	0.00013	0.00065	2.11	99289	65	496257	7560641	76.15
2000-2004	10-14	0.00020	0.00098	2.8	99224	97	495907	7064384	71.20
2000-2004	15-19	0.00038	0.00192	2.55	99127	190	495170	6568476	66.26
2000-2004	20-24	0.00046	0.00227	2.4	98937	225	494098	6073307	61.39
2000-2004	25-29	0.00054	0.00269	2.27	98712	265	492834	5579208	56.52
2000-2004	30-34	0.00063	0.00312	2.61	98447	308	491497	5086374	51.67
2000-2004	35-39	0.00091	0.00453	2.8	98139	444	489718	4594877	46.82
2000-2004	40-44	0.00155	0.00774	2.71	97695	756	486743	4105159	42.02
2000-2004	45-49	0.00222	0.01105	2.72	96939	1071	482248	3618416	37.33
2000-2004	50-54	0.00314	0.01560	2.74	95867	1496	475963	3136167	32.71
2000-2004	55-59	0.00502	0.02482	2.7	94372	2342	466461	2660204	28.19
2000-2004	60-64	0.00869	0.04259	2.7	92029	3920	451128	2193743	23.84
2000-2004	65-69	0.01300	0.06304	2.59	88109	5555	427144	1742616	19.78
2000-2004	70-74	0.02182	0.10373	2.62	82555	8564	392397	1315472	15.93
2000-2004	75-79	0.03466	0.15992	2.58	73991	11833	341376	923075	12.48
2000-2004	80-84	0.05663	0.24981	2.64	62158	15528	274209	581699	9.36
2000-2004	85-89	0.10521	0.41756	2.53	46630	19471	185074	307489	6.59
2000-2004	90-94	0.18564	0.62138	2.34	27159	16876	90909	122415	4.51
2000-2004	95-99	0.30416	0.80323	2.06	10283	8260	27155	31506	3.06
2000-2004	100-104	0.45467	0.91567	1.74	2023	1853	4075	4351	2.15
2000-2004	105-109	0.61515	0.96577	1.45	171	165	268	276	1.62
2000-2004	110+	0.73841	1.00000	1.35	6	6	8	8	1.35
2005-2009	0	0.00575	0.00572	0.07	100000	572	99468	8114833	81.15
2005-2009	1-4	0.00030	0.00120	1.65	99428	120	397432	8015365	80.61
2005-2009	5-9	0.00014	0.00069	2.62	99308	68	496379	7617933	76.71
2005-2009	10-14	0.00014	0.00068	2.48	99240	68	496030	7121554	71.76
2005-2009	15-19	0.00041	0.00203	2.65	99172	202	495388	6625524	66.81
2005-2009	20-24	0.00044	0.00219	2.42	98971	217	494294	6130136	61.94
2005-2009	25-29	0.00048	0.00241	2.43	98754	238	493154	5635842	57.07
2005-2009	30-34	0.00074	0.00368	2.64	98515	363	491720	5142688	52.20
2005-2009	35-39	0.00104	0.00517	2.73	98153	508	489611	4650968	47.39
2005-2009	40-44	0.00159	0.00794	2.77	97645	775	486495	4161357	42.62
2005-2009	45-49	0.00224	0.01115	2.61	96870	1080	481764	3674863	37.94
2005-2009	50-54	0.00325	0.01610	2.6	95790	1542	475253	3193099	33.33
2005-2009	55-59	0.00463	0.02288	2.6	94247	2157	466061	2717846	28.84
2005-2009	60-64	0.00720	0.03540	2.64	92091	3260	452771	2251785	24.45
2005-2009	65-69	0.01183	0.05753	2.65	88831	5111	432163	1799014	20.25
2005-2009	70-74	0.01980	0.09455	2.62	83720	7916	399739	1366851	16.33
2005-2009	75-79	0.03399	0.15728	2.63	75805	11922	350758	967112	12.76
2005-2009	80-84	0.05348	0.23755	2.65	63882	15175	283756	616355	9.65
2005-2009	85-89	0.09948	0.39973	2.54	48707	19470	195705	332599	6.83
2005-2009	90-94	0.17620	0.60143	2.36	29238	17585	99797	136893	4.68
2005-2009	95-99	0.29056	0.78762	2.09	11653	9178	31589	37096	3.18
2005-2009	100-104	0.43802	0.90730	1.77	2475	2246	5126	5507	2.23
2005-2009	105-109	0.59827	0.96236	1.48	229	221	369	381	1.66
2005-2009	110+	0.72338	1.00000	1.38	9	9	12	12	1.38
2010-2014	0	0.00424	0.00422	0.06	100000	422	99605	8149790	81.50
2010-2014	1-4	0.00022	0.00088	1.68	99578	88	398108	8050184	80.84
2010-2014	5-9	0.00012	0.00060	2.44	99490	60	497296	7652077	76.91
2010-2014	10-14	0.00010	0.00051	2.69	99430	51	497031	7154781	71.96
2010-2014	15-19	0.00042	0.00211	3.03	99379	210	496480	6657750	66.99
2010-2014	20-24	0.00056	0.00280	2.61	99169	277	495180	6161270	62.13
2010-2014	25-29	0.00055	0.00274	2.79	98892	271	493858	5666089	57.30
2010-2014	30-34	0.00073	0.00365	2.65	98620	360	492256	5172232	52.45
2010-2014	35-39	0.00105	0.00525	2.81	98260	516	490174	4679976	47.63
2010-2014	40-44	0.00148	0.00738	2.6	97744	721	486988	4189802	42.86
2010-2014	45-49	0.00242	0.01205	2.63	97023	1169	482344	3702814	38.16
2010-2014	50-54	0.00330	0.01638	2.61	95854	1570	475513	3220470	33.60
2010-2014	55-59	0.00478	0.02361	2.6	94284	2226	466076	2744958	29.11
2010-2014	60-64	0.00703	0.03456	2.61	92058	3182	452700	2278882	24.75
2010-2014	65-69	0.01135	0.05526	2.66	88877	4912	432904	1826182	20.55
2010-2014	70-74	0.01897	0.09083	2.67	83965	7627	402070	1393278	16.59
2010-2014	75-79	0.03129	0.14586	2.68	76339	11135	355817	991208	12.98
2010-2014	80-84	0.05100	0.22790	2.67	65203	14860	291372	635391	9.74
2010-2014	85-89	0.09789	0.39506	2.56	50344	19889	203165	344019	6.83
2010-2014	90-94	0.17808	0.60622	2.37	30455	18462	103672	140854	4.62
2010-2014	95-99	0.29930	0.79867	2.08	11993	9578	32002	37182	3.10
2010-2014	100-104	0.45557	0.91671	1.74	2415	2213	4859	5180	2.15
2010-2014	105-109	0.62249	0.96743	1.44	201	195	313	321	1.60
2010-2014	110+	0.74952	1.00000	1.33	7	7	9	9	1.33
2015-2019	0	0.00472	0.00469	0.07	100000	469	99562	8155384	81.55
2015-2019	1-4	0.00019	0.00078	1.44	99531	77	397924	8055822	80.94
2015-2019	5-9	0.00012	0.00061	2.61	99453	61	497120	7657898	77.00
2015-2019	10-14	0.00017	0.00086	3.06	99392	86	496795	7160778	72.05
2015-2019	15-19	0.00031	0.00157	2.67	99306	156	496168	6663983	67.11
2015-2019	20-24	0.00049	0.00246	2.52	99150	244	495145	6167815	62.21
2015-2019	25-29	0.00054	0.00271	2.6	98906	268	493885	5672670	57.35
2015-2019	30-34	0.00075	0.00374	2.73	98638	369	492352	5178785	52.50
2015-2019	35-39	0.00117	0.00584	2.65	98269	574	489995	4686433	47.69
2015-2019	40-44	0.00146	0.00728	2.76	97694	711	486876	4196438	42.95
2015-2019	45-49	0.00220	0.01096	2.75	96983	1063	482523	3709562	38.25
2015-2019	50-54	0.00344	0.01706	2.64	95920	1636	475734	3227038	33.64
2015-2019	55-59	0.00508	0.02512	2.63	94284	2369	465808	2751304	29.18
2015-2019	60-64	0.00727	0.03573	2.62	91916	3284	451777	2285496	24.87
2015-2019	65-69	0.01044	0.05092	2.59	88632	4513	432272	1833719	20.69
2015-2019	70-74	0.01711	0.08223	2.64	84119	6917	404301	1401447	16.66
2015-2019	75-79	0.03114	0.14520	2.68	77202	11210	359986	997146	12.92
2015-2019	80-84	0.05335	0.23704	2.65	65992	15643	293217	637159	9.66
2015-2019	85-89	0.09936	0.39936	2.54	50349	20108	202362	343942	6.83
2015-2019	90-94	0.17618	0.60142	2.36	30242	18188	103233	141580	4.68
2015-2019	95-99	0.29076	0.78790	2.09	12054	9497	32663	38346	3.18
2015-2019	100-104	0.43854	0.90760	1.77	2557	2320	5291	5683	2.22
2015-2019	105-109	0.59906	0.96254	1.47	236	227	380	392	1.66
2015-2019	110+	0.72428	1.00000	1.38	9	9	12	12	1.38
2020-2022	0	0.00518	0.00515	0.07	100000	515	99520	8040856	80.41
2020-2022	1-4	0.00017	0.00067	1.42	99485	66	397769	7941336	79.82
2020-2022	5-9	0.00006	0.00032	2.57	99419	32	497016	7543567	75.88
2020-2022	10-14	0.00016	0.00079	2.99	99387	78	496777	7046551	70.90
2020-2022	15-19	0.00034	0.00171	2.28	99309	170	496079	6549774	65.95
2020-2022	20-24	0.00048	0.00242	2.44	99138	239	495079	6053695	61.06
2020-2022	25-29	0.00075	0.00376	2.22	98899	372	493460	5558617	56.21
2020-2022	30-34	0.00096	0.00477	2.76	98527	470	491583	5065156	51.41
2020-2022	35-39	0.00132	0.00659	2.4	98057	646	488605	4573573	46.64
2020-2022	40-44	0.00170	0.00848	2.64	97411	826	485106	4084968	41.94
2020-2022	45-49	0.00248	0.01232	2.7	96585	1190	480192	3599862	37.27
2020-2022	50-54	0.00356	0.01765	2.66	95395	1684	473039	3119670	32.70
2020-2022	55-59	0.00575	0.02835	2.6	93711	2657	462176	2646631	28.24
2020-2022	60-64	0.00850	0.04164	2.63	91054	3792	446275	2184455	23.99
2020-2022	65-69	0.01147	0.05582	2.63	87263	4871	424760	1738180	19.92
2020-2022	70-74	0.01951	0.09332	2.67	82391	7689	394030	1313420	15.94
2020-2022	75-79	0.03329	0.15461	2.7	74702	11550	346969	919390	12.31
2020-2022	80-84	0.05922	0.25989	2.65	63152	16413	277130	572421	9.06
2020-2022	85-89	0.11175	0.43762	2.52	46740	20454	183032	295291	6.32
2020-2022	90-94	0.19907	0.64862	2.31	26286	17049	85646	112258	4.27
2020-2022	95-99	0.32673	0.82719	2.02	9236	7640	23384	26612	2.88
2020-2022	100-104	0.48552	0.92953	1.68	1596	1484	3056	3228	2.02
2020-2022	105-109	0.64900	0.97183	1.4	112	109	168	173	1.53
2020-2022	110+	0.77007	1.00000	1.3	3	3	4	4	1.30
