OK: OK, Lifetables (period 5x5), Females Last modified: February 4 2025, MPv5 (May07) 

Year     	Age	mx	qx	ax	lx	dx	Lx	Tx	ex
1941-1944	0	0.04000	0.03870	0.16	100000	3870	96768	6902807	69.03
1941-1944	1-4	0.00277	0.01098	1.48	96130	1056	381853	6806039	70.80
1941-1944	5-9	0.00091	0.00456	2.26	95074	434	474179	6424186	67.57
1941-1944	10-14	0.00082	0.00409	2.68	94640	387	472301	5950007	62.87
1941-1944	15-19	0.00138	0.00688	2.65	94253	649	469745	5477706	58.12
1941-1944	20-24	0.00186	0.00925	2.61	93605	866	465958	5007960	53.50
1941-1944	25-29	0.00230	0.01143	2.52	92739	1060	461064	4542003	48.98
1941-1944	30-34	0.00248	0.01232	2.57	91679	1130	455647	4080939	44.51
1941-1944	35-39	0.00323	0.01600	2.61	90549	1449	449279	3625293	40.04
1941-1944	40-44	0.00409	0.02026	2.59	89100	1805	441153	3176013	35.65
1941-1944	45-49	0.00522	0.02577	2.58	87295	2250	431026	2734861	31.33
1941-1944	50-54	0.00721	0.03545	2.65	85046	3015	418137	2303834	27.09
1941-1944	55-59	0.01054	0.05140	2.6	82031	4217	400055	1885697	22.99
1941-1944	60-64	0.01522	0.07352	2.68	77814	5721	375772	1485642	19.09
1941-1944	65-69	0.02472	0.11678	2.64	72094	8419	340586	1109869	15.39
1941-1944	70-74	0.04064	0.18525	2.61	63675	11796	290226	769283	12.08
1941-1944	75-79	0.06448	0.27879	2.58	51879	14464	224329	479058	9.23
1941-1944	80-84	0.11271	0.43751	2.44	37416	16370	145236	254728	6.81
1941-1944	85-89	0.16290	0.56657	2.31	21046	11924	73198	109492	5.20
1941-1944	90-94	0.22825	0.69330	2.17	9122	6324	27707	36294	3.98
1941-1944	95-99	0.30946	0.80177	2	2798	2243	7249	8587	3.07
1941-1944	100-104	0.40408	0.88164	1.8	555	489	1210	1338	2.41
1941-1944	105-109	0.50650	0.93267	1.61	66	61	121	128	1.96
1941-1944	110+	0.59040	1.00000	1.69	4	4	7	7	1.69
1945-1949	0	0.02997	0.02922	0.14	100000	2922	97478	7189358	71.89
1945-1949	1-4	0.00175	0.00696	1.63	97078	675	386713	7091880	73.05
1945-1949	5-9	0.00078	0.00390	2.26	96403	376	480986	6705167	69.55
1945-1949	10-14	0.00062	0.00309	2.61	96027	297	479424	6224181	64.82
1945-1949	15-19	0.00102	0.00511	2.69	95730	489	477520	5744756	60.01
1945-1949	20-24	0.00134	0.00669	2.53	95241	637	474629	5267237	55.30
1945-1949	25-29	0.00142	0.00709	2.57	94604	671	471386	4792608	50.66
1945-1949	30-34	0.00185	0.00920	2.61	93933	864	467602	4321222	46.00
1945-1949	35-39	0.00254	0.01262	2.62	93069	1175	462543	3853620	41.41
1945-1949	40-44	0.00338	0.01678	2.61	91894	1542	455792	3391077	36.90
1945-1949	45-49	0.00458	0.02267	2.62	90352	2048	446877	2935285	32.49
1945-1949	50-54	0.00615	0.03032	2.61	88304	2678	435133	2488408	28.18
1945-1949	55-59	0.00919	0.04499	2.64	85626	3853	419021	2053274	23.98
1945-1949	60-64	0.01299	0.06300	2.64	81774	5152	396711	1634253	19.99
1945-1949	65-69	0.02240	0.10644	2.67	76622	8156	364094	1237541	16.15
1945-1949	70-74	0.03505	0.16180	2.63	68466	11078	316094	873448	12.76
1945-1949	75-79	0.06206	0.26979	2.58	57388	15483	249473	557354	9.71
1945-1949	80-84	0.09618	0.38771	2.5	41905	16247	168926	307881	7.35
1945-1949	85-89	0.15222	0.54163	2.34	25658	13897	91295	138955	5.42
1945-1949	90-94	0.22110	0.68280	2.2	11761	8030	36319	47659	4.05
1945-1949	95-99	0.31147	0.80544	2	3731	3005	9647	11340	3.04
1945-1949	100-104	0.41846	0.89188	1.78	726	647	1547	1693	2.33
1945-1949	105-109	0.53390	0.94299	1.57	78	74	139	146	1.86
1945-1949	110+	0.62786	1.00000	1.59	4	4	7	7	1.59
1950-1954	0	0.02623	0.02565	0.13	100000	2565	97760	7357863	73.58
1950-1954	1-4	0.00139	0.00555	1.53	97435	541	388406	7260104	74.51
1950-1954	5-9	0.00052	0.00262	2.44	96894	254	483822	6871698	70.92
1950-1954	10-14	0.00044	0.00221	2.58	96640	214	482685	6387876	66.10
1950-1954	15-19	0.00070	0.00350	2.64	96427	337	481337	5905191	61.24
1950-1954	20-24	0.00088	0.00438	2.6	96090	421	479439	5423854	56.45
1950-1954	25-29	0.00115	0.00573	2.59	95669	548	477024	4944415	51.68
1950-1954	30-34	0.00139	0.00695	2.58	95121	661	474004	4467391	46.97
1950-1954	35-39	0.00178	0.00888	2.65	94460	839	470327	3993387	42.28
1950-1954	40-44	0.00284	0.01408	2.67	93621	1319	465029	3523060	37.63
1950-1954	45-49	0.00401	0.01986	2.62	92303	1833	457147	3058031	33.13
1950-1954	50-54	0.00558	0.02756	2.64	90470	2493	446468	2600884	28.75
1950-1954	55-59	0.00795	0.03901	2.62	87977	3432	431717	2154416	24.49
1950-1954	60-64	0.01259	0.06115	2.69	84545	5170	410794	1722698	20.38
1950-1954	65-69	0.02041	0.09735	2.63	79375	7727	378535	1311904	16.53
1950-1954	70-74	0.03272	0.15197	2.66	71648	10888	332730	933369	13.03
1950-1954	75-79	0.05718	0.25132	2.6	60759	15270	267075	600640	9.89
1950-1954	80-84	0.09577	0.38628	2.5	45489	17571	183468	333565	7.33
1950-1954	85-89	0.15069	0.54018	2.38	27918	15081	100081	150096	5.38
1950-1954	90-94	0.23027	0.69938	2.19	12837	8978	38988	50016	3.90
1950-1954	95-99	0.33307	0.82850	1.97	3859	3197	9599	11028	2.86
1950-1954	100-104	0.45422	0.91234	1.72	662	604	1329	1428	2.16
1950-1954	105-109	0.58159	0.95691	1.49	58	56	95	99	1.71
1950-1954	110+	0.68264	1.00000	1.46	2	2	4	4	1.46
1955-1959	0	0.02283	0.02238	0.12	100000	2238	98024	7482120	74.82
1955-1959	1-4	0.00108	0.00433	1.58	97762	423	390025	7384096	75.53
1955-1959	5-9	0.00045	0.00227	2.23	97339	221	486083	6994072	71.85
1955-1959	10-14	0.00040	0.00198	2.67	97118	193	485141	6507988	67.01
1955-1959	15-19	0.00066	0.00330	2.57	96925	320	483849	6022847	62.14
1955-1959	20-24	0.00070	0.00351	2.51	96606	339	482182	5538998	57.34
1955-1959	25-29	0.00095	0.00474	2.67	96266	457	480267	5056816	52.53
1955-1959	30-34	0.00128	0.00639	2.56	95810	612	477552	4576549	47.77
1955-1959	35-39	0.00173	0.00862	2.64	95198	821	474048	4098997	43.06
1955-1959	40-44	0.00239	0.01188	2.63	94377	1121	469230	3624949	38.41
1955-1959	45-49	0.00360	0.01784	2.64	93256	1664	462356	3155719	33.84
1955-1959	50-54	0.00519	0.02565	2.62	91592	2349	452363	2693363	29.41
1955-1959	55-59	0.00749	0.03680	2.65	89243	3285	438508	2241000	25.11
1955-1959	60-64	0.01121	0.05461	2.67	85958	4694	418848	1802491	20.97
1955-1959	65-69	0.01884	0.09022	2.66	81264	7332	389185	1383643	17.03
1955-1959	70-74	0.03009	0.14046	2.64	73932	10385	345178	994458	13.45
1955-1959	75-79	0.05352	0.23749	2.63	63548	15092	282009	649280	10.22
1955-1959	80-84	0.09034	0.36935	2.53	48456	17897	198098	367272	7.58
1955-1959	85-89	0.14592	0.52717	2.37	30559	16109	110398	169173	5.54
1955-1959	90-94	0.21863	0.67956	2.22	14449	9819	44911	58776	4.07
1955-1959	95-99	0.31596	0.81121	2	4630	3756	11888	13865	2.99
1955-1959	100-104	0.43209	0.90058	1.76	874	787	1822	1977	2.26
1955-1959	105-109	0.55655	0.95027	1.54	87	83	148	155	1.78
1955-1959	110+	0.65682	1.00000	1.52	4	4	7	7	1.52
1960-1964	0	0.02150	0.02110	0.11	100000	2110	98129	7504273	75.04
1960-1964	1-4	0.00099	0.00396	1.57	97890	388	390618	7406144	75.66
1960-1964	5-9	0.00042	0.00208	2.3	97502	203	486963	7015526	71.95
1960-1964	10-14	0.00033	0.00166	2.44	97299	162	486082	6528563	67.10
1960-1964	15-19	0.00064	0.00321	2.67	97137	312	484962	6042482	62.21
1960-1964	20-24	0.00079	0.00393	2.69	96826	381	483247	5557520	57.40
1960-1964	25-29	0.00086	0.00431	2.62	96445	416	481236	5074273	52.61
1960-1964	30-34	0.00117	0.00582	2.79	96029	558	478911	4593037	47.83
1960-1964	35-39	0.00166	0.00827	2.65	95471	789	475502	4114126	43.09
1960-1964	40-44	0.00252	0.01255	2.7	94682	1188	470675	3638624	38.43
1960-1964	45-49	0.00354	0.01756	2.68	93493	1642	463663	3167948	33.88
1960-1964	50-54	0.00537	0.02654	2.63	91852	2437	453478	2704286	29.44
1960-1964	55-59	0.00732	0.03595	2.62	89414	3215	439424	2250808	25.17
1960-1964	60-64	0.01209	0.05878	2.64	86199	5067	419030	1811385	21.01
1960-1964	65-69	0.01802	0.08649	2.67	81133	7017	389333	1392354	17.16
1960-1964	70-74	0.02978	0.13920	2.66	74116	10317	346398	1003022	13.53
1960-1964	75-79	0.05058	0.22592	2.64	63799	14414	284969	656624	10.29
1960-1964	80-84	0.09112	0.37225	2.54	49385	18383	201743	371655	7.53
1960-1964	85-89	0.14720	0.53059	2.37	31001	16449	111749	169912	5.48
1960-1964	90-94	0.22307	0.68744	2.21	14552	10004	44847	58163	4.00
1960-1964	95-99	0.32398	0.81969	1.99	4548	3728	11508	13316	2.93
1960-1964	100-104	0.44392	0.90717	1.74	820	744	1676	1808	2.20
1960-1964	105-109	0.57125	0.95434	1.51	76	73	127	132	1.74
1960-1964	110+	0.67295	1.00000	1.49	3	3	5	5	1.49
1965-1969	0	0.01846	0.01816	0.1	100000	1816	98374	7560271	75.60
1965-1969	1-4	0.00092	0.00369	1.58	98184	362	391858	7461897	76.00
1965-1969	5-9	0.00042	0.00207	2.38	97822	203	488576	7070039	72.27
1965-1969	10-14	0.00037	0.00183	2.78	97619	179	487697	6581462	67.42
1965-1969	15-19	0.00066	0.00332	2.75	97440	323	486470	6093766	62.54
1965-1969	20-24	0.00070	0.00349	2.43	97116	339	484711	5607296	57.74
1965-1969	25-29	0.00081	0.00406	2.55	96777	393	482924	5122585	52.93
1965-1969	30-34	0.00120	0.00597	2.63	96384	575	480557	4639662	48.14
1965-1969	35-39	0.00161	0.00800	2.71	95809	767	477288	4159104	43.41
1965-1969	40-44	0.00253	0.01258	2.58	95042	1195	472318	3681816	38.74
1965-1969	45-49	0.00361	0.01789	2.64	93847	1679	465276	3209497	34.20
1965-1969	50-54	0.00531	0.02624	2.66	92168	2419	455185	2744221	29.77
1965-1969	55-59	0.00734	0.03610	2.63	89749	3240	441077	2289036	25.50
1965-1969	60-64	0.01104	0.05385	2.69	86510	4658	421779	1847959	21.36
1965-1969	65-69	0.01758	0.08445	2.67	81851	6912	393125	1426181	17.42
1965-1969	70-74	0.02839	0.13311	2.67	74939	9975	351405	1033056	13.79
1965-1969	75-79	0.04883	0.21900	2.65	64964	14227	291337	681651	10.49
1965-1969	80-84	0.08479	0.35119	2.56	50737	17818	210158	390314	7.69
1965-1969	85-89	0.14668	0.52955	2.38	32919	17432	118844	180156	5.47
1965-1969	90-94	0.22430	0.69063	2.22	15487	10696	47684	61311	3.96
1965-1969	95-99	0.33400	0.83052	1.97	4791	3979	11914	13628	2.84
1965-1969	100-104	0.46465	0.91812	1.71	812	746	1604	1714	2.11
1965-1969	105-109	0.60111	0.96181	1.47	66	64	106	110	1.65
1965-1969	110+	0.70780	1.00000	1.41	3	3	4	4	1.41
1970-1974	0	0.01593	0.01571	0.1	100000	1571	98583	7597327	75.97
1970-1974	1-4	0.00081	0.00325	1.54	98429	320	392931	7498745	76.18
1970-1974	5-9	0.00038	0.00187	2.38	98109	184	490065	7105814	72.43
1970-1974	10-14	0.00030	0.00150	2.66	97926	147	489284	6615749	67.56
1970-1974	15-19	0.00068	0.00340	2.65	97779	332	488113	6126465	62.66
1970-1974	20-24	0.00068	0.00341	2.54	97447	333	486415	5638351	57.86
1970-1974	25-29	0.00082	0.00410	2.53	97114	398	484587	5151937	53.05
1970-1974	30-34	0.00111	0.00554	2.62	96716	536	482305	4667350	48.26
1970-1974	35-39	0.00167	0.00830	2.63	96180	798	479015	4185045	43.51
1970-1974	40-44	0.00259	0.01289	2.62	95383	1229	473990	3706030	38.85
1970-1974	45-49	0.00359	0.01781	2.58	94154	1677	466702	3232040	34.33
1970-1974	50-54	0.00515	0.02544	2.62	92477	2352	456780	2765338	29.90
1970-1974	55-59	0.00773	0.03795	2.66	90124	3420	442622	2308558	25.62
1970-1974	60-64	0.01148	0.05591	2.67	86704	4848	422240	1865936	21.52
1970-1974	65-69	0.01696	0.08150	2.62	81856	6671	393374	1443696	17.64
1970-1974	70-74	0.02837	0.13305	2.67	75185	10003	352589	1050322	13.97
1970-1974	75-79	0.04829	0.21683	2.65	65182	14133	292658	697733	10.70
1970-1974	80-84	0.08251	0.34391	2.58	51049	17556	212775	405075	7.94
1970-1974	85-89	0.13676	0.50514	2.41	33492	16918	123705	192299	5.74
1970-1974	90-94	0.21248	0.66979	2.24	16574	11101	52246	68594	4.14
1970-1974	95-99	0.31596	0.81233	2.01	5473	4446	14071	16348	2.99
1970-1974	100-104	0.44092	0.90620	1.75	1027	931	2111	2278	2.22
1970-1974	105-109	0.57438	0.95548	1.51	96	92	160	167	1.73
1970-1974	110+	0.68077	1.00000	1.47	4	4	6	6	1.47
1975-1979	0	0.01292	0.01277	0.09	100000	1277	98837	7717076	77.17
1975-1979	1-4	0.00073	0.00292	1.54	98723	288	394183	7618239	77.17
1975-1979	5-9	0.00032	0.00162	2.32	98435	160	491747	7224056	73.39
1975-1979	10-14	0.00033	0.00164	2.53	98275	161	490978	6732309	68.50
1975-1979	15-19	0.00065	0.00326	2.66	98114	320	489822	6241331	63.61
1975-1979	20-24	0.00072	0.00361	2.51	97794	353	488092	5751509	58.81
1975-1979	25-29	0.00078	0.00390	2.62	97441	380	486301	5263417	54.02
1975-1979	30-34	0.00100	0.00498	2.7	97061	483	484197	4777115	49.22
1975-1979	35-39	0.00140	0.00697	2.64	96578	673	481300	4292918	44.45
1975-1979	40-44	0.00218	0.01085	2.69	95905	1041	477118	3811618	39.74
1975-1979	45-49	0.00337	0.01670	2.6	94864	1584	470521	3334501	35.15
1975-1979	50-54	0.00496	0.02452	2.59	93281	2287	460898	2863980	30.70
1975-1979	55-59	0.00751	0.03690	2.64	90994	3357	447040	2403082	26.41
1975-1979	60-64	0.01082	0.05275	2.61	87636	4622	427121	1956042	22.32
1975-1979	65-69	0.01630	0.07848	2.65	83014	6515	399755	1528921	18.42
1975-1979	70-74	0.02528	0.11931	2.66	76499	9127	361120	1129166	14.76
1975-1979	75-79	0.04197	0.19056	2.59	67372	12839	305919	768046	11.40
1975-1979	80-84	0.07398	0.31352	2.57	54533	17097	231113	462127	8.47
1975-1979	85-89	0.12242	0.46669	2.46	37435	17471	142718	231014	6.17
1975-1979	90-94	0.19475	0.63685	2.28	19965	12715	65287	88296	4.42
1975-1979	95-99	0.29420	0.78864	2.06	7250	5718	19435	23009	3.17
1975-1979	100-104	0.41721	0.89310	1.8	1532	1369	3280	3575	2.33
1975-1979	105-109	0.55181	0.94958	1.55	164	156	282	294	1.80
1975-1979	110+	0.66075	1.00000	1.51	8	8	13	13	1.51
1980-1984	0	0.01010	0.01000	0.08	100000	1000	99081	7793691	77.94
1980-1984	1-4	0.00056	0.00225	1.57	99000	223	395458	7694609	77.72
1980-1984	5-9	0.00028	0.00141	2.43	98777	139	493528	7299152	73.90
1980-1984	10-14	0.00028	0.00139	2.58	98638	137	492859	6805624	69.00
1980-1984	15-19	0.00066	0.00330	2.71	98501	325	491762	6312764	64.09
1980-1984	20-24	0.00077	0.00384	2.4	98176	377	489900	5821002	59.29
1980-1984	25-29	0.00082	0.00408	2.56	97799	399	488021	5331103	54.51
1980-1984	30-34	0.00093	0.00465	2.54	97401	452	485887	4843081	49.72
1980-1984	35-39	0.00125	0.00621	2.67	96948	602	483339	4357194	44.94
1980-1984	40-44	0.00202	0.01006	2.77	96346	970	479567	3873855	40.21
1980-1984	45-49	0.00301	0.01493	2.62	95376	1424	473486	3394288	35.59
1980-1984	50-54	0.00453	0.02240	2.68	93952	2104	464882	2920802	31.09
1980-1984	55-59	0.00703	0.03459	2.68	91848	3177	451859	2455920	26.74
1980-1984	60-64	0.01067	0.05207	2.65	88671	4617	432516	2004061	22.60
1980-1984	65-69	0.01577	0.07601	2.64	84054	6389	405183	1571545	18.70
1980-1984	70-74	0.02510	0.11841	2.61	77666	9196	366392	1166362	15.02
1980-1984	75-79	0.03950	0.18041	2.6	68469	12353	312692	799970	11.68
1980-1984	80-84	0.07004	0.29958	2.59	56117	16811	240020	487279	8.68
1980-1984	85-89	0.11865	0.45573	2.46	39305	17913	150978	247259	6.29
1980-1984	90-94	0.18982	0.62741	2.3	21393	13422	70708	96281	4.50
1980-1984	95-99	0.29013	0.78422	2.07	7971	6251	21545	25573	3.21
1980-1984	100-104	0.41526	0.89223	1.8	1720	1535	3695	4028	2.34
1980-1984	105-109	0.55272	0.95002	1.55	185	176	319	333	1.79
1980-1984	110+	0.66397	1.00000	1.51	9	9	14	14	1.51
1985-1989	0	0.00845	0.00839	0.08	100000	839	99225	7839161	78.39
1985-1989	1-4	0.00051	0.00204	1.52	99161	203	396142	7739936	78.05
1985-1989	5-9	0.00021	0.00103	2.42	98958	102	494529	7343794	74.21
1985-1989	10-14	0.00015	0.00075	2.67	98856	74	494110	6849265	69.28
1985-1989	15-19	0.00062	0.00308	2.62	98783	305	493188	6355155	64.33
1985-1989	20-24	0.00055	0.00273	2.54	98478	269	491730	5861967	59.53
1985-1989	25-29	0.00064	0.00321	2.63	98209	316	490295	5370237	54.68
1985-1989	30-34	0.00084	0.00420	2.61	97893	411	488484	4879942	49.85
1985-1989	35-39	0.00128	0.00639	2.65	97482	623	485945	4391458	45.05
1985-1989	40-44	0.00176	0.00877	2.65	96859	850	482302	3905513	40.32
1985-1989	45-49	0.00296	0.01468	2.65	96010	1409	476731	3423212	35.65
1985-1989	50-54	0.00458	0.02267	2.63	94600	2145	467917	2946481	31.15
1985-1989	55-59	0.00700	0.03445	2.67	92456	3185	454873	2478564	26.81
1985-1989	60-64	0.01077	0.05250	2.65	89271	4687	435353	2023691	22.67
1985-1989	65-69	0.01692	0.08130	2.61	84584	6877	406473	1588338	18.78
1985-1989	70-74	0.02439	0.11530	2.64	77707	8960	367411	1181865	15.21
1985-1989	75-79	0.03917	0.17912	2.62	68747	12314	314387	814455	11.85
1985-1989	80-84	0.06839	0.29308	2.56	56433	16539	241850	500067	8.86
1985-1989	85-89	0.11260	0.43916	2.5	39893	17520	155586	258217	6.47
1985-1989	90-94	0.18508	0.61779	2.31	22374	13822	74685	102632	4.59
1985-1989	95-99	0.28383	0.77661	2.08	8552	6641	23399	27947	3.27
1985-1989	100-104	0.40783	0.88767	1.82	1910	1696	4158	4548	2.38
1985-1989	105-109	0.54507	0.94783	1.56	215	203	373	390	1.82
1985-1989	110+	0.65672	1.00000	1.52	11	11	17	17	1.52
1990-1994	0	0.00808	0.00802	0.08	100000	802	99259	7834500	78.35
1990-1994	1-4	0.00048	0.00193	1.68	99198	191	396347	7735242	77.98
1990-1994	5-9	0.00020	0.00102	2.31	99007	101	494762	7338894	74.13
1990-1994	10-14	0.00017	0.00084	2.73	98906	83	494341	6844132	69.20
1990-1994	15-19	0.00060	0.00300	2.71	98823	296	493436	6349791	64.25
1990-1994	20-24	0.00059	0.00295	2.6	98526	290	491934	5856355	59.44
1990-1994	25-29	0.00067	0.00332	2.69	98236	326	490428	5364421	54.61
1990-1994	30-34	0.00089	0.00444	2.74	97910	434	488566	4873993	49.78
1990-1994	35-39	0.00128	0.00640	2.5	97476	624	485817	4385427	44.99
1990-1994	40-44	0.00187	0.00932	2.66	96852	902	482146	3899610	40.26
1990-1994	45-49	0.00292	0.01449	2.71	95950	1390	476566	3417465	35.62
1990-1994	50-54	0.00470	0.02325	2.73	94559	2199	467798	2940898	31.10
1990-1994	55-59	0.00730	0.03591	2.69	92361	3316	454141	2473100	26.78
1990-1994	60-64	0.01110	0.05411	2.67	89044	4818	434001	2018959	22.67
1990-1994	65-69	0.01710	0.08217	2.64	84226	6921	404768	1584958	18.82
1990-1994	70-74	0.02575	0.12134	2.64	77305	9380	364345	1180190	15.27
1990-1994	75-79	0.03911	0.17892	2.62	67925	12153	310730	815846	12.01
1990-1994	80-84	0.06460	0.27933	2.58	55772	15579	241162	505116	9.06
1990-1994	85-89	0.11001	0.43119	2.49	40193	17331	157535	263954	6.57
1990-1994	90-94	0.18094	0.60953	2.32	22862	13935	77014	106419	4.65
1990-1994	95-99	0.28082	0.77327	2.09	8927	6903	24582	29405	3.29
1990-1994	100-104	0.40724	0.88762	1.82	2024	1797	4412	4823	2.38
1990-1994	105-109	0.54755	0.94874	1.56	227	216	394	412	1.81
1990-1994	110+	0.66160	1.00000	1.51	12	12	18	18	1.51
1995-1999	0	0.00757	0.00752	0.07	100000	752	99304	7801557	78.02
1995-1999	1-4	0.00041	0.00164	1.59	99248	162	396601	7702253	77.61
1995-1999	5-9	0.00022	0.00108	2.33	99086	107	495142	7305652	73.73
1995-1999	10-14	0.00021	0.00106	2.79	98978	105	494660	6810510	68.81
1995-1999	15-19	0.00060	0.00300	2.62	98874	296	493661	6315850	63.88
1995-1999	20-24	0.00058	0.00292	2.49	98577	288	492164	5822189	59.06
1995-1999	25-29	0.00072	0.00358	2.56	98290	352	490588	5330026	54.23
1995-1999	30-34	0.00101	0.00506	2.55	97938	495	488474	4839437	49.41
1995-1999	35-39	0.00145	0.00723	2.66	97442	705	485558	4350963	44.65
1995-1999	40-44	0.00211	0.01051	2.6	96737	1017	481251	3865405	39.96
1995-1999	45-49	0.00290	0.01441	2.64	95721	1380	475349	3384155	35.35
1995-1999	50-54	0.00460	0.02277	2.69	94341	2148	466740	2908805	30.83
1995-1999	55-59	0.00720	0.03541	2.68	92192	3265	453390	2442065	26.49
1995-1999	60-64	0.01111	0.05415	2.68	88928	4815	433449	1988675	22.36
1995-1999	65-69	0.01670	0.08029	2.6	84112	6754	404349	1555226	18.49
1995-1999	70-74	0.02634	0.12390	2.62	77359	9585	363960	1150877	14.88
1995-1999	75-79	0.04107	0.18672	2.57	67774	12655	308151	786917	11.61
1995-1999	80-84	0.06892	0.29527	2.58	55119	16275	236135	478766	8.69
1995-1999	85-89	0.11800	0.45473	2.48	38844	17664	149686	242631	6.25
1995-1999	90-94	0.19518	0.63871	2.3	21180	13528	69311	92945	4.39
1995-1999	95-99	0.30282	0.79962	2.05	7652	6119	20206	23634	3.09
1995-1999	100-104	0.43658	0.90497	1.77	1533	1388	3178	3428	2.24
1995-1999	105-109	0.58090	0.95765	1.5	146	140	240	249	1.71
1995-1999	110+	0.69540	1.00000	1.44	6	6	9	9	1.44
2000-2004	0	0.00721	0.00716	0.07	100000	716	99336	7778308	77.78
2000-2004	1-4	0.00037	0.00148	1.5	99284	147	396769	7678971	77.34
2000-2004	5-9	0.00018	0.00091	2.37	99137	90	495448	7282202	73.46
2000-2004	10-14	0.00017	0.00087	2.76	99047	86	495042	6786754	68.52
2000-2004	15-19	0.00052	0.00261	2.67	98961	258	494203	6291713	63.58
2000-2004	20-24	0.00057	0.00283	2.56	98703	280	492832	5797510	58.74
2000-2004	25-29	0.00064	0.00320	2.7	98423	315	491392	5304677	53.90
2000-2004	30-34	0.00100	0.00500	2.7	98108	491	489410	4813285	49.06
2000-2004	35-39	0.00154	0.00768	2.68	97617	750	486346	4323875	44.29
2000-2004	40-44	0.00222	0.01105	2.62	96867	1071	481789	3837530	39.62
2000-2004	45-49	0.00323	0.01602	2.62	95797	1534	475329	3355741	35.03
2000-2004	50-54	0.00481	0.02380	2.67	94262	2244	466091	2880412	30.56
2000-2004	55-59	0.00737	0.03625	2.7	92019	3336	452430	2414321	26.24
2000-2004	60-64	0.01175	0.05719	2.65	88683	5072	431520	1961891	22.12
2000-2004	65-69	0.01684	0.08093	2.59	83611	6767	401753	1530371	18.30
2000-2004	70-74	0.02598	0.12232	2.62	76844	9400	361815	1128618	14.69
2000-2004	75-79	0.04184	0.19007	2.6	67445	12819	306395	766803	11.37
2000-2004	80-84	0.07168	0.30554	2.59	54625	16690	232829	460408	8.43
2000-2004	85-89	0.12380	0.47149	2.47	37935	17886	144478	227579	6.00
2000-2004	90-94	0.20945	0.66628	2.27	20049	13358	63778	83101	4.14
2000-2004	95-99	0.32704	0.82557	2	6691	5524	16890	19323	2.89
2000-2004	100-104	0.47052	0.92196	1.7	1167	1076	2287	2433	2.08
2000-2004	105-109	0.62016	0.96626	1.44	91	88	142	146	1.60
2000-2004	110+	0.73493	1.00000	1.36	3	3	4	4	1.36
2005-2009	0	0.00750	0.00744	0.07	100000	744	99311	7781711	77.82
2005-2009	1-4	0.00034	0.00137	1.59	99256	136	396695	7682400	77.40
2005-2009	5-9	0.00019	0.00093	2.33	99120	93	495351	7285705	73.50
2005-2009	10-14	0.00020	0.00098	2.82	99027	97	494923	6790354	68.57
2005-2009	15-19	0.00050	0.00251	2.67	98930	248	494073	6295431	63.64
2005-2009	20-24	0.00062	0.00308	2.61	98682	304	492682	5801358	58.79
2005-2009	25-29	0.00084	0.00417	2.57	98378	410	490894	5308676	53.96
2005-2009	30-34	0.00104	0.00521	2.67	97968	510	488649	4817782	49.18
2005-2009	35-39	0.00152	0.00755	2.59	97458	736	485513	4329133	44.42
2005-2009	40-44	0.00242	0.01202	2.66	96722	1162	480884	3843620	39.74
2005-2009	45-49	0.00374	0.01854	2.64	95559	1772	473611	3362736	35.19
2005-2009	50-54	0.00514	0.02538	2.66	93787	2380	463361	2889125	30.81
2005-2009	55-59	0.00722	0.03548	2.67	91407	3244	449487	2425764	26.54
2005-2009	60-64	0.01123	0.05472	2.66	88164	4825	429517	1976277	22.42
2005-2009	65-69	0.01622	0.07805	2.6	83339	6505	401057	1546760	18.56
2005-2009	70-74	0.02522	0.11902	2.63	76835	9145	362542	1145703	14.91
2005-2009	75-79	0.04015	0.18317	2.61	67690	12398	308836	783161	11.57
2005-2009	80-84	0.07052	0.30094	2.57	55291	16639	235950	474326	8.58
2005-2009	85-89	0.11862	0.45691	2.49	38652	17660	148888	238376	6.17
2005-2009	90-94	0.20215	0.65254	2.28	20991	13698	67760	89488	4.26
2005-2009	95-99	0.31557	0.81379	2.02	7294	5936	18809	21729	2.98
2005-2009	100-104	0.45534	0.91482	1.73	1358	1242	2729	2919	2.15
2005-2009	105-109	0.60344	0.96286	1.46	116	111	185	191	1.65
2005-2009	110+	0.71875	1.00000	1.39	4	4	6	6	1.39
2010-2014	0	0.00675	0.00671	0.07	100000	671	99377	7809406	78.09
2010-2014	1-4	0.00036	0.00143	1.49	99329	142	396959	7710029	77.62
2010-2014	5-9	0.00014	0.00068	2.71	99187	68	495779	7313070	73.73
2010-2014	10-14	0.00013	0.00065	2.71	99119	64	495448	6817291	68.78
2010-2014	15-19	0.00040	0.00200	2.74	99055	198	494825	6321843	63.82
2010-2014	20-24	0.00059	0.00293	2.59	98856	290	493582	5827018	58.94
2010-2014	25-29	0.00085	0.00423	2.65	98566	417	491853	5333436	54.11
2010-2014	30-34	0.00112	0.00558	2.72	98150	547	489500	4841583	49.33
2010-2014	35-39	0.00161	0.00800	2.54	97602	781	486093	4352083	44.59
2010-2014	40-44	0.00240	0.01193	2.67	96821	1155	481416	3865990	39.93
2010-2014	45-49	0.00375	0.01857	2.67	95667	1777	474189	3384573	35.38
2010-2014	50-54	0.00566	0.02794	2.65	93890	2623	463281	2910384	31.00
2010-2014	55-59	0.00772	0.03787	2.59	91267	3457	447997	2447103	26.81
2010-2014	60-64	0.01092	0.05322	2.63	87810	4673	427973	1999105	22.77
2010-2014	65-69	0.01618	0.07792	2.62	83137	6478	400281	1571133	18.90
2010-2014	70-74	0.02422	0.11447	2.6	76659	8775	362227	1170852	15.27
2010-2014	75-79	0.03804	0.17442	2.63	67884	11841	311309	808625	11.91
2010-2014	80-84	0.06610	0.28484	2.57	56044	15964	241502	497316	8.87
2010-2014	85-89	0.11255	0.43826	2.48	40080	17566	156075	255815	6.38
2010-2014	90-94	0.19211	0.63308	2.31	22514	14253	74195	99740	4.43
2010-2014	95-99	0.30202	0.79922	2.05	8261	6602	21861	25544	3.09
2010-2014	100-104	0.43947	0.90687	1.76	1659	1504	3423	3684	2.22
2010-2014	105-109	0.58762	0.95942	1.49	154	148	252	261	1.69
2010-2014	110+	0.70451	1.00000	1.42	6	6	9	9	1.42
2015-2019	0	0.00653	0.00650	0.07	100000	650	99397	7820203	78.20
2015-2019	1-4	0.00027	0.00108	1.54	99350	107	397139	7720806	77.71
2015-2019	5-9	0.00012	0.00062	2.32	99243	62	496051	7323667	73.80
2015-2019	10-14	0.00015	0.00075	2.91	99182	74	495753	6827616	68.84
2015-2019	15-19	0.00040	0.00198	2.85	99107	196	495115	6331863	63.89
2015-2019	20-24	0.00058	0.00287	2.6	98912	284	493877	5836748	59.01
2015-2019	25-29	0.00082	0.00410	2.7	98627	405	492206	5342871	54.17
2015-2019	30-34	0.00115	0.00574	2.61	98223	564	489766	4850666	49.38
2015-2019	35-39	0.00161	0.00802	2.65	97659	783	486455	4360900	44.65
2015-2019	40-44	0.00246	0.01225	2.64	96876	1186	481576	3874445	39.99
2015-2019	45-49	0.00371	0.01838	2.66	95689	1759	474331	3392869	35.46
2015-2019	50-54	0.00547	0.02702	2.64	93930	2538	463671	2918538	31.07
2015-2019	55-59	0.00827	0.04056	2.58	91392	3707	447971	2454867	26.86
2015-2019	60-64	0.01134	0.05521	2.61	87685	4841	426859	2006896	22.89
2015-2019	65-69	0.01582	0.07624	2.61	82843	6316	399117	1580037	19.07
2015-2019	70-74	0.02406	0.11375	2.61	76527	8705	361874	1180919	15.43
2015-2019	75-79	0.03711	0.17031	2.59	67822	11551	311273	819046	12.08
2015-2019	80-84	0.06416	0.27784	2.59	56271	15634	243671	507773	9.02
2015-2019	85-89	0.10918	0.42965	2.52	40637	17460	159913	264102	6.50
2015-2019	90-94	0.18792	0.62535	2.33	23177	14494	77128	104189	4.50
2015-2019	95-99	0.29903	0.79612	2.06	8683	6913	23118	27061	3.12
2015-2019	100-104	0.43796	0.90627	1.77	1770	1604	3663	3944	2.23
2015-2019	105-109	0.58811	0.95963	1.49	166	159	271	280	1.69
2015-2019	110+	0.70651	1.00000	1.42	7	7	9	9	1.42
2020-2022	0	0.00616	0.00612	0.07	100000	612	99431	7640311	76.40
2020-2022	1-4	0.00026	0.00103	1.76	99388	102	397323	7540880	75.87
2020-2022	5-9	0.00014	0.00069	2.21	99286	68	496239	7143556	71.95
2020-2022	10-14	0.00019	0.00092	2.87	99218	92	495893	6647317	67.00
2020-2022	15-19	0.00045	0.00224	2.77	99126	222	495135	6151424	62.06
2020-2022	20-24	0.00070	0.00348	2.65	98904	344	493710	5656289	57.19
2020-2022	25-29	0.00105	0.00521	2.72	98560	514	491628	5162579	52.38
2020-2022	30-34	0.00147	0.00732	2.59	98046	717	488504	4670951	47.64
2020-2022	35-39	0.00209	0.01038	2.71	97328	1010	484327	4182447	42.97
2020-2022	40-44	0.00297	0.01473	2.62	96319	1419	478214	3698120	38.39
2020-2022	45-49	0.00432	0.02137	2.64	94900	2028	469712	3219906	33.93
2020-2022	50-54	0.00643	0.03164	2.62	92871	2939	457362	2750194	29.61
2020-2022	55-59	0.00921	0.04507	2.67	89933	4053	440225	2292832	25.50
2020-2022	60-64	0.01360	0.06589	2.64	85879	5659	416025	1852607	21.57
2020-2022	65-69	0.01955	0.09336	2.58	80221	7489	383016	1436582	17.91
2020-2022	70-74	0.02867	0.13417	2.62	72731	9758	340410	1053566	14.49
2020-2022	75-79	0.04530	0.20403	2.57	62973	12848	283643	713156	11.32
2020-2022	80-84	0.07007	0.29920	2.56	50125	14997	214038	429513	8.57
2020-2022	85-89	0.11971	0.45862	2.45	35127	16110	134572	215475	6.13
2020-2022	90-94	0.20265	0.65363	2.29	19017	12430	61338	80902	4.25
2020-2022	95-99	0.31667	0.81495	2.02	6587	5368	16952	19564	2.97
2020-2022	100-104	0.45679	0.91553	1.73	1219	1116	2443	2612	2.14
2020-2022	105-109	0.60504	0.96320	1.46	103	99	164	169	1.64
2020-2022	110+	0.72030	1.00000	1.39	4	4	5	5	1.39
