OK: OK, Lifetables (period 1x10), Females Last modified: February 4 2025, MPv5 (May07) 

Year     	Age	mx	qx	ax	lx	dx	Lx	Tx	ex
1941-1949	0	0.03427	0.03329	0.15	100000	3329	97166	7062859	70.63
1941-1949	1	0.00373	0.00373	0.5	96671	360	96490	6965693	72.06
1941-1949	2	0.00207	0.00207	0.5	96310	200	96210	6869202	71.32
1941-1949	3	0.00162	0.00161	0.5	96111	155	96033	6772992	70.47
1941-1949	4	0.00129	0.00128	0.5	95955	123	95894	6676959	69.58
1941-1949	5	0.00107	0.00107	0.5	95832	102	95781	6581065	68.67
1941-1949	6	0.00093	0.00093	0.5	95730	89	95685	6485284	67.75
1941-1949	7	0.00082	0.00082	0.5	95641	78	95602	6389598	66.81
1941-1949	8	0.00073	0.00073	0.5	95563	70	95528	6293996	65.86
1941-1949	9	0.00067	0.00067	0.5	95493	64	95461	6198468	64.91
1941-1949	10	0.00064	0.00064	0.5	95429	61	95399	6103007	63.95
1941-1949	11	0.00064	0.00064	0.5	95368	61	95338	6007608	62.99
1941-1949	12	0.00068	0.00068	0.5	95307	65	95275	5912270	62.03
1941-1949	13	0.00075	0.00075	0.5	95242	71	95206	5816996	61.08
1941-1949	14	0.00085	0.00085	0.5	95171	81	95130	5721789	60.12
1941-1949	15	0.00098	0.00098	0.5	95090	93	95043	5626659	59.17
1941-1949	16	0.00110	0.00110	0.5	94997	104	94945	5531616	58.23
1941-1949	17	0.00121	0.00121	0.5	94892	115	94835	5436671	57.29
1941-1949	18	0.00131	0.00131	0.5	94778	124	94716	5341836	56.36
1941-1949	19	0.00139	0.00139	0.5	94654	132	94588	5247120	55.43
1941-1949	20	0.00146	0.00146	0.5	94522	138	94453	5152532	54.51
1941-1949	21	0.00153	0.00153	0.5	94384	144	94312	5058079	53.59
1941-1949	22	0.00159	0.00159	0.5	94240	150	94165	4963767	52.67
1941-1949	23	0.00164	0.00164	0.5	94090	155	94013	4869602	51.75
1941-1949	24	0.00169	0.00169	0.5	93936	159	93856	4775589	50.84
1941-1949	25	0.00173	0.00173	0.5	93777	162	93696	4681732	49.92
1941-1949	26	0.00177	0.00177	0.5	93614	166	93531	4588037	49.01
1941-1949	27	0.00181	0.00181	0.5	93448	169	93364	4494505	48.10
1941-1949	28	0.00186	0.00186	0.5	93279	173	93193	4401141	47.18
1941-1949	29	0.00191	0.00191	0.5	93106	178	93017	4307949	46.27
1941-1949	30	0.00197	0.00197	0.5	92928	183	92837	4214932	45.36
1941-1949	31	0.00204	0.00204	0.5	92745	189	92651	4122095	44.45
1941-1949	32	0.00212	0.00212	0.5	92556	196	92458	4029444	43.53
1941-1949	33	0.00223	0.00223	0.5	92360	206	92257	3936986	42.63
1941-1949	34	0.00235	0.00235	0.5	92155	217	92046	3844728	41.72
1941-1949	35	0.00252	0.00251	0.5	91938	231	91822	3752682	40.82
1941-1949	36	0.00268	0.00268	0.5	91707	245	91584	3660860	39.92
1941-1949	37	0.00284	0.00283	0.5	91461	259	91332	3569275	39.02
1941-1949	38	0.00301	0.00301	0.5	91202	274	91065	3477944	38.13
1941-1949	39	0.00317	0.00317	0.5	90928	288	90784	3386879	37.25
1941-1949	40	0.00333	0.00332	0.5	90640	301	90489	3296095	36.36
1941-1949	41	0.00347	0.00347	0.5	90339	313	90182	3205605	35.48
1941-1949	42	0.00367	0.00366	0.5	90026	330	89861	3115423	34.61
1941-1949	43	0.00390	0.00389	0.5	89696	349	89521	3025562	33.73
1941-1949	44	0.00412	0.00411	0.5	89347	367	89163	2936040	32.86
1941-1949	45	0.00436	0.00435	0.5	88980	387	88786	2846877	31.99
1941-1949	46	0.00459	0.00458	0.5	88593	406	88390	2758091	31.13
1941-1949	47	0.00483	0.00482	0.5	88187	425	87975	2669701	30.27
1941-1949	48	0.00510	0.00509	0.5	87762	447	87539	2581727	29.42
1941-1949	49	0.00542	0.00541	0.5	87316	472	87080	2494188	28.57
1941-1949	50	0.00578	0.00576	0.5	86844	500	86593	2407108	27.72
1941-1949	51	0.00611	0.00609	0.5	86343	526	86080	2320515	26.88
1941-1949	52	0.00651	0.00649	0.5	85818	557	85539	2234434	26.04
1941-1949	53	0.00705	0.00702	0.5	85260	599	84961	2148895	25.20
1941-1949	54	0.00766	0.00763	0.5	84662	646	84339	2063934	24.38
1941-1949	55	0.00838	0.00834	0.5	84016	701	83665	1979596	23.56
1941-1949	56	0.00909	0.00905	0.5	83315	754	82938	1895931	22.76
1941-1949	57	0.00979	0.00974	0.5	82561	805	82158	1812993	21.96
1941-1949	58	0.01050	0.01044	0.5	81756	854	81329	1730835	21.17
1941-1949	59	0.01113	0.01107	0.5	80902	896	80454	1649505	20.39
1941-1949	60	0.01174	0.01168	0.5	80007	934	79540	1569051	19.61
1941-1949	61	0.01252	0.01244	0.5	79073	984	78581	1489511	18.84
1941-1949	62	0.01363	0.01354	0.5	78089	1057	77560	1410931	18.07
1941-1949	63	0.01509	0.01498	0.5	77032	1154	76455	1333371	17.31
1941-1949	64	0.01679	0.01665	0.5	75878	1264	75246	1256916	16.57
1941-1949	65	0.01888	0.01870	0.5	74614	1395	73916	1181670	15.84
1941-1949	66	0.02102	0.02081	0.5	73219	1523	72457	1107754	15.13
1941-1949	67	0.02327	0.02301	0.5	71695	1649	70871	1035297	14.44
1941-1949	68	0.02584	0.02551	0.5	70046	1787	69152	964426	13.77
1941-1949	69	0.02839	0.02799	0.5	68259	1911	67303	895274	13.12
1941-1949	70	0.03092	0.03045	0.5	66348	2020	65338	827971	12.48
1941-1949	71	0.03356	0.03301	0.5	64328	2123	63266	762633	11.86
1941-1949	72	0.03690	0.03623	0.5	62205	2254	61078	699367	11.24
1941-1949	73	0.04109	0.04026	0.5	59951	2414	58744	638289	10.65
1941-1949	74	0.04565	0.04463	0.5	57537	2568	56253	579545	10.07
1941-1949	75	0.05111	0.04984	0.5	54969	2740	53600	523291	9.52
1941-1949	76	0.05714	0.05555	0.5	52230	2901	50779	469692	8.99
1941-1949	77	0.06330	0.06136	0.5	49328	3027	47815	418913	8.49
1941-1949	78	0.07031	0.06792	0.5	46301	3145	44729	371098	8.01
1941-1949	79	0.07712	0.07426	0.5	43156	3205	41554	326369	7.56
1941-1949	80	0.08606	0.08251	0.5	39952	3296	38304	284815	7.13
1941-1949	81	0.09437	0.09012	0.5	36655	3303	35004	246511	6.73
1941-1949	82	0.10357	0.09847	0.5	33352	3284	31710	211508	6.34
1941-1949	83	0.11382	0.10769	0.5	30068	3238	28449	179798	5.98
1941-1949	84	0.12552	0.11811	0.5	26830	3169	25246	151348	5.64
1941-1949	85	0.13892	0.12990	0.5	23661	3074	22124	126103	5.33
1941-1949	86	0.14667	0.13665	0.5	20588	2813	19181	103978	5.05
1941-1949	87	0.15863	0.14697	0.5	17774	2612	16468	84797	4.77
1941-1949	88	0.17137	0.15784	0.5	15162	2393	13965	68329	4.51
1941-1949	89	0.18491	0.16926	0.5	12769	2161	11688	54364	4.26
1941-1949	90	0.19926	0.18120	0.5	10608	1922	9647	42676	4.02
1941-1949	91	0.21443	0.19366	0.5	8685	1682	7844	33029	3.80
1941-1949	92	0.23042	0.20662	0.5	7003	1447	6280	25185	3.60
1941-1949	93	0.24723	0.22003	0.5	5556	1223	4945	18905	3.40
1941-1949	94	0.26485	0.23388	0.5	4334	1014	3827	13960	3.22
1941-1949	95	0.28324	0.24811	0.5	3320	824	2908	10133	3.05
1941-1949	96	0.30239	0.26268	0.5	2496	656	2169	7224	2.89
1941-1949	97	0.32226	0.27754	0.5	1841	511	1585	5056	2.75
1941-1949	98	0.34278	0.29263	0.5	1330	389	1135	3471	2.61
1941-1949	99	0.36392	0.30789	0.5	941	290	796	2335	2.48
1941-1949	100	0.38559	0.32326	0.5	651	210	546	1539	2.36
1941-1949	101	0.40772	0.33868	0.5	441	149	366	994	2.26
1941-1949	102	0.43024	0.35407	0.5	291	103	240	628	2.15
1941-1949	103	0.45304	0.36937	0.5	188	70	153	388	2.06
1941-1949	104	0.47605	0.38452	0.5	119	46	96	234	1.97
1941-1949	105	0.49916	0.39946	0.5	73	29	58	138	1.90
1941-1949	106	0.52227	0.41412	0.5	44	18	35	80	1.82
1941-1949	107	0.54528	0.42847	0.5	26	11	20	45	1.76
1941-1949	108	0.56811	0.44243	0.5	15	6	11	25	1.70
1941-1949	109	0.59065	0.45598	0.5	8	4	6	14	1.66
1941-1949	110+	0.61281	1.00000	1.63	4	4	7	7	1.63
1950-1959	0	0.02451	0.02400	0.12	100000	2400	97892	7421851	74.22
1950-1959	1	0.00203	0.00202	0.5	97600	198	97501	7323959	75.04
1950-1959	2	0.00129	0.00129	0.5	97403	126	97340	7226457	74.19
1950-1959	3	0.00096	0.00096	0.5	97277	93	97230	7129117	73.29
1950-1959	4	0.00067	0.00067	0.5	97184	65	97151	7031887	72.36
1950-1959	5	0.00056	0.00056	0.5	97119	55	97091	6934736	71.40
1950-1959	6	0.00054	0.00054	0.5	97064	52	97038	6837645	70.44
1950-1959	7	0.00047	0.00047	0.5	97012	46	96989	6740607	69.48
1950-1959	8	0.00045	0.00045	0.5	96966	43	96944	6643618	68.52
1950-1959	9	0.00042	0.00042	0.5	96922	40	96902	6546674	67.55
1950-1959	10	0.00040	0.00040	0.5	96882	39	96863	6449772	66.57
1950-1959	11	0.00036	0.00036	0.5	96843	35	96826	6352910	65.60
1950-1959	12	0.00041	0.00041	0.5	96808	40	96788	6256084	64.62
1950-1959	13	0.00041	0.00041	0.5	96768	39	96748	6159296	63.65
1950-1959	14	0.00051	0.00051	0.5	96729	49	96704	6062548	62.68
1950-1959	15	0.00061	0.00061	0.5	96679	59	96650	5965844	61.71
1950-1959	16	0.00064	0.00064	0.5	96620	62	96590	5869194	60.74
1950-1959	17	0.00069	0.00069	0.5	96559	67	96525	5772605	59.78
1950-1959	18	0.00071	0.00071	0.5	96492	69	96457	5676079	58.82
1950-1959	19	0.00075	0.00075	0.5	96423	72	96387	5579622	57.87
1950-1959	20	0.00075	0.00075	0.5	96351	72	96314	5483235	56.91
1950-1959	21	0.00076	0.00076	0.5	96278	73	96241	5386921	55.95
1950-1959	22	0.00080	0.00080	0.5	96205	77	96166	5290680	54.99
1950-1959	23	0.00079	0.00079	0.5	96127	76	96089	5194514	54.04
1950-1959	24	0.00086	0.00086	0.5	96051	83	96010	5098424	53.08
1950-1959	25	0.00093	0.00093	0.5	95969	90	95924	5002414	52.13
1950-1959	26	0.00098	0.00098	0.5	95879	94	95832	4906490	51.17
1950-1959	27	0.00106	0.00106	0.5	95785	102	95734	4810658	50.22
1950-1959	28	0.00109	0.00109	0.5	95684	105	95631	4714923	49.28
1950-1959	29	0.00120	0.00120	0.5	95579	115	95521	4619292	48.33
1950-1959	30	0.00125	0.00125	0.5	95464	119	95404	4523771	47.39
1950-1959	31	0.00129	0.00129	0.5	95345	123	95283	4428366	46.45
1950-1959	32	0.00134	0.00134	0.5	95222	128	95158	4333083	45.50
1950-1959	33	0.00139	0.00139	0.5	95095	132	95028	4237924	44.57
1950-1959	34	0.00142	0.00142	0.5	94962	135	94895	4142896	43.63
1950-1959	35	0.00154	0.00154	0.5	94827	146	94754	4048001	42.69
1950-1959	36	0.00164	0.00163	0.5	94681	155	94604	3953247	41.75
1950-1959	37	0.00166	0.00166	0.5	94526	157	94448	3858644	40.82
1950-1959	38	0.00191	0.00190	0.5	94369	180	94279	3764196	39.89
1950-1959	39	0.00205	0.00204	0.5	94190	193	94093	3669917	38.96
1950-1959	40	0.00223	0.00223	0.5	93997	209	93893	3575823	38.04
1950-1959	41	0.00241	0.00241	0.5	93788	226	93675	3481931	37.13
1950-1959	42	0.00261	0.00261	0.5	93562	244	93440	3388256	36.21
1950-1959	43	0.00277	0.00277	0.5	93318	258	93188	3294816	35.31
1950-1959	44	0.00306	0.00306	0.5	93059	284	92917	3201628	34.40
1950-1959	45	0.00330	0.00329	0.5	92775	305	92622	3108711	33.51
1950-1959	46	0.00352	0.00351	0.5	92470	325	92307	3016088	32.62
1950-1959	47	0.00386	0.00385	0.5	92145	355	91968	2923781	31.73
1950-1959	48	0.00396	0.00395	0.5	91790	363	91609	2831814	30.85
1950-1959	49	0.00437	0.00437	0.5	91428	399	91228	2740205	29.97
1950-1959	50	0.00465	0.00464	0.5	91028	423	90817	2648977	29.10
1950-1959	51	0.00500	0.00499	0.5	90606	452	90380	2558160	28.23
1950-1959	52	0.00540	0.00539	0.5	90154	486	89911	2467780	27.37
1950-1959	53	0.00567	0.00566	0.5	89668	507	89414	2377869	26.52
1950-1959	54	0.00619	0.00617	0.5	89161	551	88886	2288454	25.67
1950-1959	55	0.00653	0.00651	0.5	88610	577	88322	2199569	24.82
1950-1959	56	0.00709	0.00707	0.5	88034	622	87723	2111247	23.98
1950-1959	57	0.00776	0.00773	0.5	87412	676	87074	2023524	23.15
1950-1959	58	0.00834	0.00831	0.5	86736	720	86375	1936451	22.33
1950-1959	59	0.00887	0.00883	0.5	86015	759	85636	1850075	21.51
1950-1959	60	0.00976	0.00971	0.5	85256	828	84842	1764439	20.70
1950-1959	61	0.01044	0.01039	0.5	84428	877	83989	1679598	19.89
1950-1959	62	0.01168	0.01161	0.5	83551	970	83066	1595608	19.10
1950-1959	63	0.01303	0.01295	0.5	82581	1069	82046	1512543	18.32
1950-1959	64	0.01450	0.01440	0.5	81511	1174	80925	1430497	17.55
1950-1959	65	0.01604	0.01591	0.5	80338	1278	79698	1349572	16.80
1950-1959	66	0.01771	0.01756	0.5	79059	1388	78365	1269874	16.06
1950-1959	67	0.01967	0.01948	0.5	77671	1513	76915	1191508	15.34
1950-1959	68	0.02175	0.02152	0.5	76158	1639	75339	1114594	14.64
1950-1959	69	0.02308	0.02282	0.5	74519	1700	73669	1039255	13.95
1950-1959	70	0.02547	0.02515	0.5	72819	1832	71903	965586	13.26
1950-1959	71	0.02787	0.02749	0.5	70987	1951	70012	893682	12.59
1950-1959	72	0.03113	0.03065	0.5	69036	2116	67978	823671	11.93
1950-1959	73	0.03404	0.03347	0.5	66920	2240	65800	755693	11.29
1950-1959	74	0.03907	0.03832	0.5	64680	2478	63441	689893	10.67
1950-1959	75	0.04394	0.04300	0.5	62202	2674	60865	626452	10.07
1950-1959	76	0.04938	0.04819	0.5	59527	2868	58093	565587	9.50
1950-1959	77	0.05505	0.05357	0.5	56659	3035	55141	507494	8.96
1950-1959	78	0.06171	0.05986	0.5	53624	3210	52019	452353	8.44
1950-1959	79	0.06933	0.06701	0.5	50414	3378	48724	400335	7.94
1950-1959	80	0.07605	0.07326	0.5	47035	3446	45312	351610	7.48
1950-1959	81	0.08506	0.08159	0.5	43589	3557	41811	306298	7.03
1950-1959	82	0.09354	0.08936	0.5	40033	3577	38244	264487	6.61
1950-1959	83	0.10321	0.09815	0.5	36455	3578	34666	226243	6.21
1950-1959	84	0.11486	0.10862	0.5	32877	3571	31092	191576	5.83
1950-1959	85	0.12587	0.11842	0.5	29306	3470	27571	160484	5.48
1950-1959	86	0.13733	0.12851	0.5	25836	3320	24176	132913	5.14
1950-1959	87	0.15033	0.13982	0.5	22516	3148	20942	108738	4.83
1950-1959	88	0.16432	0.15184	0.5	19368	2941	17897	87796	4.53
1950-1959	89	0.17933	0.16458	0.5	16427	2703	15075	69899	4.26
1950-1959	90	0.19540	0.17801	0.5	13723	2443	12502	54824	3.99
1950-1959	91	0.21254	0.19212	0.5	11280	2167	10197	42322	3.75
1950-1959	92	0.23075	0.20688	0.5	9113	1885	8171	32125	3.53
1950-1959	93	0.25002	0.22224	0.5	7228	1606	6425	23955	3.31
1950-1959	94	0.27033	0.23814	0.5	5622	1339	4952	17530	3.12
1950-1959	95	0.29166	0.25454	0.5	4283	1090	3738	12578	2.94
1950-1959	96	0.31394	0.27135	0.5	3193	866	2760	8840	2.77
1950-1959	97	0.33712	0.28849	0.5	2326	671	1991	6080	2.61
1950-1959	98	0.36110	0.30588	0.5	1655	506	1402	4090	2.47
1950-1959	99	0.38580	0.32342	0.5	1149	372	963	2687	2.34
1950-1959	100	0.41111	0.34101	0.5	777	265	645	1724	2.22
1950-1959	101	0.43689	0.35856	0.5	512	184	420	1080	2.11
1950-1959	102	0.46301	0.37597	0.5	329	124	267	659	2.01
1950-1959	103	0.48934	0.39315	0.5	205	81	165	392	1.91
1950-1959	104	0.51574	0.41001	0.5	124	51	99	228	1.83
1950-1959	105	0.54204	0.42646	0.5	73	31	58	129	1.75
1950-1959	106	0.56811	0.44243	0.5	42	19	33	71	1.68
1950-1959	107	0.59381	0.45787	0.5	23	11	18	38	1.62
1950-1959	108	0.61900	0.47270	0.5	13	6	10	20	1.57
1950-1959	109	0.64357	0.48690	0.5	7	3	5	10	1.53
1950-1959	110+	0.66741	1.00000	1.5	3	3	5	5	1.50
1960-1969	0	0.02013	0.01977	0.11	100000	1977	98239	7532038	75.32
1960-1969	1	0.00159	0.00159	0.5	98023	156	97945	7433799	75.84
1960-1969	2	0.00093	0.00093	0.5	97867	91	97821	7335854	74.96
1960-1969	3	0.00075	0.00075	0.5	97776	73	97739	7238033	74.03
1960-1969	4	0.00057	0.00057	0.5	97703	56	97675	7140294	73.08
1960-1969	5	0.00048	0.00048	0.5	97647	47	97624	7042619	72.12
1960-1969	6	0.00044	0.00044	0.5	97601	43	97579	6944995	71.16
1960-1969	7	0.00046	0.00046	0.5	97557	45	97535	6847416	70.19
1960-1969	8	0.00033	0.00033	0.5	97512	33	97496	6749881	69.22
1960-1969	9	0.00037	0.00037	0.5	97480	36	97462	6652385	68.24
1960-1969	10	0.00033	0.00033	0.5	97444	32	97428	6554923	67.27
1960-1969	11	0.00029	0.00029	0.5	97412	28	97399	6457494	66.29
1960-1969	12	0.00037	0.00037	0.5	97385	36	97366	6360096	65.31
1960-1969	13	0.00038	0.00038	0.5	97348	37	97330	6262729	64.33
1960-1969	14	0.00039	0.00039	0.5	97312	38	97293	6165399	63.36
1960-1969	15	0.00055	0.00055	0.5	97274	54	97247	6068107	62.38
1960-1969	16	0.00062	0.00062	0.5	97220	60	97190	5970860	61.42
1960-1969	17	0.00052	0.00052	0.5	97160	51	97134	5873670	60.45
1960-1969	18	0.00073	0.00073	0.5	97109	71	97073	5776536	59.49
1960-1969	19	0.00085	0.00085	0.5	97038	82	96997	5679463	58.53
1960-1969	20	0.00062	0.00062	0.5	96956	60	96926	5582466	57.58
1960-1969	21	0.00079	0.00079	0.5	96896	77	96857	5485541	56.61
1960-1969	22	0.00074	0.00074	0.5	96819	72	96783	5388683	55.66
1960-1969	23	0.00086	0.00086	0.5	96747	83	96706	5291900	54.70
1960-1969	24	0.00069	0.00069	0.5	96664	66	96631	5195195	53.74
1960-1969	25	0.00081	0.00081	0.5	96598	79	96558	5098564	52.78
1960-1969	26	0.00080	0.00080	0.5	96519	77	96480	5002006	51.82
1960-1969	27	0.00069	0.00069	0.5	96442	66	96409	4905525	50.87
1960-1969	28	0.00098	0.00098	0.5	96376	95	96328	4809116	49.90
1960-1969	29	0.00091	0.00091	0.5	96281	87	96237	4712788	48.95
1960-1969	30	0.00095	0.00095	0.5	96194	92	96148	4616551	47.99
1960-1969	31	0.00107	0.00107	0.5	96102	103	96050	4520403	47.04
1960-1969	32	0.00117	0.00116	0.5	95999	112	95943	4424353	46.09
1960-1969	33	0.00122	0.00122	0.5	95887	117	95829	4328410	45.14
1960-1969	34	0.00150	0.00150	0.5	95770	144	95698	4232582	44.20
1960-1969	35	0.00131	0.00131	0.5	95627	126	95564	4136883	43.26
1960-1969	36	0.00149	0.00149	0.5	95501	142	95430	4041319	42.32
1960-1969	37	0.00171	0.00171	0.5	95359	163	95278	3945889	41.38
1960-1969	38	0.00171	0.00171	0.5	95196	163	95115	3850612	40.45
1960-1969	39	0.00195	0.00195	0.5	95033	185	94941	3755497	39.52
1960-1969	40	0.00222	0.00221	0.5	94848	210	94743	3660556	38.59
1960-1969	41	0.00222	0.00221	0.5	94638	209	94534	3565812	37.68
1960-1969	42	0.00252	0.00251	0.5	94429	237	94310	3471279	36.76
1960-1969	43	0.00290	0.00289	0.5	94192	273	94055	3376968	35.85
1960-1969	44	0.00279	0.00278	0.5	93919	261	93788	3282913	34.95
1960-1969	45	0.00284	0.00284	0.5	93658	266	93525	3189125	34.05
1960-1969	46	0.00323	0.00323	0.5	93392	301	93241	3095600	33.15
1960-1969	47	0.00386	0.00385	0.5	93090	359	92911	3002359	32.25
1960-1969	48	0.00398	0.00397	0.5	92732	368	92548	2909448	31.37
1960-1969	49	0.00398	0.00397	0.5	92363	367	92180	2816901	30.50
1960-1969	50	0.00458	0.00457	0.5	91997	421	91787	2724720	29.62
1960-1969	51	0.00477	0.00476	0.5	91576	436	91358	2632934	28.75
1960-1969	52	0.00547	0.00545	0.5	91141	497	90892	2541576	27.89
1960-1969	53	0.00575	0.00574	0.5	90643	520	90383	2450684	27.04
1960-1969	54	0.00617	0.00615	0.5	90123	554	89846	2360300	26.19
1960-1969	55	0.00645	0.00643	0.5	89569	576	89281	2270454	25.35
1960-1969	56	0.00653	0.00651	0.5	88993	579	88704	2181173	24.51
1960-1969	57	0.00755	0.00752	0.5	88414	665	88082	2092469	23.67
1960-1969	58	0.00772	0.00769	0.5	87749	674	87412	2004388	22.84
1960-1969	59	0.00845	0.00842	0.5	87075	733	86708	1916976	22.02
1960-1969	60	0.00932	0.00927	0.5	86342	801	85941	1830267	21.20
1960-1969	61	0.01033	0.01028	0.5	85541	880	85101	1744326	20.39
1960-1969	62	0.01207	0.01200	0.5	84662	1016	84154	1659225	19.60
1960-1969	63	0.01245	0.01237	0.5	83646	1035	83128	1575071	18.83
1960-1969	64	0.01363	0.01354	0.5	82611	1119	82051	1491943	18.06
1960-1969	65	0.01442	0.01431	0.5	81492	1166	80909	1409891	17.30
1960-1969	66	0.01563	0.01551	0.5	80326	1246	79703	1328982	16.54
1960-1969	67	0.01805	0.01788	0.5	79080	1414	78373	1249279	15.80
1960-1969	68	0.01967	0.01948	0.5	77666	1513	76909	1170906	15.08
1960-1969	69	0.02154	0.02131	0.5	76153	1623	75342	1093997	14.37
1960-1969	70	0.02327	0.02300	0.5	74530	1714	73673	1018655	13.67
1960-1969	71	0.02526	0.02494	0.5	72816	1816	71908	944982	12.98
1960-1969	72	0.02976	0.02932	0.5	71000	2082	69959	873074	12.30
1960-1969	73	0.03208	0.03157	0.5	68918	2176	67830	803115	11.65
1960-1969	74	0.03581	0.03518	0.5	66742	2348	65568	735285	11.02
1960-1969	75	0.03951	0.03875	0.5	64394	2495	63146	669717	10.40
1960-1969	76	0.04278	0.04188	0.5	61899	2592	60603	606571	9.80
1960-1969	77	0.04902	0.04785	0.5	59307	2838	57888	545968	9.21
1960-1969	78	0.05725	0.05565	0.5	56469	3143	54898	488080	8.64
1960-1969	79	0.06273	0.06082	0.5	53326	3243	51704	433183	8.12
1960-1969	80	0.07230	0.06977	0.5	50083	3495	48335	381478	7.62
1960-1969	81	0.07618	0.07338	0.5	46588	3419	44879	333143	7.15
1960-1969	82	0.08709	0.08346	0.5	43169	3603	41368	288264	6.68
1960-1969	83	0.10127	0.09639	0.5	39567	3814	37660	246896	6.24
1960-1969	84	0.11061	0.10481	0.5	35753	3747	33879	209236	5.85
1960-1969	85	0.12495	0.11760	0.5	32006	3764	30124	175357	5.48
1960-1969	86	0.14123	0.13192	0.5	28242	3726	26379	145233	5.14
1960-1969	87	0.14698	0.13692	0.5	24516	3357	22838	118854	4.85
1960-1969	88	0.16154	0.14946	0.5	21160	3163	19578	96016	4.54
1960-1969	89	0.17723	0.16281	0.5	17997	2930	16532	76438	4.25
1960-1969	90	0.19410	0.17693	0.5	15067	2666	13734	59906	3.98
1960-1969	91	0.21216	0.19181	0.5	12401	2379	11212	46172	3.72
1960-1969	92	0.23142	0.20742	0.5	10022	2079	8983	34960	3.49
1960-1969	93	0.25187	0.22370	0.5	7944	1777	7055	25977	3.27
1960-1969	94	0.27348	0.24058	0.5	6167	1484	5425	18922	3.07
1960-1969	95	0.29621	0.25800	0.5	4683	1208	4079	13497	2.88
1960-1969	96	0.32000	0.27586	0.5	3475	959	2996	9419	2.71
1960-1969	97	0.34477	0.29407	0.5	2516	740	2146	6423	2.55
1960-1969	98	0.37040	0.31252	0.5	1776	555	1499	4277	2.41
1960-1969	99	0.39679	0.33110	0.5	1221	404	1019	2778	2.28
1960-1969	100	0.42379	0.34969	0.5	817	286	674	1759	2.15
1960-1969	101	0.45126	0.36819	0.5	531	196	433	1085	2.04
1960-1969	102	0.47902	0.38646	0.5	336	130	271	652	1.94
1960-1969	103	0.50692	0.40442	0.5	206	83	164	381	1.85
1960-1969	104	0.53477	0.42195	0.5	123	52	97	217	1.77
1960-1969	105	0.56241	0.43897	0.5	71	31	55	120	1.69
1960-1969	106	0.58967	0.45540	0.5	40	18	31	65	1.62
1960-1969	107	0.61638	0.47117	0.5	22	10	17	34	1.56
1960-1969	108	0.64241	0.48623	0.5	11	6	9	17	1.51
1960-1969	109	0.66763	0.50054	0.5	6	3	4	9	1.47
1960-1969	110+	0.69192	1.00000	1.45	3	3	4	4	1.45
1970-1979	0	0.01439	0.01420	0.09	100000	1420	98712	7659564	76.60
1970-1979	1	0.00135	0.00135	0.5	98580	133	98513	7560852	76.70
1970-1979	2	0.00073	0.00073	0.5	98446	71	98411	7462339	75.80
1970-1979	3	0.00053	0.00053	0.5	98375	52	98349	7363928	74.86
1970-1979	4	0.00047	0.00047	0.5	98322	47	98299	7265580	73.90
1970-1979	5	0.00041	0.00041	0.5	98276	40	98256	7167281	72.93
1970-1979	6	0.00041	0.00041	0.5	98235	41	98215	7069025	71.96
1970-1979	7	0.00026	0.00026	0.5	98195	26	98182	6970810	70.99
1970-1979	8	0.00033	0.00033	0.5	98169	33	98152	6872628	70.01
1970-1979	9	0.00033	0.00033	0.5	98136	32	98120	6774476	69.03
1970-1979	10	0.00028	0.00028	0.5	98104	28	98090	6676356	68.05
1970-1979	11	0.00032	0.00032	0.5	98076	32	98060	6578266	67.07
1970-1979	12	0.00028	0.00028	0.5	98045	27	98031	6480205	66.09
1970-1979	13	0.00035	0.00035	0.5	98018	34	98001	6382174	65.11
1970-1979	14	0.00034	0.00034	0.5	97984	33	97967	6284173	64.13
1970-1979	15	0.00047	0.00047	0.5	97950	46	97927	6186206	63.16
1970-1979	16	0.00068	0.00068	0.5	97904	67	97871	6088279	62.19
1970-1979	17	0.00076	0.00076	0.5	97837	74	97800	5990408	61.23
1970-1979	18	0.00070	0.00070	0.5	97763	68	97729	5892608	60.27
1970-1979	19	0.00072	0.00072	0.5	97695	71	97660	5794879	59.32
1970-1979	20	0.00071	0.00071	0.5	97624	69	97590	5697219	58.36
1970-1979	21	0.00070	0.00070	0.5	97555	69	97521	5599630	57.40
1970-1979	22	0.00068	0.00068	0.5	97486	67	97453	5502109	56.44
1970-1979	23	0.00063	0.00063	0.5	97420	62	97389	5404656	55.48
1970-1979	24	0.00079	0.00079	0.5	97358	77	97319	5307268	54.51
1970-1979	25	0.00076	0.00076	0.5	97281	73	97244	5209948	53.56
1970-1979	26	0.00075	0.00075	0.5	97207	73	97171	5112704	52.60
1970-1979	27	0.00079	0.00079	0.5	97134	76	97096	5015533	51.64
1970-1979	28	0.00083	0.00083	0.5	97058	81	97018	4918437	50.68
1970-1979	29	0.00087	0.00087	0.5	96977	84	96935	4821420	49.72
1970-1979	30	0.00091	0.00091	0.5	96893	88	96849	4724485	48.76
1970-1979	31	0.00094	0.00094	0.5	96805	91	96760	4627636	47.80
1970-1979	32	0.00105	0.00105	0.5	96714	102	96663	4530876	46.85
1970-1979	33	0.00106	0.00106	0.5	96612	103	96561	4434213	45.90
1970-1979	34	0.00128	0.00128	0.5	96510	124	96448	4337652	44.95
1970-1979	35	0.00143	0.00143	0.5	96386	138	96317	4241204	44.00
1970-1979	36	0.00138	0.00138	0.5	96248	133	96182	4144887	43.06
1970-1979	37	0.00135	0.00135	0.5	96115	129	96051	4048705	42.12
1970-1979	38	0.00160	0.00160	0.5	95986	154	95909	3952654	41.18
1970-1979	39	0.00186	0.00186	0.5	95832	178	95743	3856745	40.24
1970-1979	40	0.00213	0.00213	0.5	95654	203	95553	3761002	39.32
1970-1979	41	0.00198	0.00198	0.5	95451	189	95357	3665449	38.40
1970-1979	42	0.00252	0.00252	0.5	95262	240	95142	3570093	37.48
1970-1979	43	0.00250	0.00249	0.5	95023	237	94904	3474950	36.57
1970-1979	44	0.00281	0.00281	0.5	94786	266	94653	3380046	35.66
1970-1979	45	0.00320	0.00319	0.5	94520	302	94369	3285394	34.76
1970-1979	46	0.00319	0.00319	0.5	94218	300	94068	3191025	33.87
1970-1979	47	0.00347	0.00346	0.5	93918	325	93755	3096957	32.98
1970-1979	48	0.00387	0.00387	0.5	93593	362	93412	3003202	32.09
1970-1979	49	0.00368	0.00367	0.5	93231	342	93060	2909791	31.21
1970-1979	50	0.00443	0.00442	0.5	92889	411	92683	2816731	30.32
1970-1979	51	0.00481	0.00480	0.5	92478	444	92256	2724048	29.46
1970-1979	52	0.00508	0.00507	0.5	92034	467	91801	2631792	28.60
1970-1979	53	0.00530	0.00529	0.5	91567	484	91325	2539991	27.74
1970-1979	54	0.00565	0.00563	0.5	91083	513	90826	2448666	26.88
1970-1979	55	0.00643	0.00641	0.5	90570	580	90280	2357839	26.03
1970-1979	56	0.00668	0.00666	0.5	89990	599	89690	2267560	25.20
1970-1979	57	0.00799	0.00796	0.5	89391	712	89035	2177869	24.36
1970-1979	58	0.00823	0.00820	0.5	88679	727	88315	2088835	23.56
1970-1979	59	0.00880	0.00876	0.5	87952	771	87567	2000519	22.75
1970-1979	60	0.00947	0.00943	0.5	87181	822	86770	1912953	21.94
1970-1979	61	0.00996	0.00991	0.5	86359	856	85931	1826182	21.15
1970-1979	62	0.01127	0.01121	0.5	85503	958	85024	1740251	20.35
1970-1979	63	0.01225	0.01218	0.5	84545	1030	84030	1655227	19.58
1970-1979	64	0.01286	0.01277	0.5	83515	1067	82982	1571197	18.81
1970-1979	65	0.01399	0.01389	0.5	82448	1145	81876	1488216	18.05
1970-1979	66	0.01511	0.01500	0.5	81303	1219	80693	1406340	17.30
1970-1979	67	0.01661	0.01647	0.5	80084	1319	79424	1325647	16.55
1970-1979	68	0.01829	0.01813	0.5	78765	1428	78051	1246222	15.82
1970-1979	69	0.01930	0.01911	0.5	77337	1478	76598	1168172	15.10
1970-1979	70	0.02139	0.02116	0.5	75859	1605	75056	1091574	14.39
1970-1979	71	0.02379	0.02351	0.5	74253	1746	73380	1016518	13.69
1970-1979	72	0.02668	0.02633	0.5	72507	1909	71553	943137	13.01
1970-1979	73	0.02937	0.02895	0.5	70599	2044	69577	871584	12.35
1970-1979	74	0.03306	0.03252	0.5	68555	2230	67440	802008	11.70
1970-1979	75	0.03728	0.03660	0.5	66325	2427	65112	734568	11.08
1970-1979	76	0.04072	0.03991	0.5	63898	2550	62623	669456	10.48
1970-1979	77	0.04222	0.04135	0.5	61348	2536	60080	606833	9.89
1970-1979	78	0.05018	0.04895	0.5	58811	2879	57372	546753	9.30
1970-1979	79	0.05650	0.05495	0.5	55933	3073	54396	489381	8.75
1970-1979	80	0.06198	0.06012	0.5	52859	3178	51270	434985	8.23
1970-1979	81	0.07019	0.06781	0.5	49681	3369	47997	383715	7.72
1970-1979	82	0.07805	0.07512	0.5	46312	3479	44573	335718	7.25
1970-1979	83	0.08735	0.08370	0.5	42834	3585	41041	291145	6.80
1970-1979	84	0.09945	0.09474	0.5	39248	3718	37389	250104	6.37
1970-1979	85	0.10593	0.10060	0.5	35530	3574	33743	212715	5.99
1970-1979	86	0.11904	0.11235	0.5	31956	3590	30161	178972	5.60
1970-1979	87	0.13054	0.12254	0.5	28365	3476	26627	148811	5.25
1970-1979	88	0.14388	0.13422	0.5	24889	3341	23219	122184	4.91
1970-1979	89	0.15833	0.14672	0.5	21549	3162	19968	98965	4.59
1970-1979	90	0.17395	0.16003	0.5	18387	2942	16916	78997	4.30
1970-1979	91	0.19075	0.17414	0.5	15445	2690	14100	62081	4.02
1970-1979	92	0.20877	0.18904	0.5	12755	2411	11549	47981	3.76
1970-1979	93	0.22801	0.20468	0.5	10344	2117	9285	36432	3.52
1970-1979	94	0.24847	0.22101	0.5	8227	1818	7318	27146	3.30
1970-1979	95	0.27012	0.23798	0.5	6408	1525	5646	19829	3.09
1970-1979	96	0.29292	0.25550	0.5	4883	1248	4260	14183	2.90
1970-1979	97	0.31681	0.27349	0.5	3636	994	3139	9923	2.73
1970-1979	98	0.34171	0.29185	0.5	2641	771	2256	6785	2.57
1970-1979	99	0.36751	0.31046	0.5	1870	581	1580	4529	2.42
1970-1979	100	0.39410	0.32922	0.5	1290	425	1077	2949	2.29
1970-1979	101	0.42132	0.34801	0.5	865	301	715	1871	2.16
1970-1979	102	0.44904	0.36670	0.5	564	207	461	1157	2.05
1970-1979	103	0.47707	0.38519	0.5	357	138	288	696	1.95
1970-1979	104	0.50525	0.40335	0.5	220	89	175	407	1.86
1970-1979	105	0.53339	0.42109	0.5	131	55	103	232	1.77
1970-1979	106	0.56133	0.43831	0.5	76	33	59	129	1.70
1970-1979	107	0.58888	0.45493	0.5	43	19	33	69	1.63
1970-1979	108	0.61588	0.47088	0.5	23	11	18	37	1.57
1970-1979	109	0.64219	0.48610	0.5	12	6	9	19	1.53
1970-1979	110+	0.66767	1.00000	1.5	6	6	9	9	1.50
1980-1989	0	0.00932	0.00924	0.08	100000	924	99149	7815721	78.16
1980-1989	1	0.00091	0.00091	0.5	99076	90	99031	7716572	77.89
1980-1989	2	0.00054	0.00054	0.5	98986	53	98960	7617541	76.96
1980-1989	3	0.00040	0.00040	0.5	98933	40	98914	7518581	76.00
1980-1989	4	0.00030	0.00030	0.5	98894	30	98879	7419667	75.03
1980-1989	5	0.00027	0.00027	0.5	98864	27	98850	7320788	74.05
1980-1989	6	0.00023	0.00023	0.5	98837	23	98825	7221938	73.07
1980-1989	7	0.00024	0.00024	0.5	98814	24	98802	7123113	72.09
1980-1989	8	0.00023	0.00023	0.5	98790	23	98778	7024311	71.10
1980-1989	9	0.00023	0.00023	0.5	98767	23	98755	6925533	70.12
1980-1989	10	0.00020	0.00020	0.5	98744	20	98734	6826778	69.14
1980-1989	11	0.00016	0.00016	0.5	98724	16	98716	6728044	68.15
1980-1989	12	0.00027	0.00027	0.5	98708	27	98694	6629328	67.16
1980-1989	13	0.00018	0.00018	0.5	98681	18	98672	6530634	66.18
1980-1989	14	0.00026	0.00026	0.5	98663	25	98651	6431962	65.19
1980-1989	15	0.00046	0.00046	0.5	98638	45	98616	6333311	64.21
1980-1989	16	0.00067	0.00067	0.5	98593	66	98560	6234696	63.24
1980-1989	17	0.00068	0.00068	0.5	98527	67	98494	6136136	62.28
1980-1989	18	0.00067	0.00067	0.5	98460	66	98427	6037642	61.32
1980-1989	19	0.00074	0.00073	0.5	98395	72	98358	5939215	60.36
1980-1989	20	0.00067	0.00067	0.5	98322	65	98290	5840856	59.41
1980-1989	21	0.00074	0.00074	0.5	98257	73	98220	5742567	58.44
1980-1989	22	0.00064	0.00064	0.5	98184	63	98152	5644346	57.49
1980-1989	23	0.00067	0.00067	0.5	98121	65	98088	5546194	56.52
1980-1989	24	0.00062	0.00062	0.5	98055	61	98025	5448106	55.56
1980-1989	25	0.00067	0.00067	0.5	97995	66	97962	5350081	54.60
1980-1989	26	0.00070	0.00070	0.5	97929	69	97895	5252119	53.63
1980-1989	27	0.00071	0.00071	0.5	97860	70	97825	5154225	52.67
1980-1989	28	0.00080	0.00080	0.5	97791	78	97752	5056399	51.71
1980-1989	29	0.00078	0.00078	0.5	97713	76	97675	4958647	50.75
1980-1989	30	0.00077	0.00077	0.5	97637	75	97599	4860972	49.79
1980-1989	31	0.00091	0.00091	0.5	97562	88	97517	4763373	48.82
1980-1989	32	0.00091	0.00091	0.5	97473	89	97429	4665856	47.87
1980-1989	33	0.00089	0.00089	0.5	97384	86	97341	4568427	46.91
1980-1989	34	0.00095	0.00095	0.5	97298	92	97252	4471086	45.95
1980-1989	35	0.00108	0.00108	0.5	97206	105	97153	4373834	45.00
1980-1989	36	0.00112	0.00112	0.5	97101	109	97046	4276680	44.04
1980-1989	37	0.00127	0.00127	0.5	96992	123	96930	4179634	43.09
1980-1989	38	0.00138	0.00138	0.5	96869	134	96802	4082704	42.15
1980-1989	39	0.00146	0.00146	0.5	96735	141	96664	3985902	41.20
1980-1989	40	0.00147	0.00147	0.5	96593	142	96522	3889238	40.26
1980-1989	41	0.00167	0.00167	0.5	96451	161	96371	3792716	39.32
1980-1989	42	0.00183	0.00182	0.5	96290	176	96202	3696345	38.39
1980-1989	43	0.00226	0.00225	0.5	96114	217	96006	3600143	37.46
1980-1989	44	0.00219	0.00219	0.5	95898	210	95793	3504137	36.54
1980-1989	45	0.00253	0.00253	0.5	95687	242	95567	3408345	35.62
1980-1989	46	0.00278	0.00277	0.5	95446	265	95313	3312778	34.71
1980-1989	47	0.00304	0.00304	0.5	95181	289	95036	3217465	33.80
1980-1989	48	0.00324	0.00323	0.5	94892	307	94738	3122429	32.91
1980-1989	49	0.00332	0.00332	0.5	94585	314	94428	3027690	32.01
1980-1989	50	0.00383	0.00382	0.5	94271	360	94091	2933262	31.12
1980-1989	51	0.00411	0.00410	0.5	93911	385	93718	2839171	30.23
1980-1989	52	0.00456	0.00455	0.5	93526	426	93313	2745452	29.36
1980-1989	53	0.00507	0.00506	0.5	93100	471	92864	2652140	28.49
1980-1989	54	0.00521	0.00520	0.5	92629	482	92388	2559275	27.63
1980-1989	55	0.00555	0.00554	0.5	92147	510	91892	2466888	26.77
1980-1989	56	0.00650	0.00648	0.5	91636	594	91340	2374996	25.92
1980-1989	57	0.00693	0.00690	0.5	91043	628	90729	2283656	25.08
1980-1989	58	0.00804	0.00801	0.5	90415	724	90052	2192927	24.25
1980-1989	59	0.00811	0.00808	0.5	89690	724	89328	2102875	23.45
1980-1989	60	0.00893	0.00889	0.5	88966	791	88570	2013547	22.63
1980-1989	61	0.00971	0.00966	0.5	88175	852	87749	1924977	21.83
1980-1989	62	0.01086	0.01080	0.5	87323	943	86851	1837228	21.04
1980-1989	63	0.01149	0.01142	0.5	86379	987	85886	1750377	20.26
1980-1989	64	0.01271	0.01263	0.5	85393	1079	84853	1664491	19.49
1980-1989	65	0.01438	0.01427	0.5	84314	1203	83712	1579637	18.74
1980-1989	66	0.01422	0.01412	0.5	83111	1173	82524	1495925	18.00
1980-1989	67	0.01657	0.01643	0.5	81937	1346	81264	1413401	17.25
1980-1989	68	0.01794	0.01778	0.5	80591	1433	79875	1332137	16.53
1980-1989	69	0.01886	0.01869	0.5	79158	1479	78419	1252263	15.82
1980-1989	70	0.02028	0.02008	0.5	77679	1560	76899	1173844	15.11
1980-1989	71	0.02232	0.02208	0.5	76119	1680	75279	1096945	14.41
1980-1989	72	0.02557	0.02524	0.5	74439	1879	73499	1021666	13.72
1980-1989	73	0.02732	0.02695	0.5	72560	1955	71582	948166	13.07
1980-1989	74	0.02878	0.02838	0.5	70604	2003	69603	876584	12.42
1980-1989	75	0.03263	0.03211	0.5	68601	2203	67500	806981	11.76
1980-1989	76	0.03655	0.03589	0.5	66398	2383	65207	739482	11.14
1980-1989	77	0.03779	0.03709	0.5	64015	2374	62828	674275	10.53
1980-1989	78	0.04336	0.04244	0.5	61641	2616	60333	611447	9.92
1980-1989	79	0.04778	0.04666	0.5	59025	2754	57648	551114	9.34
1980-1989	80	0.05690	0.05533	0.5	56271	3113	54714	493467	8.77
1980-1989	81	0.06212	0.06025	0.5	53157	3203	51556	438753	8.25
1980-1989	82	0.06766	0.06544	0.5	49955	3269	48320	387197	7.75
1980-1989	83	0.07763	0.07473	0.5	46686	3489	44941	338877	7.26
1980-1989	84	0.08660	0.08300	0.5	43197	3585	41404	293935	6.80
1980-1989	85	0.09558	0.09122	0.5	39611	3613	37805	252531	6.38
1980-1989	86	0.10614	0.10079	0.5	35998	3628	34184	214726	5.96
1980-1989	87	0.11770	0.11116	0.5	32370	3598	30571	180542	5.58
1980-1989	88	0.13033	0.12236	0.5	28772	3520	27011	149972	5.21
1980-1989	89	0.14410	0.13442	0.5	25251	3394	23554	122960	4.87
1980-1989	90	0.15906	0.14734	0.5	21857	3220	20247	99406	4.55
1980-1989	91	0.17525	0.16113	0.5	18637	3003	17135	79159	4.25
1980-1989	92	0.19271	0.17577	0.5	15634	2748	14260	62024	3.97
1980-1989	93	0.21147	0.19124	0.5	12886	2464	11654	47764	3.71
1980-1989	94	0.23152	0.20750	0.5	10421	2162	9340	36111	3.47
1980-1989	95	0.25287	0.22449	0.5	8259	1854	7332	26771	3.24
1980-1989	96	0.27548	0.24213	0.5	6405	1551	5629	19439	3.03
1980-1989	97	0.29931	0.26035	0.5	4854	1264	4222	13809	2.84
1980-1989	98	0.32427	0.27903	0.5	3590	1002	3089	9587	2.67
1980-1989	99	0.35028	0.29807	0.5	2589	772	2203	6497	2.51
1980-1989	100	0.37720	0.31735	0.5	1817	577	1529	4295	2.36
1980-1989	101	0.40491	0.33673	0.5	1240	418	1032	2766	2.23
1980-1989	102	0.43323	0.35610	0.5	823	293	676	1735	2.11
1980-1989	103	0.46200	0.37530	0.5	530	199	430	1058	2.00
1980-1989	104	0.49102	0.39423	0.5	331	130	266	628	1.90
1980-1989	105	0.52011	0.41277	0.5	200	83	159	362	1.81
1980-1989	106	0.54905	0.43079	0.5	118	51	92	203	1.73
1980-1989	107	0.57767	0.44821	0.5	67	30	52	111	1.66
1980-1989	108	0.60578	0.46495	0.5	37	17	28	59	1.59
1980-1989	109	0.63321	0.48094	0.5	20	10	15	31	1.55
1980-1989	110+	0.65979	1.00000	1.52	10	10	16	16	1.52
1990-1999	0	0.00783	0.00777	0.07	100000	777	99281	7817123	78.17
1990-1999	1	0.00068	0.00068	0.5	99223	67	99189	7717842	77.78
1990-1999	2	0.00048	0.00048	0.5	99156	48	99132	7618652	76.84
1990-1999	3	0.00034	0.00034	0.5	99108	33	99092	7519520	75.87
1990-1999	4	0.00029	0.00029	0.5	99075	29	99061	7420428	74.90
1990-1999	5	0.00024	0.00024	0.5	99046	24	99034	7321368	73.92
1990-1999	6	0.00022	0.00022	0.5	99022	22	99011	7222334	72.94
1990-1999	7	0.00022	0.00022	0.5	99000	22	98989	7123323	71.95
1990-1999	8	0.00020	0.00020	0.5	98978	20	98968	7024334	70.97
1990-1999	9	0.00016	0.00016	0.5	98958	16	98950	6925366	69.98
1990-1999	10	0.00015	0.00015	0.5	98942	14	98935	6826417	68.99
1990-1999	11	0.00014	0.00014	0.5	98928	14	98921	6727482	68.00
1990-1999	12	0.00022	0.00022	0.5	98914	22	98903	6628561	67.01
1990-1999	13	0.00021	0.00021	0.5	98892	20	98882	6529658	66.03
1990-1999	14	0.00024	0.00024	0.5	98871	24	98860	6430777	65.04
1990-1999	15	0.00037	0.00037	0.5	98848	36	98830	6331917	64.06
1990-1999	16	0.00071	0.00071	0.5	98811	70	98776	6233087	63.08
1990-1999	17	0.00060	0.00060	0.5	98741	59	98712	6134311	62.12
1990-1999	18	0.00074	0.00074	0.5	98683	73	98646	6035599	61.16
1990-1999	19	0.00060	0.00060	0.5	98610	59	98581	5936953	60.21
1990-1999	20	0.00059	0.00059	0.5	98551	58	98522	5838372	59.24
1990-1999	21	0.00058	0.00058	0.5	98493	57	98465	5739850	58.28
1990-1999	22	0.00050	0.00050	0.5	98436	49	98412	5641385	57.31
1990-1999	23	0.00065	0.00065	0.5	98387	64	98355	5542974	56.34
1990-1999	24	0.00062	0.00062	0.5	98323	61	98293	5444619	55.37
1990-1999	25	0.00060	0.00060	0.5	98262	59	98233	5346326	54.41
1990-1999	26	0.00063	0.00063	0.5	98203	61	98172	5248094	53.44
1990-1999	27	0.00075	0.00075	0.5	98142	73	98105	5149921	52.47
1990-1999	28	0.00072	0.00072	0.5	98069	70	98033	5051816	51.51
1990-1999	29	0.00077	0.00077	0.5	97998	75	97960	4953783	50.55
1990-1999	30	0.00077	0.00077	0.5	97923	76	97885	4855822	49.59
1990-1999	31	0.00095	0.00095	0.5	97847	93	97801	4757937	48.63
1990-1999	32	0.00094	0.00094	0.5	97755	92	97708	4660137	47.67
1990-1999	33	0.00096	0.00096	0.5	97662	94	97616	4562428	46.72
1990-1999	34	0.00112	0.00111	0.5	97569	109	97515	4464812	45.76
1990-1999	35	0.00125	0.00125	0.5	97460	121	97399	4367298	44.81
1990-1999	36	0.00117	0.00117	0.5	97339	114	97282	4269898	43.87
1990-1999	37	0.00158	0.00158	0.5	97224	154	97148	4172617	42.92
1990-1999	38	0.00144	0.00144	0.5	97071	140	97001	4075469	41.98
1990-1999	39	0.00141	0.00141	0.5	96931	136	96863	3978468	41.04
1990-1999	40	0.00190	0.00190	0.5	96794	184	96703	3881606	40.10
1990-1999	41	0.00170	0.00170	0.5	96611	164	96529	3784903	39.18
1990-1999	42	0.00186	0.00186	0.5	96446	179	96357	3688375	38.24
1990-1999	43	0.00224	0.00224	0.5	96267	216	96159	3592018	37.31
1990-1999	44	0.00229	0.00229	0.5	96051	220	95942	3495859	36.40
1990-1999	45	0.00237	0.00236	0.5	95832	226	95719	3399917	35.48
1990-1999	46	0.00268	0.00268	0.5	95605	256	95477	3304198	34.56
1990-1999	47	0.00283	0.00282	0.5	95350	269	95215	3208721	33.65
1990-1999	48	0.00332	0.00331	0.5	95080	315	94923	3113506	32.75
1990-1999	49	0.00335	0.00335	0.5	94765	317	94607	3018583	31.85
1990-1999	50	0.00358	0.00357	0.5	94448	337	94279	2923977	30.96
1990-1999	51	0.00414	0.00413	0.5	94111	389	93916	2829697	30.07
1990-1999	52	0.00478	0.00476	0.5	93722	447	93498	2735781	29.19
1990-1999	53	0.00522	0.00520	0.5	93275	485	93032	2642283	28.33
1990-1999	54	0.00555	0.00554	0.5	92790	514	92533	2549251	27.47
1990-1999	55	0.00579	0.00578	0.5	92276	533	92010	2456718	26.62
1990-1999	56	0.00650	0.00648	0.5	91743	595	91446	2364708	25.78
1990-1999	57	0.00723	0.00720	0.5	91148	656	90820	2273263	24.94
1990-1999	58	0.00822	0.00819	0.5	90492	741	90121	2182443	24.12
1990-1999	59	0.00855	0.00852	0.5	89751	765	89369	2092321	23.31
1990-1999	60	0.00891	0.00887	0.5	88987	789	88592	2002952	22.51
1990-1999	61	0.01024	0.01018	0.5	88197	898	87748	1914360	21.71
1990-1999	62	0.01080	0.01075	0.5	87299	938	86830	1826612	20.92
1990-1999	63	0.01243	0.01235	0.5	86361	1067	85828	1739782	20.15
1990-1999	64	0.01327	0.01318	0.5	85294	1124	84732	1653954	19.39
1990-1999	65	0.01439	0.01428	0.5	84170	1202	83569	1569222	18.64
1990-1999	66	0.01541	0.01530	0.5	82968	1269	82333	1485653	17.91
1990-1999	67	0.01735	0.01720	0.5	81699	1405	80996	1403320	17.18
1990-1999	68	0.01813	0.01796	0.5	80293	1442	79572	1322324	16.47
1990-1999	69	0.01945	0.01926	0.5	78851	1519	78092	1242751	15.76
1990-1999	70	0.02156	0.02133	0.5	77332	1649	76508	1164659	15.06
1990-1999	71	0.02347	0.02320	0.5	75683	1756	74805	1088152	14.38
1990-1999	72	0.02620	0.02586	0.5	73927	1912	72971	1013346	13.71
1990-1999	73	0.02932	0.02890	0.5	72015	2081	70975	940375	13.06
1990-1999	74	0.03026	0.02981	0.5	69934	2085	68892	869400	12.43
1990-1999	75	0.03424	0.03366	0.5	67849	2284	66707	800508	11.80
1990-1999	76	0.03615	0.03551	0.5	65565	2328	64401	733801	11.19
1990-1999	77	0.03968	0.03891	0.5	63237	2461	62007	669400	10.59
1990-1999	78	0.04351	0.04258	0.5	60777	2588	59483	607393	9.99
1990-1999	79	0.04841	0.04726	0.5	58189	2750	56814	547910	9.42
1990-1999	80	0.05457	0.05312	0.5	55439	2945	53966	491096	8.86
1990-1999	81	0.06001	0.05826	0.5	52494	3058	50964	437130	8.33
1990-1999	82	0.06688	0.06471	0.5	49435	3199	47836	386166	7.81
1990-1999	83	0.07307	0.07049	0.5	46236	3259	44607	338330	7.32
1990-1999	84	0.08411	0.08072	0.5	42977	3469	41242	293723	6.83
1990-1999	85	0.09250	0.08841	0.5	39508	3493	37761	252481	6.39
1990-1999	86	0.10329	0.09822	0.5	36015	3537	34246	214719	5.96
1990-1999	87	0.11757	0.11104	0.5	32478	3606	30674	180473	5.56
1990-1999	88	0.12934	0.12149	0.5	28871	3507	27118	149799	5.19
1990-1999	89	0.14361	0.13398	0.5	25364	3398	23665	122681	4.84
1990-1999	90	0.15915	0.14742	0.5	21965	3238	20346	99017	4.51
1990-1999	91	0.17604	0.16180	0.5	18727	3030	17212	78670	4.20
1990-1999	92	0.19430	0.17710	0.5	15697	2780	14307	61458	3.92
1990-1999	93	0.21397	0.19329	0.5	12917	2497	11669	47151	3.65
1990-1999	94	0.23505	0.21033	0.5	10420	2192	9325	35482	3.41
1990-1999	95	0.25752	0.22814	0.5	8229	1877	7290	26157	3.18
1990-1999	96	0.28135	0.24665	0.5	6351	1567	5568	18867	2.97
1990-1999	97	0.30648	0.26575	0.5	4785	1272	4149	13299	2.78
1990-1999	98	0.33281	0.28533	0.5	3513	1002	3012	9150	2.60
1990-1999	99	0.36022	0.30524	0.5	2511	766	2128	6138	2.44
1990-1999	100	0.38858	0.32537	0.5	1744	568	1461	4010	2.30
1990-1999	101	0.41772	0.34555	0.5	1177	407	974	2550	2.17
1990-1999	102	0.44744	0.36564	0.5	770	282	629	1576	2.05
1990-1999	103	0.47754	0.38550	0.5	489	188	394	947	1.94
1990-1999	104	0.50781	0.40498	0.5	300	122	239	552	1.84
1990-1999	105	0.53802	0.42397	0.5	179	76	141	313	1.75
1990-1999	106	0.56795	0.44234	0.5	103	46	80	172	1.67
1990-1999	107	0.59739	0.45999	0.5	57	26	44	92	1.60
1990-1999	108	0.62615	0.47686	0.5	31	15	24	48	1.55
1990-1999	109	0.65405	0.49287	0.5	16	8	12	24	1.50
1990-1999	110+	0.68092	1.00000	1.47	8	8	12	12	1.47
2000-2009	0	0.00736	0.00731	0.07	100000	731	99323	7779721	77.80
2000-2009	1	0.00059	0.00059	0.5	99269	59	99240	7680398	77.37
2000-2009	2	0.00038	0.00038	0.5	99210	37	99192	7581158	76.41
2000-2009	3	0.00025	0.00025	0.5	99173	25	99161	7481966	75.44
2000-2009	4	0.00020	0.00020	0.5	99148	20	99138	7382806	74.46
2000-2009	5	0.00023	0.00023	0.5	99128	23	99116	7283668	73.48
2000-2009	6	0.00016	0.00016	0.5	99105	16	99097	7184551	72.49
2000-2009	7	0.00020	0.00020	0.5	99089	20	99079	7085454	71.51
2000-2009	8	0.00017	0.00017	0.5	99069	17	99061	6986375	70.52
2000-2009	9	0.00016	0.00016	0.5	99053	16	99045	6887314	69.53
2000-2009	10	0.00016	0.00016	0.5	99037	15	99029	6788270	68.54
2000-2009	11	0.00015	0.00015	0.5	99021	15	99014	6689241	67.55
2000-2009	12	0.00016	0.00016	0.5	99006	16	98998	6590227	66.56
2000-2009	13	0.00019	0.00019	0.5	98990	19	98981	6491228	65.57
2000-2009	14	0.00027	0.00027	0.5	98972	27	98958	6392247	64.59
2000-2009	15	0.00036	0.00036	0.5	98945	35	98927	6293289	63.60
2000-2009	16	0.00055	0.00055	0.5	98910	54	98883	6194362	62.63
2000-2009	17	0.00050	0.00050	0.5	98855	49	98831	6095479	61.66
2000-2009	18	0.00061	0.00061	0.5	98806	60	98776	5996648	60.69
2000-2009	19	0.00055	0.00055	0.5	98746	54	98719	5897872	59.73
2000-2009	20	0.00053	0.00053	0.5	98692	52	98666	5799153	58.76
2000-2009	21	0.00061	0.00061	0.5	98640	60	98610	5700487	57.79
2000-2009	22	0.00054	0.00054	0.5	98580	54	98554	5601877	56.83
2000-2009	23	0.00066	0.00066	0.5	98527	65	98494	5503324	55.86
2000-2009	24	0.00063	0.00063	0.5	98462	62	98431	5404829	54.89
2000-2009	25	0.00067	0.00067	0.5	98400	65	98367	5306399	53.93
2000-2009	26	0.00073	0.00073	0.5	98334	72	98298	5208032	52.96
2000-2009	27	0.00070	0.00070	0.5	98263	68	98229	5109733	52.00
2000-2009	28	0.00074	0.00074	0.5	98194	73	98158	5011505	51.04
2000-2009	29	0.00089	0.00089	0.5	98121	87	98078	4913347	50.07
2000-2009	30	0.00082	0.00082	0.5	98034	81	97994	4815269	49.12
2000-2009	31	0.00090	0.00090	0.5	97954	89	97909	4717275	48.16
2000-2009	32	0.00107	0.00107	0.5	97865	104	97813	4619365	47.20
2000-2009	33	0.00116	0.00116	0.5	97761	113	97704	4521552	46.25
2000-2009	34	0.00116	0.00116	0.5	97648	114	97591	4423848	45.30
2000-2009	35	0.00138	0.00138	0.5	97534	135	97467	4326257	44.36
2000-2009	36	0.00141	0.00141	0.5	97399	138	97330	4228791	43.42
2000-2009	37	0.00137	0.00137	0.5	97261	133	97195	4131461	42.48
2000-2009	38	0.00173	0.00172	0.5	97128	167	97045	4034266	41.54
2000-2009	39	0.00176	0.00176	0.5	96961	171	96876	3937221	40.61
2000-2009	40	0.00193	0.00192	0.5	96790	186	96697	3840345	39.68
2000-2009	41	0.00217	0.00217	0.5	96604	210	96499	3743648	38.75
2000-2009	42	0.00242	0.00242	0.5	96394	233	96278	3647149	37.84
2000-2009	43	0.00243	0.00243	0.5	96161	234	96044	3550872	36.93
2000-2009	44	0.00263	0.00263	0.5	95927	252	95801	3454828	36.02
2000-2009	45	0.00296	0.00295	0.5	95675	282	95534	3359026	35.11
2000-2009	46	0.00333	0.00332	0.5	95393	317	95234	3263492	34.21
2000-2009	47	0.00349	0.00348	0.5	95076	331	94910	3168258	33.32
2000-2009	48	0.00375	0.00374	0.5	94745	355	94568	3073347	32.44
2000-2009	49	0.00395	0.00394	0.5	94390	372	94204	2978780	31.56
2000-2009	50	0.00416	0.00415	0.5	94019	391	93823	2884575	30.68
2000-2009	51	0.00455	0.00454	0.5	93628	425	93415	2790752	29.81
2000-2009	52	0.00497	0.00496	0.5	93203	462	92972	2697337	28.94
2000-2009	53	0.00529	0.00528	0.5	92741	489	92496	2604365	28.08
2000-2009	54	0.00597	0.00595	0.5	92251	549	91977	2511869	27.23
2000-2009	55	0.00597	0.00595	0.5	91702	546	91429	2419892	26.39
2000-2009	56	0.00651	0.00649	0.5	91157	591	90861	2328462	25.54
2000-2009	57	0.00719	0.00716	0.5	90565	649	90241	2237601	24.71
2000-2009	58	0.00786	0.00783	0.5	89917	704	89565	2147360	23.88
2000-2009	59	0.00896	0.00892	0.5	89213	796	88815	2057796	23.07
2000-2009	60	0.00933	0.00928	0.5	88417	821	88007	1968981	22.27
2000-2009	61	0.01075	0.01070	0.5	87596	937	87128	1880974	21.47
2000-2009	62	0.01117	0.01111	0.5	86659	963	86178	1793847	20.70
2000-2009	63	0.01273	0.01265	0.5	85697	1084	85155	1707668	19.93
2000-2009	64	0.01349	0.01340	0.5	84612	1134	84046	1622514	19.18
2000-2009	65	0.01468	0.01457	0.5	83479	1217	82871	1538468	18.43
2000-2009	66	0.01500	0.01489	0.5	82262	1225	81650	1455598	17.69
2000-2009	67	0.01695	0.01681	0.5	81038	1362	80356	1373948	16.95
2000-2009	68	0.01741	0.01726	0.5	79675	1375	78988	1293591	16.24
2000-2009	69	0.01872	0.01854	0.5	78300	1452	77574	1214604	15.51
2000-2009	70	0.02101	0.02079	0.5	76848	1598	76049	1137029	14.80
2000-2009	71	0.02362	0.02334	0.5	75250	1756	74372	1060980	14.10
2000-2009	72	0.02557	0.02525	0.5	73494	1856	72566	986608	13.42
2000-2009	73	0.02841	0.02801	0.5	71638	2007	70635	914042	12.76
2000-2009	74	0.02996	0.02952	0.5	69631	2055	68604	843407	12.11
2000-2009	75	0.03412	0.03355	0.5	67576	2267	66443	774803	11.47
2000-2009	76	0.03743	0.03674	0.5	65309	2400	64109	708360	10.85
2000-2009	77	0.04023	0.03943	0.5	62909	2481	61669	644251	10.24
2000-2009	78	0.04565	0.04463	0.5	60429	2697	59080	582582	9.64
2000-2009	79	0.04914	0.04797	0.5	57732	2769	56347	523502	9.07
2000-2009	80	0.05687	0.05530	0.5	54963	3039	53443	467155	8.50
2000-2009	81	0.06442	0.06241	0.5	51923	3241	50303	413712	7.97
2000-2009	82	0.07182	0.06933	0.5	48683	3375	46995	363409	7.46
2000-2009	83	0.07899	0.07599	0.5	45307	3443	43586	316414	6.98
2000-2009	84	0.08896	0.08517	0.5	41864	3566	40082	272828	6.52
2000-2009	85	0.09875	0.09410	0.5	38299	3604	36497	232746	6.08
2000-2009	86	0.11002	0.10428	0.5	34695	3618	32886	196250	5.66
2000-2009	87	0.12006	0.11326	0.5	31077	3520	29317	163364	5.26
2000-2009	88	0.14007	0.13090	0.5	27557	3607	25753	134047	4.86
2000-2009	89	0.15608	0.14478	0.5	23950	3467	22216	108293	4.52
2000-2009	90	0.17355	0.15970	0.5	20482	3271	18847	86077	4.20
2000-2009	91	0.19254	0.17563	0.5	17211	3023	15700	67230	3.91
2000-2009	92	0.21307	0.19255	0.5	14189	2732	12823	51530	3.63
2000-2009	93	0.23514	0.21040	0.5	11457	2411	10251	38708	3.38
2000-2009	94	0.25876	0.22911	0.5	9046	2073	8010	28456	3.15
2000-2009	95	0.28386	0.24858	0.5	6973	1733	6107	20447	2.93
2000-2009	96	0.31038	0.26868	0.5	5240	1408	4536	14340	2.74
2000-2009	97	0.33820	0.28929	0.5	3832	1109	3278	9804	2.56
2000-2009	98	0.36720	0.31024	0.5	2724	845	2301	6526	2.40
2000-2009	99	0.39719	0.33138	0.5	1879	623	1567	4225	2.25
2000-2009	100	0.42796	0.35253	0.5	1256	443	1035	2658	2.12
2000-2009	101	0.45931	0.37353	0.5	813	304	661	1623	2.00
2000-2009	102	0.49099	0.39421	0.5	509	201	409	961	1.89
2000-2009	103	0.52273	0.41442	0.5	309	128	245	552	1.79
2000-2009	104	0.55429	0.43401	0.5	181	78	142	308	1.70
2000-2009	105	0.58542	0.45287	0.5	102	46	79	166	1.62
2000-2009	106	0.61589	0.47088	0.5	56	26	43	87	1.56
2000-2009	107	0.64547	0.48798	0.5	30	14	22	44	1.49
2000-2009	108	0.67398	0.50410	0.5	15	8	11	22	1.44
2000-2009	109	0.70125	0.51921	0.5	8	4	6	11	1.40
2000-2009	110+	0.72717	1.00000	1.38	4	4	5	5	1.38
2010-2019	0	0.00665	0.00660	0.07	100000	660	99387	7813935	78.14
2010-2019	1	0.00056	0.00056	0.5	99340	55	99312	7714548	77.66
2010-2019	2	0.00030	0.00030	0.5	99284	30	99269	7615237	76.70
2010-2019	3	0.00023	0.00023	0.5	99255	23	99243	7515967	75.72
2010-2019	4	0.00017	0.00017	0.5	99232	17	99223	7416724	74.74
2010-2019	5	0.00012	0.00012	0.5	99215	12	99209	7317501	73.75
2010-2019	6	0.00014	0.00014	0.5	99203	14	99195	7218292	72.76
2010-2019	7	0.00010	0.00010	0.5	99188	10	99183	7119097	71.77
2010-2019	8	0.00016	0.00016	0.5	99178	16	99170	7019914	70.78
2010-2019	9	0.00012	0.00012	0.5	99162	12	99156	6920744	69.79
2010-2019	10	0.00009	0.00009	0.5	99150	9	99146	6821587	68.80
2010-2019	11	0.00011	0.00011	0.5	99141	11	99135	6722442	67.81
2010-2019	12	0.00015	0.00015	0.5	99130	15	99122	6623306	66.81
2010-2019	13	0.00017	0.00017	0.5	99115	17	99106	6524184	65.82
2010-2019	14	0.00017	0.00017	0.5	99098	17	99089	6425078	64.84
2010-2019	15	0.00025	0.00025	0.5	99081	24	99069	6325988	63.85
2010-2019	16	0.00037	0.00037	0.5	99056	37	99038	6226920	62.86
2010-2019	17	0.00039	0.00039	0.5	99020	39	99000	6127882	61.89
2010-2019	18	0.00052	0.00052	0.5	98981	51	98955	6028882	60.91
2010-2019	19	0.00046	0.00046	0.5	98930	46	98907	5929926	59.94
2010-2019	20	0.00047	0.00047	0.5	98884	47	98860	5831020	58.97
2010-2019	21	0.00063	0.00063	0.5	98837	63	98806	5732159	58.00
2010-2019	22	0.00055	0.00055	0.5	98775	54	98747	5633353	57.03
2010-2019	23	0.00065	0.00065	0.5	98720	64	98688	5534606	56.06
2010-2019	24	0.00061	0.00061	0.5	98656	60	98626	5435918	55.10
2010-2019	25	0.00071	0.00071	0.5	98597	70	98562	5337291	54.13
2010-2019	26	0.00074	0.00074	0.5	98527	73	98491	5238730	53.17
2010-2019	27	0.00084	0.00084	0.5	98454	83	98413	5140239	52.21
2010-2019	28	0.00089	0.00089	0.5	98372	87	98328	5041826	51.25
2010-2019	29	0.00100	0.00100	0.5	98284	98	98235	4943498	50.30
2010-2019	30	0.00097	0.00097	0.5	98186	95	98139	4845263	49.35
2010-2019	31	0.00100	0.00100	0.5	98091	98	98042	4747125	48.40
2010-2019	32	0.00115	0.00115	0.5	97993	112	97937	4649082	47.44
2010-2019	33	0.00124	0.00124	0.5	97881	121	97820	4551146	46.50
2010-2019	34	0.00132	0.00132	0.5	97760	129	97695	4453326	45.55
2010-2019	35	0.00146	0.00146	0.5	97631	143	97559	4355631	44.61
2010-2019	36	0.00156	0.00156	0.5	97488	152	97412	4258071	43.68
2010-2019	37	0.00150	0.00149	0.5	97336	145	97263	4160659	42.75
2010-2019	38	0.00173	0.00172	0.5	97191	168	97107	4063396	41.81
2010-2019	39	0.00180	0.00179	0.5	97023	174	96936	3966289	40.88
2010-2019	40	0.00201	0.00201	0.5	96849	195	96752	3869353	39.95
2010-2019	41	0.00220	0.00219	0.5	96654	212	96548	3772602	39.03
2010-2019	42	0.00254	0.00254	0.5	96442	245	96319	3676054	38.12
2010-2019	43	0.00266	0.00266	0.5	96197	256	96069	3579734	37.21
2010-2019	44	0.00275	0.00274	0.5	95941	263	95810	3483665	36.31
2010-2019	45	0.00321	0.00321	0.5	95678	307	95525	3387855	35.41
2010-2019	46	0.00326	0.00325	0.5	95371	310	95216	3292331	34.52
2010-2019	47	0.00367	0.00366	0.5	95061	348	94887	3197114	33.63
2010-2019	48	0.00412	0.00411	0.5	94713	389	94518	3102228	32.75
2010-2019	49	0.00440	0.00439	0.5	94324	414	94117	3007710	31.89
2010-2019	50	0.00470	0.00469	0.5	93910	440	93690	2913593	31.03
2010-2019	51	0.00508	0.00506	0.5	93470	473	93233	2819903	30.17
2010-2019	52	0.00571	0.00569	0.5	92996	530	92732	2726670	29.32
2010-2019	53	0.00594	0.00592	0.5	92467	548	92193	2633938	28.49
2010-2019	54	0.00647	0.00645	0.5	91919	592	91623	2541745	27.65
2010-2019	55	0.00708	0.00706	0.5	91327	644	91005	2450122	26.83
2010-2019	56	0.00779	0.00776	0.5	90682	703	90331	2359117	26.02
2010-2019	57	0.00815	0.00812	0.5	89979	731	89614	2268787	25.21
2010-2019	58	0.00812	0.00809	0.5	89248	722	88888	2179173	24.42
2010-2019	59	0.00889	0.00885	0.5	88527	783	88135	2090285	23.61
2010-2019	60	0.00961	0.00957	0.5	87743	840	87323	2002150	22.82
2010-2019	61	0.01050	0.01045	0.5	86904	908	86450	1914827	22.03
2010-2019	62	0.01090	0.01085	0.5	85996	933	85529	1828377	21.26
2010-2019	63	0.01189	0.01182	0.5	85063	1006	84560	1742848	20.49
2010-2019	64	0.01288	0.01280	0.5	84058	1076	83520	1658287	19.73
2010-2019	65	0.01366	0.01356	0.5	82982	1126	82419	1574768	18.98
2010-2019	66	0.01487	0.01476	0.5	81856	1208	81252	1492348	18.23
2010-2019	67	0.01621	0.01608	0.5	80648	1297	79999	1411096	17.50
2010-2019	68	0.01683	0.01669	0.5	79351	1325	78689	1331097	16.77
2010-2019	69	0.01856	0.01839	0.5	78026	1435	77309	1252408	16.05
2010-2019	70	0.02056	0.02035	0.5	76591	1558	75812	1175100	15.34
2010-2019	71	0.02219	0.02195	0.5	75033	1647	74209	1099288	14.65
2010-2019	72	0.02421	0.02392	0.5	73386	1755	72508	1025078	13.97
2010-2019	73	0.02618	0.02584	0.5	71631	1851	70705	952570	13.30
2010-2019	74	0.02799	0.02760	0.5	69780	1926	68817	881865	12.64
2010-2019	75	0.03167	0.03117	0.5	67854	2115	66796	813048	11.98
2010-2019	76	0.03363	0.03308	0.5	65738	2174	64651	746252	11.35
2010-2019	77	0.03727	0.03659	0.5	63564	2326	62401	681600	10.72
2010-2019	78	0.04155	0.04070	0.5	61238	2493	59992	619199	10.11
2010-2019	79	0.04497	0.04398	0.5	58746	2584	57454	559207	9.52
2010-2019	80	0.05245	0.05111	0.5	56162	2870	54727	501753	8.93
2010-2019	81	0.05839	0.05674	0.5	53291	3024	51780	447027	8.39
2010-2019	82	0.06563	0.06354	0.5	50268	3194	48671	395247	7.86
2010-2019	83	0.07384	0.07121	0.5	47074	3352	45398	346576	7.36
2010-2019	84	0.07984	0.07677	0.5	43722	3357	42043	301178	6.89
2010-2019	85	0.08972	0.08587	0.5	40365	3466	38632	259135	6.42
2010-2019	86	0.10060	0.09578	0.5	36899	3534	35132	220503	5.98
2010-2019	87	0.11221	0.10625	0.5	33365	3545	31592	185371	5.56
2010-2019	88	0.12832	0.12058	0.5	29820	3596	28022	153779	5.16
2010-2019	89	0.14318	0.13362	0.5	26224	3504	24472	125758	4.80
2010-2019	90	0.15945	0.14768	0.5	22720	3355	21042	101286	4.46
2010-2019	91	0.17719	0.16277	0.5	19365	3152	17789	80244	4.14
2010-2019	92	0.19643	0.17887	0.5	16213	2900	14763	62455	3.85
2010-2019	93	0.21722	0.19594	0.5	13313	2608	12009	47692	3.58
2010-2019	94	0.23955	0.21392	0.5	10704	2290	9559	35684	3.33
2010-2019	95	0.26340	0.23275	0.5	8414	1958	7435	26124	3.10
2010-2019	96	0.28872	0.25230	0.5	6456	1629	5642	18689	2.89
2010-2019	97	0.31544	0.27247	0.5	4827	1315	4170	13048	2.70
2010-2019	98	0.34343	0.29310	0.5	3512	1029	2997	8878	2.53
2010-2019	99	0.37256	0.31406	0.5	2483	780	2093	5881	2.37
2010-2019	100	0.40264	0.33517	0.5	1703	571	1418	3788	2.22
2010-2019	101	0.43348	0.35626	0.5	1132	403	930	2371	2.09
2010-2019	102	0.46484	0.37717	0.5	729	275	591	1440	1.98
2010-2019	103	0.49647	0.39774	0.5	454	181	364	849	1.87
2010-2019	104	0.52814	0.41781	0.5	273	114	216	485	1.77
2010-2019	105	0.55958	0.43725	0.5	159	70	124	269	1.69
2010-2019	106	0.59055	0.45593	0.5	90	41	69	145	1.61
2010-2019	107	0.62082	0.47376	0.5	49	23	37	75	1.55
2010-2019	108	0.65018	0.49067	0.5	26	13	19	38	1.49
2010-2019	109	0.67844	0.50659	0.5	13	7	10	19	1.45
2010-2019	110+	0.70545	1.00000	1.42	6	6	9	9	1.42
2020-2022	0	0.00616	0.00612	0.07	100000	612	99431	7639256	76.39
2020-2022	1	0.00037	0.00037	0.5	99388	36	99370	7539825	75.86
2020-2022	2	0.00021	0.00021	0.5	99351	21	99341	7440456	74.89
2020-2022	3	0.00027	0.00027	0.5	99331	27	99317	7341115	73.91
2020-2022	4	0.00018	0.00018	0.5	99304	18	99295	7241797	72.93
2020-2022	5	0.00019	0.00019	0.5	99286	19	99276	7142502	71.94
2020-2022	6	0.00014	0.00014	0.5	99267	14	99260	7043226	70.95
2020-2022	7	0.00015	0.00015	0.5	99253	15	99245	6943966	69.96
2020-2022	8	0.00008	0.00008	0.5	99238	8	99234	6844721	68.97
2020-2022	9	0.00013	0.00013	0.5	99230	13	99224	6745487	67.98
2020-2022	10	0.00016	0.00016	0.5	99218	16	99210	6646263	66.99
2020-2022	11	0.00010	0.00010	0.5	99202	10	99197	6547054	66.00
2020-2022	12	0.00017	0.00017	0.5	99192	17	99183	6447857	65.00
2020-2022	13	0.00022	0.00022	0.5	99175	21	99164	6348674	64.01
2020-2022	14	0.00028	0.00028	0.5	99153	27	99140	6249510	63.03
2020-2022	15	0.00038	0.00038	0.5	99126	37	99107	6150370	62.05
2020-2022	16	0.00032	0.00032	0.5	99088	32	99073	6051263	61.07
2020-2022	17	0.00042	0.00042	0.5	99057	42	99036	5952190	60.09
2020-2022	18	0.00055	0.00055	0.5	99015	55	98987	5853155	59.11
2020-2022	19	0.00057	0.00057	0.5	98960	56	98932	5754167	58.15
2020-2022	20	0.00059	0.00059	0.5	98904	58	98875	5655235	57.18
2020-2022	21	0.00066	0.00066	0.5	98846	65	98813	5556360	56.21
2020-2022	22	0.00072	0.00072	0.5	98781	71	98745	5457547	55.25
2020-2022	23	0.00068	0.00068	0.5	98709	67	98676	5358802	54.29
2020-2022	24	0.00084	0.00084	0.5	98642	82	98601	5260126	53.33
2020-2022	25	0.00074	0.00074	0.5	98560	73	98523	5161525	52.37
2020-2022	26	0.00106	0.00106	0.5	98486	104	98434	5063002	51.41
2020-2022	27	0.00104	0.00104	0.5	98382	102	98331	4964568	50.46
2020-2022	28	0.00105	0.00105	0.5	98280	103	98228	4866237	49.51
2020-2022	29	0.00134	0.00133	0.5	98177	131	98111	4768008	48.57
2020-2022	30	0.00123	0.00123	0.5	98046	121	97986	4669897	47.63
2020-2022	31	0.00148	0.00148	0.5	97925	145	97853	4571911	46.69
2020-2022	32	0.00153	0.00153	0.5	97780	149	97706	4474059	45.76
2020-2022	33	0.00154	0.00154	0.5	97631	151	97556	4376353	44.83
2020-2022	34	0.00156	0.00156	0.5	97480	152	97404	4278797	43.89
2020-2022	35	0.00140	0.00140	0.5	97328	136	97260	4181393	42.96
2020-2022	36	0.00200	0.00200	0.5	97192	194	97095	4084133	42.02
2020-2022	37	0.00226	0.00226	0.5	96998	219	96889	3987037	41.10
2020-2022	38	0.00253	0.00253	0.5	96779	245	96657	3890148	40.20
2020-2022	39	0.00223	0.00223	0.5	96534	215	96426	3793492	39.30
2020-2022	40	0.00263	0.00263	0.5	96319	253	96192	3697066	38.38
2020-2022	41	0.00277	0.00276	0.5	96066	265	95933	3600873	37.48
2020-2022	42	0.00289	0.00289	0.5	95800	276	95662	3504940	36.59
2020-2022	43	0.00324	0.00324	0.5	95524	309	95369	3409278	35.69
2020-2022	44	0.00331	0.00331	0.5	95215	315	95057	3313909	34.80
2020-2022	45	0.00375	0.00374	0.5	94900	355	94722	3218852	33.92
2020-2022	46	0.00390	0.00390	0.5	94545	368	94361	3124130	33.04
2020-2022	47	0.00415	0.00414	0.5	94176	390	93981	3029769	32.17
2020-2022	48	0.00500	0.00499	0.5	93787	468	93553	2935788	31.30
2020-2022	49	0.00481	0.00479	0.5	93319	447	93095	2842235	30.46
2020-2022	50	0.00556	0.00554	0.5	92871	515	92614	2749140	29.60
2020-2022	51	0.00596	0.00594	0.5	92357	549	92082	2656526	28.76
2020-2022	52	0.00633	0.00631	0.5	91808	579	91518	2564444	27.93
2020-2022	53	0.00728	0.00725	0.5	91229	662	90898	2472926	27.11
2020-2022	54	0.00703	0.00701	0.5	90567	635	90250	2382028	26.30
2020-2022	55	0.00742	0.00740	0.5	89933	665	89600	2291778	25.48
2020-2022	56	0.00824	0.00820	0.5	89267	732	88901	2202178	24.67
2020-2022	57	0.00940	0.00936	0.5	88535	829	88121	2113277	23.87
2020-2022	58	0.01026	0.01021	0.5	87706	895	87259	2025156	23.09
2020-2022	59	0.01079	0.01073	0.5	86811	932	86345	1937898	22.32
2020-2022	60	0.01137	0.01130	0.5	85879	971	85394	1851552	21.56
2020-2022	61	0.01238	0.01230	0.5	84909	1044	84386	1766159	20.80
2020-2022	62	0.01384	0.01374	0.5	83864	1152	83288	1681772	20.05
2020-2022	63	0.01487	0.01476	0.5	82712	1221	82101	1598484	19.33
2020-2022	64	0.01570	0.01558	0.5	81490	1270	80856	1516383	18.61
2020-2022	65	0.01733	0.01718	0.5	80221	1379	79531	1435528	17.89
2020-2022	66	0.01786	0.01770	0.5	78842	1395	78144	1355996	17.20
2020-2022	67	0.01984	0.01965	0.5	77447	1521	76686	1277852	16.50
2020-2022	68	0.02128	0.02106	0.5	75925	1599	75126	1201166	15.82
2020-2022	69	0.02169	0.02146	0.5	74326	1595	73529	1126041	15.15
2020-2022	70	0.02439	0.02410	0.5	72731	1753	71855	1052512	14.47
2020-2022	71	0.02534	0.02502	0.5	70979	1776	70091	980657	13.82
2020-2022	72	0.02890	0.02849	0.5	69203	1972	68217	910566	13.16
2020-2022	73	0.03152	0.03103	0.5	67231	2086	66188	842349	12.53
2020-2022	74	0.03391	0.03334	0.5	65145	2172	64059	776161	11.91
2020-2022	75	0.03870	0.03797	0.5	62973	2391	61778	712102	11.31
2020-2022	76	0.04103	0.04020	0.5	60582	2435	59364	650324	10.73
2020-2022	77	0.04600	0.04496	0.5	58147	2614	56839	590960	10.16
2020-2022	78	0.04981	0.04860	0.5	55532	2699	54183	534120	9.62
2020-2022	79	0.05262	0.05127	0.5	52833	2709	51479	479938	9.08
2020-2022	80	0.05778	0.05616	0.5	50125	2815	48717	428459	8.55
2020-2022	81	0.06369	0.06172	0.5	47310	2920	45850	379741	8.03
2020-2022	82	0.07016	0.06778	0.5	44390	3009	42885	333892	7.52
2020-2022	83	0.07650	0.07368	0.5	41381	3049	39856	291007	7.03
2020-2022	84	0.08725	0.08360	0.5	38332	3205	36730	251150	6.55
2020-2022	85	0.09990	0.09515	0.5	35127	3342	33456	214421	6.10
2020-2022	86	0.11066	0.10486	0.5	31785	3333	30118	180965	5.69
2020-2022	87	0.12042	0.11358	0.5	28452	3232	26836	150846	5.30
2020-2022	88	0.13814	0.12922	0.5	25220	3259	23591	124010	4.92
2020-2022	89	0.15387	0.14288	0.5	21961	3138	20393	100419	4.57
2020-2022	90	0.17103	0.15755	0.5	18824	2966	17341	80027	4.25
2020-2022	91	0.18967	0.17324	0.5	15858	2747	14484	62686	3.95
2020-2022	92	0.20983	0.18991	0.5	13111	2490	11866	48201	3.68
2020-2022	93	0.23153	0.20750	0.5	10621	2204	9519	36336	3.42
2020-2022	94	0.25474	0.22596	0.5	8417	1902	7466	26817	3.19
2020-2022	95	0.27943	0.24518	0.5	6515	1597	5716	19351	2.97
2020-2022	96	0.30554	0.26505	0.5	4918	1303	4266	13634	2.77
2020-2022	97	0.33296	0.28544	0.5	3614	1032	3098	9368	2.59
2020-2022	98	0.36155	0.30620	0.5	2583	791	2187	6270	2.43
2020-2022	99	0.39117	0.32718	0.5	1792	586	1499	4082	2.28
2020-2022	100	0.42160	0.34820	0.5	1206	420	996	2584	2.14
2020-2022	101	0.45265	0.36911	0.5	786	290	641	1588	2.02
2020-2022	102	0.48406	0.38974	0.5	496	193	399	947	1.91
2020-2022	103	0.51561	0.40993	0.5	303	124	241	548	1.81
2020-2022	104	0.54703	0.42954	0.5	179	77	140	308	1.72
2020-2022	105	0.57808	0.44846	0.5	102	46	79	167	1.64
2020-2022	106	0.60852	0.46656	0.5	56	26	43	88	1.57
2020-2022	107	0.63814	0.48378	0.5	30	14	23	45	1.51
2020-2022	108	0.66675	0.50005	0.5	15	8	12	23	1.46
2020-2022	109	0.69418	0.51532	0.5	8	4	6	11	1.42
2020-2022	110+	0.72030	1.00000	1.39	4	4	5	5	1.39
