OK: OK, Lifetables (period 1x10), Males Last modified: February 4 2025, MPv5 (May07) 

Year     	Age	mx	qx	ax	lx	dx	Lx	Tx	ex
1941-1949	0	0.04395	0.04239	0.16	100000	4239	96451	6555557	65.56
1941-1949	1	0.00430	0.00429	0.5	95761	410	95555	6459105	67.45
1941-1949	2	0.00264	0.00264	0.5	95350	252	95224	6363550	66.74
1941-1949	3	0.00190	0.00190	0.5	95099	181	95008	6268325	65.91
1941-1949	4	0.00123	0.00123	0.5	94918	117	94860	6173317	65.04
1941-1949	5	0.00108	0.00108	0.5	94801	103	94750	6078458	64.12
1941-1949	6	0.00109	0.00109	0.5	94698	103	94647	5983708	63.19
1941-1949	7	0.00108	0.00108	0.5	94596	102	94544	5889061	62.26
1941-1949	8	0.00106	0.00106	0.5	94493	100	94443	5794517	61.32
1941-1949	9	0.00102	0.00102	0.5	94393	96	94345	5700073	60.39
1941-1949	10	0.00098	0.00098	0.5	94297	92	94251	5605728	59.45
1941-1949	11	0.00097	0.00097	0.5	94205	91	94159	5511478	58.51
1941-1949	12	0.00101	0.00101	0.5	94113	95	94066	5417319	57.56
1941-1949	13	0.00110	0.00110	0.5	94018	103	93966	5323253	56.62
1941-1949	14	0.00123	0.00123	0.5	93915	116	93857	5229287	55.68
1941-1949	15	0.00141	0.00140	0.5	93799	132	93733	5135430	54.75
1941-1949	16	0.00159	0.00159	0.5	93668	149	93593	5041696	53.83
1941-1949	17	0.00177	0.00177	0.5	93519	166	93436	4948103	52.91
1941-1949	18	0.00196	0.00196	0.5	93353	183	93262	4854667	52.00
1941-1949	19	0.00214	0.00214	0.5	93170	200	93071	4761405	51.10
1941-1949	20	0.00232	0.00232	0.5	92971	215	92863	4668335	50.21
1941-1949	21	0.00246	0.00246	0.5	92755	228	92641	4575472	49.33
1941-1949	22	0.00254	0.00254	0.5	92528	235	92410	4482830	48.45
1941-1949	23	0.00257	0.00256	0.5	92293	236	92174	4390420	47.57
1941-1949	24	0.00253	0.00253	0.5	92056	232	91940	4298245	46.69
1941-1949	25	0.00243	0.00243	0.5	91824	223	91712	4206305	45.81
1941-1949	26	0.00235	0.00234	0.5	91601	215	91493	4114593	44.92
1941-1949	27	0.00229	0.00228	0.5	91386	209	91282	4023100	44.02
1941-1949	28	0.00226	0.00226	0.5	91177	206	91075	3931818	43.12
1941-1949	29	0.00226	0.00226	0.5	90972	205	90869	3840743	42.22
1941-1949	30	0.00231	0.00230	0.5	90766	209	90662	3749874	41.31
1941-1949	31	0.00239	0.00239	0.5	90557	217	90449	3659212	40.41
1941-1949	32	0.00254	0.00254	0.5	90341	229	90226	3568763	39.50
1941-1949	33	0.00273	0.00273	0.5	90112	246	89989	3478537	38.60
1941-1949	34	0.00298	0.00298	0.5	89866	267	89732	3388548	37.71
1941-1949	35	0.00329	0.00328	0.5	89598	294	89451	3298816	36.82
1941-1949	36	0.00357	0.00357	0.5	89304	319	89145	3209365	35.94
1941-1949	37	0.00383	0.00383	0.5	88986	341	88815	3120220	35.06
1941-1949	38	0.00408	0.00407	0.5	88645	361	88465	3031405	34.20
1941-1949	39	0.00426	0.00425	0.5	88285	376	88097	2942940	33.33
1941-1949	40	0.00439	0.00438	0.5	87909	385	87716	2854843	32.48
1941-1949	41	0.00457	0.00456	0.5	87524	399	87324	2767127	31.62
1941-1949	42	0.00487	0.00486	0.5	87125	423	86913	2679803	30.76
1941-1949	43	0.00526	0.00525	0.5	86701	455	86474	2592890	29.91
1941-1949	44	0.00568	0.00566	0.5	86247	489	86002	2506416	29.06
1941-1949	45	0.00619	0.00617	0.5	85758	529	85493	2420414	28.22
1941-1949	46	0.00674	0.00671	0.5	85229	572	84942	2334921	27.40
1941-1949	47	0.00731	0.00728	0.5	84656	616	84348	2249978	26.58
1941-1949	48	0.00795	0.00792	0.5	84040	665	83707	2165630	25.77
1941-1949	49	0.00866	0.00862	0.5	83374	719	83015	2081923	24.97
1941-1949	50	0.00943	0.00939	0.5	82656	776	82268	1998908	24.18
1941-1949	51	0.01016	0.01010	0.5	81880	827	81466	1916640	23.41
1941-1949	52	0.01097	0.01091	0.5	81052	884	80610	1835174	22.64
1941-1949	53	0.01192	0.01185	0.5	80168	950	79693	1754564	21.89
1941-1949	54	0.01294	0.01285	0.5	79218	1018	78709	1674871	21.14
1941-1949	55	0.01405	0.01395	0.5	78200	1091	77655	1596162	20.41
1941-1949	56	0.01516	0.01505	0.5	77109	1160	76529	1518507	19.69
1941-1949	57	0.01629	0.01616	0.5	75949	1227	75335	1441979	18.99
1941-1949	58	0.01745	0.01729	0.5	74722	1292	74075	1366643	18.29
1941-1949	59	0.01854	0.01837	0.5	73429	1349	72755	1292568	17.60
1941-1949	60	0.01964	0.01945	0.5	72081	1402	71380	1219813	16.92
1941-1949	61	0.02090	0.02069	0.5	70679	1462	69948	1148433	16.25
1941-1949	62	0.02255	0.02230	0.5	69217	1544	68445	1078486	15.58
1941-1949	63	0.02459	0.02429	0.5	67673	1644	66851	1010041	14.93
1941-1949	64	0.02684	0.02649	0.5	66029	1749	65155	943190	14.28
1941-1949	65	0.02949	0.02906	0.5	64280	1868	63346	878035	13.66
1941-1949	66	0.03222	0.03171	0.5	62412	1979	61423	814688	13.05
1941-1949	67	0.03527	0.03466	0.5	60433	2095	59386	753266	12.46
1941-1949	68	0.03869	0.03796	0.5	58339	2214	57231	693880	11.89
1941-1949	69	0.04200	0.04114	0.5	56124	2309	54970	636648	11.34
1941-1949	70	0.04545	0.04444	0.5	53815	2392	52620	581678	10.81
1941-1949	71	0.04891	0.04775	0.5	51424	2455	50196	529059	10.29
1941-1949	72	0.05293	0.05156	0.5	48969	2525	47706	478863	9.78
1941-1949	73	0.05758	0.05597	0.5	46444	2599	45144	431157	9.28
1941-1949	74	0.06242	0.06053	0.5	43844	2654	42517	386013	8.80
1941-1949	75	0.06785	0.06563	0.5	41190	2703	39838	343496	8.34
1941-1949	76	0.07407	0.07142	0.5	38487	2749	37112	303657	7.89
1941-1949	77	0.08110	0.07794	0.5	35738	2785	34345	266545	7.46
1941-1949	78	0.08916	0.08536	0.5	32953	2813	31546	232199	7.05
1941-1949	79	0.09766	0.09311	0.5	30140	2806	28737	200653	6.66
1941-1949	80	0.10690	0.10148	0.5	27333	2774	25947	171917	6.29
1941-1949	81	0.11715	0.11067	0.5	24560	2718	23201	145970	5.94
1941-1949	82	0.12818	0.12046	0.5	21842	2631	20526	122769	5.62
1941-1949	83	0.14017	0.13099	0.5	19211	2516	17953	102243	5.32
1941-1949	84	0.15281	0.14197	0.5	16694	2370	15509	84290	5.05
1941-1949	85	0.16574	0.15305	0.5	14324	2192	13228	68781	4.80
1941-1949	86	0.17196	0.15834	0.5	12132	1921	11171	55553	4.58
1941-1949	87	0.18413	0.16860	0.5	10211	1722	9350	44381	4.35
1941-1949	88	0.19695	0.17929	0.5	8489	1522	7728	35031	4.13
1941-1949	89	0.21043	0.19040	0.5	6967	1327	6304	27303	3.92
1941-1949	90	0.22458	0.20191	0.5	5641	1139	5071	20999	3.72
1941-1949	91	0.23940	0.21380	0.5	4502	963	4021	15927	3.54
1941-1949	92	0.25487	0.22606	0.5	3539	800	3139	11907	3.36
1941-1949	93	0.27098	0.23864	0.5	2739	654	2412	8768	3.20
1941-1949	94	0.28772	0.25153	0.5	2086	525	1823	6355	3.05
1941-1949	95	0.30506	0.26468	0.5	1561	413	1354	4532	2.90
1941-1949	96	0.32297	0.27806	0.5	1148	319	988	3178	2.77
1941-1949	97	0.34141	0.29163	0.5	829	242	708	2189	2.64
1941-1949	98	0.36035	0.30534	0.5	587	179	497	1482	2.52
1941-1949	99	0.37973	0.31914	0.5	408	130	343	984	2.41
1941-1949	100	0.39951	0.33299	0.5	278	92	231	642	2.31
1941-1949	101	0.41961	0.34684	0.5	185	64	153	410	2.21
1941-1949	102	0.43999	0.36065	0.5	121	44	99	257	2.13
1941-1949	103	0.46057	0.37436	0.5	77	29	63	158	2.04
1941-1949	104	0.48129	0.38794	0.5	48	19	39	95	1.97
1941-1949	105	0.50207	0.40133	0.5	30	12	24	56	1.89
1941-1949	106	0.52285	0.41449	0.5	18	7	14	32	1.83
1941-1949	107	0.54354	0.42739	0.5	10	4	8	18	1.77
1941-1949	108	0.56409	0.43999	0.5	6	3	5	10	1.72
1941-1949	109	0.58442	0.45226	0.5	3	2	3	6	1.68
1941-1949	110+	0.60447	1.00000	1.65	2	2	3	3	1.65
1950-1959	0	0.03206	0.03119	0.13	100000	3119	97289	6762559	67.63
1950-1959	1	0.00246	0.00245	0.5	96881	238	96762	6665270	68.80
1950-1959	2	0.00147	0.00147	0.5	96643	142	96572	6568508	67.97
1950-1959	3	0.00113	0.00113	0.5	96501	109	96446	6471936	67.07
1950-1959	4	0.00083	0.00083	0.5	96392	80	96352	6375490	66.14
1950-1959	5	0.00073	0.00073	0.5	96312	71	96277	6279138	65.20
1950-1959	6	0.00068	0.00068	0.5	96241	66	96209	6182861	64.24
1950-1959	7	0.00065	0.00065	0.5	96176	63	96144	6086652	63.29
1950-1959	8	0.00060	0.00060	0.5	96113	58	96084	5990508	62.33
1950-1959	9	0.00058	0.00058	0.5	96055	55	96027	5894424	61.37
1950-1959	10	0.00056	0.00056	0.5	96000	53	95973	5798396	60.40
1950-1959	11	0.00058	0.00058	0.5	95946	56	95919	5702423	59.43
1950-1959	12	0.00064	0.00064	0.5	95891	61	95860	5606505	58.47
1950-1959	13	0.00068	0.00068	0.5	95829	65	95797	5510645	57.50
1950-1959	14	0.00086	0.00086	0.5	95764	82	95723	5414848	56.54
1950-1959	15	0.00107	0.00107	0.5	95682	103	95631	5319125	55.59
1950-1959	16	0.00128	0.00128	0.5	95579	122	95518	5223494	54.65
1950-1959	17	0.00149	0.00148	0.5	95457	142	95386	5127976	53.72
1950-1959	18	0.00161	0.00161	0.5	95315	153	95239	5032590	52.80
1950-1959	19	0.00172	0.00172	0.5	95162	163	95081	4937351	51.88
1950-1959	20	0.00184	0.00184	0.5	94999	175	94911	4842270	50.97
1950-1959	21	0.00183	0.00183	0.5	94824	173	94737	4747359	50.07
1950-1959	22	0.00193	0.00193	0.5	94651	183	94559	4652621	49.16
1950-1959	23	0.00179	0.00179	0.5	94468	169	94383	4558062	48.25
1950-1959	24	0.00188	0.00188	0.5	94299	177	94210	4463679	47.34
1950-1959	25	0.00184	0.00184	0.5	94121	173	94035	4369469	46.42
1950-1959	26	0.00180	0.00180	0.5	93949	169	93864	4275434	45.51
1950-1959	27	0.00181	0.00181	0.5	93780	170	93695	4181570	44.59
1950-1959	28	0.00180	0.00180	0.5	93610	168	93526	4087875	43.67
1950-1959	29	0.00184	0.00184	0.5	93442	172	93356	3994349	42.75
1950-1959	30	0.00199	0.00199	0.5	93270	185	93177	3900993	41.82
1950-1959	31	0.00202	0.00202	0.5	93085	188	92991	3807816	40.91
1950-1959	32	0.00208	0.00208	0.5	92897	193	92800	3714825	39.99
1950-1959	33	0.00221	0.00221	0.5	92703	205	92601	3622025	39.07
1950-1959	34	0.00241	0.00240	0.5	92499	222	92388	3529424	38.16
1950-1959	35	0.00256	0.00255	0.5	92276	236	92159	3437036	37.25
1950-1959	36	0.00272	0.00271	0.5	92041	250	91916	3344877	36.34
1950-1959	37	0.00297	0.00297	0.5	91791	272	91655	3252961	35.44
1950-1959	38	0.00308	0.00308	0.5	91519	281	91378	3161306	34.54
1950-1959	39	0.00326	0.00326	0.5	91237	297	91089	3069928	33.65
1950-1959	40	0.00347	0.00347	0.5	90940	315	90782	2978839	32.76
1950-1959	41	0.00384	0.00383	0.5	90625	347	90451	2888057	31.87
1950-1959	42	0.00418	0.00417	0.5	90277	376	90089	2797606	30.99
1950-1959	43	0.00456	0.00454	0.5	89901	409	89697	2707517	30.12
1950-1959	44	0.00495	0.00494	0.5	89493	442	89272	2617820	29.25
1950-1959	45	0.00565	0.00564	0.5	89050	502	88799	2528548	28.39
1950-1959	46	0.00623	0.00621	0.5	88548	550	88273	2439749	27.55
1950-1959	47	0.00669	0.00667	0.5	87998	587	87705	2351476	26.72
1950-1959	48	0.00754	0.00751	0.5	87412	656	87084	2263770	25.90
1950-1959	49	0.00815	0.00812	0.5	86755	704	86403	2176687	25.09
1950-1959	50	0.00875	0.00871	0.5	86051	750	85676	2090284	24.29
1950-1959	51	0.00976	0.00971	0.5	85301	829	84887	2004607	23.50
1950-1959	52	0.01061	0.01055	0.5	84473	892	84027	1919720	22.73
1950-1959	53	0.01144	0.01137	0.5	83581	951	83106	1835693	21.96
1950-1959	54	0.01263	0.01255	0.5	82631	1037	82112	1752587	21.21
1950-1959	55	0.01351	0.01341	0.5	81594	1095	81047	1670474	20.47
1950-1959	56	0.01485	0.01474	0.5	80500	1187	79906	1589428	19.74
1950-1959	57	0.01592	0.01579	0.5	79313	1253	78687	1509521	19.03
1950-1959	58	0.01754	0.01739	0.5	78060	1357	77382	1430835	18.33
1950-1959	59	0.01909	0.01891	0.5	76703	1451	75978	1353453	17.65
1950-1959	60	0.01997	0.01977	0.5	75253	1488	74509	1277475	16.98
1950-1959	61	0.02173	0.02150	0.5	73765	1586	72972	1202966	16.31
1950-1959	62	0.02364	0.02336	0.5	72179	1686	71336	1129994	15.66
1950-1959	63	0.02603	0.02570	0.5	70493	1812	69587	1058659	15.02
1950-1959	64	0.02802	0.02763	0.5	68681	1898	67732	989072	14.40
1950-1959	65	0.03030	0.02985	0.5	66783	1993	65786	921340	13.80
1950-1959	66	0.03283	0.03230	0.5	64790	2093	63743	855553	13.21
1950-1959	67	0.03527	0.03466	0.5	62697	2173	61610	791810	12.63
1950-1959	68	0.03771	0.03701	0.5	60524	2240	59404	730200	12.06
1950-1959	69	0.04081	0.03999	0.5	58284	2331	57118	670796	11.51
1950-1959	70	0.04363	0.04270	0.5	55953	2389	54758	613678	10.97
1950-1959	71	0.04758	0.04647	0.5	53564	2489	52319	558919	10.43
1950-1959	72	0.05195	0.05064	0.5	51074	2586	49781	506600	9.92
1950-1959	73	0.05601	0.05448	0.5	48488	2642	47167	456819	9.42
1950-1959	74	0.06115	0.05934	0.5	45846	2720	44486	409652	8.94
1950-1959	75	0.06683	0.06467	0.5	43126	2789	41731	365166	8.47
1950-1959	76	0.07249	0.06996	0.5	40337	2822	38926	323435	8.02
1950-1959	77	0.07931	0.07629	0.5	37515	2862	36084	284509	7.58
1950-1959	78	0.08841	0.08467	0.5	34653	2934	33186	248425	7.17
1950-1959	79	0.09477	0.09048	0.5	31719	2870	30284	215239	6.79
1950-1959	80	0.10236	0.09738	0.5	28849	2809	27444	184955	6.41
1950-1959	81	0.11135	0.10547	0.5	26040	2747	24667	157511	6.05
1950-1959	82	0.12301	0.11588	0.5	23293	2699	21944	132844	5.70
1950-1959	83	0.13340	0.12505	0.5	20594	2575	19306	110900	5.39
1950-1959	84	0.14600	0.13607	0.5	18019	2452	16793	91594	5.08
1950-1959	85	0.15544	0.14423	0.5	15567	2245	14444	74801	4.81
1950-1959	86	0.16913	0.15595	0.5	13322	2077	12283	60357	4.53
1950-1959	87	0.18287	0.16755	0.5	11244	1884	10302	48074	4.28
1950-1959	88	0.19746	0.17972	0.5	9360	1682	8519	37772	4.04
1950-1959	89	0.21291	0.19243	0.5	7678	1477	6939	29253	3.81
1950-1959	90	0.22922	0.20565	0.5	6201	1275	5563	22313	3.60
1950-1959	91	0.24639	0.21937	0.5	4925	1080	4385	16750	3.40
1950-1959	92	0.26441	0.23354	0.5	3845	898	3396	12365	3.22
1950-1959	93	0.28325	0.24811	0.5	2947	731	2581	8969	3.04
1950-1959	94	0.30288	0.26304	0.5	2216	583	1924	6388	2.88
1950-1959	95	0.32325	0.27827	0.5	1633	454	1406	4463	2.73
1950-1959	96	0.34432	0.29375	0.5	1179	346	1005	3058	2.59
1950-1959	97	0.36602	0.30939	0.5	832	258	704	2052	2.47
1950-1959	98	0.38827	0.32515	0.5	575	187	481	1349	2.35
1950-1959	99	0.41101	0.34094	0.5	388	132	322	867	2.24
1950-1959	100	0.43412	0.35670	0.5	256	91	210	545	2.13
1950-1959	101	0.45753	0.37235	0.5	164	61	134	335	2.04
1950-1959	102	0.48113	0.38783	0.5	103	40	83	202	1.95
1950-1959	103	0.50481	0.40307	0.5	63	25	50	118	1.87
1950-1959	104	0.52847	0.41802	0.5	38	16	30	68	1.80
1950-1959	105	0.55201	0.43261	0.5	22	9	17	38	1.73
1950-1959	106	0.57531	0.44679	0.5	12	6	10	21	1.67
1950-1959	107	0.59828	0.46052	0.5	7	3	5	11	1.62
1950-1959	108	0.62083	0.47377	0.5	4	2	3	6	1.57
1950-1959	109	0.64287	0.48650	0.5	2	1	1	3	1.53
1950-1959	110+	0.66432	1.00000	1.51	1	1	2	2	1.51
1960-1969	0	0.02612	0.02553	0.12	100000	2553	97741	6738843	67.39
1960-1969	1	0.00195	0.00195	0.5	97447	190	97352	6641102	68.15
1960-1969	2	0.00116	0.00116	0.5	97257	113	97200	6543751	67.28
1960-1969	3	0.00084	0.00084	0.5	97144	82	97103	6446551	66.36
1960-1969	4	0.00075	0.00074	0.5	97062	72	97026	6349448	65.42
1960-1969	5	0.00062	0.00062	0.5	96989	60	96960	6252422	64.46
1960-1969	6	0.00055	0.00055	0.5	96930	53	96903	6155463	63.50
1960-1969	7	0.00045	0.00045	0.5	96877	43	96855	6058559	62.54
1960-1969	8	0.00044	0.00044	0.5	96833	43	96812	5961705	61.57
1960-1969	9	0.00042	0.00042	0.5	96791	41	96770	5864892	60.59
1960-1969	10	0.00045	0.00045	0.5	96750	43	96728	5768122	59.62
1960-1969	11	0.00047	0.00047	0.5	96707	45	96684	5671394	58.65
1960-1969	12	0.00061	0.00061	0.5	96661	59	96632	5574710	57.67
1960-1969	13	0.00062	0.00062	0.5	96603	60	96573	5478078	56.71
1960-1969	14	0.00082	0.00082	0.5	96543	79	96504	5381505	55.74
1960-1969	15	0.00105	0.00105	0.5	96464	101	96414	5285002	54.79
1960-1969	16	0.00140	0.00140	0.5	96363	135	96296	5188588	53.84
1960-1969	17	0.00162	0.00162	0.5	96228	156	96150	5092293	52.92
1960-1969	18	0.00182	0.00182	0.5	96073	175	95985	4996142	52.00
1960-1969	19	0.00183	0.00183	0.5	95898	175	95810	4900157	51.10
1960-1969	20	0.00185	0.00184	0.5	95722	177	95634	4804347	50.19
1960-1969	21	0.00197	0.00196	0.5	95546	188	95452	4708713	49.28
1960-1969	22	0.00175	0.00175	0.5	95358	167	95275	4613261	48.38
1960-1969	23	0.00201	0.00201	0.5	95191	191	95096	4517986	47.46
1960-1969	24	0.00198	0.00198	0.5	95000	188	94906	4422890	46.56
1960-1969	25	0.00178	0.00178	0.5	94812	168	94728	4327984	45.65
1960-1969	26	0.00182	0.00182	0.5	94644	172	94558	4233256	44.73
1960-1969	27	0.00188	0.00188	0.5	94472	178	94383	4138698	43.81
1960-1969	28	0.00203	0.00202	0.5	94294	191	94199	4044315	42.89
1960-1969	29	0.00179	0.00179	0.5	94103	168	94019	3950117	41.98
1960-1969	30	0.00199	0.00199	0.5	93935	187	93841	3856098	41.05
1960-1969	31	0.00205	0.00205	0.5	93748	192	93652	3762257	40.13
1960-1969	32	0.00228	0.00228	0.5	93555	213	93449	3668605	39.21
1960-1969	33	0.00226	0.00225	0.5	93342	210	93237	3575156	38.30
1960-1969	34	0.00250	0.00250	0.5	93132	233	93015	3481919	37.39
1960-1969	35	0.00243	0.00243	0.5	92899	226	92786	3388904	36.48
1960-1969	36	0.00273	0.00272	0.5	92673	252	92547	3296118	35.57
1960-1969	37	0.00297	0.00296	0.5	92420	274	92284	3203571	34.66
1960-1969	38	0.00342	0.00341	0.5	92147	314	91989	3111288	33.76
1960-1969	39	0.00362	0.00361	0.5	91832	332	91666	3019298	32.88
1960-1969	40	0.00376	0.00376	0.5	91500	344	91329	2927632	32.00
1960-1969	41	0.00394	0.00394	0.5	91157	359	90977	2836303	31.11
1960-1969	42	0.00455	0.00454	0.5	90798	412	90592	2745326	30.24
1960-1969	43	0.00499	0.00498	0.5	90386	450	90161	2654734	29.37
1960-1969	44	0.00557	0.00555	0.5	89936	500	89686	2564573	28.52
1960-1969	45	0.00622	0.00620	0.5	89437	555	89159	2474886	27.67
1960-1969	46	0.00624	0.00622	0.5	88882	553	88605	2385727	26.84
1960-1969	47	0.00773	0.00770	0.5	88329	680	87989	2297122	26.01
1960-1969	48	0.00789	0.00786	0.5	87648	689	87304	2209133	25.20
1960-1969	49	0.00889	0.00885	0.5	86960	770	86575	2121829	24.40
1960-1969	50	0.00917	0.00913	0.5	86190	787	85797	2035254	23.61
1960-1969	51	0.01023	0.01017	0.5	85403	869	84969	1949458	22.83
1960-1969	52	0.01201	0.01194	0.5	84534	1009	84030	1864489	22.06
1960-1969	53	0.01313	0.01304	0.5	83525	1089	82981	1780459	21.32
1960-1969	54	0.01396	0.01386	0.5	82436	1143	81865	1697478	20.59
1960-1969	55	0.01466	0.01456	0.5	81293	1183	80701	1615614	19.87
1960-1969	56	0.01596	0.01583	0.5	80110	1268	79476	1534912	19.16
1960-1969	57	0.01778	0.01762	0.5	78841	1389	78147	1455437	18.46
1960-1969	58	0.01859	0.01842	0.5	77452	1427	76739	1377290	17.78
1960-1969	59	0.02001	0.01981	0.5	76025	1506	75272	1300551	17.11
1960-1969	60	0.02214	0.02190	0.5	74519	1632	73703	1225279	16.44
1960-1969	61	0.02327	0.02300	0.5	72887	1676	72049	1151576	15.80
1960-1969	62	0.02577	0.02544	0.5	71211	1812	70305	1079527	15.16
1960-1969	63	0.02843	0.02803	0.5	69399	1946	68426	1009222	14.54
1960-1969	64	0.03058	0.03012	0.5	67453	2032	66437	940796	13.95
1960-1969	65	0.03237	0.03185	0.5	65421	2084	64380	874359	13.37
1960-1969	66	0.03581	0.03518	0.5	63338	2228	62223	809979	12.79
1960-1969	67	0.04007	0.03929	0.5	61109	2401	59909	747756	12.24
1960-1969	68	0.04131	0.04048	0.5	58709	2376	57520	687847	11.72
1960-1969	69	0.04396	0.04301	0.5	56332	2423	55121	630327	11.19
1960-1969	70	0.04725	0.04616	0.5	53909	2488	52665	575206	10.67
1960-1969	71	0.05036	0.04912	0.5	51421	2526	50158	522541	10.16
1960-1969	72	0.05793	0.05630	0.5	48895	2753	47519	472383	9.66
1960-1969	73	0.06095	0.05914	0.5	46142	2729	44778	424864	9.21
1960-1969	74	0.06595	0.06385	0.5	43413	2772	42027	380086	8.76
1960-1969	75	0.06949	0.06716	0.5	40642	2729	39277	338059	8.32
1960-1969	76	0.07459	0.07191	0.5	37912	2726	36549	298782	7.88
1960-1969	77	0.07896	0.07596	0.5	35186	2673	33850	262233	7.45
1960-1969	78	0.08742	0.08376	0.5	32513	2723	31152	228383	7.02
1960-1969	79	0.09562	0.09126	0.5	29790	2719	28431	197232	6.62
1960-1969	80	0.10623	0.10087	0.5	27071	2731	25706	168801	6.24
1960-1969	81	0.11471	0.10848	0.5	24341	2641	23020	143095	5.88
1960-1969	82	0.12946	0.12159	0.5	21700	2639	20381	120075	5.53
1960-1969	83	0.13536	0.12678	0.5	19061	2417	17853	99694	5.23
1960-1969	84	0.15347	0.14254	0.5	16645	2372	15459	81841	4.92
1960-1969	85	0.16347	0.15112	0.5	14272	2157	13194	66382	4.65
1960-1969	86	0.18095	0.16593	0.5	12116	2010	11110	53188	4.39
1960-1969	87	0.18983	0.17338	0.5	10105	1752	9229	42078	4.16
1960-1969	88	0.20469	0.18568	0.5	8353	1551	7578	32849	3.93
1960-1969	89	0.22039	0.19851	0.5	6802	1350	6127	25271	3.72
1960-1969	90	0.23694	0.21184	0.5	5452	1155	4874	19144	3.51
1960-1969	91	0.25432	0.22563	0.5	4297	970	3812	14270	3.32
1960-1969	92	0.27252	0.23984	0.5	3327	798	2928	10457	3.14
1960-1969	93	0.29152	0.25444	0.5	2529	644	2208	7529	2.98
1960-1969	94	0.31128	0.26936	0.5	1886	508	1632	5322	2.82
1960-1969	95	0.33175	0.28455	0.5	1378	392	1182	3690	2.68
1960-1969	96	0.35287	0.29995	0.5	986	296	838	2508	2.54
1960-1969	97	0.37459	0.31550	0.5	690	218	581	1670	2.42
1960-1969	98	0.39682	0.33112	0.5	472	156	394	1089	2.30
1960-1969	99	0.41948	0.34676	0.5	316	110	261	695	2.20
1960-1969	100	0.44250	0.36233	0.5	206	75	169	433	2.10
1960-1969	101	0.46576	0.37778	0.5	132	50	107	264	2.01
1960-1969	102	0.48917	0.39304	0.5	82	32	66	158	1.93
1960-1969	103	0.51263	0.40804	0.5	50	20	40	92	1.85
1960-1969	104	0.53603	0.42273	0.5	29	12	23	52	1.78
1960-1969	105	0.55928	0.43706	0.5	17	7	13	29	1.71
1960-1969	106	0.58226	0.45097	0.5	10	4	7	16	1.65
1960-1969	107	0.60490	0.46443	0.5	5	2	4	8	1.60
1960-1969	108	0.62710	0.47741	0.5	3	1	2	4	1.55
1960-1969	109	0.64877	0.48986	0.5	1	1	1	2	1.52
1960-1969	110+	0.66984	1.00000	1.49	1	1	1	1	1.49
1970-1979	0	0.01968	0.01934	0.1	100000	1934	98255	6832830	68.33
1970-1979	1	0.00153	0.00153	0.5	98066	150	97991	6734575	68.67
1970-1979	2	0.00097	0.00097	0.5	97916	95	97869	6636584	67.78
1970-1979	3	0.00068	0.00068	0.5	97822	66	97788	6538715	66.84
1970-1979	4	0.00063	0.00063	0.5	97755	62	97725	6440927	65.89
1970-1979	5	0.00063	0.00063	0.5	97694	62	97663	6343202	64.93
1970-1979	6	0.00051	0.00051	0.5	97632	49	97608	6245539	63.97
1970-1979	7	0.00041	0.00041	0.5	97583	40	97563	6147931	63.00
1970-1979	8	0.00036	0.00036	0.5	97543	35	97525	6050369	62.03
1970-1979	9	0.00048	0.00048	0.5	97508	47	97485	5952843	61.05
1970-1979	10	0.00042	0.00042	0.5	97461	41	97441	5855359	60.08
1970-1979	11	0.00038	0.00038	0.5	97420	37	97402	5757918	59.10
1970-1979	12	0.00048	0.00048	0.5	97383	47	97360	5660516	58.13
1970-1979	13	0.00060	0.00060	0.5	97336	59	97307	5563157	57.15
1970-1979	14	0.00088	0.00088	0.5	97278	85	97235	5465850	56.19
1970-1979	15	0.00103	0.00103	0.5	97192	100	97142	5368615	55.24
1970-1979	16	0.00138	0.00137	0.5	97092	133	97025	5271472	54.29
1970-1979	17	0.00171	0.00171	0.5	96959	166	96876	5174447	53.37
1970-1979	18	0.00189	0.00188	0.5	96793	182	96702	5077571	52.46
1970-1979	19	0.00217	0.00217	0.5	96610	210	96506	4980870	51.56
1970-1979	20	0.00218	0.00218	0.5	96401	210	96296	4884364	50.67
1970-1979	21	0.00210	0.00210	0.5	96191	202	96090	4788068	49.78
1970-1979	22	0.00204	0.00203	0.5	95989	195	95892	4691978	48.88
1970-1979	23	0.00206	0.00206	0.5	95794	197	95695	4596086	47.98
1970-1979	24	0.00202	0.00202	0.5	95597	193	95500	4500391	47.08
1970-1979	25	0.00220	0.00219	0.5	95404	209	95299	4404891	46.17
1970-1979	26	0.00209	0.00209	0.5	95195	199	95095	4309591	45.27
1970-1979	27	0.00194	0.00194	0.5	94996	184	94904	4214496	44.37
1970-1979	28	0.00200	0.00200	0.5	94812	189	94717	4119592	43.45
1970-1979	29	0.00207	0.00206	0.5	94623	195	94525	4024874	42.54
1970-1979	30	0.00206	0.00206	0.5	94428	194	94330	3930349	41.62
1970-1979	31	0.00206	0.00206	0.5	94233	194	94136	3836019	40.71
1970-1979	32	0.00219	0.00219	0.5	94039	206	93936	3741883	39.79
1970-1979	33	0.00218	0.00218	0.5	93833	205	93731	3647947	38.88
1970-1979	34	0.00251	0.00251	0.5	93629	235	93511	3554216	37.96
1970-1979	35	0.00251	0.00251	0.5	93394	234	93277	3460704	37.05
1970-1979	36	0.00252	0.00252	0.5	93160	235	93042	3367428	36.15
1970-1979	37	0.00264	0.00264	0.5	92925	245	92803	3274385	35.24
1970-1979	38	0.00307	0.00306	0.5	92680	284	92538	3181583	34.33
1970-1979	39	0.00314	0.00313	0.5	92396	290	92251	3089045	33.43
1970-1979	40	0.00353	0.00353	0.5	92107	325	91944	2996793	32.54
1970-1979	41	0.00372	0.00371	0.5	91782	341	91611	2904849	31.65
1970-1979	42	0.00430	0.00429	0.5	91441	392	91245	2813238	30.77
1970-1979	43	0.00447	0.00446	0.5	91049	406	90846	2721993	29.90
1970-1979	44	0.00515	0.00513	0.5	90643	465	90410	2631147	29.03
1970-1979	45	0.00552	0.00551	0.5	90178	497	89929	2540737	28.17
1970-1979	46	0.00654	0.00652	0.5	89681	584	89389	2450807	27.33
1970-1979	47	0.00685	0.00682	0.5	89097	608	88793	2361419	26.50
1970-1979	48	0.00784	0.00781	0.5	88489	691	88143	2272626	25.68
1970-1979	49	0.00802	0.00799	0.5	87797	701	87447	2184483	24.88
1970-1979	50	0.00884	0.00880	0.5	87096	766	86713	2097036	24.08
1970-1979	51	0.00999	0.00994	0.5	86330	858	85901	2010323	23.29
1970-1979	52	0.01066	0.01061	0.5	85472	907	85019	1924422	22.52
1970-1979	53	0.01143	0.01136	0.5	84566	961	84085	1839403	21.75
1970-1979	54	0.01278	0.01269	0.5	83605	1061	83074	1755317	21.00
1970-1979	55	0.01404	0.01395	0.5	82543	1151	81968	1672243	20.26
1970-1979	56	0.01442	0.01431	0.5	81392	1165	80810	1590276	19.54
1970-1979	57	0.01621	0.01608	0.5	80227	1290	79582	1509466	18.81
1970-1979	58	0.01821	0.01805	0.5	78938	1425	78225	1429883	18.11
1970-1979	59	0.01924	0.01906	0.5	77513	1477	76774	1351658	17.44
1970-1979	60	0.02118	0.02096	0.5	76036	1594	75239	1274884	16.77
1970-1979	61	0.02285	0.02259	0.5	74442	1681	73601	1199645	16.12
1970-1979	62	0.02637	0.02602	0.5	72761	1894	71814	1126044	15.48
1970-1979	63	0.02775	0.02737	0.5	70867	1940	69897	1054230	14.88
1970-1979	64	0.02858	0.02818	0.5	68927	1942	67956	984333	14.28
1970-1979	65	0.03193	0.03142	0.5	66985	2105	65933	916376	13.68
1970-1979	66	0.03399	0.03343	0.5	64880	2169	63796	850444	13.11
1970-1979	67	0.03582	0.03519	0.5	62712	2207	61608	786648	12.54
1970-1979	68	0.03970	0.03893	0.5	60505	2355	59327	725039	11.98
1970-1979	69	0.04126	0.04043	0.5	58149	2351	56974	665712	11.45
1970-1979	70	0.04747	0.04637	0.5	55798	2587	54505	608739	10.91
1970-1979	71	0.04941	0.04821	0.5	53211	2566	51928	554234	10.42
1970-1979	72	0.05402	0.05260	0.5	50646	2664	49314	502305	9.92
1970-1979	73	0.05730	0.05570	0.5	47982	2673	46645	452992	9.44
1970-1979	74	0.06255	0.06066	0.5	45309	2748	43935	406346	8.97
1970-1979	75	0.06928	0.06696	0.5	42561	2850	41136	362412	8.52
1970-1979	76	0.07372	0.07109	0.5	39711	2823	38299	321276	8.09
1970-1979	77	0.07992	0.07684	0.5	36887	2835	35470	282977	7.67
1970-1979	78	0.08590	0.08236	0.5	34053	2805	32650	247507	7.27
1970-1979	79	0.09226	0.08819	0.5	31248	2756	29870	214856	6.88
1970-1979	80	0.09891	0.09425	0.5	28492	2685	27150	184986	6.49
1970-1979	81	0.10894	0.10331	0.5	25807	2666	24474	157836	6.12
1970-1979	82	0.11941	0.11268	0.5	23141	2608	21837	133362	5.76
1970-1979	83	0.13198	0.12381	0.5	20533	2542	19262	111525	5.43
1970-1979	84	0.14566	0.13577	0.5	17991	2443	16770	92263	5.13
1970-1979	85	0.15428	0.14324	0.5	15549	2227	14435	75493	4.86
1970-1979	86	0.17123	0.15773	0.5	13321	2101	12271	61058	4.58
1970-1979	87	0.17935	0.16459	0.5	11220	1847	10297	48787	4.35
1970-1979	88	0.19353	0.17645	0.5	9373	1654	8546	38490	4.11
1970-1979	89	0.20854	0.18885	0.5	7720	1458	6991	29944	3.88
1970-1979	90	0.22439	0.20176	0.5	6262	1263	5630	22953	3.67
1970-1979	91	0.24108	0.21515	0.5	4998	1075	4461	17323	3.47
1970-1979	92	0.25860	0.22899	0.5	3923	898	3474	12862	3.28
1970-1979	93	0.27693	0.24325	0.5	3025	736	2657	9389	3.10
1970-1979	94	0.29603	0.25787	0.5	2289	590	1994	6732	2.94
1970-1979	95	0.31588	0.27280	0.5	1699	463	1467	4738	2.79
1970-1979	96	0.33643	0.28798	0.5	1235	356	1057	3271	2.65
1970-1979	97	0.35761	0.30337	0.5	880	267	746	2214	2.52
1970-1979	98	0.37936	0.31888	0.5	613	195	515	1467	2.39
1970-1979	99	0.40161	0.33445	0.5	417	140	348	952	2.28
1970-1979	100	0.42427	0.35002	0.5	278	97	229	605	2.18
1970-1979	101	0.44726	0.36552	0.5	181	66	148	376	2.08
1970-1979	102	0.47047	0.38088	0.5	115	44	93	228	1.99
1970-1979	103	0.49381	0.39603	0.5	71	28	57	135	1.91
1970-1979	104	0.51718	0.41092	0.5	43	18	34	79	1.83
1970-1979	105	0.54047	0.42549	0.5	25	11	20	45	1.77
1970-1979	106	0.56359	0.43969	0.5	14	6	11	25	1.70
1970-1979	107	0.58644	0.45347	0.5	8	4	6	13	1.65
1970-1979	108	0.60891	0.46680	0.5	4	2	3	7	1.60
1970-1979	109	0.63094	0.47963	0.5	2	1	2	4	1.56
1970-1979	110+	0.65243	1.00000	1.53	1	1	2	2	1.53
1980-1989	0	0.01229	0.01215	0.08	100000	1215	98879	7065339	70.65
1980-1989	1	0.00105	0.00105	0.5	98785	103	98733	6966460	70.52
1980-1989	2	0.00071	0.00071	0.5	98681	70	98646	6867727	69.59
1980-1989	3	0.00051	0.00051	0.5	98612	50	98587	6769080	68.64
1980-1989	4	0.00042	0.00042	0.5	98562	42	98541	6670494	67.68
1980-1989	5	0.00040	0.00040	0.5	98520	39	98501	6571953	66.71
1980-1989	6	0.00040	0.00040	0.5	98481	39	98461	6473453	65.73
1980-1989	7	0.00043	0.00043	0.5	98442	42	98421	6374991	64.76
1980-1989	8	0.00035	0.00035	0.5	98400	35	98382	6276570	63.79
1980-1989	9	0.00040	0.00040	0.5	98365	40	98345	6178188	62.81
1980-1989	10	0.00034	0.00034	0.5	98325	34	98308	6079843	61.83
1980-1989	11	0.00032	0.00032	0.5	98292	31	98276	5981534	60.86
1980-1989	12	0.00037	0.00037	0.5	98260	36	98242	5883259	59.87
1980-1989	13	0.00056	0.00056	0.5	98224	55	98197	5785016	58.90
1980-1989	14	0.00056	0.00056	0.5	98169	55	98141	5686820	57.93
1980-1989	15	0.00074	0.00074	0.5	98114	72	98078	5588679	56.96
1980-1989	16	0.00111	0.00111	0.5	98041	108	97987	5490601	56.00
1980-1989	17	0.00148	0.00148	0.5	97933	145	97861	5392614	55.06
1980-1989	18	0.00201	0.00201	0.5	97788	197	97690	5294753	54.15
1980-1989	19	0.00175	0.00175	0.5	97592	171	97506	5197063	53.25
1980-1989	20	0.00167	0.00166	0.5	97421	162	97340	5099557	52.35
1980-1989	21	0.00195	0.00195	0.5	97259	189	97164	5002217	51.43
1980-1989	22	0.00185	0.00185	0.5	97069	179	96980	4905053	50.53
1980-1989	23	0.00195	0.00195	0.5	96890	189	96796	4808073	49.62
1980-1989	24	0.00187	0.00187	0.5	96702	181	96611	4711278	48.72
1980-1989	25	0.00192	0.00192	0.5	96521	185	96428	4614666	47.81
1980-1989	26	0.00185	0.00185	0.5	96335	178	96246	4518238	46.90
1980-1989	27	0.00203	0.00203	0.5	96157	195	96060	4421992	45.99
1980-1989	28	0.00198	0.00198	0.5	95962	190	95868	4325932	45.08
1980-1989	29	0.00186	0.00186	0.5	95773	178	95684	4230064	44.17
1980-1989	30	0.00199	0.00199	0.5	95594	190	95499	4134381	43.25
1980-1989	31	0.00216	0.00215	0.5	95404	205	95302	4038881	42.33
1980-1989	32	0.00226	0.00226	0.5	95199	215	95092	3943580	41.42
1980-1989	33	0.00210	0.00210	0.5	94984	200	94884	3848488	40.52
1980-1989	34	0.00221	0.00221	0.5	94784	209	94680	3753604	39.60
1980-1989	35	0.00227	0.00227	0.5	94575	215	94468	3658924	38.69
1980-1989	36	0.00236	0.00236	0.5	94360	222	94249	3564456	37.77
1980-1989	37	0.00233	0.00233	0.5	94138	219	94028	3470207	36.86
1980-1989	38	0.00278	0.00278	0.5	93919	261	93788	3376179	35.95
1980-1989	39	0.00247	0.00247	0.5	93658	231	93542	3282390	35.05
1980-1989	40	0.00289	0.00288	0.5	93426	269	93292	3188848	34.13
1980-1989	41	0.00320	0.00320	0.5	93157	298	93008	3095556	33.23
1980-1989	42	0.00329	0.00328	0.5	92859	305	92707	3002548	32.33
1980-1989	43	0.00405	0.00405	0.5	92554	375	92367	2909842	31.44
1980-1989	44	0.00421	0.00421	0.5	92180	388	91986	2817475	30.57
1980-1989	45	0.00426	0.00425	0.5	91792	390	91597	2725489	29.69
1980-1989	46	0.00501	0.00500	0.5	91402	457	91173	2633892	28.82
1980-1989	47	0.00490	0.00489	0.5	90945	445	90722	2542719	27.96
1980-1989	48	0.00567	0.00565	0.5	90500	512	90244	2451996	27.09
1980-1989	49	0.00639	0.00636	0.5	89988	573	89702	2361752	26.25
1980-1989	50	0.00682	0.00679	0.5	89415	608	89112	2272051	25.41
1980-1989	51	0.00771	0.00768	0.5	88808	682	88467	2182939	24.58
1980-1989	52	0.00856	0.00853	0.5	88126	752	87750	2094472	23.77
1980-1989	53	0.00941	0.00937	0.5	87374	819	86965	2006722	22.97
1980-1989	54	0.01042	0.01036	0.5	86556	897	86107	1919757	22.18
1980-1989	55	0.01173	0.01167	0.5	85659	999	85159	1833650	21.41
1980-1989	56	0.01237	0.01230	0.5	84659	1041	84139	1748491	20.65
1980-1989	57	0.01347	0.01338	0.5	83618	1119	83059	1664352	19.90
1980-1989	58	0.01511	0.01499	0.5	82499	1237	81881	1581294	19.17
1980-1989	59	0.01557	0.01545	0.5	81262	1255	80635	1499413	18.45
1980-1989	60	0.01842	0.01825	0.5	80007	1460	79277	1418778	17.73
1980-1989	61	0.01854	0.01837	0.5	78547	1443	77826	1339501	17.05
1980-1989	62	0.02116	0.02093	0.5	77104	1614	76297	1261676	16.36
1980-1989	63	0.02236	0.02212	0.5	75490	1670	74655	1185379	15.70
1980-1989	64	0.02368	0.02340	0.5	73821	1727	72957	1110723	15.05
1980-1989	65	0.02825	0.02785	0.5	72093	2008	71089	1037766	14.39
1980-1989	66	0.02898	0.02856	0.5	70085	2002	69084	966677	13.79
1980-1989	67	0.03276	0.03223	0.5	68083	2195	66986	897593	13.18
1980-1989	68	0.03442	0.03384	0.5	65889	2229	64774	830607	12.61
1980-1989	69	0.03663	0.03597	0.5	63659	2290	62514	765833	12.03
1980-1989	70	0.04223	0.04136	0.5	61370	2538	60101	703319	11.46
1980-1989	71	0.04398	0.04303	0.5	58831	2532	57566	643218	10.93
1980-1989	72	0.04850	0.04735	0.5	56300	2666	54967	585652	10.40
1980-1989	73	0.05366	0.05226	0.5	53634	2803	52233	530685	9.89
1980-1989	74	0.05756	0.05595	0.5	50831	2844	49409	478453	9.41
1980-1989	75	0.06241	0.06052	0.5	47987	2904	46535	429044	8.94
1980-1989	76	0.06685	0.06469	0.5	45083	2916	43625	382509	8.48
1980-1989	77	0.07481	0.07212	0.5	42166	3041	40646	338884	8.04
1980-1989	78	0.07679	0.07395	0.5	39126	2893	37679	298238	7.62
1980-1989	79	0.08827	0.08454	0.5	36232	3063	34701	260559	7.19
1980-1989	80	0.09506	0.09074	0.5	33169	3010	31664	225858	6.81
1980-1989	81	0.10300	0.09796	0.5	30160	2954	28682	194194	6.44
1980-1989	82	0.11107	0.10523	0.5	27205	2863	25774	165512	6.08
1980-1989	83	0.12450	0.11720	0.5	24342	2853	22916	139738	5.74
1980-1989	84	0.13088	0.12284	0.5	21489	2640	20169	116822	5.44
1980-1989	85	0.13904	0.13001	0.5	18850	2451	17624	96653	5.13
1980-1989	86	0.15548	0.14427	0.5	16399	2366	15216	79028	4.82
1980-1989	87	0.16833	0.15526	0.5	14033	2179	12944	63812	4.55
1980-1989	88	0.18201	0.16682	0.5	11854	1978	10866	50869	4.29
1980-1989	89	0.19653	0.17895	0.5	9877	1767	8993	40003	4.05
1980-1989	90	0.21192	0.19161	0.5	8109	1554	7332	31010	3.82
1980-1989	91	0.22816	0.20480	0.5	6555	1343	5884	23678	3.61
1980-1989	92	0.24527	0.21848	0.5	5213	1139	4643	17794	3.41
1980-1989	93	0.26322	0.23261	0.5	4074	948	3600	13150	3.23
1980-1989	94	0.28199	0.24715	0.5	3126	773	2740	9550	3.05
1980-1989	95	0.30156	0.26205	0.5	2354	617	2045	6810	2.89
1980-1989	96	0.32187	0.27725	0.5	1737	482	1496	4765	2.74
1980-1989	97	0.34288	0.29270	0.5	1255	367	1072	3268	2.60
1980-1989	98	0.36452	0.30833	0.5	888	274	751	2197	2.47
1980-1989	99	0.38673	0.32407	0.5	614	199	515	1446	2.35
1980-1989	100	0.40942	0.33985	0.5	415	141	345	931	2.24
1980-1989	101	0.43250	0.35560	0.5	274	97	225	587	2.14
1980-1989	102	0.45587	0.37125	0.5	177	66	144	361	2.05
1980-1989	103	0.47944	0.38673	0.5	111	43	90	217	1.96
1980-1989	104	0.50311	0.40199	0.5	68	27	54	128	1.88
1980-1989	105	0.52676	0.41694	0.5	41	17	32	74	1.81
1980-1989	106	0.55029	0.43155	0.5	24	10	19	41	1.74
1980-1989	107	0.57360	0.44575	0.5	13	6	10	23	1.68
1980-1989	108	0.59658	0.45951	0.5	7	3	6	12	1.63
1980-1989	109	0.61915	0.47279	0.5	4	2	3	6	1.59
1980-1989	110+	0.64122	1.00000	1.56	2	2	3	3	1.56
1990-1999	0	0.00990	0.00981	0.07	100000	981	99089	7175534	71.76
1990-1999	1	0.00087	0.00087	0.5	99019	86	98976	7076445	71.47
1990-1999	2	0.00065	0.00065	0.5	98933	64	98901	6977469	70.53
1990-1999	3	0.00059	0.00059	0.5	98869	58	98840	6878568	69.57
1990-1999	4	0.00029	0.00029	0.5	98811	28	98797	6779728	68.61
1990-1999	5	0.00029	0.00029	0.5	98783	29	98768	6680931	67.63
1990-1999	6	0.00027	0.00027	0.5	98754	27	98741	6582162	66.65
1990-1999	7	0.00024	0.00024	0.5	98727	23	98715	6483422	65.67
1990-1999	8	0.00027	0.00027	0.5	98704	26	98691	6384706	64.69
1990-1999	9	0.00026	0.00026	0.5	98677	25	98665	6286016	63.70
1990-1999	10	0.00021	0.00021	0.5	98652	21	98642	6187351	62.72
1990-1999	11	0.00027	0.00027	0.5	98631	27	98618	6088709	61.73
1990-1999	12	0.00030	0.00030	0.5	98605	30	98590	5990091	60.75
1990-1999	13	0.00044	0.00044	0.5	98575	43	98553	5891501	59.77
1990-1999	14	0.00057	0.00057	0.5	98532	56	98504	5792948	58.79
1990-1999	15	0.00077	0.00077	0.5	98475	76	98438	5694445	57.83
1990-1999	16	0.00115	0.00114	0.5	98400	113	98343	5596007	56.87
1990-1999	17	0.00138	0.00137	0.5	98287	135	98219	5497664	55.93
1990-1999	18	0.00163	0.00163	0.5	98152	160	98072	5399444	55.01
1990-1999	19	0.00166	0.00166	0.5	97992	163	97910	5301372	54.10
1990-1999	20	0.00159	0.00158	0.5	97829	155	97752	5203462	53.19
1990-1999	21	0.00165	0.00165	0.5	97674	161	97594	5105710	52.27
1990-1999	22	0.00155	0.00155	0.5	97513	151	97438	5008117	51.36
1990-1999	23	0.00154	0.00154	0.5	97362	150	97287	4910679	50.44
1990-1999	24	0.00154	0.00154	0.5	97212	150	97138	4813392	49.51
1990-1999	25	0.00148	0.00148	0.5	97063	144	96991	4716254	48.59
1990-1999	26	0.00157	0.00157	0.5	96919	152	96843	4619264	47.66
1990-1999	27	0.00168	0.00168	0.5	96767	162	96686	4522420	46.74
1990-1999	28	0.00183	0.00182	0.5	96605	176	96517	4425734	45.81
1990-1999	29	0.00199	0.00199	0.5	96429	192	96333	4329217	44.90
1990-1999	30	0.00195	0.00194	0.5	96237	187	96143	4232885	43.98
1990-1999	31	0.00217	0.00217	0.5	96050	209	95946	4136741	43.07
1990-1999	32	0.00215	0.00214	0.5	95841	205	95739	4040796	42.16
1990-1999	33	0.00221	0.00221	0.5	95636	211	95530	3945057	41.25
1990-1999	34	0.00216	0.00215	0.5	95424	206	95322	3849527	40.34
1990-1999	35	0.00237	0.00237	0.5	95219	226	95106	3754206	39.43
1990-1999	36	0.00267	0.00266	0.5	94993	253	94866	3659100	38.52
1990-1999	37	0.00265	0.00265	0.5	94740	251	94614	3564233	37.62
1990-1999	38	0.00271	0.00270	0.5	94489	255	94362	3469619	36.72
1990-1999	39	0.00282	0.00282	0.5	94234	266	94101	3375257	35.82
1990-1999	40	0.00307	0.00306	0.5	93968	288	93824	3281156	34.92
1990-1999	41	0.00329	0.00329	0.5	93680	308	93526	3187332	34.02
1990-1999	42	0.00343	0.00343	0.5	93372	320	93212	3093806	33.13
1990-1999	43	0.00381	0.00381	0.5	93052	354	92875	3000594	32.25
1990-1999	44	0.00398	0.00397	0.5	92698	368	92514	2907719	31.37
1990-1999	45	0.00445	0.00444	0.5	92330	410	92125	2815205	30.49
1990-1999	46	0.00491	0.00490	0.5	91920	450	91695	2723080	29.62
1990-1999	47	0.00495	0.00494	0.5	91470	452	91244	2631386	28.77
1990-1999	48	0.00579	0.00578	0.5	91018	526	90755	2540142	27.91
1990-1999	49	0.00578	0.00576	0.5	90492	521	90232	2449386	27.07
1990-1999	50	0.00640	0.00638	0.5	89971	574	89684	2359154	26.22
1990-1999	51	0.00714	0.00712	0.5	89397	636	89079	2269470	25.39
1990-1999	52	0.00784	0.00781	0.5	88761	693	88414	2180391	24.56
1990-1999	53	0.00830	0.00827	0.5	88068	728	87704	2091977	23.75
1990-1999	54	0.00914	0.00910	0.5	87340	795	86942	2004273	22.95
1990-1999	55	0.01031	0.01026	0.5	86545	888	86101	1917331	22.15
1990-1999	56	0.01080	0.01075	0.5	85657	921	85197	1831230	21.38
1990-1999	57	0.01179	0.01172	0.5	84736	993	84240	1746033	20.61
1990-1999	58	0.01375	0.01365	0.5	83743	1143	83172	1661793	19.84
1990-1999	59	0.01424	0.01414	0.5	82600	1168	82016	1578622	19.11
1990-1999	60	0.01659	0.01645	0.5	81432	1340	80762	1496606	18.38
1990-1999	61	0.01801	0.01785	0.5	80092	1430	79377	1415844	17.68
1990-1999	62	0.01940	0.01922	0.5	78663	1512	77907	1336466	16.99
1990-1999	63	0.02104	0.02082	0.5	77151	1607	76348	1258560	16.31
1990-1999	64	0.02231	0.02206	0.5	75544	1667	74711	1182212	15.65
1990-1999	65	0.02399	0.02371	0.5	73878	1751	73002	1107501	14.99
1990-1999	66	0.02614	0.02581	0.5	72126	1861	71196	1034499	14.34
1990-1999	67	0.02825	0.02785	0.5	70265	1957	69287	963303	13.71
1990-1999	68	0.03122	0.03074	0.5	68308	2100	67258	894016	13.09
1990-1999	69	0.03364	0.03308	0.5	66209	2190	65113	826758	12.49
1990-1999	70	0.03763	0.03694	0.5	64018	2365	62836	761645	11.90
1990-1999	71	0.04021	0.03942	0.5	61653	2430	60438	698809	11.33
1990-1999	72	0.04416	0.04321	0.5	59223	2559	57944	638370	10.78
1990-1999	73	0.04785	0.04673	0.5	56664	2648	55340	580427	10.24
1990-1999	74	0.05155	0.05025	0.5	54016	2714	52659	525086	9.72
1990-1999	75	0.05625	0.05472	0.5	51302	2807	49898	472427	9.21
1990-1999	76	0.06068	0.05889	0.5	48495	2856	47067	422529	8.71
1990-1999	77	0.06690	0.06474	0.5	45639	2955	44162	375462	8.23
1990-1999	78	0.07147	0.06901	0.5	42684	2946	41211	331300	7.76
1990-1999	79	0.08067	0.07754	0.5	39739	3081	38198	290089	7.30
1990-1999	80	0.09131	0.08733	0.5	36657	3201	35057	251891	6.87
1990-1999	81	0.09588	0.09150	0.5	33456	3061	31926	216834	6.48
1990-1999	82	0.10900	0.10337	0.5	30395	3142	28824	184908	6.08
1990-1999	83	0.11777	0.11122	0.5	27253	3031	25738	156084	5.73
1990-1999	84	0.12597	0.11851	0.5	24222	2871	22787	130346	5.38
1990-1999	85	0.14486	0.13508	0.5	21352	2884	19910	107559	5.04
1990-1999	86	0.15957	0.14778	0.5	18467	2729	17103	87650	4.75
1990-1999	87	0.16580	0.15311	0.5	15738	2410	14534	70547	4.48
1990-1999	88	0.18332	0.16793	0.5	13329	2238	12210	56013	4.20
1990-1999	89	0.19932	0.18126	0.5	11090	2010	10085	43804	3.95
1990-1999	90	0.21635	0.19523	0.5	9080	1773	8194	33718	3.71
1990-1999	91	0.23441	0.20982	0.5	7307	1533	6541	25525	3.49
1990-1999	92	0.25349	0.22498	0.5	5774	1299	5125	18984	3.29
1990-1999	93	0.27357	0.24065	0.5	4475	1077	3937	13859	3.10
1990-1999	94	0.29461	0.25678	0.5	3398	873	2962	9922	2.92
1990-1999	95	0.31656	0.27330	0.5	2526	690	2180	6961	2.76
1990-1999	96	0.33937	0.29013	0.5	1835	532	1569	4780	2.60
1990-1999	97	0.36294	0.30719	0.5	1303	400	1103	3211	2.46
1990-1999	98	0.38719	0.32439	0.5	903	293	756	2108	2.34
1990-1999	99	0.41201	0.34163	0.5	610	208	506	1352	2.22
1990-1999	100	0.43729	0.35883	0.5	401	144	329	846	2.11
1990-1999	101	0.46290	0.37590	0.5	257	97	209	517	2.01
1990-1999	102	0.48870	0.39274	0.5	161	63	129	308	1.92
1990-1999	103	0.51457	0.40927	0.5	98	40	78	179	1.83
1990-1999	104	0.54035	0.42542	0.5	58	25	45	101	1.76
1990-1999	105	0.56593	0.44111	0.5	33	15	26	56	1.69
1990-1999	106	0.59116	0.45629	0.5	19	8	14	30	1.63
1990-1999	107	0.61591	0.47090	0.5	10	5	8	16	1.57
1990-1999	108	0.64008	0.48490	0.5	5	3	4	8	1.52
1990-1999	109	0.66356	0.49825	0.5	3	1	2	4	1.48
1990-1999	110+	0.68626	1.00000	1.46	1	1	2	2	1.46
2000-2009	0	0.00897	0.00890	0.07	100000	890	99171	7264264	72.64
2000-2009	1	0.00070	0.00070	0.5	99110	69	99075	7165092	72.29
2000-2009	2	0.00050	0.00050	0.5	99041	50	99016	7066017	71.34
2000-2009	3	0.00034	0.00034	0.5	98991	34	98974	6967001	70.38
2000-2009	4	0.00034	0.00034	0.5	98957	33	98941	6868027	69.40
2000-2009	5	0.00026	0.00026	0.5	98924	26	98911	6769086	68.43
2000-2009	6	0.00020	0.00020	0.5	98898	20	98888	6670175	67.45
2000-2009	7	0.00023	0.00023	0.5	98878	22	98867	6571287	66.46
2000-2009	8	0.00020	0.00020	0.5	98856	20	98846	6472420	65.47
2000-2009	9	0.00019	0.00019	0.5	98836	19	98827	6373574	64.49
2000-2009	10	0.00022	0.00022	0.5	98817	22	98806	6274748	63.50
2000-2009	11	0.00023	0.00023	0.5	98796	23	98784	6175941	62.51
2000-2009	12	0.00028	0.00028	0.5	98773	28	98758	6077157	61.53
2000-2009	13	0.00031	0.00031	0.5	98744	31	98729	5978399	60.54
2000-2009	14	0.00038	0.00038	0.5	98714	38	98695	5879670	59.56
2000-2009	15	0.00058	0.00058	0.5	98676	58	98647	5780975	58.59
2000-2009	16	0.00084	0.00084	0.5	98618	83	98577	5682328	57.62
2000-2009	17	0.00113	0.00113	0.5	98535	111	98480	5583751	56.67
2000-2009	18	0.00142	0.00142	0.5	98424	140	98354	5485272	55.73
2000-2009	19	0.00147	0.00147	0.5	98284	145	98212	5386918	54.81
2000-2009	20	0.00149	0.00148	0.5	98139	146	98067	5288706	53.89
2000-2009	21	0.00158	0.00157	0.5	97994	154	97917	5190639	52.97
2000-2009	22	0.00147	0.00147	0.5	97840	144	97768	5092723	52.05
2000-2009	23	0.00156	0.00156	0.5	97696	153	97619	4994955	51.13
2000-2009	24	0.00166	0.00166	0.5	97543	162	97462	4897336	50.21
2000-2009	25	0.00178	0.00178	0.5	97381	173	97295	4799874	49.29
2000-2009	26	0.00181	0.00181	0.5	97208	175	97120	4702579	48.38
2000-2009	27	0.00168	0.00168	0.5	97033	163	96951	4605459	47.46
2000-2009	28	0.00162	0.00162	0.5	96869	157	96791	4508508	46.54
2000-2009	29	0.00183	0.00183	0.5	96713	177	96624	4411717	45.62
2000-2009	30	0.00168	0.00168	0.5	96536	162	96455	4315093	44.70
2000-2009	31	0.00201	0.00201	0.5	96374	194	96277	4218638	43.77
2000-2009	32	0.00192	0.00192	0.5	96180	184	96088	4122361	42.86
2000-2009	33	0.00200	0.00200	0.5	95996	192	95900	4026273	41.94
2000-2009	34	0.00210	0.00210	0.5	95803	201	95703	3930374	41.03
2000-2009	35	0.00225	0.00225	0.5	95602	215	95495	3834671	40.11
2000-2009	36	0.00245	0.00244	0.5	95387	233	95271	3739176	39.20
2000-2009	37	0.00242	0.00242	0.5	95154	230	95039	3643905	38.29
2000-2009	38	0.00278	0.00278	0.5	94924	263	94793	3548865	37.39
2000-2009	39	0.00314	0.00313	0.5	94661	297	94513	3454073	36.49
2000-2009	40	0.00303	0.00303	0.5	94364	286	94221	3359560	35.60
2000-2009	41	0.00336	0.00336	0.5	94079	316	93921	3265339	34.71
2000-2009	42	0.00375	0.00375	0.5	93763	351	93587	3171418	33.82
2000-2009	43	0.00416	0.00415	0.5	93411	388	93217	3077831	32.95
2000-2009	44	0.00455	0.00454	0.5	93023	422	92812	2984614	32.08
2000-2009	45	0.00468	0.00467	0.5	92601	432	92385	2891801	31.23
2000-2009	46	0.00537	0.00536	0.5	92169	494	91922	2799416	30.37
2000-2009	47	0.00557	0.00555	0.5	91675	509	91421	2707494	29.53
2000-2009	48	0.00583	0.00581	0.5	91166	530	90901	2616074	28.70
2000-2009	49	0.00665	0.00663	0.5	90636	601	90336	2525173	27.86
2000-2009	50	0.00691	0.00688	0.5	90035	620	89725	2434837	27.04
2000-2009	51	0.00755	0.00752	0.5	89415	673	89079	2345112	26.23
2000-2009	52	0.00813	0.00809	0.5	88743	718	88383	2256033	25.42
2000-2009	53	0.00893	0.00889	0.5	88024	783	87633	2167650	24.63
2000-2009	54	0.00962	0.00957	0.5	87241	835	86824	2080017	23.84
2000-2009	55	0.01002	0.00997	0.5	86406	862	85975	1993193	23.07
2000-2009	56	0.01104	0.01098	0.5	85545	939	85075	1907218	22.30
2000-2009	57	0.01184	0.01177	0.5	84606	996	84108	1822142	21.54
2000-2009	58	0.01255	0.01247	0.5	83610	1043	83088	1738035	20.79
2000-2009	59	0.01356	0.01347	0.5	82567	1112	82011	1654947	20.04
2000-2009	60	0.01474	0.01463	0.5	81455	1192	80859	1572936	19.31
2000-2009	61	0.01593	0.01581	0.5	80263	1269	79628	1492077	18.59
2000-2009	62	0.01742	0.01727	0.5	78994	1364	78312	1412449	17.88
2000-2009	63	0.01842	0.01825	0.5	77630	1417	76921	1334137	17.19
2000-2009	64	0.01983	0.01964	0.5	76213	1497	75464	1257216	16.50
2000-2009	65	0.02116	0.02094	0.5	74716	1565	73933	1181752	15.82
2000-2009	66	0.02342	0.02315	0.5	73151	1693	72304	1107819	15.14
2000-2009	67	0.02436	0.02407	0.5	71458	1720	70598	1035514	14.49
2000-2009	68	0.02637	0.02603	0.5	69738	1815	68830	964916	13.84
2000-2009	69	0.02999	0.02955	0.5	67922	2007	66919	896086	13.19
2000-2009	70	0.03244	0.03192	0.5	65915	2104	64863	829167	12.58
2000-2009	71	0.03551	0.03489	0.5	63811	2227	62698	764304	11.98
2000-2009	72	0.03749	0.03680	0.5	61585	2266	60452	701606	11.39
2000-2009	73	0.04072	0.03991	0.5	59318	2367	58135	641155	10.81
2000-2009	74	0.04496	0.04397	0.5	56951	2504	55699	583020	10.24
2000-2009	75	0.04934	0.04815	0.5	54447	2622	53136	527321	9.68
2000-2009	76	0.05315	0.05178	0.5	51826	2683	50484	474184	9.15
2000-2009	77	0.05877	0.05709	0.5	49142	2806	47739	423700	8.62
2000-2009	78	0.06494	0.06290	0.5	46337	2915	44879	375961	8.11
2000-2009	79	0.06936	0.06703	0.5	43422	2911	41967	331082	7.62
2000-2009	80	0.08101	0.07785	0.5	40511	3154	38934	289115	7.14
2000-2009	81	0.08909	0.08529	0.5	37357	3186	35764	250181	6.70
2000-2009	82	0.09481	0.09052	0.5	34171	3093	32625	214416	6.27
2000-2009	83	0.10700	0.10156	0.5	31078	3156	29500	181792	5.85
2000-2009	84	0.11938	0.11266	0.5	27922	3146	26349	152292	5.45
2000-2009	85	0.13395	0.12554	0.5	24776	3110	23221	125943	5.08
2000-2009	86	0.14819	0.13797	0.5	21666	2989	20171	102722	4.74
2000-2009	87	0.16067	0.14873	0.5	18676	2778	17288	82551	4.42
2000-2009	88	0.18197	0.16679	0.5	15899	2652	14573	65264	4.10
2000-2009	89	0.20066	0.18236	0.5	13247	2416	12039	50691	3.83
2000-2009	90	0.22075	0.19881	0.5	10831	2153	9755	38652	3.57
2000-2009	91	0.24224	0.21607	0.5	8678	1875	7740	28897	3.33
2000-2009	92	0.26512	0.23409	0.5	6803	1592	6007	21157	3.11
2000-2009	93	0.28932	0.25276	0.5	5210	1317	4552	15150	2.91
2000-2009	94	0.31480	0.27199	0.5	3893	1059	3364	10598	2.72
2000-2009	95	0.34143	0.29165	0.5	2834	827	2421	7234	2.55
2000-2009	96	0.36911	0.31160	0.5	2008	626	1695	4813	2.40
2000-2009	97	0.39768	0.33172	0.5	1382	458	1153	3118	2.26
2000-2009	98	0.42696	0.35185	0.5	924	325	761	1965	2.13
2000-2009	99	0.45676	0.37184	0.5	599	223	487	1204	2.01
2000-2009	100	0.48687	0.39155	0.5	376	147	302	717	1.91
2000-2009	101	0.51708	0.41086	0.5	229	94	182	414	1.81
2000-2009	102	0.54717	0.42963	0.5	135	58	106	233	1.73
2000-2009	103	0.57691	0.44776	0.5	77	34	60	127	1.65
2000-2009	104	0.60611	0.46515	0.5	42	20	33	67	1.58
2000-2009	105	0.63457	0.48173	0.5	23	11	17	34	1.52
2000-2009	106	0.66212	0.49744	0.5	12	6	9	17	1.46
2000-2009	107	0.68861	0.51224	0.5	6	3	4	8	1.41
2000-2009	108	0.71392	0.52612	0.5	3	2	2	4	1.37
2000-2009	109	0.73796	0.53906	0.5	1	1	1	2	1.34
2000-2009	110+	0.76065	1.00000	1.31	1	1	1	1	1.31
2010-2019	0	0.00817	0.00811	0.07	100000	811	99243	7321684	73.22
2010-2019	1	0.00066	0.00066	0.5	99189	66	99156	7222441	72.82
2010-2019	2	0.00045	0.00045	0.5	99123	45	99100	7123286	71.86
2010-2019	3	0.00035	0.00035	0.5	99078	34	99061	7024185	70.90
2010-2019	4	0.00025	0.00025	0.5	99044	25	99031	6925125	69.92
2010-2019	5	0.00025	0.00025	0.5	99019	25	99006	6826094	68.94
2010-2019	6	0.00017	0.00017	0.5	98994	17	98985	6727087	67.95
2010-2019	7	0.00017	0.00017	0.5	98977	17	98968	6628102	66.97
2010-2019	8	0.00026	0.00026	0.5	98960	25	98947	6529133	65.98
2010-2019	9	0.00015	0.00015	0.5	98935	15	98927	6430186	64.99
2010-2019	10	0.00013	0.00013	0.5	98919	13	98913	6331259	64.00
2010-2019	11	0.00021	0.00021	0.5	98907	21	98896	6232346	63.01
2010-2019	12	0.00023	0.00023	0.5	98886	23	98874	6133450	62.03
2010-2019	13	0.00029	0.00029	0.5	98863	29	98849	6034576	61.04
2010-2019	14	0.00038	0.00038	0.5	98834	38	98815	5935727	60.06
2010-2019	15	0.00053	0.00053	0.5	98796	52	98770	5836912	59.08
2010-2019	16	0.00066	0.00066	0.5	98744	65	98711	5738142	58.11
2010-2019	17	0.00082	0.00082	0.5	98679	81	98638	5639430	57.15
2010-2019	18	0.00120	0.00120	0.5	98598	119	98538	5540792	56.20
2010-2019	19	0.00140	0.00140	0.5	98479	138	98410	5442254	55.26
2010-2019	20	0.00133	0.00133	0.5	98341	131	98276	5343844	54.34
2010-2019	21	0.00153	0.00153	0.5	98210	150	98135	5245568	53.41
2010-2019	22	0.00148	0.00148	0.5	98060	145	97988	5147433	52.49
2010-2019	23	0.00149	0.00149	0.5	97915	146	97842	5049446	51.57
2010-2019	24	0.00155	0.00155	0.5	97769	152	97693	4951603	50.65
2010-2019	25	0.00169	0.00168	0.5	97618	164	97535	4853910	49.72
2010-2019	26	0.00172	0.00172	0.5	97453	168	97369	4756374	48.81
2010-2019	27	0.00181	0.00181	0.5	97286	176	97198	4659005	47.89
2010-2019	28	0.00199	0.00198	0.5	97110	193	97013	4561807	46.98
2010-2019	29	0.00184	0.00183	0.5	96917	178	96828	4464794	46.07
2010-2019	30	0.00205	0.00204	0.5	96739	198	96640	4367966	45.15
2010-2019	31	0.00217	0.00217	0.5	96542	210	96437	4271326	44.24
2010-2019	32	0.00210	0.00210	0.5	96332	202	96231	4174889	43.34
2010-2019	33	0.00220	0.00220	0.5	96130	211	96024	4078658	42.43
2010-2019	34	0.00241	0.00241	0.5	95919	231	95803	3982634	41.52
2010-2019	35	0.00237	0.00236	0.5	95688	226	95575	3886830	40.62
2010-2019	36	0.00262	0.00261	0.5	95462	250	95337	3791255	39.71
2010-2019	37	0.00260	0.00260	0.5	95212	247	95089	3695918	38.82
2010-2019	38	0.00296	0.00296	0.5	94965	281	94825	3600829	37.92
2010-2019	39	0.00296	0.00296	0.5	94684	280	94544	3506005	37.03
2010-2019	40	0.00331	0.00330	0.5	94404	312	94248	3411461	36.14
2010-2019	41	0.00340	0.00339	0.5	94092	319	93932	3317213	35.26
2010-2019	42	0.00374	0.00373	0.5	93773	350	93598	3223281	34.37
2010-2019	43	0.00371	0.00370	0.5	93423	346	93250	3129682	33.50
2010-2019	44	0.00402	0.00401	0.5	93077	373	92891	3036432	32.62
2010-2019	45	0.00445	0.00444	0.5	92704	411	92498	2943541	31.75
2010-2019	46	0.00495	0.00493	0.5	92293	455	92065	2851043	30.89
2010-2019	47	0.00550	0.00549	0.5	91837	504	91585	2758978	30.04
2010-2019	48	0.00586	0.00584	0.5	91333	534	91067	2667393	29.20
2010-2019	49	0.00636	0.00634	0.5	90800	575	90512	2576326	28.37
2010-2019	50	0.00692	0.00689	0.5	90225	622	89914	2485814	27.55
2010-2019	51	0.00732	0.00729	0.5	89602	653	89276	2395900	26.74
2010-2019	52	0.00858	0.00855	0.5	88949	760	88569	2306624	25.93
2010-2019	53	0.00913	0.00909	0.5	88189	802	87788	2218055	25.15
2010-2019	54	0.01002	0.00997	0.5	87388	871	86952	2130267	24.38
2010-2019	55	0.01081	0.01076	0.5	86516	931	86051	2043315	23.62
2010-2019	56	0.01197	0.01190	0.5	85586	1018	85077	1957264	22.87
2010-2019	57	0.01265	0.01257	0.5	84568	1063	84036	1872187	22.14
2010-2019	58	0.01361	0.01352	0.5	83505	1129	82940	1788151	21.41
2010-2019	59	0.01476	0.01465	0.5	82375	1207	81772	1705211	20.70
2010-2019	60	0.01495	0.01484	0.5	81168	1205	80566	1623439	20.00
2010-2019	61	0.01658	0.01645	0.5	79964	1315	79306	1542873	19.29
2010-2019	62	0.01729	0.01714	0.5	78648	1348	77974	1463567	18.61
2010-2019	63	0.01869	0.01852	0.5	77300	1431	76584	1385593	17.92
2010-2019	64	0.01966	0.01947	0.5	75869	1477	75130	1309008	17.25
2010-2019	65	0.02033	0.02012	0.5	74392	1497	73643	1233878	16.59
2010-2019	66	0.02176	0.02153	0.5	72895	1569	72110	1160235	15.92
2010-2019	67	0.02404	0.02375	0.5	71326	1694	70479	1088124	15.26
2010-2019	68	0.02557	0.02524	0.5	69632	1758	68753	1017646	14.61
2010-2019	69	0.02754	0.02717	0.5	67874	1844	66952	948893	13.98
2010-2019	70	0.02956	0.02913	0.5	66030	1923	65068	881941	13.36
2010-2019	71	0.03246	0.03194	0.5	64106	2047	63083	816873	12.74
2010-2019	72	0.03442	0.03384	0.5	62059	2100	61009	753791	12.15
2010-2019	73	0.03599	0.03535	0.5	59959	2120	58899	692782	11.55
2010-2019	74	0.04017	0.03938	0.5	57839	2278	56700	633883	10.96
2010-2019	75	0.04316	0.04224	0.5	55561	2347	54388	577183	10.39
2010-2019	76	0.04793	0.04681	0.5	53214	2491	51969	522795	9.82
2010-2019	77	0.05233	0.05099	0.5	50723	2587	49430	470826	9.28
2010-2019	78	0.05572	0.05421	0.5	48137	2609	46832	421396	8.75
2010-2019	79	0.06306	0.06113	0.5	45528	2783	44136	374563	8.23
2010-2019	80	0.07032	0.06793	0.5	42744	2904	41292	330428	7.73
2010-2019	81	0.07760	0.07470	0.5	39841	2976	38352	289135	7.26
2010-2019	82	0.08578	0.08226	0.5	36864	3032	35348	250783	6.80
2010-2019	83	0.09421	0.08998	0.5	33832	3044	32310	215434	6.37
2010-2019	84	0.10489	0.09966	0.5	30788	3068	29254	183124	5.95
2010-2019	85	0.11660	0.11018	0.5	27720	3054	26193	153871	5.55
2010-2019	86	0.12837	0.12063	0.5	24665	2975	23178	127678	5.18
2010-2019	87	0.13941	0.13033	0.5	21690	2827	20277	104500	4.82
2010-2019	88	0.16133	0.14929	0.5	18863	2816	17455	84224	4.46
2010-2019	89	0.17841	0.16380	0.5	16047	2629	14733	66768	4.16
2010-2019	90	0.19687	0.17923	0.5	13419	2405	12216	52035	3.88
2010-2019	91	0.21674	0.19555	0.5	11014	2154	9937	39819	3.62
2010-2019	92	0.23803	0.21271	0.5	8860	1885	7918	29882	3.37
2010-2019	93	0.26070	0.23064	0.5	6975	1609	6171	21965	3.15
2010-2019	94	0.28473	0.24925	0.5	5367	1338	4698	15794	2.94
2010-2019	95	0.31004	0.26843	0.5	4029	1082	3488	11096	2.75
2010-2019	96	0.33655	0.28807	0.5	2947	849	2523	7608	2.58
2010-2019	97	0.36413	0.30804	0.5	2098	646	1775	5085	2.42
2010-2019	98	0.39263	0.32820	0.5	1452	477	1214	3310	2.28
2010-2019	99	0.42188	0.34839	0.5	975	340	806	2096	2.15
2010-2019	100	0.45168	0.36847	0.5	636	234	519	1290	2.03
2010-2019	101	0.48184	0.38829	0.5	401	156	323	772	1.92
2010-2019	102	0.51213	0.40773	0.5	246	100	195	448	1.83
2010-2019	103	0.54234	0.42664	0.5	145	62	114	253	1.74
2010-2019	104	0.57223	0.44493	0.5	83	37	65	138	1.66
2010-2019	105	0.60161	0.46249	0.5	46	21	36	74	1.59
2010-2019	106	0.63027	0.47924	0.5	25	12	19	38	1.53
2010-2019	107	0.65804	0.49513	0.5	13	6	10	19	1.47
2010-2019	108	0.68477	0.51012	0.5	7	3	5	9	1.42
2010-2019	109	0.71033	0.52417	0.5	3	2	2	4	1.39
2010-2019	110+	0.73462	1.00000	1.36	2	2	2	2	1.36
2020-2022	0	0.00710	0.00705	0.06	100000	705	99340	7099457	70.99
2020-2022	1	0.00055	0.00055	0.5	99295	55	99268	7000117	70.50
2020-2022	2	0.00032	0.00032	0.5	99240	31	99224	6900849	69.54
2020-2022	3	0.00029	0.00029	0.5	99209	29	99194	6801625	68.56
2020-2022	4	0.00015	0.00015	0.5	99180	15	99172	6702431	67.58
2020-2022	5	0.00027	0.00027	0.5	99165	27	99151	6603259	66.59
2020-2022	6	0.00027	0.00027	0.5	99138	26	99125	6504107	65.61
2020-2022	7	0.00020	0.00020	0.5	99112	20	99102	6404982	64.62
2020-2022	8	0.00018	0.00018	0.5	99091	18	99083	6305881	63.64
2020-2022	9	0.00016	0.00016	0.5	99074	15	99066	6206798	62.65
2020-2022	10	0.00019	0.00019	0.5	99058	19	99049	6107732	61.66
2020-2022	11	0.00018	0.00018	0.5	99039	18	99030	6008684	60.67
2020-2022	12	0.00033	0.00033	0.5	99022	32	99005	5909653	59.68
2020-2022	13	0.00038	0.00038	0.5	98989	37	98971	5810648	58.70
2020-2022	14	0.00038	0.00038	0.5	98952	37	98933	5711677	57.72
2020-2022	15	0.00052	0.00052	0.5	98915	52	98889	5612744	56.74
2020-2022	16	0.00076	0.00076	0.5	98863	76	98825	5513855	55.77
2020-2022	17	0.00085	0.00085	0.5	98787	84	98745	5415030	54.82
2020-2022	18	0.00126	0.00126	0.5	98703	124	98641	5316285	53.86
2020-2022	19	0.00128	0.00128	0.5	98579	126	98516	5217644	52.93
2020-2022	20	0.00147	0.00147	0.5	98453	145	98380	5119129	52.00
2020-2022	21	0.00145	0.00145	0.5	98308	142	98237	5020748	51.07
2020-2022	22	0.00178	0.00178	0.5	98165	174	98078	4922512	50.15
2020-2022	23	0.00164	0.00164	0.5	97991	160	97911	4824433	49.23
2020-2022	24	0.00161	0.00161	0.5	97831	157	97752	4726522	48.31
2020-2022	25	0.00190	0.00190	0.5	97674	185	97581	4628770	47.39
2020-2022	26	0.00202	0.00202	0.5	97488	197	97390	4531189	46.48
2020-2022	27	0.00203	0.00203	0.5	97291	197	97193	4433799	45.57
2020-2022	28	0.00244	0.00244	0.5	97094	237	96976	4336607	44.66
2020-2022	29	0.00266	0.00265	0.5	96857	257	96729	4239631	43.77
2020-2022	30	0.00272	0.00272	0.5	96600	263	96469	4142902	42.89
2020-2022	31	0.00249	0.00248	0.5	96338	239	96218	4046433	42.00
2020-2022	32	0.00317	0.00317	0.5	96098	304	95946	3950215	41.11
2020-2022	33	0.00307	0.00307	0.5	95794	294	95647	3854269	40.23
2020-2022	34	0.00321	0.00321	0.5	95500	306	95347	3758622	39.36
2020-2022	35	0.00360	0.00359	0.5	95194	342	95023	3663275	38.48
2020-2022	36	0.00344	0.00343	0.5	94852	325	94690	3568251	37.62
2020-2022	37	0.00342	0.00341	0.5	94527	323	94365	3473562	36.75
2020-2022	38	0.00346	0.00346	0.5	94204	326	94041	3379196	35.87
2020-2022	39	0.00424	0.00424	0.5	93879	398	93680	3285155	34.99
2020-2022	40	0.00449	0.00448	0.5	93481	418	93272	3191475	34.14
2020-2022	41	0.00468	0.00467	0.5	93062	435	92845	3098204	33.29
2020-2022	42	0.00483	0.00482	0.5	92628	447	92405	3005358	32.45
2020-2022	43	0.00512	0.00510	0.5	92181	470	91946	2912954	31.60
2020-2022	44	0.00534	0.00533	0.5	91711	489	91467	2821008	30.76
2020-2022	45	0.00639	0.00637	0.5	91222	581	90932	2729541	29.92
2020-2022	46	0.00653	0.00651	0.5	90641	590	90346	2638609	29.11
2020-2022	47	0.00622	0.00620	0.5	90051	559	89772	2548263	28.30
2020-2022	48	0.00720	0.00717	0.5	89492	642	89171	2458491	27.47
2020-2022	49	0.00761	0.00758	0.5	88850	674	88513	2369320	26.67
2020-2022	50	0.00866	0.00862	0.5	88177	760	87797	2280807	25.87
2020-2022	51	0.00866	0.00862	0.5	87417	754	87040	2193010	25.09
2020-2022	52	0.00959	0.00954	0.5	86663	827	86249	2105970	24.30
2020-2022	53	0.01101	0.01095	0.5	85836	940	85366	2019721	23.53
2020-2022	54	0.01186	0.01179	0.5	84896	1001	84396	1934355	22.79
2020-2022	55	0.01288	0.01279	0.5	83895	1073	83359	1849959	22.05
2020-2022	56	0.01356	0.01347	0.5	82822	1116	82264	1766601	21.33
2020-2022	57	0.01471	0.01460	0.5	81706	1193	81110	1684337	20.61
2020-2022	58	0.01556	0.01544	0.5	80513	1243	79892	1603227	19.91
2020-2022	59	0.01692	0.01677	0.5	79270	1330	78605	1523335	19.22
2020-2022	60	0.01861	0.01844	0.5	77940	1437	77222	1444730	18.54
2020-2022	61	0.01990	0.01970	0.5	76503	1507	75750	1367508	17.88
2020-2022	62	0.02192	0.02168	0.5	74996	1626	74184	1291758	17.22
2020-2022	63	0.02326	0.02299	0.5	73371	1687	72527	1217574	16.59
2020-2022	64	0.02488	0.02457	0.5	71684	1762	70803	1145047	15.97
2020-2022	65	0.02621	0.02587	0.5	69922	1809	69018	1074244	15.36
2020-2022	66	0.02856	0.02816	0.5	68113	1918	67154	1005226	14.76
2020-2022	67	0.02865	0.02825	0.5	66195	1870	65260	938072	14.17
2020-2022	68	0.03080	0.03033	0.5	64325	1951	63350	872812	13.57
2020-2022	69	0.03282	0.03229	0.5	62374	2014	61367	809462	12.98
2020-2022	70	0.03552	0.03490	0.5	60360	2107	59307	748095	12.39
2020-2022	71	0.03917	0.03842	0.5	58254	2238	57135	688788	11.82
2020-2022	72	0.03977	0.03900	0.5	56016	2184	54924	631653	11.28
2020-2022	73	0.04390	0.04296	0.5	53832	2313	52675	576730	10.71
2020-2022	74	0.04662	0.04556	0.5	51519	2347	50345	524054	10.17
2020-2022	75	0.05357	0.05217	0.5	49172	2565	47889	473709	9.63
2020-2022	76	0.05710	0.05551	0.5	46606	2587	45313	425820	9.14
2020-2022	77	0.06246	0.06057	0.5	44019	2666	42686	380508	8.64
2020-2022	78	0.06722	0.06503	0.5	41353	2689	40008	337822	8.17
2020-2022	79	0.07299	0.07042	0.5	38663	2723	37302	297814	7.70
2020-2022	80	0.08039	0.07729	0.5	35941	2778	34552	260511	7.25
2020-2022	81	0.08921	0.08540	0.5	33163	2832	31747	225959	6.81
2020-2022	82	0.09126	0.08727	0.5	30331	2647	29008	194212	6.40
2020-2022	83	0.10808	0.10254	0.5	27684	2839	26265	165205	5.97
2020-2022	84	0.11783	0.11127	0.5	24845	2765	23463	138940	5.59
2020-2022	85	0.12785	0.12017	0.5	22081	2653	20754	115477	5.23
2020-2022	86	0.13749	0.12865	0.5	19427	2499	18178	94723	4.88
2020-2022	87	0.15430	0.14325	0.5	16928	2425	15716	76545	4.52
2020-2022	88	0.17693	0.16255	0.5	14503	2357	13324	60830	4.19
2020-2022	89	0.19507	0.17774	0.5	12146	2159	11066	47505	3.91
2020-2022	90	0.21459	0.19380	0.5	9987	1935	9019	36439	3.65
2020-2022	91	0.23549	0.21068	0.5	8051	1696	7203	27420	3.41
2020-2022	92	0.25775	0.22832	0.5	6355	1451	5630	20217	3.18
2020-2022	93	0.28135	0.24665	0.5	4904	1210	4299	14587	2.97
2020-2022	94	0.30621	0.26555	0.5	3695	981	3204	10288	2.78
2020-2022	95	0.33225	0.28492	0.5	2713	773	2327	7084	2.61
2020-2022	96	0.35937	0.30463	0.5	1940	591	1645	4757	2.45
2020-2022	97	0.38741	0.32454	0.5	1349	438	1130	3112	2.31
2020-2022	98	0.41622	0.34452	0.5	911	314	754	1982	2.17
2020-2022	99	0.44561	0.36442	0.5	597	218	489	1227	2.05
2020-2022	100	0.47539	0.38409	0.5	380	146	307	739	1.95
2020-2022	101	0.50534	0.40341	0.5	234	94	187	432	1.85
2020-2022	102	0.53526	0.42225	0.5	140	59	110	245	1.76
2020-2022	103	0.56492	0.44050	0.5	81	36	63	135	1.68
2020-2022	104	0.59413	0.45806	0.5	45	21	35	72	1.61
2020-2022	105	0.62268	0.47484	0.5	24	12	19	38	1.54
2020-2022	106	0.65041	0.49080	0.5	13	6	10	19	1.48
2020-2022	107	0.67716	0.50588	0.5	7	3	5	9	1.43
2020-2022	108	0.70279	0.52005	0.5	3	2	2	4	1.39
2020-2022	109	0.72721	0.53330	0.5	2	1	1	2	1.36
2020-2022	110+	0.75034	1.00000	1.33	1	1	1	1	1.33
