OK: OK, Lifetables (period 5x10), Males Last modified: February 4 2025, MPv5 (May07) 

Year     	Age	mx	qx	ax	lx	dx	Lx	Tx	ex
1941-1949	0	0.04395	0.04239	0.16	100000	4239	96451	6555557	65.56
1941-1949	1-4	0.00252	0.01002	1.5	95761	959	380647	6459105	67.45
1941-1949	5-9	0.00107	0.00532	2.47	94801	504	472729	6078458	64.12
1941-1949	10-14	0.00106	0.00527	2.62	94297	497	470299	5605728	59.45
1941-1949	15-19	0.00177	0.00883	2.7	93799	829	467095	5135430	54.75
1941-1949	20-24	0.00248	0.01234	2.54	92971	1147	462029	4668335	50.21
1941-1949	25-29	0.00232	0.01152	2.46	91824	1057	456431	4206305	45.81
1941-1949	30-34	0.00259	0.01287	2.63	90766	1168	451058	3749874	41.31
1941-1949	35-39	0.00380	0.01885	2.62	89598	1689	443973	3298816	36.82
1941-1949	40-44	0.00495	0.02447	2.62	87909	2151	434429	2854843	32.48
1941-1949	45-49	0.00736	0.03618	2.65	85758	3102	421506	2420414	28.22
1941-1949	50-54	0.01106	0.05390	2.64	82656	4455	402746	1998908	24.18
1941-1949	55-59	0.01626	0.07825	2.61	78200	6120	376349	1596162	20.41
1941-1949	60-64	0.02282	0.10821	2.61	72081	7800	341778	1219813	16.92
1941-1949	65-69	0.03531	0.16280	2.61	64280	10465	296356	878035	13.66
1941-1949	70-74	0.05301	0.23461	2.55	53815	12625	238183	581678	10.81
1941-1949	75-79	0.08076	0.33641	2.52	41190	13857	171579	343496	8.34
1941-1949	80-84	0.12614	0.47594	2.42	27333	13009	103136	171917	6.29
1941-1949	85-89	0.18173	0.60622	2.25	14324	8684	47782	68781	4.80
1941-1949	90-94	0.24776	0.72327	2.12	5641	4080	16467	20999	3.72
1941-1949	95-99	0.32987	0.82214	1.95	1561	1283	3890	4532	2.90
1941-1949	100-104	0.42362	0.89334	1.76	278	248	585	642	2.31
1941-1949	105-109	0.52336	0.93843	1.58	30	28	53	56	1.89
1941-1949	110+	0.60447	1.00000	1.65	2	2	3	3	1.65
1950-1959	0	0.03206	0.03119	0.13	100000	3119	97289	6762559	67.63
1950-1959	1-4	0.00147	0.00587	1.55	96881	569	386132	6665270	68.80
1950-1959	5-9	0.00065	0.00324	2.38	96312	312	480741	6279138	65.20
1950-1959	10-14	0.00066	0.00331	2.71	96000	318	479272	5798396	60.40
1950-1959	15-19	0.00143	0.00714	2.72	95682	683	476855	5319125	55.59
1950-1959	20-24	0.00186	0.00924	2.5	94999	877	472801	4842270	50.97
1950-1959	25-29	0.00182	0.00904	2.5	94121	851	468476	4369469	46.42
1950-1959	30-34	0.00214	0.01065	2.59	93270	994	463957	3900993	41.82
1950-1959	35-39	0.00292	0.01448	2.62	92276	1336	458197	3437036	37.25
1950-1959	40-44	0.00420	0.02078	2.67	90940	1890	450291	2978839	32.76
1950-1959	45-49	0.00684	0.03368	2.67	89050	2999	438265	2528548	28.39
1950-1959	50-54	0.01062	0.05179	2.66	86051	4457	419809	2090284	24.29
1950-1959	55-59	0.01614	0.07772	2.64	81594	6342	392999	1670474	20.47
1950-1959	60-64	0.02378	0.11255	2.62	75253	8469	356135	1277475	16.98
1950-1959	65-69	0.03520	0.16217	2.58	66783	10830	307662	921340	13.80
1950-1959	70-74	0.05162	0.22925	2.56	55953	12827	248512	613678	10.97
1950-1959	75-79	0.07922	0.33105	2.52	43126	14277	180211	365166	8.47
1950-1959	80-84	0.12058	0.46040	2.43	28849	13282	110154	184955	6.41
1950-1959	85-89	0.17845	0.60168	2.29	15567	9366	52488	74801	4.81
1950-1959	90-94	0.25589	0.73664	2.12	6201	4568	17850	22313	3.60
1950-1959	95-99	0.35153	0.84344	1.92	1633	1377	3918	4463	2.73
1950-1959	100-104	0.46058	0.91413	1.7	256	234	507	545	2.13
1950-1959	105-109	0.57394	0.95424	1.5	22	21	37	38	1.73
1950-1959	110+	0.66432	1.00000	1.51	1	1	2	2	1.51
1960-1969	0	0.02612	0.02553	0.12	100000	2553	97741	6738843	67.39
1960-1969	1-4	0.00118	0.00469	1.58	97447	457	388680	6641102	68.15
1960-1969	5-9	0.00049	0.00247	2.3	96989	240	484300	6252422	64.46
1960-1969	10-14	0.00059	0.00295	2.8	96750	286	483121	5768122	59.62
1960-1969	15-19	0.00154	0.00769	2.75	96464	742	480655	5285002	54.79
1960-1969	20-24	0.00191	0.00951	2.53	95722	910	476363	4804347	50.19
1960-1969	25-29	0.00186	0.00926	2.52	94812	878	471886	4327984	45.65
1960-1969	30-34	0.00222	0.01103	2.61	93935	1036	467194	3856098	41.05
1960-1969	35-39	0.00303	0.01505	2.7	92899	1398	461272	3388904	36.48
1960-1969	40-44	0.00456	0.02256	2.7	91500	2064	452746	2927632	32.00
1960-1969	45-49	0.00738	0.03630	2.67	89437	3247	439632	2474886	27.67
1960-1969	50-54	0.01167	0.05682	2.69	86190	4897	419641	2035254	23.61
1960-1969	55-59	0.01735	0.08333	2.62	81293	6774	390334	1615614	19.87
1960-1969	60-64	0.02592	0.12208	2.62	74519	9098	350920	1225279	16.44
1960-1969	65-69	0.03848	0.17597	2.57	65421	11512	299153	874359	13.37
1960-1969	70-74	0.05595	0.24611	2.56	53909	13268	237147	575206	10.67
1960-1969	75-79	0.08017	0.33390	2.5	40642	13570	169258	338059	8.32
1960-1969	80-84	0.12497	0.47279	2.43	27071	12799	102419	168801	6.24
1960-1969	85-89	0.18672	0.61801	2.27	14272	8821	47238	66382	4.65
1960-1969	90-94	0.26362	0.74727	2.1	5452	4074	15454	19144	3.51
1960-1969	95-99	0.35974	0.85020	1.9	1378	1171	3256	3690	2.68
1960-1969	100-104	0.46846	0.91771	1.69	206	189	404	433	2.10
1960-1969	105-109	0.58068	0.95587	1.49	17	16	28	29	1.71
1960-1969	110+	0.66984	1.00000	1.49	1	1	1	1	1.49
1970-1979	0	0.01968	0.01934	0.1	100000	1934	98255	6832830	68.33
1970-1979	1-4	0.00095	0.00379	1.61	98066	372	391373	6734575	68.67
1970-1979	5-9	0.00048	0.00238	2.31	97694	233	487843	6343202	64.93
1970-1979	10-14	0.00055	0.00276	2.91	97461	269	486744	5855359	60.08
1970-1979	15-19	0.00163	0.00814	2.84	97192	791	484250	5368615	55.24
1970-1979	20-24	0.00208	0.01034	2.46	96401	997	479473	4884364	50.67
1970-1979	25-29	0.00206	0.01023	2.46	95404	976	474541	4404891	46.17
1970-1979	30-34	0.00220	0.01095	2.59	94428	1034	469645	3930349	41.62
1970-1979	35-39	0.00277	0.01378	2.62	93394	1287	463911	3460704	37.05
1970-1979	40-44	0.00423	0.02094	2.68	92107	1929	456056	2996793	32.54
1970-1979	45-49	0.00694	0.03417	2.67	90178	3081	443701	2540737	28.17
1970-1979	50-54	0.01072	0.05227	2.65	87096	4553	424793	2097036	24.08
1970-1979	55-59	0.01638	0.07884	2.64	82543	6508	397360	1672243	20.26
1970-1979	60-64	0.02524	0.11903	2.61	76036	9050	358507	1274884	16.77
1970-1979	65-69	0.03636	0.16700	2.56	66985	11187	307638	916376	13.68
1970-1979	70-74	0.05374	0.23724	2.53	55798	13238	246327	608739	10.91
1970-1979	75-79	0.07929	0.33055	2.49	42561	14068	177426	362412	8.52
1970-1979	80-84	0.11822	0.45429	2.45	28492	12944	109493	184986	6.49
1970-1979	85-89	0.17676	0.59728	2.29	15549	9287	52540	75493	4.86
1970-1979	90-94	0.25051	0.72872	2.13	6262	4563	18215	22953	3.67
1970-1979	95-99	0.34379	0.83649	1.93	1699	1421	4133	4738	2.79
1970-1979	100-104	0.45067	0.90916	1.72	278	253	560	605	2.18
1970-1979	105-109	0.56265	0.95119	1.52	25	24	43	45	1.77
1970-1979	110+	0.65243	1.00000	1.53	1	1	2	2	1.53
1980-1989	0	0.01229	0.01215	0.08	100000	1215	98879	7065339	70.65
1980-1989	1-4	0.00067	0.00268	1.61	98785	265	394507	6966460	70.52
1980-1989	5-9	0.00040	0.00198	2.48	98520	195	492110	6571953	66.71
1980-1989	10-14	0.00043	0.00215	2.82	98325	212	491164	6079843	61.83
1980-1989	15-19	0.00142	0.00706	2.91	98114	693	489121	5588679	56.96
1980-1989	20-24	0.00186	0.00924	2.54	97421	900	484891	5099557	52.35
1980-1989	25-29	0.00193	0.00960	2.5	96521	927	480286	4614666	47.81
1980-1989	30-34	0.00214	0.01066	2.53	95594	1019	475457	4134381	43.25
1980-1989	35-39	0.00244	0.01215	2.56	94575	1149	470076	3658924	38.69
1980-1989	40-44	0.00353	0.01749	2.69	93426	1634	463359	3188848	34.13
1980-1989	45-49	0.00524	0.02589	2.68	91792	2377	453438	2725489	29.69
1980-1989	50-54	0.00857	0.04202	2.69	89415	3757	438401	2272051	25.41
1980-1989	55-59	0.01362	0.06598	2.63	85659	5652	414872	1833650	21.41
1980-1989	60-64	0.02077	0.09891	2.6	80007	7914	381012	1418778	17.73
1980-1989	65-69	0.03206	0.14875	2.57	72093	10724	334448	1037766	14.39
1980-1989	70-74	0.04879	0.21807	2.57	61370	13383	274275	703319	11.46
1980-1989	75-79	0.07293	0.30878	2.52	47987	14817	203185	429044	8.94
1980-1989	80-84	0.11083	0.43172	2.44	33169	14320	129206	225858	6.81
1980-1989	85-89	0.16362	0.56979	2.34	18850	10740	65643	96653	5.13
1980-1989	90-94	0.23783	0.70975	2.16	8109	5756	24200	31010	3.82
1980-1989	95-99	0.32976	0.82363	1.96	2354	1939	5879	6810	2.89
1980-1989	100-104	0.43652	0.90191	1.75	415	374	858	931	2.24
1980-1989	105-109	0.54979	0.94765	1.54	41	39	70	74	1.81
1980-1989	110+	0.64122	1.00000	1.56	2	2	3	3	1.56
1990-1999	0	0.00990	0.00981	0.07	100000	981	99089	7175534	71.76
1990-1999	1-4	0.00060	0.00238	1.62	99019	236	395514	7076445	71.47
1990-1999	5-9	0.00026	0.00132	2.44	98783	130	493580	6680931	67.63
1990-1999	10-14	0.00036	0.00179	2.99	98652	177	492906	6187351	62.72
1990-1999	15-19	0.00132	0.00656	2.84	98475	646	490983	5694445	57.83
1990-1999	20-24	0.00157	0.00783	2.47	97829	766	487207	5203462	53.19
1990-1999	25-29	0.00171	0.00851	2.65	97063	826	483370	4716254	48.59
1990-1999	30-34	0.00213	0.01058	2.54	96237	1018	478679	4232885	43.98
1990-1999	35-39	0.00264	0.01313	2.57	95219	1251	473049	3754206	39.43
1990-1999	40-44	0.00352	0.01743	2.63	93968	1638	465951	3281156	34.92
1990-1999	45-49	0.00517	0.02555	2.63	92330	2359	456051	2815205	30.49
1990-1999	50-54	0.00775	0.03808	2.66	89971	3426	441824	2359154	26.22
1990-1999	55-59	0.01215	0.05908	2.65	86545	5113	420725	1917331	22.15
1990-1999	60-64	0.01941	0.09276	2.61	81432	7554	389105	1496606	18.38
1990-1999	65-69	0.02851	0.13346	2.61	73878	9860	345856	1107501	14.99
1990-1999	70-74	0.04397	0.19863	2.57	64018	12716	289217	761645	11.90
1990-1999	75-79	0.06640	0.28546	2.54	51302	14645	220537	472427	9.21
1990-1999	80-84	0.10605	0.41754	2.45	36657	15306	144331	251891	6.87
1990-1999	85-89	0.16619	0.57473	2.32	21352	12271	73841	107559	5.04
1990-1999	90-94	0.24496	0.72186	2.16	9080	6555	26758	33718	3.71
1990-1999	95-99	0.34741	0.84103	1.93	2526	2124	6114	6961	2.76
1990-1999	100-104	0.46596	0.91752	1.7	401	368	791	846	2.11
1990-1999	105-109	0.58904	0.95845	1.48	33	32	54	56	1.69
1990-1999	110+	0.68626	1.00000	1.46	1	1	2	2	1.46
2000-2009	0	0.00897	0.00890	0.07	100000	890	99171	7264264	72.64
2000-2009	1-4	0.00047	0.00188	1.67	99110	186	396006	7165092	72.29
2000-2009	5-9	0.00022	0.00108	2.36	98924	107	494338	6769086	68.43
2000-2009	10-14	0.00029	0.00143	2.78	98817	141	493773	6274748	63.50
2000-2009	15-19	0.00109	0.00544	2.93	98676	536	492269	5780975	58.59
2000-2009	20-24	0.00155	0.00773	2.54	98139	759	488832	5288706	53.89
2000-2009	25-29	0.00174	0.00868	2.49	97381	845	484781	4799874	49.29
2000-2009	30-34	0.00194	0.00967	2.58	96536	933	480422	4315093	44.70
2000-2009	35-39	0.00261	0.01295	2.66	95602	1238	475111	3834671	40.11
2000-2009	40-44	0.00377	0.01868	2.7	94364	1763	467759	3359560	35.60
2000-2009	45-49	0.00562	0.02771	2.65	92601	2566	456964	2891801	31.23
2000-2009	50-54	0.00822	0.04030	2.65	90035	3629	441644	2434837	27.04
2000-2009	55-59	0.01178	0.05731	2.62	86406	4952	420257	1993193	23.07
2000-2009	60-64	0.01723	0.08273	2.61	81455	6739	391184	1572936	19.31
2000-2009	65-69	0.02496	0.11779	2.61	74716	8800	352585	1181752	15.82
2000-2009	70-74	0.03799	0.17398	2.58	65915	11468	301847	829167	12.58
2000-2009	75-79	0.05850	0.25595	2.56	54447	13936	238206	527321	9.68
2000-2009	80-84	0.09643	0.38842	2.5	40511	15735	163172	289115	7.14
2000-2009	85-89	0.15975	0.56283	2.38	24776	13945	87292	125943	5.08
2000-2009	90-94	0.25453	0.73831	2.16	10831	7997	31417	38652	3.57
2000-2009	95-99	0.37719	0.86732	1.89	2834	2458	6518	7234	2.55
2000-2009	100-104	0.51784	0.93961	1.61	376	353	682	717	1.91
2000-2009	105-109	0.65699	0.97225	1.38	23	22	34	34	1.52
2000-2009	110+	0.76065	1.00000	1.31	1	1	1	1	1.31
2010-2019	0	0.00817	0.00811	0.07	100000	811	99243	7321684	73.22
2010-2019	1-4	0.00043	0.00172	1.61	99189	170	396348	7222441	72.82
2010-2019	5-9	0.00020	0.00100	2.4	99019	99	494834	6826094	68.94
2010-2019	10-14	0.00025	0.00124	2.98	98919	123	494347	6331259	64.00
2010-2019	15-19	0.00092	0.00461	2.99	98796	455	493068	5836912	59.08
2010-2019	20-24	0.00148	0.00736	2.55	98341	723	489934	5343844	54.34
2010-2019	25-29	0.00181	0.00900	2.56	97618	878	485944	4853910	49.72
2010-2019	30-34	0.00218	0.01086	2.56	96739	1051	481136	4367966	45.15
2010-2019	35-39	0.00270	0.01342	2.61	95688	1284	475369	3886830	40.62
2010-2019	40-44	0.00363	0.01801	2.59	94404	1700	467919	3411461	36.14
2010-2019	45-49	0.00542	0.02675	2.66	92704	2480	457728	2943541	31.75
2010-2019	50-54	0.00838	0.04110	2.67	90225	3708	442499	2485814	27.55
2010-2019	55-59	0.01274	0.06182	2.62	86516	5348	419876	2043315	23.62
2010-2019	60-64	0.01740	0.08349	2.6	81168	6777	389561	1623439	20.00
2010-2019	65-69	0.02376	0.11241	2.61	74392	8362	351937	1233878	16.59
2010-2019	70-74	0.03435	0.15854	2.57	66030	10468	304759	881941	13.36
2010-2019	75-79	0.05194	0.23068	2.58	55561	12817	246755	577183	10.39
2010-2019	80-84	0.08510	0.35150	2.53	42744	15025	176557	330428	7.73
2010-2019	85-89	0.14043	0.51591	2.43	27720	14301	101835	153871	5.55
2010-2019	90-94	0.22936	0.69975	2.21	13419	9390	40939	52035	3.88
2010-2019	95-99	0.34606	0.84224	1.95	4029	3393	9806	11096	2.75
2010-2019	100-104	0.48436	0.92718	1.67	636	589	1217	1290	2.03
2010-2019	105-109	0.62615	0.96706	1.43	46	45	71	74	1.59
2010-2019	110+	0.73462	1.00000	1.36	2	2	2	2	1.36
2020-2022	0	0.00710	0.00705	0.06	100000	705	99340	7099457	70.99
2020-2022	1-4	0.00033	0.00131	1.53	99295	130	396858	7000117	70.50
2020-2022	5-9	0.00022	0.00107	2.21	99165	107	495526	6603259	66.59
2020-2022	10-14	0.00029	0.00145	2.89	99058	144	494988	6107732	61.66
2020-2022	15-19	0.00094	0.00467	2.93	98915	462	493615	5612744	56.74
2020-2022	20-24	0.00159	0.00791	2.55	98453	779	490359	5119129	52.00
2020-2022	25-29	0.00221	0.01099	2.67	97674	1073	485868	4628770	47.39
2020-2022	30-34	0.00293	0.01456	2.6	96600	1406	479628	4142902	42.89
2020-2022	35-39	0.00363	0.01800	2.57	95194	1713	471799	3663275	38.48
2020-2022	40-44	0.00489	0.02416	2.58	93481	2258	461934	3191475	34.14
2020-2022	45-49	0.00679	0.03339	2.58	91222	3046	448734	2729541	29.92
2020-2022	50-54	0.00994	0.04856	2.66	88177	4281	430847	2280807	25.87
2020-2022	55-59	0.01469	0.07098	2.61	83895	5955	405230	1849959	22.05
2020-2022	60-64	0.02164	0.10287	2.6	77940	8018	370486	1444730	18.54
2020-2022	65-69	0.02932	0.13675	2.55	69922	9562	326149	1074244	15.36
2020-2022	70-74	0.04078	0.18536	2.55	60360	11189	274386	748095	12.39
2020-2022	75-79	0.06206	0.26907	2.53	49172	13231	213198	473709	9.63
2020-2022	80-84	0.09557	0.38564	2.5	35941	13860	145034	260511	7.25
2020-2022	85-89	0.15301	0.54771	2.41	22081	12094	79038	115477	5.23
2020-2022	90-94	0.24777	0.72830	2.17	9987	7273	29356	36439	3.65
2020-2022	95-99	0.36782	0.86007	1.91	2713	2334	6345	7084	2.61
2020-2022	100-104	0.50668	0.93563	1.63	380	355	701	739	1.95
2020-2022	105-109	0.64568	0.97040	1.4	24	24	37	38	1.54
2020-2022	110+	0.75034	1.00000	1.33	1	1	1	1	1.33
