DE: DE, Lifetables (period 1x10), Females Last modified: February 4 2025, MPv5 (May07) 

Year     	Age	mx	qx	ax	lx	dx	Lx	Tx	ex
1941-1949	0	0.03562	0.03458	0.15	100000	3458	97070	6749219	67.49
1941-1949	1	0.00315	0.00314	0.5	96542	304	96391	6652148	68.90
1941-1949	2	0.00145	0.00145	0.5	96239	139	96169	6555758	68.12
1941-1949	3	0.00105	0.00105	0.5	96099	100	96049	6459589	67.22
1941-1949	4	0.00138	0.00138	0.5	95999	133	95933	6363540	66.29
1941-1949	5	0.00117	0.00116	0.5	95866	112	95810	6267607	65.38
1941-1949	6	0.00084	0.00084	0.5	95755	81	95714	6171797	64.45
1941-1949	7	0.00058	0.00057	0.5	95674	55	95646	6076083	63.51
1941-1949	8	0.00044	0.00044	0.5	95619	42	95598	5980437	62.54
1941-1949	9	0.00038	0.00038	0.5	95577	36	95559	5884839	61.57
1941-1949	10	0.00038	0.00038	0.5	95541	36	95523	5789280	60.59
1941-1949	11	0.00045	0.00045	0.5	95505	43	95483	5693757	59.62
1941-1949	12	0.00056	0.00056	0.5	95462	53	95435	5598274	58.64
1941-1949	13	0.00068	0.00068	0.5	95409	65	95376	5502838	57.68
1941-1949	14	0.00085	0.00085	0.5	95344	81	95304	5407462	56.72
1941-1949	15	0.00106	0.00106	0.5	95263	101	95212	5312158	55.76
1941-1949	16	0.00123	0.00123	0.5	95162	117	95103	5216946	54.82
1941-1949	17	0.00137	0.00137	0.5	95045	130	94980	5121843	53.89
1941-1949	18	0.00148	0.00148	0.5	94915	140	94844	5026864	52.96
1941-1949	19	0.00155	0.00155	0.5	94774	147	94701	4932019	52.04
1941-1949	20	0.00160	0.00160	0.5	94627	152	94551	4837318	51.12
1941-1949	21	0.00164	0.00164	0.5	94476	155	94398	4742767	50.20
1941-1949	22	0.00166	0.00166	0.5	94321	157	94243	4648369	49.28
1941-1949	23	0.00168	0.00168	0.5	94164	158	94085	4554126	48.36
1941-1949	24	0.00170	0.00170	0.5	94006	160	93926	4460041	47.44
1941-1949	25	0.00173	0.00173	0.5	93846	162	93765	4366115	46.52
1941-1949	26	0.00176	0.00176	0.5	93684	164	93601	4272351	45.60
1941-1949	27	0.00179	0.00179	0.5	93519	168	93435	4178749	44.68
1941-1949	28	0.00184	0.00184	0.5	93352	172	93266	4085314	43.76
1941-1949	29	0.00189	0.00189	0.5	93180	176	93092	3992048	42.84
1941-1949	30	0.00195	0.00195	0.5	93004	182	92913	3898956	41.92
1941-1949	31	0.00206	0.00205	0.5	92822	191	92727	3806043	41.00
1941-1949	32	0.00222	0.00221	0.5	92632	205	92529	3713316	40.09
1941-1949	33	0.00245	0.00245	0.5	92427	226	92314	3620787	39.17
1941-1949	34	0.00274	0.00274	0.5	92200	253	92074	3528473	38.27
1941-1949	35	0.00310	0.00310	0.5	91948	285	91805	3436399	37.37
1941-1949	36	0.00343	0.00342	0.5	91663	314	91506	3344594	36.49
1941-1949	37	0.00370	0.00370	0.5	91349	338	91180	3253088	35.61
1941-1949	38	0.00393	0.00392	0.5	91011	357	90833	3161908	34.74
1941-1949	39	0.00407	0.00406	0.5	90654	368	90470	3071075	33.88
1941-1949	40	0.00416	0.00415	0.5	90286	374	90098	2980606	33.01
1941-1949	41	0.00427	0.00427	0.5	89911	384	89719	2890507	32.15
1941-1949	42	0.00455	0.00454	0.5	89528	406	89325	2800788	31.28
1941-1949	43	0.00493	0.00492	0.5	89122	439	88902	2711463	30.42
1941-1949	44	0.00536	0.00535	0.5	88683	474	88446	2622561	29.57
1941-1949	45	0.00594	0.00592	0.5	88209	522	87948	2534115	28.73
1941-1949	46	0.00645	0.00643	0.5	87687	564	87405	2446167	27.90
1941-1949	47	0.00690	0.00688	0.5	87123	599	86823	2358763	27.07
1941-1949	48	0.00736	0.00734	0.5	86523	635	86206	2271940	26.26
1941-1949	49	0.00777	0.00774	0.5	85888	665	85556	2185734	25.45
1941-1949	50	0.00824	0.00821	0.5	85223	700	84874	2100178	24.64
1941-1949	51	0.00865	0.00862	0.5	84524	728	84160	2015305	23.84
1941-1949	52	0.00924	0.00920	0.5	83796	771	83410	1931145	23.05
1941-1949	53	0.01013	0.01008	0.5	83025	837	82606	1847735	22.26
1941-1949	54	0.01117	0.01111	0.5	82188	913	81731	1765128	21.48
1941-1949	55	0.01246	0.01238	0.5	81275	1007	80772	1683397	20.71
1941-1949	56	0.01359	0.01350	0.5	80268	1083	79727	1602625	19.97
1941-1949	57	0.01477	0.01466	0.5	79185	1161	78604	1522899	19.23
1941-1949	58	0.01612	0.01599	0.5	78024	1248	77400	1444294	18.51
1941-1949	59	0.01727	0.01713	0.5	76776	1315	76119	1366894	17.80
1941-1949	60	0.01843	0.01826	0.5	75461	1378	74772	1290776	17.11
1941-1949	61	0.01945	0.01926	0.5	74083	1427	73369	1216003	16.41
1941-1949	62	0.02075	0.02054	0.5	72656	1492	71910	1142634	15.73
1941-1949	63	0.02255	0.02230	0.5	71164	1587	70370	1070724	15.05
1941-1949	64	0.02453	0.02423	0.5	69577	1686	68734	1000354	14.38
1941-1949	65	0.02713	0.02677	0.5	67891	1817	66982	931620	13.72
1941-1949	66	0.02953	0.02910	0.5	66073	1923	65112	864638	13.09
1941-1949	67	0.03223	0.03172	0.5	64151	2035	63133	799526	12.46
1941-1949	68	0.03627	0.03562	0.5	62116	2213	61010	736392	11.86
1941-1949	69	0.04104	0.04021	0.5	59903	2409	58699	675383	11.27
1941-1949	70	0.04654	0.04548	0.5	57495	2615	56187	616684	10.73
1941-1949	71	0.05100	0.04973	0.5	54879	2729	53515	560497	10.21
1941-1949	72	0.05524	0.05376	0.5	52150	2803	50748	506982	9.72
1941-1949	73	0.06030	0.05854	0.5	49347	2889	47902	456234	9.25
1941-1949	74	0.06562	0.06353	0.5	46458	2952	44982	408331	8.79
1941-1949	75	0.07119	0.06874	0.5	43506	2991	42011	363349	8.35
1941-1949	76	0.07579	0.07303	0.5	40516	2959	39036	321338	7.93
1941-1949	77	0.08064	0.07752	0.5	37557	2911	36101	282302	7.52
1941-1949	78	0.08818	0.08445	0.5	34646	2926	33183	246201	7.11
1941-1949	79	0.09823	0.09363	0.5	31720	2970	30235	213018	6.72
1941-1949	80	0.09955	0.09483	0.5	28750	2726	27387	182783	6.36
1941-1949	81	0.10958	0.10389	0.5	26024	2704	24672	155396	5.97
1941-1949	82	0.12048	0.11364	0.5	23320	2650	21995	130725	5.61
1941-1949	83	0.13231	0.12410	0.5	20670	2565	19387	108730	5.26
1941-1949	84	0.14511	0.13529	0.5	18105	2449	16880	89342	4.93
1941-1949	85	0.15892	0.14722	0.5	15655	2305	14503	72462	4.63
1941-1949	86	0.17378	0.15988	0.5	13351	2135	12283	57959	4.34
1941-1949	87	0.18971	0.17327	0.5	11216	1943	10244	45676	4.07
1941-1949	88	0.20674	0.18737	0.5	9273	1737	8404	35432	3.82
1941-1949	89	0.22487	0.20214	0.5	7535	1523	6774	27028	3.59
1941-1949	90	0.24410	0.21755	0.5	6012	1308	5358	20254	3.37
1941-1949	91	0.26442	0.23354	0.5	4704	1099	4155	14896	3.17
1941-1949	92	0.28578	0.25005	0.5	3606	902	3155	10742	2.98
1941-1949	93	0.30816	0.26701	0.5	2704	722	2343	7587	2.81
1941-1949	94	0.33146	0.28434	0.5	1982	564	1700	5244	2.65
1941-1949	95	0.35563	0.30194	0.5	1418	428	1204	3544	2.50
1941-1949	96	0.38056	0.31972	0.5	990	317	832	2339	2.36
1941-1949	97	0.40613	0.33758	0.5	674	227	560	1508	2.24
1941-1949	98	0.43222	0.35541	0.5	446	159	367	948	2.12
1941-1949	99	0.45869	0.37312	0.5	288	107	234	581	2.02
1941-1949	100	0.48540	0.39060	0.5	180	70	145	347	1.92
1941-1949	101	0.51219	0.40776	0.5	110	45	87	202	1.84
1941-1949	102	0.53891	0.42452	0.5	65	28	51	114	1.76
1941-1949	103	0.56541	0.44080	0.5	37	17	29	63	1.69
1941-1949	104	0.59154	0.45652	0.5	21	10	16	34	1.62
1941-1949	105	0.61716	0.47163	0.5	11	5	9	18	1.56
1941-1949	106	0.64215	0.48608	0.5	6	3	5	9	1.51
1941-1949	107	0.66639	0.49985	0.5	3	2	2	5	1.46
1941-1949	108	0.68978	0.51289	0.5	2	1	1	2	1.42
1941-1949	109	0.71224	0.52520	0.5	1	0	1	1	1.38
1941-1949	110+	0.73370	1.00000	1.36	0	0	0	0	1.36
1950-1959	0	0.02551	0.02495	0.12	100000	2495	97815	7157274	71.57
1950-1959	1	0.00152	0.00152	0.5	97505	148	97430	7059459	72.40
1950-1959	2	0.00102	0.00102	0.5	97356	99	97307	6962029	71.51
1950-1959	3	0.00074	0.00074	0.5	97257	72	97221	6864722	70.58
1950-1959	4	0.00053	0.00053	0.5	97185	52	97159	6767501	69.64
1950-1959	5	0.00052	0.00052	0.5	97133	51	97108	6670342	68.67
1950-1959	6	0.00040	0.00040	0.5	97083	39	97063	6573234	67.71
1950-1959	7	0.00035	0.00035	0.5	97044	34	97027	6476171	66.73
1950-1959	8	0.00029	0.00029	0.5	97010	28	96996	6379144	65.76
1950-1959	9	0.00027	0.00027	0.5	96981	27	96968	6282148	64.78
1950-1959	10	0.00026	0.00026	0.5	96955	25	96942	6185180	63.79
1950-1959	11	0.00025	0.00025	0.5	96930	25	96918	6088238	62.81
1950-1959	12	0.00030	0.00030	0.5	96905	29	96891	5991320	61.83
1950-1959	13	0.00029	0.00029	0.5	96876	28	96862	5894430	60.85
1950-1959	14	0.00040	0.00040	0.5	96847	39	96828	5797568	59.86
1950-1959	15	0.00045	0.00045	0.5	96808	44	96786	5700740	58.89
1950-1959	16	0.00042	0.00042	0.5	96765	41	96744	5603954	57.91
1950-1959	17	0.00056	0.00056	0.5	96724	55	96696	5507210	56.94
1950-1959	18	0.00062	0.00062	0.5	96669	60	96639	5410513	55.97
1950-1959	19	0.00071	0.00071	0.5	96609	68	96575	5313874	55.00
1950-1959	20	0.00063	0.00063	0.5	96541	61	96510	5217299	54.04
1950-1959	21	0.00072	0.00072	0.5	96480	70	96445	5120789	53.08
1950-1959	22	0.00074	0.00074	0.5	96410	71	96375	5024343	52.11
1950-1959	23	0.00083	0.00083	0.5	96340	80	96300	4927969	51.15
1950-1959	24	0.00085	0.00085	0.5	96260	82	96219	4831669	50.19
1950-1959	25	0.00094	0.00094	0.5	96178	90	96133	4735450	49.24
1950-1959	26	0.00112	0.00112	0.5	96088	108	96034	4639317	48.28
1950-1959	27	0.00111	0.00111	0.5	95980	106	95927	4543283	47.34
1950-1959	28	0.00109	0.00109	0.5	95874	104	95822	4447356	46.39
1950-1959	29	0.00106	0.00106	0.5	95770	101	95719	4351534	45.44
1950-1959	30	0.00106	0.00105	0.5	95668	101	95618	4255815	44.49
1950-1959	31	0.00115	0.00115	0.5	95568	110	95513	4160197	43.53
1950-1959	32	0.00129	0.00129	0.5	95457	123	95396	4064684	42.58
1950-1959	33	0.00131	0.00131	0.5	95334	124	95272	3969289	41.64
1950-1959	34	0.00136	0.00136	0.5	95210	130	95145	3874017	40.69
1950-1959	35	0.00176	0.00176	0.5	95080	167	94996	3778872	39.74
1950-1959	36	0.00192	0.00192	0.5	94913	182	94822	3683876	38.81
1950-1959	37	0.00214	0.00214	0.5	94731	203	94629	3589054	37.89
1950-1959	38	0.00241	0.00241	0.5	94528	228	94414	3494425	36.97
1950-1959	39	0.00253	0.00253	0.5	94300	239	94181	3400011	36.06
1950-1959	40	0.00290	0.00289	0.5	94061	272	93925	3305830	35.15
1950-1959	41	0.00310	0.00309	0.5	93789	290	93644	3211905	34.25
1950-1959	42	0.00332	0.00331	0.5	93499	310	93344	3118261	33.35
1950-1959	43	0.00350	0.00350	0.5	93190	326	93027	3024916	32.46
1950-1959	44	0.00427	0.00426	0.5	92864	396	92666	2931890	31.57
1950-1959	45	0.00482	0.00481	0.5	92468	445	92246	2839224	30.70
1950-1959	46	0.00504	0.00502	0.5	92023	462	91792	2746978	29.85
1950-1959	47	0.00568	0.00566	0.5	91561	519	91302	2655186	29.00
1950-1959	48	0.00603	0.00601	0.5	91042	547	90769	2563884	28.16
1950-1959	49	0.00629	0.00627	0.5	90495	567	90211	2473116	27.33
1950-1959	50	0.00666	0.00664	0.5	89928	597	89629	2382904	26.50
1950-1959	51	0.00646	0.00644	0.5	89331	575	89043	2293275	25.67
1950-1959	52	0.00773	0.00770	0.5	88756	684	88414	2204232	24.83
1950-1959	53	0.00825	0.00821	0.5	88072	723	87711	2115818	24.02
1950-1959	54	0.00906	0.00902	0.5	87349	788	86955	2028107	23.22
1950-1959	55	0.00949	0.00945	0.5	86561	818	86152	1941153	22.43
1950-1959	56	0.01061	0.01056	0.5	85743	905	85290	1855001	21.63
1950-1959	57	0.01188	0.01181	0.5	84838	1002	84337	1769710	20.86
1950-1959	58	0.01346	0.01337	0.5	83836	1121	83276	1685374	20.10
1950-1959	59	0.01410	0.01401	0.5	82715	1158	82136	1602098	19.37
1950-1959	60	0.01486	0.01475	0.5	81557	1203	80956	1519962	18.64
1950-1959	61	0.01600	0.01587	0.5	80354	1275	79717	1439006	17.91
1950-1959	62	0.01660	0.01647	0.5	79079	1302	78428	1359290	17.19
1950-1959	63	0.01902	0.01884	0.5	77777	1465	77044	1280862	16.47
1950-1959	64	0.02001	0.01981	0.5	76311	1512	75555	1203818	15.78
1950-1959	65	0.02145	0.02123	0.5	74800	1588	74006	1128262	15.08
1950-1959	66	0.02370	0.02343	0.5	73212	1715	72354	1054257	14.40
1950-1959	67	0.02686	0.02650	0.5	71497	1895	70549	981902	13.73
1950-1959	68	0.02978	0.02935	0.5	69602	2043	68581	911353	13.09
1950-1959	69	0.03181	0.03131	0.5	67560	2115	66502	842772	12.47
1950-1959	70	0.03654	0.03588	0.5	65444	2348	64270	776270	11.86
1950-1959	71	0.04022	0.03943	0.5	63096	2488	61852	712000	11.28
1950-1959	72	0.04565	0.04464	0.5	60608	2705	59255	650149	10.73
1950-1959	73	0.04888	0.04772	0.5	57903	2763	56521	590894	10.20
1950-1959	74	0.05494	0.05347	0.5	55140	2948	53665	534373	9.69
1950-1959	75	0.05973	0.05800	0.5	52191	3027	50678	480707	9.21
1950-1959	76	0.06613	0.06401	0.5	49164	3147	47590	430030	8.75
1950-1959	77	0.07042	0.06802	0.5	46017	3130	44452	382439	8.31
1950-1959	78	0.07791	0.07499	0.5	42887	3216	41279	337987	7.88
1950-1959	79	0.08155	0.07835	0.5	39671	3108	38117	296709	7.48
1950-1959	80	0.07802	0.07509	0.5	36563	2746	35190	258592	7.07
1950-1959	81	0.08744	0.08378	0.5	33817	2833	32400	223402	6.61
1950-1959	82	0.09787	0.09331	0.5	30984	2891	29538	191002	6.16
1950-1959	83	0.10940	0.10373	0.5	28093	2914	26636	161463	5.75
1950-1959	84	0.12210	0.11508	0.5	25179	2898	23730	134827	5.35
1950-1959	85	0.13606	0.12739	0.5	22281	2838	20862	111097	4.99
1950-1959	86	0.15133	0.14069	0.5	19443	2735	18075	90235	4.64
1950-1959	87	0.16798	0.15497	0.5	16708	2589	15413	72160	4.32
1950-1959	88	0.18607	0.17023	0.5	14118	2403	12917	56747	4.02
1950-1959	89	0.20562	0.18645	0.5	11715	2184	10623	43830	3.74
1950-1959	90	0.22665	0.20358	0.5	9531	1940	8561	33207	3.48
1950-1959	91	0.24916	0.22156	0.5	7590	1682	6750	24647	3.25
1950-1959	92	0.27312	0.24030	0.5	5909	1420	5199	17897	3.03
1950-1959	93	0.29846	0.25970	0.5	4489	1166	3906	12698	2.83
1950-1959	94	0.32510	0.27965	0.5	3323	929	2858	8792	2.65
1950-1959	95	0.35293	0.29999	0.5	2394	718	2035	5934	2.48
1950-1959	96	0.38179	0.32059	0.5	1676	537	1407	3899	2.33
1950-1959	97	0.41150	0.34128	0.5	1138	389	944	2492	2.19
1950-1959	98	0.44188	0.36192	0.5	750	271	614	1548	2.06
1950-1959	99	0.47270	0.38234	0.5	479	183	387	933	1.95
1950-1959	100	0.50373	0.40238	0.5	296	119	236	546	1.85
1950-1959	101	0.53473	0.42192	0.5	177	75	139	310	1.76
1950-1959	102	0.56546	0.44083	0.5	102	45	80	171	1.67
1950-1959	103	0.59570	0.45899	0.5	57	26	44	91	1.60
1950-1959	104	0.62523	0.47633	0.5	31	15	24	47	1.53
1950-1959	105	0.65386	0.49276	0.5	16	8	12	24	1.48
1950-1959	106	0.68141	0.50825	0.5	8	4	6	12	1.42
1950-1959	107	0.70775	0.52276	0.5	4	2	3	6	1.38
1950-1959	108	0.73277	0.53628	0.5	2	1	1	3	1.34
1950-1959	109	0.75638	0.54882	0.5	1	0	1	1	1.31
1950-1959	110+	0.77854	1.00000	1.28	0	0	1	1	1.28
1960-1969	0	0.02044	0.02007	0.11	100000	2007	98214	7337813	73.38
1960-1969	1	0.00126	0.00126	0.5	97993	124	97931	7239599	73.88
1960-1969	2	0.00074	0.00074	0.5	97869	72	97833	7141668	72.97
1960-1969	3	0.00069	0.00069	0.5	97797	68	97763	7043835	72.03
1960-1969	4	0.00056	0.00056	0.5	97729	55	97702	6946072	71.07
1960-1969	5	0.00045	0.00045	0.5	97675	44	97653	6848370	70.11
1960-1969	6	0.00054	0.00054	0.5	97631	53	97604	6750718	69.15
1960-1969	7	0.00033	0.00033	0.5	97578	32	97562	6653114	68.18
1960-1969	8	0.00032	0.00032	0.5	97545	31	97530	6555552	67.21
1960-1969	9	0.00036	0.00036	0.5	97515	35	97497	6458022	66.23
1960-1969	10	0.00022	0.00022	0.5	97479	21	97469	6360525	65.25
1960-1969	11	0.00022	0.00022	0.5	97458	21	97448	6263056	64.26
1960-1969	12	0.00027	0.00027	0.5	97437	26	97424	6165609	63.28
1960-1969	13	0.00048	0.00048	0.5	97411	47	97387	6068185	62.29
1960-1969	14	0.00030	0.00030	0.5	97364	30	97349	5970797	61.32
1960-1969	15	0.00032	0.00032	0.5	97334	31	97319	5873448	60.34
1960-1969	16	0.00042	0.00042	0.5	97303	41	97283	5776130	59.36
1960-1969	17	0.00050	0.00050	0.5	97262	49	97238	5678847	58.39
1960-1969	18	0.00037	0.00037	0.5	97213	36	97195	5581609	57.42
1960-1969	19	0.00049	0.00049	0.5	97177	47	97154	5484413	56.44
1960-1969	20	0.00077	0.00077	0.5	97130	75	97093	5387260	55.46
1960-1969	21	0.00063	0.00063	0.5	97055	61	97025	5290167	54.51
1960-1969	22	0.00060	0.00060	0.5	96994	58	96965	5193143	53.54
1960-1969	23	0.00050	0.00050	0.5	96936	49	96911	5096178	52.57
1960-1969	24	0.00058	0.00058	0.5	96887	56	96859	4999267	51.60
1960-1969	25	0.00092	0.00092	0.5	96831	89	96786	4902408	50.63
1960-1969	26	0.00106	0.00106	0.5	96742	103	96690	4805622	49.67
1960-1969	27	0.00076	0.00076	0.5	96639	74	96602	4708931	48.73
1960-1969	28	0.00090	0.00090	0.5	96565	87	96522	4612329	47.76
1960-1969	29	0.00061	0.00061	0.5	96478	59	96449	4515808	46.81
1960-1969	30	0.00093	0.00093	0.5	96419	89	96375	4419359	45.83
1960-1969	31	0.00114	0.00114	0.5	96330	110	96275	4322984	44.88
1960-1969	32	0.00098	0.00098	0.5	96220	94	96173	4226709	43.93
1960-1969	33	0.00140	0.00140	0.5	96126	135	96059	4130536	42.97
1960-1969	34	0.00123	0.00123	0.5	95992	118	95932	4034477	42.03
1960-1969	35	0.00119	0.00119	0.5	95873	114	95816	3938545	41.08
1960-1969	36	0.00169	0.00169	0.5	95759	162	95678	3842729	40.13
1960-1969	37	0.00179	0.00179	0.5	95597	171	95512	3747050	39.20
1960-1969	38	0.00180	0.00180	0.5	95426	172	95340	3651539	38.27
1960-1969	39	0.00261	0.00261	0.5	95255	248	95130	3556198	37.33
1960-1969	40	0.00223	0.00223	0.5	95006	212	94901	3461068	36.43
1960-1969	41	0.00267	0.00267	0.5	94795	253	94668	3366167	35.51
1960-1969	42	0.00272	0.00272	0.5	94542	257	94413	3271499	34.60
1960-1969	43	0.00309	0.00309	0.5	94285	291	94140	3177085	33.70
1960-1969	44	0.00348	0.00348	0.5	93994	327	93831	3082946	32.80
1960-1969	45	0.00393	0.00392	0.5	93667	367	93484	2989115	31.91
1960-1969	46	0.00438	0.00437	0.5	93300	408	93096	2895632	31.04
1960-1969	47	0.00418	0.00417	0.5	92892	387	92699	2802536	30.17
1960-1969	48	0.00511	0.00509	0.5	92505	471	92270	2709837	29.29
1960-1969	49	0.00561	0.00559	0.5	92034	514	91777	2617568	28.44
1960-1969	50	0.00519	0.00518	0.5	91520	474	91283	2525791	27.60
1960-1969	51	0.00593	0.00592	0.5	91046	539	90776	2434508	26.74
1960-1969	52	0.00660	0.00658	0.5	90507	596	90209	2343732	25.90
1960-1969	53	0.00764	0.00761	0.5	89911	685	89569	2253523	25.06
1960-1969	54	0.00912	0.00908	0.5	89227	810	88822	2163954	24.25
1960-1969	55	0.00933	0.00928	0.5	88417	821	88006	2075132	23.47
1960-1969	56	0.00943	0.00939	0.5	87596	822	87185	1987126	22.69
1960-1969	57	0.00900	0.00896	0.5	86774	777	86385	1899941	21.90
1960-1969	58	0.01155	0.01149	0.5	85996	988	85502	1813556	21.09
1960-1969	59	0.01259	0.01251	0.5	85008	1064	84477	1728054	20.33
1960-1969	60	0.01369	0.01360	0.5	83945	1142	83374	1643577	19.58
1960-1969	61	0.01429	0.01419	0.5	82803	1175	82216	1560203	18.84
1960-1969	62	0.01696	0.01682	0.5	81629	1373	80942	1477987	18.11
1960-1969	63	0.01502	0.01490	0.5	80256	1196	79658	1397045	17.41
1960-1969	64	0.01680	0.01666	0.5	79059	1317	78401	1317387	16.66
1960-1969	65	0.02022	0.02001	0.5	77743	1556	76965	1238986	15.94
1960-1969	66	0.02092	0.02070	0.5	76187	1577	75398	1162022	15.25
1960-1969	67	0.02504	0.02473	0.5	74609	1845	73687	1086623	14.56
1960-1969	68	0.02779	0.02741	0.5	72765	1994	71767	1012936	13.92
1960-1969	69	0.02679	0.02643	0.5	70770	1871	69835	941169	13.30
1960-1969	70	0.03340	0.03285	0.5	68900	2263	67768	871334	12.65
1960-1969	71	0.03489	0.03429	0.5	66637	2285	65494	803566	12.06
1960-1969	72	0.04056	0.03976	0.5	64351	2558	63072	738072	11.47
1960-1969	73	0.04302	0.04211	0.5	61793	2602	60492	675000	10.92
1960-1969	74	0.04532	0.04432	0.5	59191	2623	57879	614508	10.38
1960-1969	75	0.04953	0.04833	0.5	56567	2734	55201	556629	9.84
1960-1969	76	0.05811	0.05647	0.5	53834	3040	52314	501428	9.31
1960-1969	77	0.05770	0.05609	0.5	50794	2849	49369	449114	8.84
1960-1969	78	0.06323	0.06130	0.5	47945	2939	46476	399745	8.34
1960-1969	79	0.07328	0.07069	0.5	45006	3181	43415	353270	7.85
1960-1969	80	0.07770	0.07479	0.5	41825	3128	40261	309854	7.41
1960-1969	81	0.08582	0.08229	0.5	38697	3184	37104	269594	6.97
1960-1969	82	0.09470	0.09042	0.5	35512	3211	33907	232489	6.55
1960-1969	83	0.10440	0.09922	0.5	32301	3205	30699	198582	6.15
1960-1969	84	0.11496	0.10872	0.5	29096	3163	27515	167884	5.77
1960-1969	85	0.12645	0.11893	0.5	25933	3084	24391	140369	5.41
1960-1969	86	0.13890	0.12988	0.5	22849	2968	21365	115978	5.08
1960-1969	87	0.15236	0.14157	0.5	19881	2815	18474	94613	4.76
1960-1969	88	0.16687	0.15402	0.5	17067	2629	15752	76139	4.46
1960-1969	89	0.18247	0.16722	0.5	14438	2414	13231	60386	4.18
1960-1969	90	0.19918	0.18114	0.5	12024	2178	10935	47155	3.92
1960-1969	91	0.21702	0.19577	0.5	9846	1928	8882	36221	3.68
1960-1969	92	0.23597	0.21107	0.5	7918	1671	7083	27339	3.45
1960-1969	93	0.25605	0.22699	0.5	6247	1418	5538	20256	3.24
1960-1969	94	0.27721	0.24346	0.5	4829	1176	4241	14718	3.05
1960-1969	95	0.29942	0.26043	0.5	3653	951	3178	10477	2.87
1960-1969	96	0.32261	0.27780	0.5	2702	751	2327	7299	2.70
1960-1969	97	0.34671	0.29548	0.5	1951	577	1663	4973	2.55
1960-1969	98	0.37162	0.31339	0.5	1375	431	1159	3310	2.41
1960-1969	99	0.39723	0.33141	0.5	944	313	787	2151	2.28
1960-1969	100	0.42342	0.34944	0.5	631	221	521	1363	2.16
1960-1969	101	0.45004	0.36738	0.5	411	151	335	842	2.05
1960-1969	102	0.47696	0.38512	0.5	260	100	210	507	1.95
1960-1969	103	0.50401	0.40256	0.5	160	64	128	297	1.86
1960-1969	104	0.53104	0.41962	0.5	95	40	75	170	1.78
1960-1969	105	0.55788	0.43621	0.5	55	24	43	94	1.71
1960-1969	106	0.58439	0.45225	0.5	31	14	24	51	1.64
1960-1969	107	0.61043	0.46768	0.5	17	8	13	27	1.58
1960-1969	108	0.63584	0.48246	0.5	9	4	7	14	1.53
1960-1969	109	0.66053	0.49654	0.5	5	2	4	7	1.49
1960-1969	110+	0.68436	1.00000	1.46	2	2	3	3	1.46
1970-1979	0	0.01354	0.01337	0.09	100000	1337	98784	7573542	75.74
1970-1979	1	0.00121	0.00121	0.5	98663	119	98603	7474758	75.76
1970-1979	2	0.00067	0.00067	0.5	98543	66	98510	7376155	74.85
1970-1979	3	0.00030	0.00030	0.5	98477	29	98462	7277645	73.90
1970-1979	4	0.00038	0.00038	0.5	98448	37	98429	7179183	72.92
1970-1979	5	0.00041	0.00041	0.5	98410	40	98390	7080754	71.95
1970-1979	6	0.00021	0.00021	0.5	98370	20	98360	6982363	70.98
1970-1979	7	0.00024	0.00024	0.5	98350	24	98338	6884003	69.99
1970-1979	8	0.00027	0.00027	0.5	98326	27	98313	6785665	69.01
1970-1979	9	0.00032	0.00032	0.5	98300	32	98284	6687352	68.03
1970-1979	10	0.00043	0.00043	0.5	98268	42	98247	6589068	67.05
1970-1979	11	0.00016	0.00016	0.5	98226	16	98218	6490821	66.08
1970-1979	12	0.00030	0.00030	0.5	98210	29	98195	6392603	65.09
1970-1979	13	0.00029	0.00029	0.5	98180	29	98166	6294408	64.11
1970-1979	14	0.00027	0.00027	0.5	98152	27	98138	6196242	63.13
1970-1979	15	0.00035	0.00035	0.5	98125	34	98108	6098104	62.15
1970-1979	16	0.00041	0.00041	0.5	98091	41	98070	5999996	61.17
1970-1979	17	0.00064	0.00064	0.5	98050	62	98019	5901926	60.19
1970-1979	18	0.00044	0.00044	0.5	97988	43	97966	5803907	59.23
1970-1979	19	0.00063	0.00063	0.5	97944	61	97914	5705941	58.26
1970-1979	20	0.00059	0.00059	0.5	97883	58	97854	5608027	57.29
1970-1979	21	0.00054	0.00054	0.5	97825	53	97799	5510173	56.33
1970-1979	22	0.00061	0.00061	0.5	97772	59	97743	5412374	55.36
1970-1979	23	0.00056	0.00056	0.5	97713	55	97686	5314631	54.39
1970-1979	24	0.00060	0.00060	0.5	97658	58	97629	5216946	53.42
1970-1979	25	0.00070	0.00070	0.5	97600	68	97566	5119317	52.45
1970-1979	26	0.00065	0.00065	0.5	97532	63	97500	5021751	51.49
1970-1979	27	0.00058	0.00058	0.5	97468	57	97440	4924251	50.52
1970-1979	28	0.00051	0.00051	0.5	97412	49	97387	4826811	49.55
1970-1979	29	0.00102	0.00102	0.5	97362	99	97313	4729423	48.58
1970-1979	30	0.00054	0.00054	0.5	97263	52	97237	4632111	47.62
1970-1979	31	0.00104	0.00104	0.5	97211	101	97160	4534874	46.65
1970-1979	32	0.00096	0.00096	0.5	97110	93	97063	4437713	45.70
1970-1979	33	0.00074	0.00074	0.5	97016	72	96980	4340651	44.74
1970-1979	34	0.00098	0.00098	0.5	96944	95	96897	4243670	43.77
1970-1979	35	0.00150	0.00150	0.5	96849	145	96776	4146774	42.82
1970-1979	36	0.00110	0.00110	0.5	96704	107	96650	4049997	41.88
1970-1979	37	0.00146	0.00146	0.5	96597	141	96526	3953347	40.93
1970-1979	38	0.00149	0.00149	0.5	96456	144	96384	3856821	39.99
1970-1979	39	0.00188	0.00187	0.5	96312	181	96222	3760437	39.04
1970-1979	40	0.00184	0.00184	0.5	96132	177	96043	3664215	38.12
1970-1979	41	0.00220	0.00220	0.5	95955	211	95849	3568171	37.19
1970-1979	42	0.00228	0.00228	0.5	95744	218	95635	3472322	36.27
1970-1979	43	0.00329	0.00329	0.5	95526	314	95369	3376687	35.35
1970-1979	44	0.00318	0.00317	0.5	95212	302	95061	3281318	34.46
1970-1979	45	0.00341	0.00341	0.5	94910	323	94748	3186258	33.57
1970-1979	46	0.00358	0.00358	0.5	94586	338	94417	3091510	32.68
1970-1979	47	0.00399	0.00399	0.5	94248	376	94060	2997092	31.80
1970-1979	48	0.00403	0.00402	0.5	93872	377	93684	2903032	30.93
1970-1979	49	0.00413	0.00413	0.5	93495	386	93302	2809349	30.05
1970-1979	50	0.00547	0.00545	0.5	93109	508	92855	2716046	29.17
1970-1979	51	0.00594	0.00592	0.5	92602	549	92327	2623191	28.33
1970-1979	52	0.00595	0.00594	0.5	92053	546	91780	2530864	27.49
1970-1979	53	0.00654	0.00652	0.5	91507	597	91208	2439084	26.65
1970-1979	54	0.00678	0.00676	0.5	90910	614	90603	2347875	25.83
1970-1979	55	0.00760	0.00757	0.5	90296	684	89954	2257272	25.00
1970-1979	56	0.00904	0.00900	0.5	89612	807	89209	2167319	24.19
1970-1979	57	0.00913	0.00909	0.5	88805	807	88402	2078110	23.40
1970-1979	58	0.00988	0.00984	0.5	87998	865	87565	1989708	22.61
1970-1979	59	0.01063	0.01058	0.5	87133	922	86672	1902143	21.83
1970-1979	60	0.01096	0.01090	0.5	86211	940	85741	1815471	21.06
1970-1979	61	0.01202	0.01195	0.5	85271	1019	84762	1729730	20.29
1970-1979	62	0.01505	0.01494	0.5	84252	1259	83623	1644968	19.52
1970-1979	63	0.01545	0.01533	0.5	82993	1272	82357	1561346	18.81
1970-1979	64	0.01503	0.01492	0.5	81721	1219	81111	1478988	18.10
1970-1979	65	0.01625	0.01612	0.5	80502	1298	79853	1397877	17.36
1970-1979	66	0.01952	0.01933	0.5	79204	1531	78439	1318024	16.64
1970-1979	67	0.02006	0.01987	0.5	77673	1543	76901	1239585	15.96
1970-1979	68	0.01979	0.01960	0.5	76130	1492	75384	1162684	15.27
1970-1979	69	0.02417	0.02388	0.5	74638	1782	73747	1087300	14.57
1970-1979	70	0.02433	0.02404	0.5	72856	1751	71980	1013553	13.91
1970-1979	71	0.02779	0.02741	0.5	71104	1949	70130	941573	13.24
1970-1979	72	0.03202	0.03151	0.5	69156	2179	68066	871443	12.60
1970-1979	73	0.03364	0.03308	0.5	66976	2215	65869	803377	11.99
1970-1979	74	0.03951	0.03874	0.5	64761	2509	63506	737508	11.39
1970-1979	75	0.04444	0.04347	0.5	62252	2706	60899	674002	10.83
1970-1979	76	0.04600	0.04497	0.5	59546	2677	58207	613103	10.30
1970-1979	77	0.04918	0.04800	0.5	56868	2729	55503	554896	9.76
1970-1979	78	0.05538	0.05389	0.5	54139	2918	52680	499393	9.22
1970-1979	79	0.06142	0.05959	0.5	51221	3052	49695	446713	8.72
1970-1979	80	0.06324	0.06130	0.5	48169	2953	46692	397018	8.24
1970-1979	81	0.07031	0.06792	0.5	45216	3071	43681	350325	7.75
1970-1979	82	0.07810	0.07516	0.5	42145	3168	40561	306645	7.28
1970-1979	83	0.08667	0.08307	0.5	38977	3238	37358	266084	6.83
1970-1979	84	0.09609	0.09169	0.5	35739	3277	34101	228725	6.40
1970-1979	85	0.10641	0.10104	0.5	32462	3280	30822	194625	6.00
1970-1979	86	0.11770	0.11116	0.5	29182	3244	27561	163802	5.61
1970-1979	87	0.13001	0.12207	0.5	25939	3166	24355	136242	5.25
1970-1979	88	0.14340	0.13380	0.5	22772	3047	21249	111886	4.91
1970-1979	89	0.15791	0.14636	0.5	19725	2887	18282	90638	4.60
1970-1979	90	0.17360	0.15973	0.5	16838	2690	15494	72356	4.30
1970-1979	91	0.19049	0.17392	0.5	14149	2461	12918	56862	4.02
1970-1979	92	0.20861	0.18891	0.5	11688	2208	10584	43944	3.76
1970-1979	93	0.22797	0.20464	0.5	9480	1940	8510	33360	3.52
1970-1979	94	0.24856	0.22109	0.5	7540	1667	6706	24850	3.30
1970-1979	95	0.27036	0.23817	0.5	5873	1399	5174	18144	3.09
1970-1979	96	0.29333	0.25581	0.5	4474	1145	3902	12970	2.90
1970-1979	97	0.31740	0.27393	0.5	3330	912	2874	9068	2.72
1970-1979	98	0.34249	0.29241	0.5	2418	707	2064	6194	2.56
1970-1979	99	0.36849	0.31116	0.5	1711	532	1445	4130	2.41
1970-1979	100	0.39527	0.33004	0.5	1178	389	984	2686	2.28
1970-1979	101	0.42270	0.34895	0.5	789	275	652	1702	2.16
1970-1979	102	0.45062	0.36776	0.5	514	189	419	1050	2.04
1970-1979	103	0.47885	0.38635	0.5	325	126	262	631	1.94
1970-1979	104	0.50721	0.40460	0.5	199	81	159	369	1.85
1970-1979	105	0.53553	0.42242	0.5	119	50	94	210	1.76
1970-1979	106	0.56362	0.43971	0.5	69	30	53	116	1.69
1970-1979	107	0.59131	0.45638	0.5	38	18	30	62	1.62
1970-1979	108	0.61843	0.47237	0.5	21	10	16	33	1.57
1970-1979	109	0.64484	0.48762	0.5	11	5	8	17	1.52
1970-1979	110+	0.67039	1.00000	1.49	6	6	8	8	1.49
1980-1989	0	0.01118	0.01107	0.08	100000	1107	98987	7741039	77.41
1980-1989	1	0.00081	0.00081	0.5	98893	80	98853	7642052	77.28
1980-1989	2	0.00059	0.00059	0.5	98813	58	98784	7543199	76.34
1980-1989	3	0.00037	0.00037	0.5	98755	36	98737	7444415	75.38
1980-1989	4	0.00041	0.00041	0.5	98719	41	98698	7345678	74.41
1980-1989	5	0.00028	0.00028	0.5	98678	28	98664	7246980	73.44
1980-1989	6	0.00031	0.00031	0.5	98650	31	98635	7148316	72.46
1980-1989	7	0.00031	0.00031	0.5	98620	31	98604	7049681	71.48
1980-1989	8	0.00012	0.00012	0.5	98589	12	98583	6951076	70.51
1980-1989	9	0.00027	0.00027	0.5	98577	26	98564	6852494	69.51
1980-1989	10	0.00026	0.00026	0.5	98550	26	98538	6753930	68.53
1980-1989	11	0.00024	0.00024	0.5	98525	24	98513	6655392	67.55
1980-1989	12	0.00019	0.00019	0.5	98501	18	98492	6556879	66.57
1980-1989	13	0.00021	0.00021	0.5	98483	20	98473	6458387	65.58
1980-1989	14	0.00018	0.00018	0.5	98462	18	98453	6359915	64.59
1980-1989	15	0.00017	0.00017	0.5	98445	17	98436	6261461	63.60
1980-1989	16	0.00035	0.00035	0.5	98428	35	98410	6163025	62.61
1980-1989	17	0.00046	0.00046	0.5	98393	45	98370	6064615	61.64
1980-1989	18	0.00066	0.00066	0.5	98348	64	98315	5966245	60.66
1980-1989	19	0.00034	0.00034	0.5	98283	34	98266	5867929	59.70
1980-1989	20	0.00054	0.00054	0.5	98250	53	98223	5769663	58.72
1980-1989	21	0.00057	0.00056	0.5	98197	55	98169	5671440	57.76
1980-1989	22	0.00068	0.00068	0.5	98141	66	98108	5573271	56.79
1980-1989	23	0.00058	0.00058	0.5	98075	57	98046	5475163	55.83
1980-1989	24	0.00051	0.00051	0.5	98018	50	97993	5377117	54.86
1980-1989	25	0.00052	0.00052	0.5	97968	51	97943	5279124	53.89
1980-1989	26	0.00069	0.00069	0.5	97917	68	97883	5181181	52.91
1980-1989	27	0.00072	0.00072	0.5	97849	71	97814	5083298	51.95
1980-1989	28	0.00070	0.00070	0.5	97779	68	97744	4985484	50.99
1980-1989	29	0.00049	0.00049	0.5	97710	48	97686	4887739	50.02
1980-1989	30	0.00066	0.00066	0.5	97662	64	97630	4790053	49.05
1980-1989	31	0.00082	0.00082	0.5	97598	80	97558	4692423	48.08
1980-1989	32	0.00084	0.00084	0.5	97518	81	97477	4594865	47.12
1980-1989	33	0.00092	0.00092	0.5	97436	90	97392	4497388	46.16
1980-1989	34	0.00087	0.00087	0.5	97347	84	97305	4399996	45.20
1980-1989	35	0.00073	0.00073	0.5	97263	71	97227	4302692	44.24
1980-1989	36	0.00127	0.00127	0.5	97192	124	97130	4205464	43.27
1980-1989	37	0.00131	0.00131	0.5	97068	127	97004	4108335	42.32
1980-1989	38	0.00097	0.00097	0.5	96941	94	96894	4011330	41.38
1980-1989	39	0.00108	0.00108	0.5	96847	105	96794	3914436	40.42
1980-1989	40	0.00197	0.00197	0.5	96742	190	96647	3817642	39.46
1980-1989	41	0.00149	0.00149	0.5	96551	144	96479	3720996	38.54
1980-1989	42	0.00198	0.00198	0.5	96408	191	96312	3624516	37.60
1980-1989	43	0.00213	0.00213	0.5	96217	205	96115	3528204	36.67
1980-1989	44	0.00251	0.00251	0.5	96012	241	95892	3432089	35.75
1980-1989	45	0.00205	0.00205	0.5	95771	196	95673	3336198	34.84
1980-1989	46	0.00265	0.00265	0.5	95575	253	95448	3240525	33.91
1980-1989	47	0.00305	0.00304	0.5	95321	290	95176	3145077	32.99
1980-1989	48	0.00385	0.00384	0.5	95032	365	94849	3049900	32.09
1980-1989	49	0.00404	0.00404	0.5	94667	382	94476	2955051	31.22
1980-1989	50	0.00312	0.00312	0.5	94285	294	94138	2860575	30.34
1980-1989	51	0.00484	0.00483	0.5	93991	454	93764	2766438	29.43
1980-1989	52	0.00507	0.00506	0.5	93536	473	93300	2672674	28.57
1980-1989	53	0.00591	0.00590	0.5	93063	549	92789	2579374	27.72
1980-1989	54	0.00582	0.00580	0.5	92515	537	92246	2486585	26.88
1980-1989	55	0.00678	0.00676	0.5	91978	622	91667	2394339	26.03
1980-1989	56	0.00751	0.00748	0.5	91356	684	91014	2302672	25.21
1980-1989	57	0.00698	0.00696	0.5	90673	631	90357	2211657	24.39
1980-1989	58	0.00871	0.00867	0.5	90042	781	89651	2121300	23.56
1980-1989	59	0.00955	0.00951	0.5	89261	849	88836	2031649	22.76
1980-1989	60	0.01068	0.01063	0.5	88412	939	87942	1942813	21.97
1980-1989	61	0.01072	0.01066	0.5	87473	932	87006	1854870	21.21
1980-1989	62	0.01321	0.01313	0.5	86540	1136	85972	1767864	20.43
1980-1989	63	0.01376	0.01367	0.5	85404	1167	84820	1681892	19.69
1980-1989	64	0.01583	0.01570	0.5	84237	1323	83575	1597072	18.96
1980-1989	65	0.01557	0.01545	0.5	82914	1281	82274	1513496	18.25
1980-1989	66	0.01755	0.01739	0.5	81633	1420	80923	1431223	17.53
1980-1989	67	0.01765	0.01750	0.5	80213	1403	79512	1350299	16.83
1980-1989	68	0.01987	0.01967	0.5	78810	1550	78035	1270788	16.12
1980-1989	69	0.01980	0.01961	0.5	77259	1515	76502	1192753	15.44
1980-1989	70	0.02392	0.02363	0.5	75744	1790	74849	1116251	14.74
1980-1989	71	0.02638	0.02603	0.5	73954	1925	72992	1041402	14.08
1980-1989	72	0.02907	0.02866	0.5	72029	2064	70997	968410	13.44
1980-1989	73	0.02935	0.02893	0.5	69965	2024	68953	897413	12.83
1980-1989	74	0.03560	0.03498	0.5	67941	2376	66753	828460	12.19
1980-1989	75	0.03757	0.03687	0.5	65565	2418	64356	761708	11.62
1980-1989	76	0.04043	0.03963	0.5	63147	2503	61896	697352	11.04
1980-1989	77	0.04622	0.04517	0.5	60644	2740	59274	635456	10.48
1980-1989	78	0.04996	0.04874	0.5	57905	2822	56494	576182	9.95
1980-1989	79	0.05405	0.05263	0.5	55082	2899	53633	519688	9.43
1980-1989	80	0.05386	0.05245	0.5	52183	2737	50815	466055	8.93
1980-1989	81	0.06014	0.05838	0.5	49446	2887	48003	415241	8.40
1980-1989	82	0.06709	0.06491	0.5	46560	3022	45049	367238	7.89
1980-1989	83	0.07477	0.07208	0.5	43538	3138	41968	322189	7.40
1980-1989	84	0.08327	0.07994	0.5	40399	3229	38785	280221	6.94
1980-1989	85	0.09263	0.08853	0.5	37170	3291	35525	241436	6.50
1980-1989	86	0.10292	0.09788	0.5	33879	3316	32221	205912	6.08
1980-1989	87	0.11422	0.10805	0.5	30563	3302	28912	173690	5.68
1980-1989	88	0.12658	0.11904	0.5	27261	3245	25638	144778	5.31
1980-1989	89	0.14006	0.13089	0.5	24016	3143	22444	119140	4.96
1980-1989	90	0.15473	0.14362	0.5	20872	2998	19373	96696	4.63
1980-1989	91	0.17062	0.15721	0.5	17875	2810	16470	77323	4.33
1980-1989	92	0.18779	0.17167	0.5	15064	2586	13771	60853	4.04
1980-1989	93	0.20626	0.18698	0.5	12478	2333	11312	47082	3.77
1980-1989	94	0.22604	0.20308	0.5	10145	2060	9115	35770	3.53
1980-1989	95	0.24712	0.21994	0.5	8085	1778	7196	26655	3.30
1980-1989	96	0.26949	0.23749	0.5	6307	1498	5558	19460	3.09
1980-1989	97	0.29309	0.25563	0.5	4809	1229	4194	13902	2.89
1980-1989	98	0.31785	0.27427	0.5	3580	982	3089	9708	2.71
1980-1989	99	0.34370	0.29330	0.5	2598	762	2217	6619	2.55
1980-1989	100	0.37050	0.31259	0.5	1836	574	1549	4402	2.40
1980-1989	101	0.39813	0.33203	0.5	1262	419	1052	2853	2.26
1980-1989	102	0.42642	0.35148	0.5	843	296	695	1801	2.14
1980-1989	103	0.45520	0.37081	0.5	547	203	445	1106	2.02
1980-1989	104	0.48428	0.38988	0.5	344	134	277	661	1.92
1980-1989	105	0.51347	0.40858	0.5	210	86	167	384	1.83
1980-1989	106	0.54257	0.42679	0.5	124	53	98	217	1.74
1980-1989	107	0.57138	0.44442	0.5	71	32	55	119	1.67
1980-1989	108	0.59972	0.46137	0.5	40	18	30	64	1.61
1980-1989	109	0.62740	0.47758	0.5	21	10	16	33	1.56
1980-1989	110+	0.65427	1.00000	1.53	11	11	17	17	1.53
1990-1999	0	0.00782	0.00777	0.07	100000	777	99282	7867289	78.67
1990-1999	1	0.00052	0.00052	0.5	99223	52	99198	7768008	78.29
1990-1999	2	0.00030	0.00030	0.5	99172	30	99157	7668810	77.33
1990-1999	3	0.00018	0.00018	0.5	99142	18	99133	7569653	76.35
1990-1999	4	0.00025	0.00025	0.5	99124	25	99111	7470521	75.37
1990-1999	5	0.00022	0.00022	0.5	99099	22	99088	7371409	74.38
1990-1999	6	0.00012	0.00012	0.5	99077	12	99071	7272321	73.40
1990-1999	7	0.00026	0.00026	0.5	99065	25	99053	7173250	72.41
1990-1999	8	0.00006	0.00006	0.5	99040	6	99037	7074197	71.43
1990-1999	9	0.00008	0.00008	0.5	99034	8	99030	6975160	70.43
1990-1999	10	0.00012	0.00012	0.5	99026	12	99020	6876130	69.44
1990-1999	11	0.00014	0.00014	0.5	99014	14	99007	6777110	68.45
1990-1999	12	0.00012	0.00012	0.5	99000	12	98994	6678103	67.46
1990-1999	13	0.00015	0.00015	0.5	98987	15	98980	6579110	66.46
1990-1999	14	0.00034	0.00034	0.5	98973	34	98956	6480130	65.47
1990-1999	15	0.00039	0.00039	0.5	98939	39	98920	6381174	64.50
1990-1999	16	0.00040	0.00040	0.5	98900	40	98881	6282254	63.52
1990-1999	17	0.00035	0.00035	0.5	98861	35	98843	6183374	62.55
1990-1999	18	0.00047	0.00047	0.5	98826	46	98803	6084530	61.57
1990-1999	19	0.00030	0.00030	0.5	98780	29	98765	5985727	60.60
1990-1999	20	0.00034	0.00034	0.5	98751	34	98734	5886962	59.61
1990-1999	21	0.00036	0.00036	0.5	98717	35	98699	5788228	58.63
1990-1999	22	0.00049	0.00049	0.5	98682	48	98658	5689529	57.66
1990-1999	23	0.00043	0.00043	0.5	98634	43	98612	5590871	56.68
1990-1999	24	0.00040	0.00040	0.5	98591	40	98571	5492259	55.71
1990-1999	25	0.00060	0.00060	0.5	98551	59	98522	5393688	54.73
1990-1999	26	0.00065	0.00065	0.5	98493	64	98461	5295165	53.76
1990-1999	27	0.00044	0.00044	0.5	98428	43	98407	5196705	52.80
1990-1999	28	0.00054	0.00054	0.5	98385	54	98358	5098298	51.82
1990-1999	29	0.00104	0.00104	0.5	98332	102	98281	4999940	50.85
1990-1999	30	0.00067	0.00067	0.5	98229	66	98196	4901659	49.90
1990-1999	31	0.00084	0.00084	0.5	98164	82	98123	4803463	48.93
1990-1999	32	0.00087	0.00087	0.5	98082	86	98039	4705340	47.97
1990-1999	33	0.00103	0.00103	0.5	97996	100	97946	4607301	47.02
1990-1999	34	0.00106	0.00106	0.5	97895	104	97844	4509356	46.06
1990-1999	35	0.00110	0.00110	0.5	97792	107	97738	4411512	45.11
1990-1999	36	0.00139	0.00139	0.5	97685	136	97617	4313774	44.16
1990-1999	37	0.00130	0.00130	0.5	97549	127	97485	4216157	43.22
1990-1999	38	0.00128	0.00128	0.5	97422	125	97359	4118672	42.28
1990-1999	39	0.00150	0.00150	0.5	97297	146	97224	4021313	41.33
1990-1999	40	0.00151	0.00151	0.5	97151	147	97078	3924089	40.39
1990-1999	41	0.00191	0.00191	0.5	97004	185	96912	3827011	39.45
1990-1999	42	0.00175	0.00175	0.5	96819	169	96735	3730100	38.53
1990-1999	43	0.00225	0.00225	0.5	96650	217	96541	3633365	37.59
1990-1999	44	0.00198	0.00198	0.5	96433	191	96337	3536824	36.68
1990-1999	45	0.00224	0.00224	0.5	96242	215	96134	3440487	35.75
1990-1999	46	0.00210	0.00210	0.5	96026	201	95926	3344353	34.83
1990-1999	47	0.00264	0.00264	0.5	95825	253	95699	3248427	33.90
1990-1999	48	0.00291	0.00290	0.5	95572	278	95433	3152728	32.99
1990-1999	49	0.00333	0.00332	0.5	95295	316	95136	3057295	32.08
1990-1999	50	0.00302	0.00302	0.5	94978	287	94835	2962158	31.19
1990-1999	51	0.00352	0.00351	0.5	94692	333	94525	2867323	30.28
1990-1999	52	0.00402	0.00401	0.5	94359	378	94170	2772798	29.39
1990-1999	53	0.00471	0.00470	0.5	93981	442	93760	2678628	28.50
1990-1999	54	0.00491	0.00490	0.5	93539	458	93310	2584868	27.63
1990-1999	55	0.00537	0.00535	0.5	93081	498	92832	2491558	26.77
1990-1999	56	0.00631	0.00629	0.5	92582	583	92291	2398726	25.91
1990-1999	57	0.00760	0.00757	0.5	92000	696	91652	2306435	25.07
1990-1999	58	0.00758	0.00755	0.5	91303	689	90959	2214784	24.26
1990-1999	59	0.00829	0.00825	0.5	90614	748	90240	2123825	23.44
1990-1999	60	0.00978	0.00973	0.5	89866	875	89429	2033585	22.63
1990-1999	61	0.01060	0.01054	0.5	88992	938	88522	1944156	21.85
1990-1999	62	0.01210	0.01203	0.5	88053	1059	87524	1855633	21.07
1990-1999	63	0.01122	0.01116	0.5	86994	971	86509	1768109	20.32
1990-1999	64	0.01290	0.01282	0.5	86023	1103	85472	1681600	19.55
1990-1999	65	0.01427	0.01417	0.5	84920	1203	84319	1596129	18.80
1990-1999	66	0.01483	0.01472	0.5	83717	1233	83101	1511810	18.06
1990-1999	67	0.01614	0.01601	0.5	82485	1321	81824	1428709	17.32
1990-1999	68	0.01888	0.01870	0.5	81164	1518	80405	1346884	16.59
1990-1999	69	0.01883	0.01865	0.5	79646	1486	78903	1266479	15.90
1990-1999	70	0.02181	0.02157	0.5	78161	1686	77318	1187575	15.19
1990-1999	71	0.02424	0.02395	0.5	76475	1831	75559	1110258	14.52
1990-1999	72	0.02575	0.02542	0.5	74643	1897	73694	1034699	13.86
1990-1999	73	0.02871	0.02830	0.5	72746	2059	71716	961004	13.21
1990-1999	74	0.03150	0.03101	0.5	70687	2192	69591	889288	12.58
1990-1999	75	0.03304	0.03250	0.5	68495	2226	67382	819697	11.97
1990-1999	76	0.03643	0.03578	0.5	66269	2371	65083	752316	11.35
1990-1999	77	0.04465	0.04367	0.5	63898	2791	62503	687232	10.76
1990-1999	78	0.04339	0.04247	0.5	61107	2595	59810	624730	10.22
1990-1999	79	0.04889	0.04772	0.5	58512	2792	57116	564920	9.65
1990-1999	80	0.05102	0.04975	0.5	55720	2772	54334	507804	9.11
1990-1999	81	0.05714	0.05555	0.5	52948	2941	51477	453470	8.56
1990-1999	82	0.06394	0.06196	0.5	50007	3098	48458	401993	8.04
1990-1999	83	0.07149	0.06902	0.5	46908	3238	45289	353535	7.54
1990-1999	84	0.07986	0.07679	0.5	43671	3354	41994	308246	7.06
1990-1999	85	0.08911	0.08531	0.5	40317	3439	38597	266252	6.60
1990-1999	86	0.09932	0.09462	0.5	36878	3489	35133	227655	6.17
1990-1999	87	0.11056	0.10477	0.5	33388	3498	31639	192522	5.77
1990-1999	88	0.12289	0.11578	0.5	29890	3461	28160	160882	5.38
1990-1999	89	0.13639	0.12768	0.5	26430	3375	24742	132722	5.02
1990-1999	90	0.15112	0.14050	0.5	23055	3239	21435	107980	4.68
1990-1999	91	0.16713	0.15424	0.5	19816	3056	18288	86545	4.37
1990-1999	92	0.18446	0.16889	0.5	16759	2830	15344	68257	4.07
1990-1999	93	0.20316	0.18443	0.5	13929	2569	12645	52913	3.80
1990-1999	94	0.22323	0.20082	0.5	11360	2281	10219	40268	3.54
1990-1999	95	0.24468	0.21801	0.5	9079	1979	8089	30049	3.31
1990-1999	96	0.26748	0.23592	0.5	7100	1675	6262	21959	3.09
1990-1999	97	0.29158	0.25448	0.5	5425	1380	4734	15697	2.89
1990-1999	98	0.31691	0.27357	0.5	4044	1106	3491	10963	2.71
1990-1999	99	0.34338	0.29307	0.5	2938	861	2507	7472	2.54
1990-1999	100	0.37086	0.31285	0.5	2077	650	1752	4965	2.39
1990-1999	101	0.39920	0.33278	0.5	1427	475	1190	3213	2.25
1990-1999	102	0.42824	0.35271	0.5	952	336	784	2023	2.12
1990-1999	103	0.45777	0.37251	0.5	616	230	502	1239	2.01
1990-1999	104	0.48761	0.39203	0.5	387	152	311	737	1.91
1990-1999	105	0.51753	0.41114	0.5	235	97	187	426	1.81
1990-1999	106	0.54733	0.42973	0.5	138	60	109	239	1.73
1990-1999	107	0.57679	0.44768	0.5	79	35	61	131	1.66
1990-1999	108	0.60572	0.46492	0.5	44	20	33	69	1.59
1990-1999	109	0.63392	0.48135	0.5	23	11	18	36	1.54
1990-1999	110+	0.66124	1.00000	1.51	12	12	18	18	1.51
2000-2009	0	0.00839	0.00832	0.08	100000	832	99232	7974559	79.75
2000-2009	1	0.00052	0.00052	0.5	99168	52	99142	7875327	79.41
2000-2009	2	0.00017	0.00017	0.5	99116	17	99108	7776185	78.46
2000-2009	3	0.00021	0.00021	0.5	99099	21	99089	7677077	77.47
2000-2009	4	0.00019	0.00019	0.5	99078	19	99069	7577989	76.48
2000-2009	5	0.00017	0.00017	0.5	99059	17	99051	7478920	75.50
2000-2009	6	0.00013	0.00013	0.5	99042	13	99036	7379869	74.51
2000-2009	7	0.00015	0.00015	0.5	99029	15	99021	7280833	73.52
2000-2009	8	0.00008	0.00008	0.5	99014	8	99010	7181812	72.53
2000-2009	9	0.00006	0.00006	0.5	99006	5	99004	7082802	71.54
2000-2009	10	0.00012	0.00012	0.5	99001	12	98995	6983798	70.54
2000-2009	11	0.00014	0.00014	0.5	98988	14	98981	6884804	69.55
2000-2009	12	0.00014	0.00014	0.5	98974	14	98967	6785822	68.56
2000-2009	13	0.00016	0.00016	0.5	98960	16	98952	6686855	67.57
2000-2009	14	0.00016	0.00016	0.5	98945	16	98937	6587903	66.58
2000-2009	15	0.00017	0.00017	0.5	98929	17	98920	6488966	65.59
2000-2009	16	0.00026	0.00026	0.5	98911	26	98898	6390046	64.60
2000-2009	17	0.00059	0.00059	0.5	98885	58	98857	6291147	63.62
2000-2009	18	0.00043	0.00043	0.5	98828	43	98806	6192291	62.66
2000-2009	19	0.00034	0.00034	0.5	98785	33	98768	6093485	61.68
2000-2009	20	0.00041	0.00041	0.5	98751	40	98731	5994717	60.71
2000-2009	21	0.00052	0.00052	0.5	98711	51	98685	5895985	59.73
2000-2009	22	0.00051	0.00051	0.5	98660	50	98635	5797300	58.76
2000-2009	23	0.00053	0.00053	0.5	98610	52	98583	5698665	57.79
2000-2009	24	0.00041	0.00041	0.5	98557	41	98537	5600082	56.82
2000-2009	25	0.00042	0.00042	0.5	98517	41	98496	5501545	55.84
2000-2009	26	0.00048	0.00048	0.5	98476	47	98452	5403048	54.87
2000-2009	27	0.00066	0.00066	0.5	98429	65	98397	5304596	53.89
2000-2009	28	0.00040	0.00040	0.5	98364	39	98345	5206200	52.93
2000-2009	29	0.00065	0.00065	0.5	98325	64	98293	5107855	51.95
2000-2009	30	0.00060	0.00060	0.5	98261	59	98232	5009562	50.98
2000-2009	31	0.00095	0.00095	0.5	98202	94	98156	4911330	50.01
2000-2009	32	0.00094	0.00094	0.5	98109	92	98063	4813174	49.06
2000-2009	33	0.00083	0.00083	0.5	98017	81	97976	4715112	48.11
2000-2009	34	0.00095	0.00095	0.5	97935	93	97889	4617136	47.14
2000-2009	35	0.00086	0.00086	0.5	97842	84	97800	4519247	46.19
2000-2009	36	0.00084	0.00084	0.5	97758	82	97717	4421447	45.23
2000-2009	37	0.00115	0.00115	0.5	97676	112	97620	4323730	44.27
2000-2009	38	0.00124	0.00124	0.5	97564	121	97503	4226110	43.32
2000-2009	39	0.00156	0.00156	0.5	97443	152	97367	4128607	42.37
2000-2009	40	0.00186	0.00186	0.5	97291	181	97200	4031240	41.43
2000-2009	41	0.00190	0.00189	0.5	97110	184	97018	3934040	40.51
2000-2009	42	0.00230	0.00229	0.5	96926	222	96815	3837022	39.59
2000-2009	43	0.00222	0.00221	0.5	96703	214	96596	3740208	38.68
2000-2009	44	0.00231	0.00230	0.5	96490	222	96378	3643611	37.76
2000-2009	45	0.00242	0.00242	0.5	96267	232	96151	3547233	36.85
2000-2009	46	0.00312	0.00312	0.5	96035	300	95885	3451082	35.94
2000-2009	47	0.00225	0.00225	0.5	95735	215	95628	3355197	35.05
2000-2009	48	0.00301	0.00301	0.5	95520	287	95376	3259569	34.12
2000-2009	49	0.00363	0.00363	0.5	95232	345	95060	3164193	33.23
2000-2009	50	0.00403	0.00402	0.5	94887	382	94696	3069133	32.35
2000-2009	51	0.00428	0.00427	0.5	94506	404	94304	2974437	31.47
2000-2009	52	0.00389	0.00389	0.5	94102	366	93919	2880133	30.61
2000-2009	53	0.00442	0.00441	0.5	93736	413	93530	2786214	29.72
2000-2009	54	0.00486	0.00484	0.5	93323	452	93097	2692684	28.85
2000-2009	55	0.00492	0.00491	0.5	92871	456	92643	2599586	27.99
2000-2009	56	0.00514	0.00512	0.5	92416	473	92179	2506943	27.13
2000-2009	57	0.00582	0.00580	0.5	91942	533	91676	2414764	26.26
2000-2009	58	0.00614	0.00612	0.5	91409	559	91129	2323088	25.41
2000-2009	59	0.00648	0.00645	0.5	90850	586	90556	2231959	24.57
2000-2009	60	0.00708	0.00706	0.5	90263	637	89945	2141403	23.72
2000-2009	61	0.00753	0.00750	0.5	89626	673	89290	2051458	22.89
2000-2009	62	0.00901	0.00897	0.5	88954	797	88555	1962168	22.06
2000-2009	63	0.00927	0.00922	0.5	88156	813	87750	1873613	21.25
2000-2009	64	0.00971	0.00967	0.5	87343	844	86921	1785864	20.45
2000-2009	65	0.01082	0.01077	0.5	86499	931	86033	1698943	19.64
2000-2009	66	0.01201	0.01194	0.5	85567	1021	85057	1612910	18.85
2000-2009	67	0.01299	0.01290	0.5	84546	1091	84001	1527853	18.07
2000-2009	68	0.01449	0.01439	0.5	83455	1201	82855	1443852	17.30
2000-2009	69	0.01688	0.01673	0.5	82254	1376	81566	1360998	16.55
2000-2009	70	0.01894	0.01876	0.5	80878	1517	80119	1279432	15.82
2000-2009	71	0.01945	0.01926	0.5	79361	1528	78596	1199312	15.11
2000-2009	72	0.01940	0.01921	0.5	77832	1495	77085	1120716	14.40
2000-2009	73	0.02307	0.02281	0.5	76337	1741	75466	1043631	13.67
2000-2009	74	0.02536	0.02504	0.5	74596	1868	73662	968165	12.98
2000-2009	75	0.02971	0.02928	0.5	72728	2129	71663	894504	12.30
2000-2009	76	0.03283	0.03230	0.5	70598	2280	69458	822841	11.66
2000-2009	77	0.03629	0.03564	0.5	68318	2435	67100	753383	11.03
2000-2009	78	0.03974	0.03896	0.5	65883	2567	64599	686282	10.42
2000-2009	79	0.04557	0.04456	0.5	63316	2821	61905	621683	9.82
2000-2009	80	0.04698	0.04590	0.5	60495	2777	59106	559778	9.25
2000-2009	81	0.05309	0.05172	0.5	57718	2985	56225	500672	8.67
2000-2009	82	0.05995	0.05820	0.5	54733	3186	53140	444447	8.12
2000-2009	83	0.06763	0.06541	0.5	51547	3372	49861	391307	7.59
2000-2009	84	0.07621	0.07341	0.5	48175	3537	46407	341446	7.09
2000-2009	85	0.08578	0.08225	0.5	44639	3672	42803	295039	6.61
2000-2009	86	0.09642	0.09199	0.5	40967	3769	39083	252236	6.16
2000-2009	87	0.10824	0.10268	0.5	37198	3820	35289	213154	5.73
2000-2009	88	0.12130	0.11436	0.5	33379	3817	31470	177865	5.33
2000-2009	89	0.13570	0.12708	0.5	29562	3757	27683	146394	4.95
2000-2009	90	0.15152	0.14085	0.5	25805	3635	23988	118711	4.60
2000-2009	91	0.16882	0.15568	0.5	22170	3451	20445	94723	4.27
2000-2009	92	0.18765	0.17156	0.5	18719	3211	17113	74279	3.97
2000-2009	93	0.20807	0.18846	0.5	15508	2923	14046	57165	3.69
2000-2009	94	0.23007	0.20634	0.5	12585	2597	11287	43119	3.43
2000-2009	95	0.25366	0.22511	0.5	9988	2248	8864	31833	3.19
2000-2009	96	0.27879	0.24468	0.5	7740	1894	6793	22968	2.97
2000-2009	97	0.30539	0.26494	0.5	5846	1549	5072	16176	2.77
2000-2009	98	0.33336	0.28573	0.5	4297	1228	3683	11104	2.58
2000-2009	99	0.36255	0.30691	0.5	3069	942	2598	7421	2.42
2000-2009	100	0.39279	0.32831	0.5	2127	698	1778	4822	2.27
2000-2009	101	0.42387	0.34975	0.5	1429	500	1179	3044	2.13
2000-2009	102	0.45557	0.37105	0.5	929	345	757	1865	2.01
2000-2009	103	0.48763	0.39205	0.5	584	229	470	1109	1.90
2000-2009	104	0.51980	0.41257	0.5	355	147	282	639	1.80
2000-2009	105	0.55180	0.43248	0.5	209	90	164	357	1.71
2000-2009	106	0.58338	0.45164	0.5	118	53	92	193	1.63
2000-2009	107	0.61429	0.46995	0.5	65	31	50	101	1.56
2000-2009	108	0.64430	0.48731	0.5	34	17	26	52	1.50
2000-2009	109	0.67323	0.50368	0.5	18	9	13	26	1.46
2000-2009	110+	0.70089	1.00000	1.43	9	9	12	12	1.43
2010-2019	0	0.00694	0.00690	0.07	100000	690	99360	8089101	80.89
2010-2019	1	0.00039	0.00039	0.5	99310	38	99291	7989741	80.45
2010-2019	2	0.00015	0.00015	0.5	99272	15	99264	7890451	79.48
2010-2019	3	0.00027	0.00027	0.5	99257	27	99243	7791186	78.50
2010-2019	4	0.00020	0.00020	0.5	99230	20	99220	7691943	77.52
2010-2019	5	0.00002	0.00002	0.5	99210	2	99209	7592723	76.53
2010-2019	6	0.00009	0.00009	0.5	99208	9	99204	7493514	75.53
2010-2019	7	0.00007	0.00007	0.5	99199	7	99196	7394310	74.54
2010-2019	8	0.00009	0.00009	0.5	99192	9	99188	7295114	73.55
2010-2019	9	0.00012	0.00012	0.5	99183	12	99177	7195926	72.55
2010-2019	10	0.00009	0.00009	0.5	99171	9	99167	7096749	71.56
2010-2019	11	0.00014	0.00014	0.5	99162	14	99155	6997582	70.57
2010-2019	12	0.00005	0.00005	0.5	99148	5	99146	6898427	69.58
2010-2019	13	0.00012	0.00012	0.5	99143	12	99137	6799281	68.58
2010-2019	14	0.00018	0.00018	0.5	99131	18	99122	6700145	67.59
2010-2019	15	0.00016	0.00016	0.5	99113	16	99105	6601023	66.60
2010-2019	16	0.00024	0.00024	0.5	99097	24	99085	6501917	65.61
2010-2019	17	0.00021	0.00021	0.5	99073	21	99063	6402832	64.63
2010-2019	18	0.00031	0.00031	0.5	99053	31	99037	6303769	63.64
2010-2019	19	0.00034	0.00034	0.5	99022	33	99005	6204732	62.66
2010-2019	20	0.00045	0.00045	0.5	98989	45	98966	6105727	61.68
2010-2019	21	0.00045	0.00045	0.5	98944	45	98922	6006761	60.71
2010-2019	22	0.00061	0.00061	0.5	98899	61	98869	5907839	59.74
2010-2019	23	0.00050	0.00050	0.5	98838	50	98814	5808970	58.77
2010-2019	24	0.00060	0.00060	0.5	98789	59	98759	5710157	57.80
2010-2019	25	0.00063	0.00063	0.5	98729	63	98698	5611398	56.84
2010-2019	26	0.00071	0.00071	0.5	98667	70	98632	5512700	55.87
2010-2019	27	0.00090	0.00090	0.5	98597	89	98552	5414068	54.91
2010-2019	28	0.00090	0.00090	0.5	98508	89	98463	5315515	53.96
2010-2019	29	0.00090	0.00090	0.5	98419	89	98374	5217052	53.01
2010-2019	30	0.00094	0.00094	0.5	98330	93	98284	5118677	52.06
2010-2019	31	0.00088	0.00088	0.5	98238	87	98194	5020394	51.10
2010-2019	32	0.00116	0.00116	0.5	98151	114	98094	4922199	50.15
2010-2019	33	0.00097	0.00097	0.5	98037	95	97990	4824105	49.21
2010-2019	34	0.00140	0.00140	0.5	97942	137	97874	4726116	48.25
2010-2019	35	0.00143	0.00143	0.5	97805	140	97735	4628242	47.32
2010-2019	36	0.00124	0.00124	0.5	97665	121	97605	4530507	46.39
2010-2019	37	0.00128	0.00128	0.5	97544	125	97482	4432902	45.44
2010-2019	38	0.00151	0.00151	0.5	97420	147	97346	4335420	44.50
2010-2019	39	0.00159	0.00159	0.5	97273	154	97196	4238074	43.57
2010-2019	40	0.00164	0.00164	0.5	97119	159	97039	4140878	42.64
2010-2019	41	0.00116	0.00116	0.5	96959	112	96903	4043839	41.71
2010-2019	42	0.00191	0.00191	0.5	96847	185	96755	3946936	40.75
2010-2019	43	0.00173	0.00173	0.5	96663	167	96579	3850181	39.83
2010-2019	44	0.00208	0.00208	0.5	96496	200	96396	3753602	38.90
2010-2019	45	0.00229	0.00229	0.5	96295	220	96185	3657206	37.98
2010-2019	46	0.00203	0.00203	0.5	96075	195	95978	3561021	37.06
2010-2019	47	0.00261	0.00261	0.5	95880	250	95755	3465043	36.14
2010-2019	48	0.00301	0.00301	0.5	95630	288	95486	3369288	35.23
2010-2019	49	0.00307	0.00307	0.5	95343	292	95196	3273801	34.34
2010-2019	50	0.00352	0.00352	0.5	95050	334	94883	3178605	33.44
2010-2019	51	0.00379	0.00378	0.5	94716	358	94537	3083722	32.56
2010-2019	52	0.00409	0.00408	0.5	94358	385	94165	2989185	31.68
2010-2019	53	0.00470	0.00468	0.5	93973	440	93753	2895020	30.81
2010-2019	54	0.00429	0.00428	0.5	93533	401	93332	2801267	29.95
2010-2019	55	0.00512	0.00510	0.5	93132	475	92894	2707935	29.08
2010-2019	56	0.00532	0.00531	0.5	92657	492	92411	2615040	28.22
2010-2019	57	0.00554	0.00553	0.5	92165	510	91910	2522630	27.37
2010-2019	58	0.00685	0.00682	0.5	91655	625	91343	2430720	26.52
2010-2019	59	0.00667	0.00665	0.5	91030	605	90727	2339377	25.70
2010-2019	60	0.00697	0.00694	0.5	90425	628	90111	2248650	24.87
2010-2019	61	0.00709	0.00707	0.5	89797	634	89480	2158539	24.04
2010-2019	62	0.00752	0.00749	0.5	89162	668	88829	2069059	23.21
2010-2019	63	0.00805	0.00802	0.5	88495	710	88140	1980230	22.38
2010-2019	64	0.00920	0.00916	0.5	87785	804	87383	1892091	21.55
2010-2019	65	0.00912	0.00908	0.5	86981	790	86586	1804708	20.75
2010-2019	66	0.00973	0.00968	0.5	86190	835	85773	1718122	19.93
2010-2019	67	0.01152	0.01145	0.5	85356	978	84867	1632349	19.12
2010-2019	68	0.01140	0.01134	0.5	84378	957	83900	1547482	18.34
2010-2019	69	0.01301	0.01293	0.5	83421	1078	82882	1463582	17.54
2010-2019	70	0.01454	0.01443	0.5	82343	1188	81749	1380700	16.77
2010-2019	71	0.01611	0.01598	0.5	81155	1297	80506	1298952	16.01
2010-2019	72	0.01681	0.01667	0.5	79858	1332	79192	1218445	15.26
2010-2019	73	0.01901	0.01883	0.5	78526	1478	77787	1139253	14.51
2010-2019	74	0.02037	0.02016	0.5	77048	1553	76271	1061466	13.78
2010-2019	75	0.02576	0.02543	0.5	75495	1920	74534	985195	13.05
2010-2019	76	0.02583	0.02550	0.5	73574	1876	72636	910661	12.38
2010-2019	77	0.02855	0.02815	0.5	71698	2018	70689	838024	11.69
2010-2019	78	0.03012	0.02967	0.5	69680	2068	68646	767335	11.01
2010-2019	79	0.03624	0.03560	0.5	67612	2407	66409	698689	10.33
2010-2019	80	0.04219	0.04132	0.5	65205	2694	63858	632280	9.70
2010-2019	81	0.04783	0.04671	0.5	62511	2920	61051	568422	9.09
2010-2019	82	0.05418	0.05275	0.5	59591	3143	58019	507371	8.51
2010-2019	83	0.06132	0.05949	0.5	56448	3358	54769	449352	7.96
2010-2019	84	0.06933	0.06700	0.5	53089	3557	51311	394583	7.43
2010-2019	85	0.07830	0.07535	0.5	49532	3732	47666	343272	6.93
2010-2019	86	0.08831	0.08458	0.5	45800	3874	43863	295606	6.45
2010-2019	87	0.09948	0.09476	0.5	41926	3973	39940	251743	6.00
2010-2019	88	0.11188	0.10595	0.5	37953	4021	35943	211803	5.58
2010-2019	89	0.12561	0.11818	0.5	33932	4010	31927	175860	5.18
2010-2019	90	0.14076	0.13150	0.5	29922	3935	27955	143933	4.81
2010-2019	91	0.15740	0.14592	0.5	25987	3792	24091	115978	4.46
2010-2019	92	0.17561	0.16144	0.5	22195	3583	20404	91887	4.14
2010-2019	93	0.19545	0.17805	0.5	18612	3314	16955	71484	3.84
2010-2019	94	0.21693	0.19570	0.5	15298	2994	13801	54528	3.56
2010-2019	95	0.24006	0.21434	0.5	12304	2637	10986	40727	3.31
2010-2019	96	0.26484	0.23387	0.5	9667	2261	8537	29741	3.08
2010-2019	97	0.29118	0.25418	0.5	7406	1883	6465	21205	2.86
2010-2019	98	0.31901	0.27513	0.5	5524	1520	4764	14740	2.67
2010-2019	99	0.34820	0.29657	0.5	4004	1187	3410	9976	2.49
2010-2019	100	0.37857	0.31832	0.5	2817	897	2368	6565	2.33
2010-2019	101	0.40992	0.34020	0.5	1920	653	1593	4197	2.19
2010-2019	102	0.44203	0.36202	0.5	1267	459	1038	2604	2.06
2010-2019	103	0.47462	0.38359	0.5	808	310	653	1566	1.94
2010-2019	104	0.50744	0.40474	0.5	498	202	397	913	1.83
2010-2019	105	0.54018	0.42531	0.5	297	126	233	516	1.74
2010-2019	106	0.57259	0.44515	0.5	170	76	132	282	1.66
2010-2019	107	0.60438	0.46413	0.5	95	44	73	150	1.58
2010-2019	108	0.63532	0.48216	0.5	51	24	38	77	1.52
2010-2019	109	0.66518	0.49916	0.5	26	13	20	39	1.47
2010-2019	110+	0.69377	1.00000	1.44	13	13	19	19	1.44
2020-2022	0	0.00568	0.00565	0.07	100000	565	99474	7963545	79.64
2020-2022	1	0.00032	0.00032	0.5	99435	32	99419	7864071	79.09
2020-2022	2	0.00044	0.00044	0.5	99403	44	99381	7764652	78.11
2020-2022	3	0.00018	0.00018	0.5	99360	18	99351	7665271	77.15
2020-2022	4	0.00012	0.00012	0.5	99341	12	99335	7565920	76.16
2020-2022	5	0.00000	0.00000	0.5	99329	0	99329	7466585	75.17
2020-2022	6	0.00006	0.00006	0.5	99329	6	99326	7367256	74.17
2020-2022	7	0.00006	0.00006	0.5	99323	6	99321	7267929	73.17
2020-2022	8	0.00000	0.00000	0.5	99318	0	99318	7168609	72.18
2020-2022	9	0.00023	0.00023	0.5	99318	23	99306	7069291	71.18
2020-2022	10	0.00006	0.00006	0.5	99294	6	99292	6969985	70.20
2020-2022	11	0.00006	0.00006	0.5	99289	6	99286	6870694	69.20
2020-2022	12	0.00006	0.00006	0.5	99283	6	99280	6771408	68.20
2020-2022	13	0.00038	0.00038	0.5	99278	38	99259	6672127	67.21
2020-2022	14	0.00038	0.00038	0.5	99240	38	99221	6572869	66.23
2020-2022	15	0.00016	0.00016	0.5	99202	16	99194	6473648	65.26
2020-2022	16	0.00033	0.00033	0.5	99186	32	99170	6374454	64.27
2020-2022	17	0.00033	0.00033	0.5	99154	33	99138	6275283	63.29
2020-2022	18	0.00035	0.00035	0.5	99121	35	99104	6176146	62.31
2020-2022	19	0.00051	0.00051	0.5	99087	50	99062	6077042	61.33
2020-2022	20	0.00065	0.00065	0.5	99037	64	99005	5977980	60.36
2020-2022	21	0.00093	0.00093	0.5	98973	92	98927	5878975	59.40
2020-2022	22	0.00082	0.00082	0.5	98881	81	98840	5780048	58.45
2020-2022	23	0.00047	0.00047	0.5	98799	47	98776	5681208	57.50
2020-2022	24	0.00105	0.00105	0.5	98752	104	98701	5582432	56.53
2020-2022	25	0.00086	0.00086	0.5	98649	85	98606	5483732	55.59
2020-2022	26	0.00062	0.00062	0.5	98564	61	98533	5385125	54.64
2020-2022	27	0.00136	0.00136	0.5	98503	134	98436	5286592	53.67
2020-2022	28	0.00084	0.00084	0.5	98369	83	98328	5188156	52.74
2020-2022	29	0.00061	0.00061	0.5	98287	60	98257	5089828	51.79
2020-2022	30	0.00122	0.00122	0.5	98227	120	98167	4991571	50.82
2020-2022	31	0.00130	0.00130	0.5	98107	127	98043	4893404	49.88
2020-2022	32	0.00112	0.00112	0.5	97980	110	97925	4795361	48.94
2020-2022	33	0.00124	0.00124	0.5	97870	121	97809	4697436	48.00
2020-2022	34	0.00163	0.00163	0.5	97749	159	97669	4599627	47.06
2020-2022	35	0.00140	0.00140	0.5	97589	137	97521	4501958	46.13
2020-2022	36	0.00163	0.00163	0.5	97452	159	97373	4404438	45.20
2020-2022	37	0.00235	0.00234	0.5	97294	228	97180	4307065	44.27
2020-2022	38	0.00257	0.00256	0.5	97066	249	96941	4209885	43.37
2020-2022	39	0.00182	0.00181	0.5	96817	176	96729	4112944	42.48
2020-2022	40	0.00253	0.00253	0.5	96641	245	96519	4016215	41.56
2020-2022	41	0.00212	0.00212	0.5	96397	204	96295	3919696	40.66
2020-2022	42	0.00237	0.00237	0.5	96192	228	96079	3823402	39.75
2020-2022	43	0.00227	0.00227	0.5	95965	217	95856	3727323	38.84
2020-2022	44	0.00269	0.00269	0.5	95747	257	95619	3631467	37.93
2020-2022	45	0.00258	0.00257	0.5	95490	246	95367	3535849	37.03
2020-2022	46	0.00322	0.00321	0.5	95244	306	95091	3440482	36.12
2020-2022	47	0.00294	0.00293	0.5	94938	279	94799	3345390	35.24
2020-2022	48	0.00286	0.00285	0.5	94660	270	94525	3250592	34.34
2020-2022	49	0.00309	0.00309	0.5	94390	291	94244	3156067	33.44
2020-2022	50	0.00456	0.00455	0.5	94098	428	93884	3061823	32.54
2020-2022	51	0.00331	0.00331	0.5	93670	310	93515	2967939	31.69
2020-2022	52	0.00394	0.00393	0.5	93360	367	93176	2874425	30.79
2020-2022	53	0.00410	0.00409	0.5	92993	380	92803	2781248	29.91
2020-2022	54	0.00500	0.00498	0.5	92613	462	92382	2688445	29.03
2020-2022	55	0.00590	0.00589	0.5	92151	543	91880	2596063	28.17
2020-2022	56	0.00615	0.00613	0.5	91609	562	91328	2504183	27.34
2020-2022	57	0.00619	0.00617	0.5	91047	562	90766	2412855	26.50
2020-2022	58	0.00655	0.00653	0.5	90485	591	90189	2322090	25.66
2020-2022	59	0.00675	0.00672	0.5	89894	604	89592	2231900	24.83
2020-2022	60	0.00903	0.00899	0.5	89289	803	88888	2142309	23.99
2020-2022	61	0.00720	0.00717	0.5	88487	635	88169	2053421	23.21
2020-2022	62	0.00900	0.00896	0.5	87852	787	87459	1965251	22.37
2020-2022	63	0.00907	0.00903	0.5	87065	786	86672	1877793	21.57
2020-2022	64	0.00995	0.00990	0.5	86279	854	85852	1791121	20.76
2020-2022	65	0.01136	0.01130	0.5	85425	965	84942	1705269	19.96
2020-2022	66	0.01147	0.01141	0.5	84459	964	83978	1620327	19.18
2020-2022	67	0.01249	0.01241	0.5	83496	1036	82978	1536349	18.40
2020-2022	68	0.01321	0.01313	0.5	82459	1082	81918	1453371	17.63
2020-2022	69	0.01370	0.01361	0.5	81377	1108	80823	1371453	16.85
2020-2022	70	0.01746	0.01731	0.5	80270	1389	79575	1290630	16.08
2020-2022	71	0.01795	0.01779	0.5	78880	1403	78179	1211055	15.35
2020-2022	72	0.01852	0.01835	0.5	77477	1422	76766	1132876	14.62
2020-2022	73	0.02128	0.02106	0.5	76055	1602	75254	1056110	13.89
2020-2022	74	0.02400	0.02371	0.5	74453	1766	73571	980856	13.17
2020-2022	75	0.02762	0.02724	0.5	72688	1980	71698	907286	12.48
2020-2022	76	0.02702	0.02666	0.5	70708	1885	69765	835588	11.82
2020-2022	77	0.03333	0.03278	0.5	68823	2256	67695	765823	11.13
2020-2022	78	0.03380	0.03324	0.5	66566	2213	65460	698128	10.49
2020-2022	79	0.03850	0.03777	0.5	64354	2431	63138	632668	9.83
2020-2022	80	0.04688	0.04581	0.5	61923	2837	60505	569529	9.20
2020-2022	81	0.05310	0.05173	0.5	59086	3056	57558	509025	8.61
2020-2022	82	0.06008	0.05833	0.5	56030	3268	54396	451466	8.06
2020-2022	83	0.06792	0.06569	0.5	52762	3466	51029	397071	7.53
2020-2022	84	0.07670	0.07387	0.5	49296	3641	47475	346042	7.02
2020-2022	85	0.08651	0.08292	0.5	45654	3786	43761	298567	6.54
2020-2022	86	0.09744	0.09291	0.5	41869	3890	39924	254805	6.09
2020-2022	87	0.10958	0.10389	0.5	37979	3946	36006	214882	5.66
2020-2022	88	0.12303	0.11590	0.5	34033	3944	32061	178876	5.26
2020-2022	89	0.13788	0.12899	0.5	30088	3881	28148	146815	4.88
2020-2022	90	0.15420	0.14316	0.5	26207	3752	24331	118667	4.53
2020-2022	91	0.17207	0.15844	0.5	22456	3558	20677	94336	4.20
2020-2022	92	0.19154	0.17480	0.5	18898	3303	17246	73659	3.90
2020-2022	93	0.21265	0.19221	0.5	15594	2997	14096	56413	3.62
2020-2022	94	0.23541	0.21062	0.5	12597	2653	11270	42318	3.36
2020-2022	95	0.25980	0.22993	0.5	9944	2286	8801	31048	3.12
2020-2022	96	0.28577	0.25004	0.5	7657	1915	6700	22247	2.91
2020-2022	97	0.31324	0.27083	0.5	5743	1555	4965	15547	2.71
2020-2022	98	0.34209	0.29212	0.5	4187	1223	3576	10582	2.53
2020-2022	99	0.37215	0.31377	0.5	2964	930	2499	7006	2.36
2020-2022	100	0.40324	0.33558	0.5	2034	683	1693	4507	2.22
2020-2022	101	0.43512	0.35737	0.5	1352	483	1110	2814	2.08
2020-2022	102	0.46755	0.37896	0.5	869	329	704	1704	1.96
2020-2022	103	0.50025	0.40016	0.5	539	216	431	1000	1.85
2020-2022	104	0.53296	0.42082	0.5	324	136	255	569	1.76
2020-2022	105	0.56538	0.44078	0.5	187	83	146	313	1.67
2020-2022	106	0.59725	0.45991	0.5	105	48	81	167	1.60
2020-2022	107	0.62832	0.47812	0.5	57	27	43	87	1.53
2020-2022	108	0.65837	0.49532	0.5	30	15	22	44	1.47
2020-2022	109	0.68719	0.51146	0.5	15	8	11	21	1.43
2020-2022	110+	0.71464	1.00000	1.4	7	7	10	10	1.40
