DE: DE, Lifetables (period 1x10), Males Last modified: February 4 2025, MPv5 (May07) 

Year     	Age	mx	qx	ax	lx	dx	Lx	Tx	ex
1941-1949	0	0.04405	0.04249	0.16	100000	4249	96445	6272814	62.73
1941-1949	1	0.00335	0.00334	0.5	95751	320	95591	6176370	64.50
1941-1949	2	0.00192	0.00192	0.5	95432	183	95340	6080778	63.72
1941-1949	3	0.00157	0.00156	0.5	95248	149	95174	5985438	62.84
1941-1949	4	0.00150	0.00150	0.5	95099	143	95028	5890264	61.94
1941-1949	5	0.00134	0.00134	0.5	94957	128	94893	5795236	61.03
1941-1949	6	0.00120	0.00120	0.5	94829	113	94772	5700343	60.11
1941-1949	7	0.00108	0.00108	0.5	94716	102	94664	5605571	59.18
1941-1949	8	0.00101	0.00101	0.5	94613	95	94566	5510907	58.25
1941-1949	9	0.00099	0.00099	0.5	94518	94	94471	5416341	57.30
1941-1949	10	0.00099	0.00099	0.5	94424	93	94378	5321870	56.36
1941-1949	11	0.00101	0.00100	0.5	94331	95	94284	5227492	55.42
1941-1949	12	0.00109	0.00109	0.5	94236	103	94185	5133208	54.47
1941-1949	13	0.00119	0.00119	0.5	94134	112	94078	5039023	53.53
1941-1949	14	0.00132	0.00131	0.5	94022	124	93960	4944945	52.59
1941-1949	15	0.00147	0.00147	0.5	93899	138	93830	4850985	51.66
1941-1949	16	0.00162	0.00162	0.5	93761	152	93685	4757155	50.74
1941-1949	17	0.00176	0.00176	0.5	93609	165	93526	4663470	49.82
1941-1949	18	0.00189	0.00189	0.5	93444	177	93356	4569944	48.91
1941-1949	19	0.00202	0.00201	0.5	93267	188	93173	4476589	48.00
1941-1949	20	0.00212	0.00212	0.5	93079	197	92981	4383415	47.09
1941-1949	21	0.00218	0.00218	0.5	92882	203	92781	4290434	46.19
1941-1949	22	0.00221	0.00220	0.5	92680	204	92578	4197653	45.29
1941-1949	23	0.00218	0.00218	0.5	92476	202	92375	4105076	44.39
1941-1949	24	0.00213	0.00213	0.5	92274	197	92176	4012701	43.49
1941-1949	25	0.00209	0.00209	0.5	92077	192	91981	3920525	42.58
1941-1949	26	0.00209	0.00208	0.5	91885	191	91790	3828544	41.67
1941-1949	27	0.00214	0.00213	0.5	91694	196	91596	3736754	40.75
1941-1949	28	0.00225	0.00225	0.5	91498	206	91395	3645158	39.84
1941-1949	29	0.00245	0.00244	0.5	91292	223	91181	3553763	38.93
1941-1949	30	0.00271	0.00271	0.5	91069	246	90946	3462582	38.02
1941-1949	31	0.00296	0.00296	0.5	90823	269	90689	3371636	37.12
1941-1949	32	0.00321	0.00321	0.5	90554	290	90409	3280948	36.23
1941-1949	33	0.00346	0.00346	0.5	90264	312	90108	3190539	35.35
1941-1949	34	0.00370	0.00369	0.5	89952	332	89786	3100431	34.47
1941-1949	35	0.00397	0.00397	0.5	89620	355	89442	3010645	33.59
1941-1949	36	0.00427	0.00426	0.5	89264	380	89074	2921203	32.73
1941-1949	37	0.00462	0.00460	0.5	88884	409	88680	2832129	31.86
1941-1949	38	0.00507	0.00506	0.5	88475	448	88251	2743449	31.01
1941-1949	39	0.00560	0.00558	0.5	88027	492	87781	2655198	30.16
1941-1949	40	0.00618	0.00616	0.5	87536	539	87266	2567416	29.33
1941-1949	41	0.00672	0.00669	0.5	86997	582	86706	2480150	28.51
1941-1949	42	0.00735	0.00732	0.5	86414	633	86098	2393445	27.70
1941-1949	43	0.00805	0.00802	0.5	85782	688	85438	2307347	26.90
1941-1949	44	0.00871	0.00867	0.5	85094	738	84725	2221909	26.11
1941-1949	45	0.00945	0.00941	0.5	84356	793	83959	2137184	25.34
1941-1949	46	0.01012	0.01007	0.5	83563	841	83142	2053224	24.57
1941-1949	47	0.01076	0.01070	0.5	82722	885	82279	1970082	23.82
1941-1949	48	0.01153	0.01147	0.5	81837	938	81367	1887803	23.07
1941-1949	49	0.01250	0.01242	0.5	80898	1005	80396	1806436	22.33
1941-1949	50	0.01361	0.01352	0.5	79893	1080	79353	1726040	21.60
1941-1949	51	0.01446	0.01436	0.5	78813	1132	78247	1646687	20.89
1941-1949	52	0.01532	0.01521	0.5	77681	1181	77091	1568440	20.19
1941-1949	53	0.01631	0.01618	0.5	76500	1238	75881	1491349	19.49
1941-1949	54	0.01735	0.01720	0.5	75262	1295	74615	1415468	18.81
1941-1949	55	0.01858	0.01841	0.5	73967	1361	73287	1340853	18.13
1941-1949	56	0.01981	0.01962	0.5	72606	1424	71894	1267567	17.46
1941-1949	57	0.02129	0.02106	0.5	71182	1499	70432	1195673	16.80
1941-1949	58	0.02335	0.02308	0.5	69682	1608	68878	1125241	16.15
1941-1949	59	0.02590	0.02557	0.5	68074	1740	67204	1056363	15.52
1941-1949	60	0.02882	0.02841	0.5	66334	1884	65391	989159	14.91
1941-1949	61	0.03143	0.03094	0.5	64449	1994	63452	923768	14.33
1941-1949	62	0.03418	0.03360	0.5	62455	2099	61406	860316	13.77
1941-1949	63	0.03698	0.03631	0.5	60356	2192	59260	798910	13.24
1941-1949	64	0.03886	0.03812	0.5	58165	2217	57056	739650	12.72
1941-1949	65	0.04091	0.04009	0.5	55947	2243	54826	682594	12.20
1941-1949	66	0.04299	0.04209	0.5	53705	2260	52575	627768	11.69
1941-1949	67	0.04531	0.04431	0.5	51444	2279	50305	575193	11.18
1941-1949	68	0.04880	0.04764	0.5	49165	2342	47994	524889	10.68
1941-1949	69	0.05272	0.05137	0.5	46823	2405	45620	476894	10.19
1941-1949	70	0.05747	0.05587	0.5	44418	2482	43177	431274	9.71
1941-1949	71	0.06197	0.06010	0.5	41936	2521	40676	388097	9.25
1941-1949	72	0.06693	0.06477	0.5	39416	2553	38139	347421	8.81
1941-1949	73	0.07283	0.07027	0.5	36863	2590	35568	309281	8.39
1941-1949	74	0.07839	0.07543	0.5	34273	2585	32980	273714	7.99
1941-1949	75	0.08435	0.08094	0.5	31687	2565	30405	240734	7.60
1941-1949	76	0.08880	0.08503	0.5	29123	2476	27885	210329	7.22
1941-1949	77	0.09265	0.08855	0.5	26646	2360	25467	182444	6.85
1941-1949	78	0.09934	0.09464	0.5	24287	2298	23138	156977	6.46
1941-1949	79	0.10806	0.10253	0.5	21988	2254	20861	133840	6.09
1941-1949	80	0.11873	0.11208	0.5	19734	2212	18628	112979	5.73
1941-1949	81	0.12987	0.12195	0.5	17522	2137	16454	94350	5.38
1941-1949	82	0.14188	0.13249	0.5	15385	2038	14366	77896	5.06
1941-1949	83	0.15481	0.14369	0.5	13347	1918	12388	63530	4.76
1941-1949	84	0.16869	0.15557	0.5	11429	1778	10540	51142	4.47
1941-1949	85	0.18353	0.16811	0.5	9651	1622	8840	40602	4.21
1941-1949	86	0.19938	0.18130	0.5	8029	1456	7301	31761	3.96
1941-1949	87	0.21622	0.19513	0.5	6573	1283	5932	24460	3.72
1941-1949	88	0.23408	0.20955	0.5	5291	1109	4736	18529	3.50
1941-1949	89	0.25293	0.22453	0.5	4182	939	3712	13792	3.30
1941-1949	90	0.27276	0.24002	0.5	3243	778	2854	10080	3.11
1941-1949	91	0.29353	0.25597	0.5	2465	631	2149	7226	2.93
1941-1949	92	0.31520	0.27229	0.5	1834	499	1584	5077	2.77
1941-1949	93	0.33771	0.28892	0.5	1334	386	1142	3493	2.62
1941-1949	94	0.36097	0.30578	0.5	949	290	804	2351	2.48
1941-1949	95	0.38491	0.32279	0.5	659	213	552	1548	2.35
1941-1949	96	0.40942	0.33985	0.5	446	152	370	995	2.23
1941-1949	97	0.43438	0.35687	0.5	294	105	242	625	2.12
1941-1949	98	0.45969	0.37378	0.5	189	71	154	383	2.02
1941-1949	99	0.48520	0.39047	0.5	119	46	95	229	1.93
1941-1949	100	0.51079	0.40688	0.5	72	29	58	133	1.85
1941-1949	101	0.53632	0.42291	0.5	43	18	34	76	1.77
1941-1949	102	0.56167	0.43852	0.5	25	11	19	42	1.70
1941-1949	103	0.58669	0.45362	0.5	14	6	11	23	1.63
1941-1949	104	0.61128	0.46818	0.5	8	4	6	12	1.58
1941-1949	105	0.63531	0.48215	0.5	4	2	3	6	1.52
1941-1949	106	0.65869	0.49550	0.5	2	1	2	3	1.47
1941-1949	107	0.68132	0.50820	0.5	1	1	1	2	1.43
1941-1949	108	0.70313	0.52023	0.5	1	0	0	1	1.39
1941-1949	109	0.72404	0.53159	0.5	0	0	0	0	1.36
1941-1949	110+	0.74402	1.00000	1.34	0	0	0	0	1.34
1950-1959	0	0.03010	0.02933	0.13	100000	2933	97436	6539597	65.40
1950-1959	1	0.00199	0.00199	0.5	97067	193	96971	6442161	66.37
1950-1959	2	0.00131	0.00131	0.5	96874	127	96811	6345190	65.50
1950-1959	3	0.00098	0.00098	0.5	96748	95	96700	6248379	64.58
1950-1959	4	0.00081	0.00081	0.5	96653	78	96613	6151679	63.65
1950-1959	5	0.00066	0.00066	0.5	96574	64	96542	6055066	62.70
1950-1959	6	0.00060	0.00060	0.5	96511	57	96482	5958523	61.74
1950-1959	7	0.00048	0.00048	0.5	96453	47	96430	5862041	60.78
1950-1959	8	0.00043	0.00043	0.5	96406	42	96386	5765612	59.81
1950-1959	9	0.00048	0.00048	0.5	96365	46	96342	5669226	58.83
1950-1959	10	0.00062	0.00062	0.5	96319	60	96289	5572884	57.86
1950-1959	11	0.00066	0.00066	0.5	96259	64	96227	5476595	56.89
1950-1959	12	0.00072	0.00072	0.5	96195	69	96161	5380368	55.93
1950-1959	13	0.00078	0.00078	0.5	96126	75	96089	5284208	54.97
1950-1959	14	0.00087	0.00087	0.5	96051	84	96009	5188119	54.01
1950-1959	15	0.00101	0.00101	0.5	95968	97	95919	5092109	53.06
1950-1959	16	0.00121	0.00121	0.5	95871	116	95813	4996190	52.11
1950-1959	17	0.00161	0.00161	0.5	95755	154	95677	4900378	51.18
1950-1959	18	0.00148	0.00148	0.5	95600	142	95529	4804700	50.26
1950-1959	19	0.00164	0.00164	0.5	95458	157	95380	4709171	49.33
1950-1959	20	0.00186	0.00186	0.5	95302	177	95213	4613791	48.41
1950-1959	21	0.00218	0.00218	0.5	95124	207	95021	4518578	47.50
1950-1959	22	0.00215	0.00214	0.5	94917	204	94815	4423557	46.60
1950-1959	23	0.00206	0.00205	0.5	94714	195	94616	4328742	45.70
1950-1959	24	0.00219	0.00219	0.5	94519	207	94416	4234125	44.80
1950-1959	25	0.00209	0.00209	0.5	94312	197	94214	4139710	43.89
1950-1959	26	0.00197	0.00197	0.5	94115	185	94023	4045496	42.98
1950-1959	27	0.00206	0.00206	0.5	93930	193	93834	3951473	42.07
1950-1959	28	0.00199	0.00199	0.5	93737	186	93644	3857639	41.15
1950-1959	29	0.00207	0.00207	0.5	93551	193	93454	3763996	40.23
1950-1959	30	0.00212	0.00212	0.5	93357	198	93258	3670542	39.32
1950-1959	31	0.00214	0.00214	0.5	93160	199	93060	3577283	38.40
1950-1959	32	0.00212	0.00212	0.5	92961	197	92862	3484223	37.48
1950-1959	33	0.00222	0.00222	0.5	92764	206	92661	3391361	36.56
1950-1959	34	0.00246	0.00245	0.5	92558	227	92444	3298700	35.64
1950-1959	35	0.00266	0.00265	0.5	92331	245	92208	3206255	34.73
1950-1959	36	0.00295	0.00294	0.5	92086	271	91951	3114047	33.82
1950-1959	37	0.00327	0.00327	0.5	91815	300	91665	3022096	32.92
1950-1959	38	0.00368	0.00368	0.5	91515	337	91347	2930431	32.02
1950-1959	39	0.00387	0.00386	0.5	91179	352	91003	2839084	31.14
1950-1959	40	0.00424	0.00423	0.5	90827	384	90634	2748081	30.26
1950-1959	41	0.00511	0.00509	0.5	90442	461	90212	2657447	29.38
1950-1959	42	0.00563	0.00562	0.5	89982	505	89729	2567235	28.53
1950-1959	43	0.00617	0.00615	0.5	89476	550	89201	2477506	27.69
1950-1959	44	0.00708	0.00705	0.5	88926	627	88612	2388305	26.86
1950-1959	45	0.00729	0.00726	0.5	88298	641	87978	2299693	26.04
1950-1959	46	0.00814	0.00811	0.5	87657	711	87302	2211715	25.23
1950-1959	47	0.00910	0.00906	0.5	86946	788	86552	2124414	24.43
1950-1959	48	0.01013	0.01008	0.5	86158	868	85724	2037861	23.65
1950-1959	49	0.01060	0.01055	0.5	85290	900	84840	1952137	22.89
1950-1959	50	0.01180	0.01173	0.5	84391	990	83896	1867297	22.13
1950-1959	51	0.01255	0.01247	0.5	83401	1040	82881	1783401	21.38
1950-1959	52	0.01451	0.01440	0.5	82361	1186	81768	1700520	20.65
1950-1959	53	0.01543	0.01531	0.5	81175	1243	80553	1618752	19.94
1950-1959	54	0.01675	0.01661	0.5	79932	1328	79268	1538198	19.24
1950-1959	55	0.01821	0.01805	0.5	78604	1419	77895	1458930	18.56
1950-1959	56	0.01926	0.01908	0.5	77185	1473	76449	1381036	17.89
1950-1959	57	0.02078	0.02057	0.5	75713	1557	74934	1304586	17.23
1950-1959	58	0.02239	0.02214	0.5	74156	1642	73335	1229652	16.58
1950-1959	59	0.02412	0.02383	0.5	72514	1728	71650	1156317	15.95
1950-1959	60	0.02596	0.02563	0.5	70786	1814	69879	1084667	15.32
1950-1959	61	0.02821	0.02781	0.5	68972	1918	68013	1014789	14.71
1950-1959	62	0.02876	0.02835	0.5	67053	1901	66103	946776	14.12
1950-1959	63	0.03199	0.03149	0.5	65153	2052	64127	880673	13.52
1950-1959	64	0.03611	0.03547	0.5	63101	2238	61982	816546	12.94
1950-1959	65	0.03854	0.03781	0.5	60863	2301	59712	754564	12.40
1950-1959	66	0.04131	0.04047	0.5	58561	2370	57376	694853	11.87
1950-1959	67	0.04588	0.04485	0.5	56191	2520	54931	637476	11.34
1950-1959	68	0.04932	0.04813	0.5	53671	2583	52379	582545	10.85
1950-1959	69	0.05315	0.05178	0.5	51088	2645	49765	530166	10.38
1950-1959	70	0.05651	0.05496	0.5	48442	2662	47111	480401	9.92
1950-1959	71	0.06182	0.05997	0.5	45780	2745	44407	433290	9.46
1950-1959	72	0.06658	0.06444	0.5	43035	2773	41648	388882	9.04
1950-1959	73	0.07039	0.06800	0.5	40261	2738	38893	347234	8.62
1950-1959	74	0.07709	0.07423	0.5	37524	2785	36131	308342	8.22
1950-1959	75	0.07973	0.07667	0.5	34738	2663	33407	272211	7.84
1950-1959	76	0.08602	0.08247	0.5	32075	2645	30752	238804	7.45
1950-1959	77	0.09304	0.08890	0.5	29429	2616	28121	208052	7.07
1950-1959	78	0.10215	0.09719	0.5	26813	2606	25510	179931	6.71
1950-1959	79	0.11179	0.10587	0.5	24207	2563	22926	154421	6.38
1950-1959	80	0.11399	0.10785	0.5	21644	2334	20477	131495	6.08
1950-1959	81	0.12338	0.11621	0.5	19310	2244	18188	111018	5.75
1950-1959	82	0.13342	0.12507	0.5	17066	2135	15999	92830	5.44
1950-1959	83	0.14414	0.13445	0.5	14932	2008	13928	76831	5.15
1950-1959	84	0.15557	0.14434	0.5	12924	1865	11991	62903	4.87
1950-1959	85	0.16773	0.15475	0.5	11058	1711	10203	50912	4.60
1950-1959	86	0.18064	0.16567	0.5	9347	1549	8573	40709	4.36
1950-1959	87	0.19430	0.17710	0.5	7799	1381	7108	32136	4.12
1950-1959	88	0.20874	0.18901	0.5	6418	1213	5811	25028	3.90
1950-1959	89	0.22395	0.20140	0.5	5205	1048	4680	19217	3.69
1950-1959	90	0.23994	0.21423	0.5	4156	890	3711	14537	3.50
1950-1959	91	0.25668	0.22749	0.5	3266	743	2894	10826	3.31
1950-1959	92	0.27418	0.24112	0.5	2523	608	2219	7931	3.14
1950-1959	93	0.29240	0.25510	0.5	1915	488	1670	5712	2.98
1950-1959	94	0.31131	0.26938	0.5	1426	384	1234	4042	2.83
1950-1959	95	0.33087	0.28390	0.5	1042	296	894	2808	2.69
1950-1959	96	0.35103	0.29862	0.5	746	223	635	1914	2.56
1950-1959	97	0.37174	0.31348	0.5	523	164	441	1279	2.44
1950-1959	98	0.39294	0.32841	0.5	359	118	300	838	2.33
1950-1959	99	0.41454	0.34337	0.5	241	83	200	537	2.23
1950-1959	100	0.43648	0.35828	0.5	158	57	130	338	2.13
1950-1959	101	0.45866	0.37310	0.5	102	38	83	208	2.04
1950-1959	102	0.48102	0.38776	0.5	64	25	51	125	1.96
1950-1959	103	0.50345	0.40220	0.5	39	16	31	73	1.88
1950-1959	104	0.52586	0.41638	0.5	23	10	18	42	1.81
1950-1959	105	0.54817	0.43025	0.5	14	6	11	24	1.75
1950-1959	106	0.57029	0.44376	0.5	8	3	6	13	1.69
1950-1959	107	0.59214	0.45687	0.5	4	2	3	7	1.63
1950-1959	108	0.61362	0.46956	0.5	2	1	2	4	1.59
1950-1959	109	0.63467	0.48179	0.5	1	1	1	2	1.55
1950-1959	110+	0.65522	1.00000	1.53	1	1	1	1	1.53
1960-1969	0	0.02584	0.02526	0.11	100000	2526	97763	6605025	66.05
1960-1969	1	0.00145	0.00145	0.5	97474	141	97403	6507262	66.76
1960-1969	2	0.00102	0.00102	0.5	97333	99	97283	6409859	65.86
1960-1969	3	0.00083	0.00083	0.5	97234	80	97194	6312576	64.92
1960-1969	4	0.00049	0.00049	0.5	97154	47	97130	6215382	63.97
1960-1969	5	0.00057	0.00057	0.5	97106	56	97078	6118252	63.01
1960-1969	6	0.00061	0.00061	0.5	97051	59	97021	6021173	62.04
1960-1969	7	0.00060	0.00060	0.5	96991	58	96962	5924152	61.08
1960-1969	8	0.00052	0.00052	0.5	96933	50	96908	5827190	60.12
1960-1969	9	0.00044	0.00044	0.5	96883	43	96862	5730282	59.15
1960-1969	10	0.00034	0.00034	0.5	96841	33	96824	5633420	58.17
1960-1969	11	0.00045	0.00045	0.5	96808	43	96786	5536596	57.19
1960-1969	12	0.00038	0.00038	0.5	96764	37	96746	5439810	56.22
1960-1969	13	0.00058	0.00058	0.5	96728	56	96700	5343064	55.24
1960-1969	14	0.00071	0.00071	0.5	96672	69	96637	5246364	54.27
1960-1969	15	0.00104	0.00104	0.5	96603	100	96553	5149727	53.31
1960-1969	16	0.00116	0.00116	0.5	96503	112	96447	5053174	52.36
1960-1969	17	0.00144	0.00144	0.5	96391	138	96321	4956728	51.42
1960-1969	18	0.00164	0.00164	0.5	96252	158	96173	4860406	50.50
1960-1969	19	0.00164	0.00164	0.5	96095	158	96016	4764233	49.58
1960-1969	20	0.00179	0.00178	0.5	95937	171	95851	4668217	48.66
1960-1969	21	0.00180	0.00180	0.5	95766	173	95679	4572366	47.75
1960-1969	22	0.00189	0.00189	0.5	95593	181	95503	4476687	46.83
1960-1969	23	0.00200	0.00200	0.5	95412	190	95317	4381184	45.92
1960-1969	24	0.00150	0.00150	0.5	95222	143	95150	4285867	45.01
1960-1969	25	0.00190	0.00190	0.5	95079	181	94989	4190717	44.08
1960-1969	26	0.00182	0.00182	0.5	94898	173	94812	4095728	43.16
1960-1969	27	0.00151	0.00151	0.5	94725	143	94654	4000916	42.24
1960-1969	28	0.00165	0.00165	0.5	94582	156	94504	3906263	41.30
1960-1969	29	0.00159	0.00158	0.5	94426	150	94351	3811759	40.37
1960-1969	30	0.00227	0.00227	0.5	94276	214	94169	3717408	39.43
1960-1969	31	0.00179	0.00179	0.5	94063	168	93978	3623238	38.52
1960-1969	32	0.00187	0.00187	0.5	93894	175	93807	3529260	37.59
1960-1969	33	0.00201	0.00201	0.5	93719	188	93625	3435453	36.66
1960-1969	34	0.00246	0.00245	0.5	93531	230	93416	3341829	35.73
1960-1969	35	0.00259	0.00258	0.5	93301	241	93181	3248412	34.82
1960-1969	36	0.00262	0.00262	0.5	93060	244	92938	3155231	33.91
1960-1969	37	0.00328	0.00327	0.5	92816	304	92664	3062293	32.99
1960-1969	38	0.00308	0.00308	0.5	92513	285	92370	2969629	32.10
1960-1969	39	0.00350	0.00350	0.5	92228	322	92067	2877258	31.20
1960-1969	40	0.00363	0.00362	0.5	91905	333	91739	2785192	30.30
1960-1969	41	0.00421	0.00420	0.5	91573	385	91380	2693453	29.41
1960-1969	42	0.00499	0.00498	0.5	91188	454	90961	2602072	28.54
1960-1969	43	0.00555	0.00554	0.5	90734	503	90482	2511111	27.68
1960-1969	44	0.00626	0.00624	0.5	90231	563	89950	2420629	26.83
1960-1969	45	0.00725	0.00722	0.5	89668	647	89344	2330679	25.99
1960-1969	46	0.00708	0.00705	0.5	89020	628	88707	2241335	25.18
1960-1969	47	0.00791	0.00788	0.5	88393	696	88045	2152629	24.35
1960-1969	48	0.00823	0.00820	0.5	87697	719	87337	2064584	23.54
1960-1969	49	0.01012	0.01007	0.5	86977	876	86540	1977247	22.73
1960-1969	50	0.01170	0.01163	0.5	86102	1001	85601	1890707	21.96
1960-1969	51	0.01290	0.01282	0.5	85101	1091	84555	1805106	21.21
1960-1969	52	0.01474	0.01464	0.5	84010	1230	83395	1720551	20.48
1960-1969	53	0.01419	0.01409	0.5	82780	1166	82197	1637156	19.78
1960-1969	54	0.01630	0.01617	0.5	81614	1320	80954	1554959	19.05
1960-1969	55	0.01681	0.01667	0.5	80294	1338	79625	1474006	18.36
1960-1969	56	0.01876	0.01858	0.5	78955	1467	78222	1394381	17.66
1960-1969	57	0.02069	0.02047	0.5	77488	1586	76695	1316159	16.99
1960-1969	58	0.02328	0.02301	0.5	75902	1747	75028	1239464	16.33
1960-1969	59	0.02197	0.02174	0.5	74155	1612	73349	1164436	15.70
1960-1969	60	0.02675	0.02640	0.5	72543	1915	71586	1091087	15.04
1960-1969	61	0.02684	0.02649	0.5	70628	1871	69693	1019501	14.43
1960-1969	62	0.03227	0.03176	0.5	68758	2184	67666	949808	13.81
1960-1969	63	0.03529	0.03468	0.5	66574	2309	65419	882142	13.25
1960-1969	64	0.03738	0.03669	0.5	64265	2358	63086	816723	12.71
1960-1969	65	0.04201	0.04114	0.5	61907	2547	60633	753637	12.17
1960-1969	66	0.04376	0.04282	0.5	59360	2542	58089	693004	11.67
1960-1969	67	0.04612	0.04508	0.5	56818	2561	55537	634916	11.17
1960-1969	68	0.05116	0.04988	0.5	54256	2707	52903	579378	10.68
1960-1969	69	0.05313	0.05175	0.5	51550	2668	50216	526475	10.21
1960-1969	70	0.05693	0.05536	0.5	48882	2706	47529	476260	9.74
1960-1969	71	0.06119	0.05938	0.5	46176	2742	44805	428731	9.28
1960-1969	72	0.07054	0.06813	0.5	43434	2959	41955	383925	8.84
1960-1969	73	0.07472	0.07203	0.5	40475	2915	39017	341971	8.45
1960-1969	74	0.08091	0.07776	0.5	37560	2921	36099	302954	8.07
1960-1969	75	0.08860	0.08484	0.5	34639	2939	33169	266855	7.70
1960-1969	76	0.09062	0.08670	0.5	31700	2748	30326	233685	7.37
1960-1969	77	0.09394	0.08973	0.5	28952	2598	27653	203359	7.02
1960-1969	78	0.09924	0.09455	0.5	26354	2492	25108	175707	6.67
1960-1969	79	0.11011	0.10437	0.5	23862	2490	22617	150599	6.31
1960-1969	80	0.11142	0.10554	0.5	21372	2256	20244	127982	5.99
1960-1969	81	0.12187	0.11487	0.5	19116	2196	18018	107738	5.64
1960-1969	82	0.13316	0.12484	0.5	16920	2112	15864	89720	5.30
1960-1969	83	0.14531	0.13547	0.5	14808	2006	13805	73856	4.99
1960-1969	84	0.15838	0.14676	0.5	12802	1879	11862	60051	4.69
1960-1969	85	0.17238	0.15871	0.5	10923	1734	10056	48189	4.41
1960-1969	86	0.18735	0.17130	0.5	9189	1574	8402	38133	4.15
1960-1969	87	0.20330	0.18454	0.5	7615	1405	6913	29730	3.90
1960-1969	88	0.22023	0.19839	0.5	6210	1232	5594	22818	3.67
1960-1969	89	0.23816	0.21282	0.5	4978	1059	4448	17224	3.46
1960-1969	90	0.25706	0.22778	0.5	3919	893	3472	12775	3.26
1960-1969	91	0.27692	0.24324	0.5	3026	736	2658	9303	3.07
1960-1969	92	0.29770	0.25913	0.5	2290	593	1993	6645	2.90
1960-1969	93	0.31935	0.27538	0.5	1697	467	1463	4652	2.74
1960-1969	94	0.34180	0.29191	0.5	1229	359	1050	3189	2.59
1960-1969	95	0.36499	0.30866	0.5	870	269	736	2139	2.46
1960-1969	96	0.38882	0.32554	0.5	602	196	504	1403	2.33
1960-1969	97	0.41320	0.34245	0.5	406	139	336	899	2.21
1960-1969	98	0.43801	0.35932	0.5	267	96	219	563	2.11
1960-1969	99	0.46313	0.37605	0.5	171	64	139	344	2.01
1960-1969	100	0.48844	0.39257	0.5	107	42	86	205	1.92
1960-1969	101	0.51381	0.40879	0.5	65	26	52	119	1.84
1960-1969	102	0.53911	0.42465	0.5	38	16	30	67	1.76
1960-1969	103	0.56421	0.44007	0.5	22	10	17	37	1.69
1960-1969	104	0.58899	0.45499	0.5	12	6	10	20	1.63
1960-1969	105	0.61332	0.46938	0.5	7	3	5	11	1.57
1960-1969	106	0.63710	0.48318	0.5	4	2	3	5	1.52
1960-1969	107	0.66022	0.49637	0.5	2	1	1	3	1.47
1960-1969	108	0.68261	0.50892	0.5	1	0	1	1	1.43
1960-1969	109	0.70418	0.52081	0.5	0	0	0	1	1.40
1960-1969	110+	0.72488	1.00000	1.38	0	0	0	0	1.38
1970-1979	0	0.01833	0.01803	0.09	100000	1803	98367	6801247	68.01
1970-1979	1	0.00114	0.00114	0.5	98197	112	98142	6702880	68.26
1970-1979	2	0.00102	0.00102	0.5	98086	100	98036	6604738	67.34
1970-1979	3	0.00079	0.00079	0.5	97986	77	97947	6506703	66.40
1970-1979	4	0.00041	0.00041	0.5	97909	40	97889	6408755	65.46
1970-1979	5	0.00058	0.00058	0.5	97869	56	97841	6310867	64.48
1970-1979	6	0.00060	0.00060	0.5	97813	58	97783	6213026	63.52
1970-1979	7	0.00044	0.00044	0.5	97754	43	97733	6115242	62.56
1970-1979	8	0.00026	0.00026	0.5	97711	26	97698	6017510	61.58
1970-1979	9	0.00038	0.00038	0.5	97685	37	97667	5919811	60.60
1970-1979	10	0.00054	0.00054	0.5	97648	52	97622	5822145	59.62
1970-1979	11	0.00028	0.00028	0.5	97596	27	97582	5724523	58.66
1970-1979	12	0.00036	0.00036	0.5	97569	35	97551	5626941	57.67
1970-1979	13	0.00059	0.00059	0.5	97534	57	97505	5529389	56.69
1970-1979	14	0.00070	0.00070	0.5	97477	68	97443	5431884	55.72
1970-1979	15	0.00089	0.00089	0.5	97409	87	97365	5334441	54.76
1970-1979	16	0.00097	0.00097	0.5	97322	94	97275	5237076	53.81
1970-1979	17	0.00150	0.00149	0.5	97228	145	97155	5139801	52.86
1970-1979	18	0.00174	0.00174	0.5	97082	169	96998	5042646	51.94
1970-1979	19	0.00169	0.00169	0.5	96914	164	96832	4945648	51.03
1970-1979	20	0.00173	0.00172	0.5	96750	167	96667	4848817	50.12
1970-1979	21	0.00191	0.00191	0.5	96583	184	96491	4752150	49.20
1970-1979	22	0.00176	0.00176	0.5	96399	170	96314	4655659	48.30
1970-1979	23	0.00173	0.00173	0.5	96229	166	96146	4559345	47.38
1970-1979	24	0.00147	0.00147	0.5	96063	141	95992	4463199	46.46
1970-1979	25	0.00192	0.00191	0.5	95922	184	95830	4367206	45.53
1970-1979	26	0.00174	0.00174	0.5	95738	167	95655	4271376	44.62
1970-1979	27	0.00150	0.00150	0.5	95571	144	95500	4175722	43.69
1970-1979	28	0.00163	0.00163	0.5	95428	155	95350	4080222	42.76
1970-1979	29	0.00214	0.00214	0.5	95273	204	95171	3984872	41.83
1970-1979	30	0.00152	0.00152	0.5	95069	144	94997	3889701	40.91
1970-1979	31	0.00187	0.00187	0.5	94924	177	94836	3794704	39.98
1970-1979	32	0.00184	0.00184	0.5	94747	174	94660	3699869	39.05
1970-1979	33	0.00176	0.00175	0.5	94573	166	94490	3605208	38.12
1970-1979	34	0.00196	0.00195	0.5	94407	184	94315	3510718	37.19
1970-1979	35	0.00228	0.00228	0.5	94223	215	94116	3416403	36.26
1970-1979	36	0.00266	0.00266	0.5	94008	250	93883	3322287	35.34
1970-1979	37	0.00272	0.00272	0.5	93758	255	93631	3228404	34.43
1970-1979	38	0.00333	0.00333	0.5	93503	311	93348	3134773	33.53
1970-1979	39	0.00288	0.00287	0.5	93192	268	93058	3041425	32.64
1970-1979	40	0.00354	0.00354	0.5	92925	329	92760	2948366	31.73
1970-1979	41	0.00345	0.00345	0.5	92596	319	92436	2855606	30.84
1970-1979	42	0.00409	0.00408	0.5	92277	376	92089	2763170	29.94
1970-1979	43	0.00423	0.00422	0.5	91900	388	91706	2671081	29.06
1970-1979	44	0.00499	0.00498	0.5	91512	455	91285	2579375	28.19
1970-1979	45	0.00555	0.00554	0.5	91057	504	90805	2488090	27.32
1970-1979	46	0.00608	0.00606	0.5	90553	549	90278	2397285	26.47
1970-1979	47	0.00684	0.00681	0.5	90004	613	89697	2307007	25.63
1970-1979	48	0.00682	0.00680	0.5	89391	608	89087	2217310	24.80
1970-1979	49	0.00792	0.00789	0.5	88783	700	88433	2128223	23.97
1970-1979	50	0.00995	0.00990	0.5	88083	872	87647	2039791	23.16
1970-1979	51	0.00973	0.00969	0.5	87211	845	86788	1952144	22.38
1970-1979	52	0.01053	0.01048	0.5	86366	905	85913	1865356	21.60
1970-1979	53	0.01253	0.01245	0.5	85461	1064	84929	1779442	20.82
1970-1979	54	0.01414	0.01404	0.5	84397	1185	83804	1694514	20.08
1970-1979	55	0.01506	0.01495	0.5	83212	1244	82590	1610709	19.36
1970-1979	56	0.01433	0.01422	0.5	81967	1166	81384	1528120	18.64
1970-1979	57	0.01860	0.01843	0.5	80801	1489	80057	1446735	17.90
1970-1979	58	0.01990	0.01971	0.5	79312	1563	78531	1366679	17.23
1970-1979	59	0.02061	0.02040	0.5	77749	1586	76956	1288148	16.57
1970-1979	60	0.02198	0.02174	0.5	76163	1656	75335	1211192	15.90
1970-1979	61	0.02689	0.02653	0.5	74507	1977	73519	1135857	15.24
1970-1979	62	0.02744	0.02707	0.5	72530	1964	71548	1062338	14.65
1970-1979	63	0.02963	0.02920	0.5	70567	2061	69536	990790	14.04
1970-1979	64	0.03095	0.03048	0.5	68506	2088	67462	921253	13.45
1970-1979	65	0.03673	0.03606	0.5	66418	2395	65221	853791	12.85
1970-1979	66	0.03697	0.03629	0.5	64023	2324	62861	788571	12.32
1970-1979	67	0.04106	0.04024	0.5	61699	2483	60458	725710	11.76
1970-1979	68	0.04635	0.04530	0.5	59217	2682	57875	665252	11.23
1970-1979	69	0.05040	0.04916	0.5	56534	2779	55145	607376	10.74
1970-1979	70	0.05734	0.05574	0.5	53755	2996	52257	552232	10.27
1970-1979	71	0.05866	0.05699	0.5	50758	2893	49312	499975	9.85
1970-1979	72	0.06025	0.05849	0.5	47866	2800	46466	450663	9.42
1970-1979	73	0.07195	0.06945	0.5	45066	3130	43501	404197	8.97
1970-1979	74	0.07216	0.06965	0.5	41936	2921	40476	360696	8.60
1970-1979	75	0.07807	0.07513	0.5	39015	2931	37550	320221	8.21
1970-1979	76	0.07523	0.07251	0.5	36084	2616	34776	282671	7.83
1970-1979	77	0.08648	0.08289	0.5	33468	2774	32080	247896	7.41
1970-1979	78	0.09601	0.09161	0.5	30693	2812	29287	215815	7.03
1970-1979	79	0.10810	0.10255	0.5	27882	2859	26452	186528	6.69
1970-1979	80	0.10527	0.10001	0.5	25022	2502	23771	160076	6.40
1970-1979	81	0.11414	0.10798	0.5	22520	2432	21304	136305	6.05
1970-1979	82	0.12365	0.11645	0.5	20088	2339	18918	115001	5.72
1970-1979	83	0.13384	0.12544	0.5	17749	2226	16636	96082	5.41
1970-1979	84	0.14472	0.13496	0.5	15522	2095	14475	79447	5.12
1970-1979	85	0.15633	0.14500	0.5	13428	1947	12454	64972	4.84
1970-1979	86	0.16869	0.15557	0.5	11481	1786	10588	52518	4.57
1970-1979	87	0.18182	0.16666	0.5	9695	1616	8887	41930	4.33
1970-1979	88	0.19572	0.17827	0.5	8079	1440	7359	33044	4.09
1970-1979	89	0.21042	0.19039	0.5	6639	1264	6007	25685	3.87
1970-1979	90	0.22590	0.20298	0.5	5375	1091	4829	19678	3.66
1970-1979	91	0.24218	0.21602	0.5	4284	925	3821	14849	3.47
1970-1979	92	0.25924	0.22949	0.5	3358	771	2973	11028	3.28
1970-1979	93	0.27706	0.24335	0.5	2588	630	2273	8055	3.11
1970-1979	94	0.29562	0.25755	0.5	1958	504	1706	5782	2.95
1970-1979	95	0.31488	0.27205	0.5	1454	395	1256	4077	2.80
1970-1979	96	0.33480	0.28679	0.5	1058	303	906	2821	2.67
1970-1979	97	0.35532	0.30172	0.5	755	228	641	1914	2.54
1970-1979	98	0.37639	0.31678	0.5	527	167	444	1273	2.42
1970-1979	99	0.39794	0.33190	0.5	360	120	300	830	2.30
1970-1979	100	0.41989	0.34703	0.5	241	83	199	530	2.20
1970-1979	101	0.44217	0.36211	0.5	157	57	129	331	2.11
1970-1979	102	0.46467	0.37707	0.5	100	38	81	202	2.02
1970-1979	103	0.48733	0.39185	0.5	62	24	50	121	1.94
1970-1979	104	0.51003	0.40640	0.5	38	15	30	71	1.86
1970-1979	105	0.53270	0.42066	0.5	23	9	18	40	1.79
1970-1979	106	0.55523	0.43458	0.5	13	6	10	23	1.73
1970-1979	107	0.57753	0.44813	0.5	7	3	6	12	1.67
1970-1979	108	0.59953	0.46126	0.5	4	2	3	7	1.62
1970-1979	109	0.62112	0.47394	0.5	2	1	2	3	1.58
1970-1979	110+	0.64225	1.00000	1.56	1	1	2	2	1.56
1980-1989	0	0.01406	0.01388	0.08	100000	1388	98727	7062704	70.63
1980-1989	1	0.00086	0.00086	0.5	98612	85	98570	6963977	70.62
1980-1989	2	0.00070	0.00070	0.5	98527	69	98493	6865407	69.68
1980-1989	3	0.00042	0.00042	0.5	98458	41	98438	6766915	68.73
1980-1989	4	0.00033	0.00033	0.5	98417	33	98401	6668477	67.76
1980-1989	5	0.00049	0.00049	0.5	98384	49	98360	6570077	66.78
1980-1989	6	0.00048	0.00048	0.5	98336	47	98312	6471717	65.81
1980-1989	7	0.00034	0.00034	0.5	98289	34	98272	6373404	64.84
1980-1989	8	0.00024	0.00024	0.5	98255	24	98243	6275133	63.87
1980-1989	9	0.00039	0.00039	0.5	98231	38	98212	6176890	62.88
1980-1989	10	0.00029	0.00029	0.5	98193	29	98179	6078678	61.91
1980-1989	11	0.00030	0.00030	0.5	98164	29	98150	5980499	60.92
1980-1989	12	0.00026	0.00026	0.5	98135	25	98123	5882349	59.94
1980-1989	13	0.00044	0.00044	0.5	98110	43	98088	5784227	58.96
1980-1989	14	0.00026	0.00026	0.5	98067	25	98054	5686138	57.98
1980-1989	15	0.00054	0.00054	0.5	98042	53	98015	5588084	57.00
1980-1989	16	0.00094	0.00094	0.5	97988	92	97942	5490069	56.03
1980-1989	17	0.00126	0.00126	0.5	97896	123	97835	5392127	55.08
1980-1989	18	0.00143	0.00143	0.5	97773	139	97703	5294292	54.15
1980-1989	19	0.00119	0.00119	0.5	97634	116	97576	5196589	53.23
1980-1989	20	0.00142	0.00142	0.5	97518	139	97448	5099013	52.29
1980-1989	21	0.00177	0.00177	0.5	97379	173	97293	5001565	51.36
1980-1989	22	0.00178	0.00178	0.5	97206	173	97120	4904273	50.45
1980-1989	23	0.00173	0.00173	0.5	97033	168	96949	4807153	49.54
1980-1989	24	0.00165	0.00165	0.5	96865	160	96785	4710204	48.63
1980-1989	25	0.00185	0.00185	0.5	96705	179	96616	4613419	47.71
1980-1989	26	0.00170	0.00170	0.5	96526	164	96444	4516803	46.79
1980-1989	27	0.00165	0.00164	0.5	96362	158	96283	4420359	45.87
1980-1989	28	0.00192	0.00192	0.5	96204	184	96112	4324076	44.95
1980-1989	29	0.00157	0.00157	0.5	96019	151	95944	4227964	44.03
1980-1989	30	0.00172	0.00172	0.5	95869	165	95786	4132020	43.10
1980-1989	31	0.00173	0.00172	0.5	95704	165	95621	4036234	42.17
1980-1989	32	0.00159	0.00159	0.5	95539	152	95463	3940612	41.25
1980-1989	33	0.00188	0.00188	0.5	95387	179	95297	3845150	40.31
1980-1989	34	0.00211	0.00211	0.5	95208	201	95107	3749852	39.39
1980-1989	35	0.00128	0.00128	0.5	95007	122	94946	3654745	38.47
1980-1989	36	0.00194	0.00194	0.5	94885	184	94793	3559799	37.52
1980-1989	37	0.00243	0.00243	0.5	94701	230	94586	3465006	36.59
1980-1989	38	0.00238	0.00238	0.5	94471	225	94359	3370420	35.68
1980-1989	39	0.00229	0.00229	0.5	94246	216	94138	3276061	34.76
1980-1989	40	0.00256	0.00255	0.5	94030	240	93910	3181923	33.84
1980-1989	41	0.00321	0.00320	0.5	93790	300	93640	3088012	32.92
1980-1989	42	0.00372	0.00371	0.5	93490	347	93317	2994372	32.03
1980-1989	43	0.00340	0.00340	0.5	93143	316	92985	2901055	31.15
1980-1989	44	0.00378	0.00377	0.5	92827	350	92652	2808070	30.25
1980-1989	45	0.00427	0.00426	0.5	92476	394	92280	2715419	29.36
1980-1989	46	0.00439	0.00438	0.5	92083	403	91881	2623139	28.49
1980-1989	47	0.00443	0.00442	0.5	91680	405	91477	2531258	27.61
1980-1989	48	0.00649	0.00647	0.5	91275	590	90979	2439781	26.73
1980-1989	49	0.00592	0.00591	0.5	90684	536	90417	2348802	25.90
1980-1989	50	0.00668	0.00665	0.5	90149	600	89849	2258385	25.05
1980-1989	51	0.00790	0.00786	0.5	89549	704	89197	2168537	24.22
1980-1989	52	0.00911	0.00907	0.5	88845	806	88442	2079340	23.40
1980-1989	53	0.01082	0.01076	0.5	88039	947	87565	1990898	22.61
1980-1989	54	0.01046	0.01040	0.5	87092	906	86639	1903333	21.85
1980-1989	55	0.01151	0.01144	0.5	86186	986	85692	1816694	21.08
1980-1989	56	0.01225	0.01217	0.5	85199	1037	84681	1731002	20.32
1980-1989	57	0.01345	0.01336	0.5	84162	1125	83600	1646321	19.56
1980-1989	58	0.01628	0.01615	0.5	83037	1341	82367	1562721	18.82
1980-1989	59	0.01679	0.01665	0.5	81696	1360	81016	1480354	18.12
1980-1989	60	0.01716	0.01701	0.5	80336	1367	79653	1399338	17.42
1980-1989	61	0.01891	0.01874	0.5	78969	1480	78230	1319685	16.71
1980-1989	62	0.02180	0.02157	0.5	77490	1671	76654	1241456	16.02
1980-1989	63	0.02502	0.02471	0.5	75819	1873	74882	1164801	15.36
1980-1989	64	0.02459	0.02429	0.5	73945	1796	73047	1089919	14.74
1980-1989	65	0.02920	0.02878	0.5	72149	2077	71111	1016872	14.09
1980-1989	66	0.02821	0.02782	0.5	70072	1949	69098	945761	13.50
1980-1989	67	0.03209	0.03158	0.5	68123	2151	67047	876663	12.87
1980-1989	68	0.03809	0.03738	0.5	65972	2466	64739	809616	12.27
1980-1989	69	0.03972	0.03894	0.5	63506	2473	62269	744877	11.73
1980-1989	70	0.04274	0.04184	0.5	61033	2554	59756	682608	11.18
1980-1989	71	0.04682	0.04575	0.5	58479	2675	57141	622853	10.65
1980-1989	72	0.05362	0.05222	0.5	55804	2914	54347	565711	10.14
1980-1989	73	0.05729	0.05570	0.5	52890	2946	51417	511365	9.67
1980-1989	74	0.06113	0.05931	0.5	49944	2962	48463	459948	9.21
1980-1989	75	0.06523	0.06317	0.5	46981	2968	45497	411485	8.76
1980-1989	76	0.07312	0.07054	0.5	44013	3105	42461	365988	8.32
1980-1989	77	0.07843	0.07547	0.5	40909	3087	39365	323527	7.91
1980-1989	78	0.08831	0.08458	0.5	37821	3199	36222	284162	7.51
1980-1989	79	0.08639	0.08281	0.5	34622	2867	33189	247940	7.16
1980-1989	80	0.09607	0.09166	0.5	31755	2911	30300	214751	6.76
1980-1989	81	0.10445	0.09926	0.5	28844	2863	27413	184452	6.39
1980-1989	82	0.11347	0.10737	0.5	25981	2790	24586	157039	6.04
1980-1989	83	0.12316	0.11601	0.5	23191	2690	21846	132453	5.71
1980-1989	84	0.13355	0.12519	0.5	20501	2567	19218	110606	5.40
1980-1989	85	0.14467	0.13492	0.5	17934	2420	16725	91389	5.10
1980-1989	86	0.15656	0.14519	0.5	15515	2253	14389	74664	4.81
1980-1989	87	0.16923	0.15603	0.5	13262	2069	12228	60275	4.54
1980-1989	88	0.18270	0.16741	0.5	11193	1874	10256	48048	4.29
1980-1989	89	0.19699	0.17933	0.5	9319	1671	8484	37792	4.06
1980-1989	90	0.21211	0.19177	0.5	7648	1467	6915	29308	3.83
1980-1989	91	0.22805	0.20471	0.5	6181	1265	5549	22394	3.62
1980-1989	92	0.24483	0.21813	0.5	4916	1072	4380	16845	3.43
1980-1989	93	0.26242	0.23198	0.5	3844	892	3398	12465	3.24
1980-1989	94	0.28080	0.24623	0.5	2952	727	2589	9067	3.07
1980-1989	95	0.29995	0.26083	0.5	2225	580	1935	6479	2.91
1980-1989	96	0.31982	0.27573	0.5	1645	454	1418	4544	2.76
1980-1989	97	0.34037	0.29087	0.5	1191	346	1018	3126	2.62
1980-1989	98	0.36153	0.30618	0.5	845	259	715	2108	2.50
1980-1989	99	0.38325	0.32162	0.5	586	189	492	1392	2.38
1980-1989	100	0.40544	0.33711	0.5	398	134	331	901	2.26
1980-1989	101	0.42803	0.35257	0.5	264	93	217	570	2.16
1980-1989	102	0.45092	0.36796	0.5	171	63	139	353	2.07
1980-1989	103	0.47402	0.38320	0.5	108	41	87	214	1.98
1980-1989	104	0.49724	0.39823	0.5	67	26	53	126	1.90
1980-1989	105	0.52046	0.41299	0.5	40	17	32	73	1.83
1980-1989	106	0.54360	0.42742	0.5	23	10	18	41	1.76
1980-1989	107	0.56655	0.44149	0.5	13	6	10	23	1.70
1980-1989	108	0.58922	0.45513	0.5	8	3	6	12	1.65
1980-1989	109	0.61151	0.46832	0.5	4	2	3	7	1.61
1980-1989	110+	0.63335	1.00000	1.58	2	2	3	3	1.58
1990-1999	0	0.01006	0.00997	0.07	100000	997	99075	7262526	72.63
1990-1999	1	0.00069	0.00069	0.5	99003	69	98969	7163451	72.36
1990-1999	2	0.00033	0.00033	0.5	98935	32	98918	7064482	71.41
1990-1999	3	0.00045	0.00045	0.5	98902	44	98880	6965564	70.43
1990-1999	4	0.00022	0.00022	0.5	98858	22	98847	6866683	69.46
1990-1999	5	0.00024	0.00024	0.5	98836	24	98824	6767836	68.48
1990-1999	6	0.00017	0.00017	0.5	98812	17	98804	6669012	67.49
1990-1999	7	0.00011	0.00011	0.5	98795	11	98790	6570208	66.50
1990-1999	8	0.00024	0.00024	0.5	98784	23	98773	6471418	65.51
1990-1999	9	0.00017	0.00017	0.5	98761	17	98753	6372646	64.53
1990-1999	10	0.00017	0.00017	0.5	98744	17	98736	6273893	63.54
1990-1999	11	0.00010	0.00010	0.5	98727	10	98723	6175157	62.55
1990-1999	12	0.00022	0.00022	0.5	98718	22	98707	6076434	61.55
1990-1999	13	0.00038	0.00038	0.5	98696	38	98677	5977728	60.57
1990-1999	14	0.00030	0.00030	0.5	98658	30	98643	5879051	59.59
1990-1999	15	0.00039	0.00039	0.5	98628	38	98609	5780408	58.61
1990-1999	16	0.00066	0.00066	0.5	98590	65	98557	5681799	57.63
1990-1999	17	0.00088	0.00088	0.5	98524	86	98481	5583242	56.67
1990-1999	18	0.00133	0.00133	0.5	98438	131	98372	5484761	55.72
1990-1999	19	0.00116	0.00116	0.5	98307	114	98250	5386389	54.79
1990-1999	20	0.00117	0.00117	0.5	98193	115	98135	5288139	53.85
1990-1999	21	0.00127	0.00127	0.5	98078	124	98016	5190004	52.92
1990-1999	22	0.00123	0.00123	0.5	97954	121	97893	5091988	51.98
1990-1999	23	0.00111	0.00111	0.5	97833	109	97778	4994095	51.05
1990-1999	24	0.00106	0.00106	0.5	97724	103	97672	4896317	50.10
1990-1999	25	0.00146	0.00146	0.5	97621	143	97549	4798645	49.16
1990-1999	26	0.00132	0.00132	0.5	97478	129	97414	4701095	48.23
1990-1999	27	0.00162	0.00161	0.5	97349	157	97271	4603682	47.29
1990-1999	28	0.00173	0.00173	0.5	97192	168	97108	4506411	46.37
1990-1999	29	0.00168	0.00167	0.5	97024	162	96943	4409302	45.45
1990-1999	30	0.00199	0.00199	0.5	96862	192	96766	4312359	44.52
1990-1999	31	0.00211	0.00211	0.5	96670	204	96568	4215593	43.61
1990-1999	32	0.00227	0.00226	0.5	96466	218	96357	4119026	42.70
1990-1999	33	0.00226	0.00226	0.5	96247	217	96139	4022669	41.80
1990-1999	34	0.00194	0.00194	0.5	96030	186	95937	3926530	40.89
1990-1999	35	0.00279	0.00279	0.5	95844	267	95711	3830593	39.97
1990-1999	36	0.00242	0.00242	0.5	95577	231	95461	3734882	39.08
1990-1999	37	0.00323	0.00322	0.5	95346	307	95192	3639421	38.17
1990-1999	38	0.00276	0.00276	0.5	95039	262	94907	3544229	37.29
1990-1999	39	0.00304	0.00303	0.5	94776	287	94632	3449322	36.39
1990-1999	40	0.00305	0.00305	0.5	94489	288	94345	3354689	35.50
1990-1999	41	0.00335	0.00335	0.5	94201	315	94043	3260344	34.61
1990-1999	42	0.00384	0.00383	0.5	93885	360	93705	3166301	33.73
1990-1999	43	0.00451	0.00450	0.5	93525	421	93315	3072596	32.85
1990-1999	44	0.00410	0.00410	0.5	93105	381	92914	2979281	32.00
1990-1999	45	0.00410	0.00409	0.5	92723	379	92534	2886367	31.13
1990-1999	46	0.00475	0.00473	0.5	92344	437	92125	2793833	30.25
1990-1999	47	0.00475	0.00474	0.5	91907	436	91689	2701708	29.40
1990-1999	48	0.00567	0.00565	0.5	91471	517	91213	2610019	28.53
1990-1999	49	0.00539	0.00537	0.5	90954	488	90710	2518807	27.69
1990-1999	50	0.00573	0.00572	0.5	90466	517	90207	2428097	26.84
1990-1999	51	0.00629	0.00627	0.5	89948	564	89666	2337890	25.99
1990-1999	52	0.00691	0.00689	0.5	89384	616	89076	2248223	25.15
1990-1999	53	0.00763	0.00760	0.5	88769	675	88431	2159147	24.32
1990-1999	54	0.00859	0.00855	0.5	88094	753	87717	2070716	23.51
1990-1999	55	0.00915	0.00911	0.5	87341	796	86943	1982998	22.70
1990-1999	56	0.01025	0.01019	0.5	86545	882	86104	1896056	21.91
1990-1999	57	0.01123	0.01116	0.5	85663	956	85184	1809952	21.13
1990-1999	58	0.01294	0.01285	0.5	84706	1089	84162	1724768	20.36
1990-1999	59	0.01287	0.01279	0.5	83617	1069	83083	1640606	19.62
1990-1999	60	0.01470	0.01459	0.5	82548	1205	81946	1557523	18.87
1990-1999	61	0.01537	0.01525	0.5	81344	1240	80723	1475577	18.14
1990-1999	62	0.01751	0.01736	0.5	80103	1390	79408	1394853	17.41
1990-1999	63	0.01957	0.01938	0.5	78713	1526	77950	1315445	16.71
1990-1999	64	0.01986	0.01966	0.5	77187	1518	76428	1237495	16.03
1990-1999	65	0.02250	0.02225	0.5	75670	1684	74828	1161067	15.34
1990-1999	66	0.02465	0.02435	0.5	73986	1801	73085	1086239	14.68
1990-1999	67	0.02736	0.02699	0.5	72185	1948	71211	1013154	14.04
1990-1999	68	0.02877	0.02836	0.5	70236	1992	69240	941943	13.41
1990-1999	69	0.03294	0.03241	0.5	68244	2212	67139	872703	12.79
1990-1999	70	0.03510	0.03449	0.5	66033	2278	64894	805564	12.20
1990-1999	71	0.03944	0.03868	0.5	63755	2466	62522	740671	11.62
1990-1999	72	0.04196	0.04110	0.5	61289	2519	60030	678148	11.06
1990-1999	73	0.04849	0.04735	0.5	58770	2783	57379	618119	10.52
1990-1999	74	0.05042	0.04918	0.5	55988	2753	54611	560740	10.02
1990-1999	75	0.05100	0.04973	0.5	53234	2647	51911	506129	9.51
1990-1999	76	0.06109	0.05928	0.5	50587	2999	49088	454218	8.98
1990-1999	77	0.06598	0.06388	0.5	47588	3040	46068	405131	8.51
1990-1999	78	0.07055	0.06814	0.5	44548	3036	43030	359063	8.06
1990-1999	79	0.07136	0.06890	0.5	41513	2860	40082	316032	7.61
1990-1999	80	0.08268	0.07939	0.5	38652	3069	37118	275950	7.14
1990-1999	81	0.09123	0.08725	0.5	35584	3105	34031	238832	6.71
1990-1999	82	0.10057	0.09576	0.5	32479	3110	30924	204800	6.31
1990-1999	83	0.11076	0.10494	0.5	29369	3082	27828	173877	5.92
1990-1999	84	0.12183	0.11483	0.5	26287	3019	24777	146049	5.56
1990-1999	85	0.13384	0.12545	0.5	23268	2919	21809	121272	5.21
1990-1999	86	0.14684	0.13680	0.5	20349	2784	18957	99463	4.89
1990-1999	87	0.16087	0.14889	0.5	17565	2615	16258	80506	4.58
1990-1999	88	0.17596	0.16173	0.5	14950	2418	13741	64248	4.30
1990-1999	89	0.19215	0.17530	0.5	12532	2197	11434	50507	4.03
1990-1999	90	0.20944	0.18959	0.5	10335	1959	9355	39073	3.78
1990-1999	91	0.22785	0.20455	0.5	8376	1713	7519	29718	3.55
1990-1999	92	0.24738	0.22015	0.5	6663	1467	5929	22199	3.33
1990-1999	93	0.26799	0.23633	0.5	5196	1228	4582	16269	3.13
1990-1999	94	0.28967	0.25302	0.5	3968	1004	3466	11688	2.95
1990-1999	95	0.31234	0.27015	0.5	2964	801	2564	8222	2.77
1990-1999	96	0.33596	0.28764	0.5	2163	622	1852	5658	2.62
1990-1999	97	0.36042	0.30539	0.5	1541	471	1306	3806	2.47
1990-1999	98	0.38563	0.32329	0.5	1070	346	897	2500	2.34
1990-1999	99	0.41147	0.34126	0.5	724	247	601	1603	2.21
1990-1999	100	0.43781	0.35918	0.5	477	171	391	1002	2.10
1990-1999	101	0.46450	0.37695	0.5	306	115	248	611	2.00
1990-1999	102	0.49139	0.39447	0.5	191	75	153	363	1.90
1990-1999	103	0.51834	0.41165	0.5	115	47	92	210	1.82
1990-1999	104	0.54518	0.42840	0.5	68	29	53	118	1.74
1990-1999	105	0.57176	0.44464	0.5	39	17	30	65	1.67
1990-1999	106	0.59793	0.46031	0.5	22	10	17	35	1.61
1990-1999	107	0.62356	0.47535	0.5	12	6	9	18	1.55
1990-1999	108	0.64851	0.48972	0.5	6	3	5	9	1.50
1990-1999	109	0.67268	0.50337	0.5	3	2	2	5	1.46
1990-1999	110+	0.69596	1.00000	1.44	2	2	2	2	1.44
2000-2009	0	0.00977	0.00968	0.07	100000	968	99101	7458034	74.58
2000-2009	1	0.00047	0.00047	0.5	99032	46	99009	7358933	74.31
2000-2009	2	0.00040	0.00040	0.5	98986	40	98966	7259924	73.34
2000-2009	3	0.00020	0.00020	0.5	98946	20	98936	7160958	72.37
2000-2009	4	0.00009	0.00009	0.5	98926	9	98921	7062023	71.39
2000-2009	5	0.00029	0.00029	0.5	98917	29	98902	6963101	70.39
2000-2009	6	0.00009	0.00009	0.5	98888	9	98883	6864199	69.41
2000-2009	7	0.00013	0.00013	0.5	98879	13	98873	6765315	68.42
2000-2009	8	0.00013	0.00013	0.5	98866	13	98860	6666443	67.43
2000-2009	9	0.00028	0.00028	0.5	98854	28	98840	6567583	66.44
2000-2009	10	0.00007	0.00007	0.5	98826	7	98822	6468743	65.46
2000-2009	11	0.00012	0.00012	0.5	98819	12	98813	6369921	64.46
2000-2009	12	0.00014	0.00014	0.5	98807	13	98800	6271108	63.47
2000-2009	13	0.00017	0.00017	0.5	98794	17	98785	6172308	62.48
2000-2009	14	0.00027	0.00027	0.5	98777	27	98764	6073522	61.49
2000-2009	15	0.00035	0.00035	0.5	98750	34	98733	5974759	60.50
2000-2009	16	0.00083	0.00083	0.5	98716	82	98675	5876026	59.52
2000-2009	17	0.00080	0.00080	0.5	98634	79	98595	5777351	58.57
2000-2009	18	0.00098	0.00098	0.5	98555	96	98507	5678756	57.62
2000-2009	19	0.00145	0.00145	0.5	98459	143	98387	5580249	56.68
2000-2009	20	0.00117	0.00117	0.5	98316	115	98258	5481862	55.76
2000-2009	21	0.00137	0.00136	0.5	98201	134	98134	5383603	54.82
2000-2009	22	0.00171	0.00171	0.5	98067	167	97983	5285470	53.90
2000-2009	23	0.00131	0.00131	0.5	97900	128	97836	5187486	52.99
2000-2009	24	0.00123	0.00123	0.5	97772	121	97711	5089650	52.06
2000-2009	25	0.00170	0.00170	0.5	97651	166	97568	4991939	51.12
2000-2009	26	0.00178	0.00178	0.5	97485	174	97399	4894371	50.21
2000-2009	27	0.00158	0.00158	0.5	97312	154	97235	4796972	49.29
2000-2009	28	0.00142	0.00142	0.5	97158	138	97089	4699737	48.37
2000-2009	29	0.00158	0.00158	0.5	97020	153	96944	4602648	47.44
2000-2009	30	0.00148	0.00148	0.5	96867	143	96796	4505704	46.51
2000-2009	31	0.00161	0.00161	0.5	96724	156	96647	4408908	45.58
2000-2009	32	0.00185	0.00185	0.5	96569	179	96479	4312262	44.65
2000-2009	33	0.00149	0.00149	0.5	96390	144	96318	4215783	43.74
2000-2009	34	0.00157	0.00157	0.5	96246	151	96171	4119465	42.80
2000-2009	35	0.00208	0.00208	0.5	96095	200	95995	4023294	41.87
2000-2009	36	0.00176	0.00176	0.5	95895	169	95811	3927299	40.95
2000-2009	37	0.00262	0.00261	0.5	95726	250	95601	3831488	40.03
2000-2009	38	0.00221	0.00221	0.5	95476	211	95371	3735887	39.13
2000-2009	39	0.00268	0.00268	0.5	95265	255	95138	3640516	38.21
2000-2009	40	0.00292	0.00291	0.5	95010	277	94872	3545378	37.32
2000-2009	41	0.00325	0.00324	0.5	94734	307	94580	3450507	36.42
2000-2009	42	0.00333	0.00332	0.5	94426	314	94269	3355927	35.54
2000-2009	43	0.00347	0.00347	0.5	94113	326	93949	3261657	34.66
2000-2009	44	0.00398	0.00397	0.5	93786	372	93600	3167708	33.78
2000-2009	45	0.00411	0.00410	0.5	93414	383	93222	3074108	32.91
2000-2009	46	0.00460	0.00459	0.5	93031	427	92817	2980886	32.04
2000-2009	47	0.00512	0.00511	0.5	92604	473	92367	2888068	31.19
2000-2009	48	0.00558	0.00557	0.5	92131	513	91875	2795701	30.34
2000-2009	49	0.00543	0.00542	0.5	91618	496	91370	2703826	29.51
2000-2009	50	0.00605	0.00603	0.5	91122	549	90847	2612457	28.67
2000-2009	51	0.00628	0.00626	0.5	90572	567	90289	2521610	27.84
2000-2009	52	0.00685	0.00683	0.5	90005	614	89698	2431321	27.01
2000-2009	53	0.00722	0.00719	0.5	89391	643	89069	2341623	26.20
2000-2009	54	0.00807	0.00803	0.5	88748	713	88391	2252554	25.38
2000-2009	55	0.00879	0.00875	0.5	88035	770	87650	2164163	24.58
2000-2009	56	0.00813	0.00809	0.5	87264	706	86911	2076513	23.80
2000-2009	57	0.00910	0.00906	0.5	86558	784	86166	1989602	22.99
2000-2009	58	0.01095	0.01090	0.5	85774	935	85306	1903436	22.19
2000-2009	59	0.01022	0.01016	0.5	84839	862	84408	1818129	21.43
2000-2009	60	0.01222	0.01215	0.5	83977	1020	83467	1733721	20.65
2000-2009	61	0.01265	0.01257	0.5	82957	1043	82435	1650255	19.89
2000-2009	62	0.01357	0.01347	0.5	81914	1104	81362	1567819	19.14
2000-2009	63	0.01336	0.01327	0.5	80810	1073	80274	1486458	18.39
2000-2009	64	0.01720	0.01705	0.5	79737	1359	79058	1406184	17.64
2000-2009	65	0.01798	0.01782	0.5	78378	1397	77679	1327126	16.93
2000-2009	66	0.01979	0.01960	0.5	76981	1508	76227	1249447	16.23
2000-2009	67	0.01909	0.01891	0.5	75472	1427	74759	1173220	15.55
2000-2009	68	0.02242	0.02217	0.5	74046	1641	73225	1098461	14.83
2000-2009	69	0.02521	0.02490	0.5	72404	1803	71503	1025236	14.16
2000-2009	70	0.02718	0.02682	0.5	70602	1893	69655	953733	13.51
2000-2009	71	0.02684	0.02649	0.5	68708	1820	67798	884079	12.87
2000-2009	72	0.03126	0.03078	0.5	66888	2059	65859	816281	12.20
2000-2009	73	0.03446	0.03387	0.5	64829	2196	63731	750422	11.58
2000-2009	74	0.03847	0.03775	0.5	62633	2364	61451	686691	10.96
2000-2009	75	0.04281	0.04192	0.5	60269	2526	59006	625240	10.37
2000-2009	76	0.04558	0.04457	0.5	57743	2573	56456	566234	9.81
2000-2009	77	0.05310	0.05173	0.5	55169	2854	53742	509778	9.24
2000-2009	78	0.05642	0.05487	0.5	52315	2871	50880	456036	8.72
2000-2009	79	0.06122	0.05940	0.5	49445	2937	47976	405156	8.19
2000-2009	80	0.07018	0.06780	0.5	46508	3153	44931	357180	7.68
2000-2009	81	0.07820	0.07526	0.5	43355	3263	41723	312248	7.20
2000-2009	82	0.08706	0.08342	0.5	40092	3345	38419	270525	6.75
2000-2009	83	0.09681	0.09234	0.5	36747	3393	35051	232106	6.32
2000-2009	84	0.10752	0.10204	0.5	33354	3403	31652	197055	5.91
2000-2009	85	0.11927	0.11256	0.5	29951	3371	28265	165403	5.52
2000-2009	86	0.13211	0.12392	0.5	26579	3294	24932	137138	5.16
2000-2009	87	0.14610	0.13615	0.5	23286	3170	21700	112206	4.82
2000-2009	88	0.16130	0.14926	0.5	20115	3002	18614	90505	4.50
2000-2009	89	0.17775	0.16324	0.5	17113	2793	15716	71891	4.20
2000-2009	90	0.19548	0.17808	0.5	14319	2550	13044	56176	3.92
2000-2009	91	0.21453	0.19375	0.5	11769	2280	10629	43131	3.66
2000-2009	92	0.23489	0.21020	0.5	9489	1995	8492	32502	3.43
2000-2009	93	0.25655	0.22738	0.5	7494	1704	6642	24010	3.20
2000-2009	94	0.27947	0.24521	0.5	5790	1420	5080	17368	3.00
2000-2009	95	0.30361	0.26360	0.5	4370	1152	3794	12288	2.81
2000-2009	96	0.32888	0.28244	0.5	3218	909	2764	8493	2.64
2000-2009	97	0.35519	0.30162	0.5	2309	697	1961	5729	2.48
2000-2009	98	0.38240	0.32102	0.5	1613	518	1354	3768	2.34
2000-2009	99	0.41036	0.34050	0.5	1095	373	909	2414	2.20
2000-2009	100	0.43892	0.35993	0.5	722	260	592	1505	2.08
2000-2009	101	0.46789	0.37918	0.5	462	175	375	913	1.98
2000-2009	102	0.49707	0.39812	0.5	287	114	230	539	1.88
2000-2009	103	0.52628	0.41664	0.5	173	72	137	309	1.79
2000-2009	104	0.55531	0.43463	0.5	101	44	79	172	1.71
2000-2009	105	0.58396	0.45199	0.5	57	26	44	93	1.63
2000-2009	106	0.61206	0.46864	0.5	31	15	24	49	1.57
2000-2009	107	0.63943	0.48452	0.5	17	8	13	25	1.51
2000-2009	108	0.66593	0.49958	0.5	9	4	6	13	1.46
2000-2009	109	0.69141	0.51379	0.5	4	2	3	6	1.42
2000-2009	110+	0.71579	1.00000	1.4	2	2	3	3	1.40
2010-2019	0	0.00766	0.00761	0.07	100000	761	99289	7573013	75.73
2010-2019	1	0.00038	0.00038	0.5	99239	37	99221	7473723	75.31
2010-2019	2	0.00032	0.00032	0.5	99202	32	99186	7374503	74.34
2010-2019	3	0.00025	0.00025	0.5	99170	25	99158	7275316	73.36
2010-2019	4	0.00019	0.00019	0.5	99146	19	99136	7176158	72.38
2010-2019	5	0.00018	0.00018	0.5	99127	17	99118	7077022	71.39
2010-2019	6	0.00010	0.00010	0.5	99109	10	99104	6977904	70.41
2010-2019	7	0.00012	0.00012	0.5	99099	12	99093	6878800	69.41
2010-2019	8	0.00014	0.00014	0.5	99087	14	99080	6779708	68.42
2010-2019	9	0.00007	0.00007	0.5	99073	7	99069	6680628	67.43
2010-2019	10	0.00017	0.00017	0.5	99066	17	99057	6581559	66.44
2010-2019	11	0.00010	0.00010	0.5	99049	10	99044	6482501	65.45
2010-2019	12	0.00014	0.00014	0.5	99039	14	99032	6383458	64.45
2010-2019	13	0.00021	0.00021	0.5	99025	20	99015	6284426	63.46
2010-2019	14	0.00027	0.00027	0.5	99005	27	98991	6185411	62.48
2010-2019	15	0.00042	0.00042	0.5	98977	42	98957	6086420	61.49
2010-2019	16	0.00045	0.00045	0.5	98936	45	98913	5987464	60.52
2010-2019	17	0.00060	0.00060	0.5	98891	59	98861	5888550	59.55
2010-2019	18	0.00114	0.00114	0.5	98832	112	98776	5789689	58.58
2010-2019	19	0.00108	0.00108	0.5	98719	107	98666	5690914	57.65
2010-2019	20	0.00131	0.00131	0.5	98613	129	98548	5592248	56.71
2010-2019	21	0.00138	0.00138	0.5	98483	136	98415	5493699	55.78
2010-2019	22	0.00136	0.00136	0.5	98347	134	98280	5395284	54.86
2010-2019	23	0.00156	0.00156	0.5	98213	153	98137	5297004	53.93
2010-2019	24	0.00161	0.00161	0.5	98060	158	97981	5198867	53.02
2010-2019	25	0.00178	0.00178	0.5	97903	174	97815	5100885	52.10
2010-2019	26	0.00179	0.00179	0.5	97728	175	97641	5003070	51.19
2010-2019	27	0.00175	0.00175	0.5	97553	171	97468	4905429	50.28
2010-2019	28	0.00224	0.00224	0.5	97382	218	97273	4807961	49.37
2010-2019	29	0.00230	0.00230	0.5	97164	223	97053	4710688	48.48
2010-2019	30	0.00214	0.00214	0.5	96941	207	96837	4613635	47.59
2010-2019	31	0.00216	0.00216	0.5	96734	209	96629	4516798	46.69
2010-2019	32	0.00213	0.00213	0.5	96525	206	96422	4420168	45.79
2010-2019	33	0.00219	0.00219	0.5	96320	211	96214	4323746	44.89
2010-2019	34	0.00219	0.00219	0.5	96109	210	96003	4227532	43.99
2010-2019	35	0.00246	0.00246	0.5	95898	236	95780	4131528	43.08
2010-2019	36	0.00262	0.00262	0.5	95663	250	95538	4035748	42.19
2010-2019	37	0.00262	0.00262	0.5	95412	250	95288	3940210	41.30
2010-2019	38	0.00223	0.00223	0.5	95163	212	95056	3844923	40.40
2010-2019	39	0.00265	0.00265	0.5	94950	251	94825	3749866	39.49
2010-2019	40	0.00261	0.00261	0.5	94699	247	94576	3655042	38.60
2010-2019	41	0.00305	0.00305	0.5	94452	288	94308	3560466	37.70
2010-2019	42	0.00309	0.00308	0.5	94165	290	94019	3466157	36.81
2010-2019	43	0.00309	0.00309	0.5	93874	290	93729	3372138	35.92
2010-2019	44	0.00361	0.00360	0.5	93585	337	93416	3278409	35.03
2010-2019	45	0.00352	0.00351	0.5	93248	327	93084	3184992	34.16
2010-2019	46	0.00401	0.00400	0.5	92920	372	92734	3091909	33.27
2010-2019	47	0.00457	0.00456	0.5	92549	422	92338	2999174	32.41
2010-2019	48	0.00482	0.00481	0.5	92126	443	91905	2906837	31.55
2010-2019	49	0.00534	0.00533	0.5	91683	488	91439	2814932	30.70
2010-2019	50	0.00582	0.00580	0.5	91195	529	90930	2723493	29.86
2010-2019	51	0.00590	0.00589	0.5	90666	534	90399	2632562	29.04
2010-2019	52	0.00691	0.00689	0.5	90132	621	89822	2542163	28.20
2010-2019	53	0.00677	0.00674	0.5	89511	604	89210	2452341	27.40
2010-2019	54	0.00822	0.00819	0.5	88908	728	88544	2363131	26.58
2010-2019	55	0.00858	0.00854	0.5	88180	753	87803	2274588	25.79
2010-2019	56	0.00830	0.00826	0.5	87427	722	87065	2186784	25.01
2010-2019	57	0.00970	0.00965	0.5	86704	837	86286	2099719	24.22
2010-2019	58	0.01090	0.01084	0.5	85867	930	85402	2013433	23.45
2010-2019	59	0.01086	0.01080	0.5	84937	918	84478	1928031	22.70
2010-2019	60	0.01105	0.01099	0.5	84019	923	83558	1843553	21.94
2010-2019	61	0.01191	0.01184	0.5	83096	984	82604	1759995	21.18
2010-2019	62	0.01274	0.01266	0.5	82112	1039	81592	1677392	20.43
2010-2019	63	0.01290	0.01281	0.5	81072	1039	80553	1595799	19.68
2010-2019	64	0.01492	0.01481	0.5	80034	1185	79441	1515247	18.93
2010-2019	65	0.01487	0.01476	0.5	78848	1164	78266	1435806	18.21
2010-2019	66	0.01683	0.01669	0.5	77684	1296	77036	1357540	17.48
2010-2019	67	0.01776	0.01760	0.5	76388	1344	75716	1280504	16.76
2010-2019	68	0.01825	0.01809	0.5	75044	1357	74365	1204788	16.05
2010-2019	69	0.02045	0.02025	0.5	73686	1492	72940	1130423	15.34
2010-2019	70	0.02063	0.02042	0.5	72194	1474	71457	1057483	14.65
2010-2019	71	0.02337	0.02310	0.5	70720	1634	69903	986026	13.94
2010-2019	72	0.02550	0.02518	0.5	69086	1739	68217	916122	13.26
2010-2019	73	0.02829	0.02790	0.5	67347	1879	66408	847905	12.59
2010-2019	74	0.03222	0.03171	0.5	65468	2076	64430	781498	11.94
2010-2019	75	0.03455	0.03396	0.5	63392	2153	62316	717067	11.31
2010-2019	76	0.03862	0.03789	0.5	61239	2321	60079	654752	10.69
2010-2019	77	0.04412	0.04317	0.5	58919	2543	57647	594673	10.09
2010-2019	78	0.04396	0.04302	0.5	56375	2425	55163	537026	9.53
2010-2019	79	0.04910	0.04792	0.5	53950	2585	52658	481863	8.93
2010-2019	80	0.05750	0.05589	0.5	51365	2871	49930	429205	8.36
2010-2019	81	0.06477	0.06273	0.5	48494	3042	46973	379276	7.82
2010-2019	82	0.07288	0.07032	0.5	45452	3196	43854	332303	7.31
2010-2019	83	0.08192	0.07870	0.5	42256	3326	40593	288449	6.83
2010-2019	84	0.09198	0.08793	0.5	38930	3423	37219	247856	6.37
2010-2019	85	0.10312	0.09807	0.5	35507	3482	33766	210637	5.93
2010-2019	86	0.11545	0.10915	0.5	32025	3496	30277	176871	5.52
2010-2019	87	0.12904	0.12122	0.5	28529	3458	26800	146594	5.14
2010-2019	88	0.14397	0.13430	0.5	25071	3367	23387	119793	4.78
2010-2019	89	0.16031	0.14841	0.5	21704	3221	20093	96406	4.44
2010-2019	90	0.17811	0.16355	0.5	18483	3023	16971	76313	4.13
2010-2019	91	0.19743	0.17970	0.5	15460	2778	14071	59341	3.84
2010-2019	92	0.21829	0.19681	0.5	12682	2496	11434	45270	3.57
2010-2019	93	0.24069	0.21484	0.5	10186	2188	9092	33836	3.32
2010-2019	94	0.26461	0.23369	0.5	7998	1869	7063	24745	3.09
2010-2019	95	0.29000	0.25328	0.5	6129	1552	5352	17681	2.89
2010-2019	96	0.31678	0.27347	0.5	4576	1251	3951	12329	2.69
2010-2019	97	0.34483	0.29412	0.5	3325	978	2836	8378	2.52
2010-2019	98	0.37400	0.31508	0.5	2347	739	1977	5542	2.36
2010-2019	99	0.40412	0.33619	0.5	1607	540	1337	3565	2.22
2010-2019	100	0.43498	0.35728	0.5	1067	381	876	2228	2.09
2010-2019	101	0.46635	0.37817	0.5	686	259	556	1351	1.97
2010-2019	102	0.49799	0.39871	0.5	426	170	341	795	1.86
2010-2019	103	0.52965	0.41875	0.5	256	107	203	454	1.77
2010-2019	104	0.56107	0.43815	0.5	149	65	116	251	1.68
2010-2019	105	0.59200	0.45679	0.5	84	38	65	135	1.61
2010-2019	106	0.62223	0.47458	0.5	45	22	35	70	1.54
2010-2019	107	0.65153	0.49144	0.5	24	12	18	35	1.48
2010-2019	108	0.67973	0.50731	0.5	12	6	9	17	1.43
2010-2019	109	0.70668	0.52217	0.5	6	3	4	8	1.39
2010-2019	110+	0.73225	1.00000	1.37	3	3	4	4	1.37
2020-2022	0	0.00627	0.00623	0.06	100000	623	99415	7382319	73.82
2020-2022	1	0.00031	0.00031	0.5	99377	30	99362	7282904	73.29
2020-2022	2	0.00036	0.00036	0.5	99346	36	99328	7183542	72.31
2020-2022	3	0.00018	0.00018	0.5	99310	18	99302	7084214	71.33
2020-2022	4	0.00012	0.00012	0.5	99293	12	99287	6984912	70.35
2020-2022	5	0.00012	0.00012	0.5	99281	11	99276	6885625	69.35
2020-2022	6	0.00017	0.00017	0.5	99270	17	99261	6786349	68.36
2020-2022	7	0.00023	0.00023	0.5	99253	23	99242	6687088	67.37
2020-2022	8	0.00000	0.00000	0.5	99230	0	99230	6587846	66.39
2020-2022	9	0.00000	0.00000	0.5	99230	0	99230	6488616	65.39
2020-2022	10	0.00006	0.00006	0.5	99230	5	99228	6389386	64.39
2020-2022	11	0.00000	0.00000	0.5	99225	0	99225	6290158	63.39
2020-2022	12	0.00000	0.00000	0.5	99225	0	99225	6190933	62.39
2020-2022	13	0.00032	0.00032	0.5	99225	32	99209	6091708	61.39
2020-2022	14	0.00027	0.00027	0.5	99193	26	99180	5992499	60.41
2020-2022	15	0.00027	0.00027	0.5	99167	26	99154	5893319	59.43
2020-2022	16	0.00092	0.00092	0.5	99140	91	99095	5794166	58.44
2020-2022	17	0.00097	0.00097	0.5	99049	96	99001	5695071	57.50
2020-2022	18	0.00117	0.00117	0.5	98953	116	98896	5596070	56.55
2020-2022	19	0.00144	0.00144	0.5	98838	142	98767	5497174	55.62
2020-2022	20	0.00147	0.00147	0.5	98695	145	98623	5398407	54.70
2020-2022	21	0.00160	0.00160	0.5	98550	157	98471	5299785	53.78
2020-2022	22	0.00211	0.00211	0.5	98393	207	98289	5201313	52.86
2020-2022	23	0.00177	0.00177	0.5	98185	174	98098	5103024	51.97
2020-2022	24	0.00224	0.00224	0.5	98011	219	97902	5004926	51.06
2020-2022	25	0.00238	0.00238	0.5	97792	233	97676	4907024	50.18
2020-2022	26	0.00222	0.00222	0.5	97560	217	97451	4809348	49.30
2020-2022	27	0.00243	0.00242	0.5	97343	236	97225	4711897	48.41
2020-2022	28	0.00237	0.00237	0.5	97107	230	96992	4614671	47.52
2020-2022	29	0.00255	0.00255	0.5	96877	247	96754	4517679	46.63
2020-2022	30	0.00326	0.00326	0.5	96630	315	96473	4420925	45.75
2020-2022	31	0.00272	0.00272	0.5	96316	262	96185	4324452	44.90
2020-2022	32	0.00335	0.00335	0.5	96054	321	95893	4228267	44.02
2020-2022	33	0.00354	0.00353	0.5	95733	338	95564	4132374	43.17
2020-2022	34	0.00319	0.00318	0.5	95395	303	95243	4036810	42.32
2020-2022	35	0.00291	0.00291	0.5	95091	276	94953	3941567	41.45
2020-2022	36	0.00383	0.00382	0.5	94815	363	94634	3846614	40.57
2020-2022	37	0.00311	0.00311	0.5	94453	293	94306	3751980	39.72
2020-2022	38	0.00391	0.00390	0.5	94159	367	93975	3657674	38.85
2020-2022	39	0.00404	0.00403	0.5	93792	378	93603	3563699	38.00
2020-2022	40	0.00384	0.00383	0.5	93414	358	93235	3470096	37.15
2020-2022	41	0.00397	0.00396	0.5	93056	369	92872	3376861	36.29
2020-2022	42	0.00483	0.00482	0.5	92687	447	92464	3283989	35.43
2020-2022	43	0.00343	0.00342	0.5	92240	316	92082	3191526	34.60
2020-2022	44	0.00504	0.00502	0.5	91925	462	91694	3099443	33.72
2020-2022	45	0.00573	0.00571	0.5	91463	522	91202	3007750	32.88
2020-2022	46	0.00591	0.00590	0.5	90941	536	90672	2916548	32.07
2020-2022	47	0.00543	0.00541	0.5	90404	489	90160	2825876	31.26
2020-2022	48	0.00509	0.00508	0.5	89915	456	89687	2735716	30.43
2020-2022	49	0.00596	0.00594	0.5	89459	531	89193	2646029	29.58
2020-2022	50	0.00662	0.00660	0.5	88927	587	88634	2556836	28.75
2020-2022	51	0.00718	0.00715	0.5	88340	632	88024	2468203	27.94
2020-2022	52	0.00894	0.00890	0.5	87708	781	87318	2380179	27.14
2020-2022	53	0.00865	0.00861	0.5	86927	749	86553	2292861	26.38
2020-2022	54	0.01008	0.01003	0.5	86178	864	85746	2206308	25.60
2020-2022	55	0.00863	0.00859	0.5	85314	733	84948	2120562	24.86
2020-2022	56	0.01022	0.01017	0.5	84581	860	84151	2035614	24.07
2020-2022	57	0.01181	0.01174	0.5	83721	983	83230	1951463	23.31
2020-2022	58	0.01007	0.01002	0.5	82738	829	82324	1868233	22.58
2020-2022	59	0.01216	0.01208	0.5	81909	990	81414	1785910	21.80
2020-2022	60	0.01259	0.01252	0.5	80919	1013	80413	1704496	21.06
2020-2022	61	0.01244	0.01236	0.5	79906	988	79413	1624083	20.32
2020-2022	62	0.01498	0.01487	0.5	78919	1173	78332	1544670	19.57
2020-2022	63	0.01836	0.01819	0.5	77745	1414	77038	1466338	18.86
2020-2022	64	0.01764	0.01749	0.5	76331	1335	75664	1389300	18.20
2020-2022	65	0.01659	0.01645	0.5	74996	1234	74380	1313636	17.52
2020-2022	66	0.01868	0.01851	0.5	73763	1365	73080	1239257	16.80
2020-2022	67	0.01826	0.01809	0.5	72397	1310	71742	1166177	16.11
2020-2022	68	0.02209	0.02185	0.5	71088	1553	70311	1094434	15.40
2020-2022	69	0.02303	0.02277	0.5	69534	1583	68743	1024123	14.73
2020-2022	70	0.02383	0.02355	0.5	67951	1600	67151	955381	14.06
2020-2022	71	0.02480	0.02449	0.5	66351	1625	65538	888230	13.39
2020-2022	72	0.02909	0.02867	0.5	64726	1856	63798	822691	12.71
2020-2022	73	0.03036	0.02991	0.5	62870	1880	61930	758894	12.07
2020-2022	74	0.03489	0.03429	0.5	60990	2091	59944	696964	11.43
2020-2022	75	0.03626	0.03562	0.5	58898	2098	57849	637020	10.82
2020-2022	76	0.04105	0.04023	0.5	56801	2285	55658	579170	10.20
2020-2022	77	0.04727	0.04617	0.5	54516	2517	53257	523512	9.60
2020-2022	78	0.05240	0.05106	0.5	51998	2655	50671	470255	9.04
2020-2022	79	0.06130	0.05948	0.5	49343	2935	47876	419585	8.50
2020-2022	80	0.06155	0.05971	0.5	46408	2771	45023	371709	8.01
2020-2022	81	0.06939	0.06707	0.5	43637	2927	42174	326686	7.49
2020-2022	82	0.07816	0.07522	0.5	40711	3062	39179	284512	6.99
2020-2022	83	0.08793	0.08423	0.5	37648	3171	36063	245333	6.52
2020-2022	84	0.09879	0.09414	0.5	34477	3246	32854	209270	6.07
2020-2022	85	0.11083	0.10501	0.5	31232	3280	29592	176416	5.65
2020-2022	86	0.12413	0.11688	0.5	27952	3267	26319	146824	5.25
2020-2022	87	0.13878	0.12978	0.5	24685	3204	23083	120505	4.88
2020-2022	88	0.15485	0.14373	0.5	21482	3087	19938	97422	4.54
2020-2022	89	0.17242	0.15873	0.5	18394	2920	16934	77484	4.21
2020-2022	90	0.19152	0.17478	0.5	15474	2705	14122	60550	3.91
2020-2022	91	0.21220	0.19184	0.5	12770	2450	11545	46428	3.64
2020-2022	92	0.23446	0.20986	0.5	10320	2166	9237	34883	3.38
2020-2022	93	0.25829	0.22875	0.5	8154	1865	7222	25646	3.15
2020-2022	94	0.28364	0.24841	0.5	6289	1562	5508	18424	2.93
2020-2022	95	0.31045	0.26873	0.5	4727	1270	4092	12916	2.73
2020-2022	96	0.33859	0.28956	0.5	3457	1001	2956	8825	2.55
2020-2022	97	0.36791	0.31075	0.5	2456	763	2074	5869	2.39
2020-2022	98	0.39825	0.33212	0.5	1693	562	1411	3795	2.24
2020-2022	99	0.42940	0.35350	0.5	1130	400	931	2383	2.11
2020-2022	100	0.46111	0.37471	0.5	731	274	594	1452	1.99
2020-2022	101	0.49314	0.39559	0.5	457	181	367	859	1.88
2020-2022	102	0.52522	0.41598	0.5	276	115	219	492	1.78
2020-2022	103	0.55710	0.43573	0.5	161	70	126	273	1.69
2020-2022	104	0.58851	0.45471	0.5	91	41	70	147	1.62
2020-2022	105	0.61922	0.47283	0.5	50	23	38	77	1.55
2020-2022	106	0.64901	0.49000	0.5	26	13	20	39	1.48
2020-2022	107	0.67768	0.50617	0.5	13	7	10	19	1.43
2020-2022	108	0.70507	0.52129	0.5	7	3	5	9	1.38
2020-2022	109	0.73105	0.53536	0.5	3	2	2	4	1.35
2020-2022	110+	0.75554	1.00000	1.32	1	1	2	2	1.32
