DE: DE, Lifetables (period 5x10), Males Last modified: February 4 2025, MPv5 (May07) 

Year     	Age	mx	qx	ax	lx	dx	Lx	Tx	ex
1941-1949	0	0.04405	0.04249	0.16	100000	4249	96445	6272814	62.73
1941-1949	1-4	0.00209	0.00830	1.64	95751	795	381133	6176370	64.50
1941-1949	5-9	0.00112	0.00561	2.34	94957	532	473366	5795236	61.03
1941-1949	10-14	0.00112	0.00557	2.65	94424	526	470885	5321870	56.36
1941-1949	15-19	0.00175	0.00872	2.65	93899	819	467570	4850985	51.66
1941-1949	20-24	0.00217	0.01077	2.5	93079	1002	462890	4383415	47.09
1941-1949	25-29	0.00220	0.01095	2.58	92077	1008	457943	3920525	42.58
1941-1949	30-34	0.00321	0.01591	2.65	91069	1449	451937	3462582	38.02
1941-1949	35-39	0.00470	0.02326	2.66	89620	2084	443229	3010645	33.59
1941-1949	40-44	0.00739	0.03632	2.66	87536	3180	430233	2567416	29.33
1941-1949	45-49	0.01085	0.05290	2.62	84356	4463	411144	2137184	25.34
1941-1949	50-54	0.01538	0.07417	2.59	79893	5926	385187	1726040	21.60
1941-1949	55-59	0.02171	0.10321	2.62	73967	7634	351694	1340853	18.13
1941-1949	60-64	0.03388	0.15658	2.58	66334	10386	306565	989159	14.91
1941-1949	65-69	0.04588	0.20608	2.54	55947	11529	251320	682594	12.20
1941-1949	70-74	0.06681	0.28661	2.52	44418	12731	190540	431274	9.71
1941-1949	75-79	0.09356	0.37722	2.43	31687	11953	127755	240734	7.60
1941-1949	80-84	0.13931	0.51093	2.39	19734	10083	72377	112979	5.73
1941-1949	85-89	0.20996	0.66399	2.23	9651	6408	30522	40602	4.21
1941-1949	90-94	0.30287	0.79688	2.03	3243	2584	8532	10080	3.11
1941-1949	95-99	0.41471	0.89025	1.79	659	586	1414	1548	2.35
1941-1949	100-104	0.53629	0.94416	1.57	72	68	127	133	1.85
1941-1949	105-109	0.65454	0.97113	1.38	4	4	6	6	1.52
1941-1949	110+	0.74402	1.00000	1.34	0	0	0	0	1.34
1950-1959	0	0.03010	0.02933	0.13	100000	2933	97436	6539597	65.40
1950-1959	1-4	0.00127	0.00508	1.62	97067	493	387095	6442161	66.37
1950-1959	5-9	0.00053	0.00264	2.3	96574	255	482181	6055066	62.70
1950-1959	10-14	0.00073	0.00365	2.67	96319	351	480775	5572884	57.86
1950-1959	15-19	0.00139	0.00694	2.72	95968	666	478318	5092109	53.06
1950-1959	20-24	0.00209	0.01038	2.55	95302	990	474081	4613791	48.41
1950-1959	25-29	0.00204	0.01013	2.49	94312	955	469168	4139710	43.89
1950-1959	30-34	0.00221	0.01099	2.56	93357	1026	464286	3670542	39.32
1950-1959	35-39	0.00328	0.01629	2.69	92331	1504	458174	3206255	34.73
1950-1959	40-44	0.00564	0.02783	2.73	90827	2528	448388	2748081	30.26
1950-1959	45-49	0.00904	0.04426	2.67	88298	3908	432397	2299693	26.04
1950-1959	50-54	0.01417	0.06857	2.65	84391	5787	408366	1867297	22.13
1950-1959	55-59	0.02089	0.09947	2.6	78604	7818	374263	1458930	18.56
1950-1959	60-64	0.03006	0.14018	2.6	70786	9923	330103	1084667	15.32
1950-1959	65-69	0.04530	0.20407	2.57	60863	12420	274164	754564	12.40
1950-1959	70-74	0.06583	0.28290	2.52	48442	13704	208190	480401	9.92
1950-1959	75-79	0.09305	0.37693	2.48	34738	13094	140716	272211	7.84
1950-1959	80-84	0.13137	0.48908	2.39	21644	10586	80583	131495	6.08
1950-1959	85-89	0.18975	0.62415	2.26	11058	6902	36375	50912	4.60
1950-1959	90-94	0.26553	0.74930	2.09	4156	3114	11729	14537	3.50
1950-1959	95-99	0.35767	0.84794	1.9	1042	884	2470	2808	2.69
1950-1959	100-104	0.46153	0.91407	1.7	158	145	314	338	2.13
1950-1959	105-109	0.56919	0.95268	1.51	14	13	23	24	1.75
1950-1959	110+	0.65522	1.00000	1.53	1	1	1	1	1.53
1960-1969	0	0.02584	0.02526	0.11	100000	2526	97763	6605025	66.05
1960-1969	1-4	0.00094	0.00377	1.59	97474	368	389010	6507262	66.76
1960-1969	5-9	0.00055	0.00274	2.37	97106	266	484832	6118252	63.01
1960-1969	10-14	0.00049	0.00245	2.86	96841	238	483693	5633420	58.17
1960-1969	15-19	0.00138	0.00690	2.74	96603	666	481510	5149727	53.31
1960-1969	20-24	0.00180	0.00894	2.46	95937	858	477501	4668217	48.66
1960-1969	25-29	0.00170	0.00844	2.4	95079	803	473309	4190717	44.08
1960-1969	30-34	0.00208	0.01034	2.55	94276	975	468995	3717408	39.43
1960-1969	35-39	0.00301	0.01496	2.65	93301	1396	463221	3248412	34.82
1960-1969	40-44	0.00492	0.02435	2.76	91905	2238	454512	2785192	30.30
1960-1969	45-49	0.00810	0.03977	2.65	89668	3566	439972	2330679	25.99
1960-1969	50-54	0.01394	0.06746	2.62	86102	5808	416702	1890707	21.96
1960-1969	55-59	0.02024	0.09653	2.61	80294	7751	382919	1474006	18.36
1960-1969	60-64	0.03152	0.14662	2.62	72543	10636	337450	1091087	15.04
1960-1969	65-69	0.04696	0.21039	2.53	61907	13025	277378	753637	12.17
1960-1969	70-74	0.06802	0.29138	2.54	48882	14243	209405	476260	9.74
1960-1969	75-79	0.09553	0.38301	2.41	34639	13267	138873	266855	7.70
1960-1969	80-84	0.13095	0.48890	2.41	21372	10449	79793	127982	5.99
1960-1969	85-89	0.19779	0.64125	2.26	10923	7004	35413	48189	4.41
1960-1969	90-94	0.28657	0.77785	2.06	3919	3048	10636	12775	3.26
1960-1969	95-99	0.39489	0.87743	1.83	870	764	1934	2139	2.46
1960-1969	100-104	0.51469	0.93695	1.61	107	100	194	205	1.92
1960-1969	105-109	0.63358	0.96750	1.41	7	7	10	11	1.57
1960-1969	110+	0.72488	1.00000	1.38	0	0	0	0	1.38
1970-1979	0	0.01833	0.01803	0.09	100000	1803	98367	6801247	68.01
1970-1979	1-4	0.00084	0.00334	1.64	98197	328	392013	6702880	68.26
1970-1979	5-9	0.00045	0.00226	2.18	97869	221	488722	6310867	64.48
1970-1979	10-14	0.00049	0.00245	2.76	97648	239	487703	5822145	59.62
1970-1979	15-19	0.00136	0.00676	2.85	97409	659	485625	5334441	54.76
1970-1979	20-24	0.00172	0.00856	2.42	96750	828	481610	4848817	50.12
1970-1979	25-29	0.00179	0.00889	2.53	95922	853	477505	4367206	45.53
1970-1979	30-34	0.00179	0.00889	2.58	95069	846	473298	3889701	40.91
1970-1979	35-39	0.00277	0.01378	2.63	94223	1298	468036	3416403	36.26
1970-1979	40-44	0.00406	0.02010	2.67	92925	1868	460276	2948366	31.73
1970-1979	45-49	0.00663	0.03267	2.65	91057	2974	448300	2488090	27.32
1970-1979	50-54	0.01135	0.05530	2.67	88083	4871	429081	2039791	23.16
1970-1979	55-59	0.01764	0.08471	2.65	83212	7049	399517	1610709	19.36
1970-1979	60-64	0.02727	0.12795	2.6	76163	9745	357401	1211192	15.90
1970-1979	65-69	0.04199	0.19066	2.59	66418	12663	301560	853791	12.85
1970-1979	70-74	0.06353	0.27420	2.51	53755	14740	232011	552232	10.27
1970-1979	75-79	0.08738	0.35865	2.5	39015	13993	160145	320221	8.21
1970-1979	80-84	0.12192	0.46338	2.41	25022	11595	95104	160076	6.40
1970-1979	85-89	0.17779	0.59973	2.29	13428	8053	45293	64972	4.84
1970-1979	90-94	0.25132	0.72954	2.13	5375	3921	15602	19678	3.66
1970-1979	95-99	0.34200	0.83452	1.93	1454	1213	3547	4077	2.80
1970-1979	100-104	0.44568	0.90633	1.73	241	218	489	530	2.20
1970-1979	105-109	0.55461	0.94877	1.53	23	21	39	40	1.79
1970-1979	110+	0.64225	1.00000	1.56	1	1	2	2	1.56
1980-1989	0	0.01406	0.01388	0.08	100000	1388	98727	7062704	70.63
1980-1989	1-4	0.00058	0.00231	1.59	98612	228	393900	6963977	70.62
1980-1989	5-9	0.00039	0.00195	2.27	98384	191	491399	6570077	66.78
1980-1989	10-14	0.00031	0.00154	2.55	98193	151	490594	6078678	61.91
1980-1989	15-19	0.00107	0.00535	2.83	98042	524	489071	5588084	57.00
1980-1989	20-24	0.00167	0.00833	2.55	97518	812	485594	5099013	52.29
1980-1989	25-29	0.00174	0.00865	2.46	96705	836	481399	4613419	47.71
1980-1989	30-34	0.00181	0.00899	2.6	95869	862	477275	4132020	43.10
1980-1989	35-39	0.00206	0.01028	2.73	95007	976	472822	3654745	38.47
1980-1989	40-44	0.00333	0.01653	2.65	94030	1554	466504	3181923	33.84
1980-1989	45-49	0.00509	0.02517	2.7	92476	2328	457034	2715419	29.36
1980-1989	50-54	0.00897	0.04396	2.72	90149	3963	441691	2258385	25.05
1980-1989	55-59	0.01402	0.06787	2.68	86186	5850	417356	1816694	21.08
1980-1989	60-64	0.02141	0.10191	2.65	80336	8187	382466	1399338	17.42
1980-1989	65-69	0.03326	0.15408	2.62	72149	11117	334264	1016872	14.09
1980-1989	70-74	0.05183	0.23022	2.58	61033	14051	271123	682608	11.18
1980-1989	75-79	0.07740	0.32409	2.49	46981	15226	196734	411485	8.76
1980-1989	80-84	0.11203	0.43523	2.44	31755	13821	123363	214751	6.76
1980-1989	85-89	0.16570	0.57356	2.32	17934	10287	62080	91389	5.10
1980-1989	90-94	0.23754	0.70906	2.16	7648	5423	22829	29308	3.83
1980-1989	95-99	0.32762	0.82131	1.96	2225	1828	5578	6479	2.91
1980-1989	100-104	0.43216	0.89932	1.75	398	358	827	901	2.26
1980-1989	105-109	0.54336	0.94562	1.55	40	38	70	73	1.83
1980-1989	110+	0.63335	1.00000	1.58	2	2	3	3	1.58
1990-1999	0	0.01006	0.00997	0.07	100000	997	99075	7262526	72.63
1990-1999	1-4	0.00042	0.00169	1.62	99003	167	395615	7163451	72.36
1990-1999	5-9	0.00019	0.00093	2.41	98836	92	493943	6767836	68.48
1990-1999	10-14	0.00024	0.00118	2.97	98744	116	493485	6273893	63.54
1990-1999	15-19	0.00088	0.00441	3	98628	435	492269	5780408	58.61
1990-1999	20-24	0.00117	0.00582	2.43	98193	572	489494	5288139	53.85
1990-1999	25-29	0.00156	0.00777	2.6	97621	759	486286	4798645	49.16
1990-1999	30-34	0.00211	0.01051	2.5	96862	1018	481766	4312359	44.52
1990-1999	35-39	0.00285	0.01414	2.55	95844	1355	475904	3830593	39.97
1990-1999	40-44	0.00377	0.01869	2.67	94489	1766	468322	3354689	35.50
1990-1999	45-49	0.00493	0.02435	2.63	92723	2258	458270	2886367	31.13
1990-1999	50-54	0.00702	0.03454	2.69	90466	3125	445098	2428097	26.84
1990-1999	55-59	0.01126	0.05487	2.66	87341	4792	425476	1982998	22.70
1990-1999	60-64	0.01735	0.08333	2.63	82548	6879	396456	1557523	18.87
1990-1999	65-69	0.02711	0.12735	2.63	75670	9637	355502	1161067	15.34
1990-1999	70-74	0.04274	0.19382	2.6	66033	12798	299435	805564	12.20
1990-1999	75-79	0.06335	0.27392	2.53	53234	14582	230179	506129	9.51
1990-1999	80-84	0.09946	0.39802	2.49	38652	15384	154678	275950	7.14
1990-1999	85-89	0.15734	0.55582	2.36	23268	12933	82198	121272	5.21
1990-1999	90-94	0.23893	0.71322	2.17	10335	7371	30851	39073	3.78
1990-1999	95-99	0.34445	0.83901	1.94	2964	2487	7219	8222	2.77
1990-1999	100-104	0.46759	0.91869	1.7	477	438	937	1002	2.10
1990-1999	105-109	0.59545	0.96015	1.47	39	37	63	65	1.67
1990-1999	110+	0.69596	1.00000	1.44	2	2	2	2	1.44
2000-2009	0	0.00977	0.00968	0.07	100000	968	99101	7458034	74.58
2000-2009	1-4	0.00029	0.00116	1.43	99032	115	395832	7358933	74.31
2000-2009	5-9	0.00018	0.00092	2.52	98917	91	494358	6963101	70.39
2000-2009	10-14	0.00015	0.00076	3.09	98826	75	493984	6468743	65.46
2000-2009	15-19	0.00088	0.00440	3.03	98750	435	492897	5974759	60.50
2000-2009	20-24	0.00136	0.00676	2.51	98316	665	489923	5481862	55.76
2000-2009	25-29	0.00161	0.00803	2.42	97651	784	486235	4991939	51.12
2000-2009	30-34	0.00160	0.00797	2.51	96867	772	482411	4505704	46.51
2000-2009	35-39	0.00227	0.01129	2.64	96095	1085	477915	4023294	41.87
2000-2009	40-44	0.00339	0.01680	2.63	95010	1596	471270	3545378	37.32
2000-2009	45-49	0.00497	0.02454	2.64	93414	2292	461651	3074108	32.91
2000-2009	50-54	0.00689	0.03388	2.63	91122	3087	448294	2612457	28.67
2000-2009	55-59	0.00943	0.04609	2.6	88035	4058	430441	2164163	24.58
2000-2009	60-64	0.01377	0.06667	2.63	83977	5599	406595	1733721	20.65
2000-2009	65-69	0.02083	0.09922	2.62	78378	7776	373393	1327126	16.93
2000-2009	70-74	0.03145	0.14635	2.63	70602	10333	328494	953733	13.51
2000-2009	75-79	0.05134	0.22833	2.58	60269	13761	268060	625240	10.37
2000-2009	80-84	0.08634	0.35601	2.54	46508	16557	191776	357180	7.68
2000-2009	85-89	0.14311	0.52190	2.41	29951	15631	109228	165403	5.52
2000-2009	90-94	0.22669	0.69478	2.21	14319	9949	43888	56176	3.92
2000-2009	95-99	0.33836	0.83475	1.97	4370	3648	10782	12288	2.81
2000-2009	100-104	0.47102	0.92112	1.69	722	665	1412	1505	2.08
2000-2009	105-109	0.60876	0.96348	1.45	57	55	90	93	1.63
2000-2009	110+	0.71579	1.00000	1.4	2	2	3	3	1.40
2010-2019	0	0.00766	0.00761	0.07	100000	761	99289	7573013	75.73
2010-2019	1-4	0.00028	0.00114	1.73	99239	113	396701	7473723	75.31
2010-2019	5-9	0.00012	0.00061	2.21	99127	61	495464	7077022	71.39
2010-2019	10-14	0.00018	0.00089	2.84	99066	88	495139	6581559	66.44
2010-2019	15-19	0.00074	0.00368	3.04	98977	365	494173	6086420	61.49
2010-2019	20-24	0.00145	0.00720	2.6	98613	710	491362	5592248	56.71
2010-2019	25-29	0.00197	0.00982	2.65	97903	961	487250	5100885	52.10
2010-2019	30-34	0.00216	0.01076	2.51	96941	1043	482107	4613635	47.59
2010-2019	35-39	0.00252	0.01250	2.49	95898	1199	476487	4131528	43.08
2010-2019	40-44	0.00309	0.01533	2.63	94699	1452	470049	3655042	38.60
2010-2019	45-49	0.00445	0.02201	2.69	93248	2053	461500	3184992	34.16
2010-2019	50-54	0.00672	0.03306	2.66	91195	3015	448905	2723493	29.86
2010-2019	55-59	0.00965	0.04718	2.63	88180	4160	431035	2274588	25.79
2010-2019	60-64	0.01268	0.06155	2.61	84019	5171	407747	1843553	21.94
2010-2019	65-69	0.01759	0.08439	2.61	78848	6654	378323	1435806	18.21
2010-2019	70-74	0.02586	0.12192	2.66	72194	8802	340415	1057483	14.65
2010-2019	75-79	0.04178	0.18973	2.58	63392	12027	287862	717067	11.31
2010-2019	80-84	0.07255	0.30873	2.59	51365	15858	218568	429205	8.36
2010-2019	85-89	0.12674	0.47946	2.46	35507	17024	134324	210637	5.93
2010-2019	90-94	0.21071	0.66841	2.27	18483	12354	58631	76313	4.13
2010-2019	95-99	0.32753	0.82589	2	6129	5062	15454	17681	2.89
2010-2019	100-104	0.46978	0.92152	1.7	1067	983	2093	2228	2.09
2010-2019	105-109	0.61818	0.96583	1.44	84	81	131	135	1.61
2010-2019	110+	0.73225	1.00000	1.37	3	3	4	4	1.37
2020-2022	0	0.00627	0.00623	0.06	100000	623	99415	7382319	73.82
2020-2022	1-4	0.00024	0.00096	1.61	99377	96	397279	7282904	73.29
2020-2022	5-9	0.00010	0.00051	1.72	99281	51	496239	6885625	69.35
2020-2022	10-14	0.00013	0.00064	3.66	99230	63	496066	6389386	64.39
2020-2022	15-19	0.00095	0.00475	3.04	99167	471	494912	5893319	59.43
2020-2022	20-24	0.00184	0.00915	2.68	98695	903	491383	5398407	54.70
2020-2022	25-29	0.00239	0.01188	2.54	97792	1162	486099	4907024	50.18
2020-2022	30-34	0.00321	0.01593	2.53	96630	1539	479358	4420925	45.75
2020-2022	35-39	0.00356	0.01764	2.62	95091	1677	471471	3941567	41.45
2020-2022	40-44	0.00422	0.02089	2.58	93414	1951	462346	3470096	37.15
2020-2022	45-49	0.00562	0.02772	2.48	91463	2536	450913	3007750	32.88
2020-2022	50-54	0.00828	0.04063	2.69	88927	3613	436274	2556836	28.75
2020-2022	55-59	0.01056	0.05152	2.61	85314	4395	416066	2120562	24.86
2020-2022	60-64	0.01515	0.07319	2.68	80919	5923	390860	1704496	21.06
2020-2022	65-69	0.01967	0.09394	2.63	74996	7045	358255	1313636	17.52
2020-2022	70-74	0.02844	0.13323	2.64	67951	9053	318361	955381	14.06
2020-2022	75-79	0.04708	0.21206	2.66	58898	12490	265311	637020	10.82
2020-2022	80-84	0.07771	0.32702	2.58	46408	15177	195293	371709	8.01
2020-2022	85-89	0.13600	0.50453	2.44	31232	15757	115866	176416	5.65
2020-2022	90-94	0.22563	0.69454	2.23	15474	10748	47634	60550	3.91
2020-2022	95-99	0.34857	0.84539	1.95	4727	3996	11464	12916	2.73
2020-2022	100-104	0.49515	0.93209	1.66	731	681	1376	1452	1.99
2020-2022	105-109	0.64392	0.97047	1.4	50	48	75	77	1.55
2020-2022	110+	0.75554	1.00000	1.32	1	1	2	2	1.32
