LA: LA, Lifetables (period 5x5), Males Last modified: February 4 2025, MPv5 (May07) 

Year     	Age	mx	qx	ax	lx	dx	Lx	Tx	ex
1941-1944	0	0.05820	0.05561	0.2	100000	5561	95558	6021130	60.21
1941-1944	1-4	0.00321	0.01273	1.48	94439	1202	374726	5925572	62.75
1941-1944	5-9	0.00112	0.00557	2.33	93237	519	464800	5550847	59.53
1941-1944	10-14	0.00129	0.00643	2.7	92718	597	462214	5086047	54.86
1941-1944	15-19	0.00225	0.01122	2.73	92121	1033	458260	4623833	50.19
1941-1944	20-24	0.00355	0.01760	2.6	91088	1603	451584	4165573	45.73
1941-1944	25-29	0.00369	0.01827	2.47	89485	1635	443291	3713988	41.50
1941-1944	30-34	0.00406	0.02013	2.61	87850	1768	435027	3270697	37.23
1941-1944	35-39	0.00586	0.02888	2.62	86082	2486	424498	2835670	32.94
1941-1944	40-44	0.00791	0.03882	2.63	83596	3246	410289	2411171	28.84
1941-1944	45-49	0.01241	0.06027	2.63	80351	4842	390297	2000883	24.90
1941-1944	50-54	0.01840	0.08814	2.62	75508	6655	361682	1610586	21.33
1941-1944	55-59	0.02456	0.11576	2.52	68853	7971	324510	1248904	18.14
1941-1944	60-64	0.03368	0.15590	2.62	60882	9491	281844	924394	15.18
1941-1944	65-69	0.04768	0.21271	2.47	51391	10931	229278	642550	12.50
1941-1944	70-74	0.06511	0.28034	2.52	40460	11342	174213	413272	10.21
1941-1944	75-79	0.09017	0.36621	2.44	29117	10663	118249	239059	8.21
1941-1944	80-84	0.12723	0.47647	2.37	18454	8793	69111	120810	6.55
1941-1944	85-89	0.16536	0.56905	2.26	9661	5498	33247	51699	5.35
1941-1944	90-94	0.20714	0.65316	2.17	4164	2719	13129	18452	4.43
1941-1944	95-99	0.25608	0.73165	2.07	1444	1057	4126	5324	3.69
1941-1944	100-104	0.31191	0.80025	1.96	388	310	994	1198	3.09
1941-1944	105-109	0.37371	0.85638	1.84	77	66	177	204	2.63
1941-1944	110+	0.42373	1.00000	2.36	11	11	26	26	2.36
1945-1949	0	0.04570	0.04403	0.17	100000	4403	96335	6321980	63.22
1945-1949	1-4	0.00214	0.00850	1.56	95597	812	380403	6225645	65.12
1945-1949	5-9	0.00089	0.00443	2.25	94785	420	472770	5845242	61.67
1945-1949	10-14	0.00100	0.00497	2.75	94365	469	470771	5372472	56.93
1945-1949	15-19	0.00180	0.00896	2.67	93896	841	467520	4901701	52.20
1945-1949	20-24	0.00236	0.01175	2.56	93055	1094	462605	4434181	47.65
1945-1949	25-29	0.00263	0.01305	2.53	91961	1200	456837	3971576	43.19
1945-1949	30-34	0.00297	0.01477	2.61	90761	1340	450603	3514738	38.73
1945-1949	35-39	0.00455	0.02250	2.66	89421	2012	442394	3064135	34.27
1945-1949	40-44	0.00650	0.03200	2.63	87409	2797	430412	2621741	29.99
1945-1949	45-49	0.00985	0.04817	2.7	84612	4076	413674	2191329	25.90
1945-1949	50-54	0.01662	0.07994	2.62	80536	6438	387354	1777654	22.07
1945-1949	55-59	0.02373	0.11223	2.6	74098	8316	350489	1390300	18.76
1945-1949	60-64	0.02998	0.13952	2.52	65781	9178	306156	1039811	15.81
1945-1949	65-69	0.04488	0.20261	2.6	56604	11468	255510	733655	12.96
1945-1949	70-74	0.05906	0.25708	2.48	45135	11604	196464	478145	10.59
1945-1949	75-79	0.08787	0.35991	2.49	33532	12068	137350	281681	8.40
1945-1949	80-84	0.12073	0.45864	2.38	21463	9844	81534	144332	6.72
1945-1949	85-89	0.16058	0.55917	2.29	11619	6497	40461	62798	5.40
1945-1949	90-94	0.20873	0.65718	2.18	5122	3366	16127	22337	4.36
1945-1949	95-99	0.26650	0.74726	2.06	1756	1312	4924	6209	3.54
1945-1949	100-104	0.33332	0.82303	1.93	444	365	1096	1286	2.90
1945-1949	105-109	0.40748	0.88135	1.78	79	69	170	190	2.42
1945-1949	110+	0.46830	1.00000	2.14	9	9	20	20	2.14
1950-1954	0	0.03780	0.03662	0.15	100000	3662	96874	6435561	64.36
1950-1954	1-4	0.00171	0.00680	1.55	96338	655	383744	6338687	65.80
1950-1954	5-9	0.00072	0.00360	2.33	95683	345	477492	5954943	62.24
1950-1954	10-14	0.00081	0.00402	2.76	95338	384	475829	5477450	57.45
1950-1954	15-19	0.00164	0.00818	2.74	94954	777	473014	5001622	52.67
1950-1954	20-24	0.00234	0.01164	2.53	94177	1097	468176	4528608	48.09
1950-1954	25-29	0.00231	0.01148	2.51	93081	1068	462739	4060432	43.62
1950-1954	30-34	0.00274	0.01362	2.62	92012	1253	457074	3597693	39.10
1950-1954	35-39	0.00382	0.01894	2.64	90759	1719	449731	3140619	34.60
1950-1954	40-44	0.00584	0.02880	2.68	89040	2564	439258	2690888	30.22
1950-1954	45-49	0.00950	0.04647	2.67	86476	4018	423018	2251630	26.04
1950-1954	50-54	0.01501	0.07249	2.67	82458	5977	398341	1828612	22.18
1950-1954	55-59	0.02244	0.10640	2.57	76480	8138	362589	1430270	18.70
1950-1954	60-64	0.03212	0.14918	2.62	68342	10195	317407	1067682	15.62
1950-1954	65-69	0.04470	0.20109	2.51	58147	11693	261585	750275	12.90
1950-1954	70-74	0.06207	0.26919	2.54	46455	12505	201463	488690	10.52
1950-1954	75-79	0.08483	0.34816	2.43	33950	11820	139333	287227	8.46
1950-1954	80-84	0.12140	0.46097	2.39	22130	10201	84031	147893	6.68
1950-1954	85-89	0.16219	0.56296	2.28	11929	6715	41403	63862	5.35
1950-1954	90-94	0.21152	0.66230	2.18	5213	3453	16324	22459	4.31
1950-1954	95-99	0.27076	0.75306	2.05	1761	1326	4896	6135	3.48
1950-1954	100-104	0.33925	0.82871	1.91	435	360	1062	1239	2.85
1950-1954	105-109	0.41509	0.88627	1.77	74	66	159	177	2.37
1950-1954	110+	0.47734	1.00000	2.09	8	8	18	18	2.09
1955-1959	0	0.03691	0.03578	0.14	100000	3578	96938	6479181	64.79
1955-1959	1-4	0.00159	0.00633	1.49	96422	610	384160	6382243	66.19
1955-1959	5-9	0.00060	0.00298	2.32	95812	285	478296	5998083	62.60
1955-1959	10-14	0.00076	0.00382	2.81	95527	365	476835	5519787	57.78
1955-1959	15-19	0.00168	0.00837	2.73	95162	796	474005	5042952	52.99
1955-1959	20-24	0.00240	0.01193	2.54	94366	1126	469065	4568947	48.42
1955-1959	25-29	0.00237	0.01179	2.45	93240	1099	463400	4099882	43.97
1955-1959	30-34	0.00257	0.01278	2.63	92141	1178	457913	3636481	39.47
1955-1959	35-39	0.00374	0.01853	2.66	90963	1685	450874	3178568	34.94
1955-1959	40-44	0.00536	0.02645	2.68	89278	2362	440915	2727694	30.55
1955-1959	45-49	0.00897	0.04392	2.7	86916	3818	425805	2286779	26.31
1955-1959	50-54	0.01403	0.06789	2.65	83098	5641	402213	1860974	22.39
1955-1959	55-59	0.02102	0.10014	2.64	77457	7756	369009	1458761	18.83
1955-1959	60-64	0.03034	0.14134	2.59	69701	9852	324764	1089752	15.63
1955-1959	65-69	0.04756	0.21301	2.56	59849	12749	268078	764988	12.78
1955-1959	70-74	0.06042	0.26188	2.46	47100	12335	204168	496911	10.55
1955-1959	75-79	0.08582	0.35333	2.5	34766	12284	143127	292743	8.42
1955-1959	80-84	0.12430	0.46841	2.37	22482	10531	84721	149616	6.65
1955-1959	85-89	0.16180	0.56124	2.27	11951	6708	41455	64895	5.43
1955-1959	90-94	0.20452	0.64865	2.18	5244	3401	16631	23439	4.47
1955-1959	95-99	0.25492	0.73028	2.08	1842	1345	5278	6809	3.70
1955-1959	100-104	0.31272	0.80139	1.96	497	398	1273	1531	3.08
1955-1959	105-109	0.37688	0.85907	1.83	99	85	225	257	2.61
1955-1959	110+	0.42899	1.00000	2.33	14	14	32	32	2.33
1960-1964	0	0.03524	0.03421	0.14	100000	3421	97057	6480071	64.80
1960-1964	1-4	0.00145	0.00580	1.5	96579	560	384919	6383014	66.09
1960-1964	5-9	0.00053	0.00264	2.42	96019	253	479443	5998094	62.47
1960-1964	10-14	0.00064	0.00318	2.68	95766	304	478126	5518651	57.63
1960-1964	15-19	0.00152	0.00757	2.86	95462	723	475763	5040526	52.80
1960-1964	20-24	0.00233	0.01158	2.5	94739	1097	470947	4564763	48.18
1960-1964	25-29	0.00236	0.01171	2.47	93642	1096	465436	4093816	43.72
1960-1964	30-34	0.00269	0.01335	2.61	92545	1235	459771	3628380	39.21
1960-1964	35-39	0.00368	0.01824	2.63	91310	1666	452596	3168609	34.70
1960-1964	40-44	0.00553	0.02729	2.63	89644	2447	442423	2716013	30.30
1960-1964	45-49	0.00882	0.04321	2.69	87198	3768	427269	2273589	26.07
1960-1964	50-54	0.01432	0.06928	2.64	83430	5780	403518	1846320	22.13
1960-1964	55-59	0.02084	0.09924	2.61	77650	7706	369853	1442802	18.58
1960-1964	60-64	0.03159	0.14692	2.62	69944	10276	325306	1072949	15.34
1960-1964	65-69	0.04721	0.21135	2.52	59668	12611	267123	747643	12.53
1960-1964	70-74	0.06537	0.28100	2.5	47057	13223	202284	480519	10.21
1960-1964	75-79	0.08380	0.34508	2.44	33834	11675	139324	278236	8.22
1960-1964	80-84	0.12894	0.48178	2.38	22158	10676	82793	138911	6.27
1960-1964	85-89	0.17933	0.60124	2.26	11483	6904	38500	56118	4.89
1960-1964	90-94	0.23977	0.71016	2.13	4579	3252	13562	17618	3.85
1960-1964	95-99	0.31248	0.80350	1.98	1327	1066	3413	4056	3.06
1960-1964	100-104	0.39555	0.87465	1.81	261	228	577	643	2.47
1960-1964	105-109	0.48513	0.92321	1.65	33	30	62	67	2.04
1960-1964	110+	0.55849	1.00000	1.79	3	3	4	4	1.79
1965-1969	0	0.03041	0.02962	0.13	100000	2962	97413	6434889	64.35
1965-1969	1-4	0.00133	0.00529	1.66	97038	513	386950	6337476	65.31
1965-1969	5-9	0.00058	0.00290	2.25	96525	280	481854	5950526	61.65
1965-1969	10-14	0.00069	0.00346	2.84	96245	333	480508	5468671	56.82
1965-1969	15-19	0.00204	0.01016	2.91	95912	974	477525	4988163	52.01
1965-1969	20-24	0.00269	0.01336	2.53	94938	1268	471559	4510638	47.51
1965-1969	25-29	0.00275	0.01364	2.51	93670	1277	465166	4039079	43.12
1965-1969	30-34	0.00297	0.01475	2.56	92393	1363	458634	3573913	38.68
1965-1969	35-39	0.00416	0.02060	2.66	91030	1875	450758	3115280	34.22
1965-1969	40-44	0.00605	0.02983	2.66	89155	2660	439558	2664522	29.89
1965-1969	45-49	0.00962	0.04705	2.66	86495	4069	422969	2224964	25.72
1965-1969	50-54	0.01453	0.07023	2.62	82426	5789	398340	1801995	21.86
1965-1969	55-59	0.02168	0.10310	2.63	76637	7901	364426	1403655	18.32
1965-1969	60-64	0.03188	0.14806	2.6	68736	10177	319209	1039229	15.12
1965-1969	65-69	0.04771	0.21347	2.54	58559	12501	262032	720020	12.30
1965-1969	70-74	0.06687	0.28650	2.5	46058	13196	197339	457988	9.94
1965-1969	75-79	0.09210	0.37157	2.4	32863	12211	132586	260650	7.93
1965-1969	80-84	0.13215	0.49020	2.37	20652	10123	76606	128063	6.20
1965-1969	85-89	0.18048	0.60315	2.25	10528	6350	35185	51457	4.89
1965-1969	90-94	0.23730	0.70574	2.13	4178	2949	12426	16272	3.89
1965-1969	95-99	0.30507	0.79489	1.99	1229	977	3204	3846	3.13
1965-1969	100-104	0.38229	0.86470	1.83	252	218	570	643	2.55
1965-1969	105-109	0.46593	0.91421	1.68	34	31	67	72	2.12
1965-1969	110+	0.53445	1.00000	1.87	3	3	5	5	1.87
1970-1974	0	0.02484	0.02430	0.11	100000	2430	97841	6535396	65.35
1970-1974	1-4	0.00106	0.00424	1.7	97570	414	389329	6437555	65.98
1970-1974	5-9	0.00058	0.00288	2.47	97156	279	485075	6048226	62.25
1970-1974	10-14	0.00064	0.00320	2.79	96877	310	483698	5563151	57.43
1970-1974	15-19	0.00190	0.00947	2.83	96567	915	480851	5079453	52.60
1970-1974	20-24	0.00250	0.01243	2.56	95652	1189	475356	4598602	48.08
1970-1974	25-29	0.00258	0.01283	2.48	94463	1212	469266	4123246	43.65
1970-1974	30-34	0.00295	0.01464	2.57	93251	1365	462934	3653981	39.18
1970-1974	35-39	0.00408	0.02021	2.62	91886	1857	455016	3191047	34.73
1970-1974	40-44	0.00562	0.02775	2.64	90029	2498	444247	2736031	30.39
1970-1974	45-49	0.00922	0.04513	2.67	87531	3950	428460	2291784	26.18
1970-1974	50-54	0.01381	0.06686	2.62	83580	5589	404591	1863324	22.29
1970-1974	55-59	0.02083	0.09922	2.61	77992	7738	371475	1458733	18.70
1970-1974	60-64	0.03123	0.14530	2.6	70253	10208	326810	1087258	15.48
1970-1974	65-69	0.04465	0.20104	2.53	60046	12072	270362	760448	12.66
1970-1974	70-74	0.06409	0.27630	2.51	47974	13255	206811	490086	10.22
1970-1974	75-79	0.08818	0.36054	2.47	34719	12518	141954	283276	8.16
1970-1974	80-84	0.12751	0.47807	2.38	22201	10614	83237	141322	6.37
1970-1974	85-89	0.17439	0.59051	2.27	11588	6843	39238	58085	5.01
1970-1974	90-94	0.23147	0.69676	2.14	4745	3306	14284	18847	3.97
1970-1974	95-99	0.30012	0.78964	2	1439	1136	3786	4563	3.17
1970-1974	100-104	0.37887	0.86242	1.84	303	261	689	778	2.57
1970-1974	105-109	0.46454	0.91375	1.68	42	38	82	89	2.13
1970-1974	110+	0.53486	1.00000	1.87	4	4	7	7	1.87
1975-1979	0	0.02011	0.01975	0.1	100000	1975	98221	6681007	66.81
1975-1979	1-4	0.00089	0.00355	1.63	98025	348	391275	6582787	67.15
1975-1979	5-9	0.00045	0.00226	2.35	97677	221	487800	6191512	63.39
1975-1979	10-14	0.00059	0.00297	2.83	97456	289	486651	5703713	58.53
1975-1979	15-19	0.00178	0.00889	2.86	97167	864	483988	5217062	53.69
1975-1979	20-24	0.00246	0.01224	2.53	96303	1179	478604	4733074	49.15
1975-1979	25-29	0.00252	0.01250	2.46	95124	1189	472598	4254469	44.73
1975-1979	30-34	0.00258	0.01281	2.55	93935	1203	466722	3781872	40.26
1975-1979	35-39	0.00355	0.01761	2.6	92732	1633	459732	3315149	35.75
1975-1979	40-44	0.00527	0.02602	2.66	91098	2370	449955	2855418	31.34
1975-1979	45-49	0.00816	0.04004	2.67	88728	3552	435358	2405462	27.11
1975-1979	50-54	0.01283	0.06224	2.64	85176	5302	413382	1970104	23.13
1975-1979	55-59	0.01878	0.08986	2.61	79874	7177	382219	1556722	19.49
1975-1979	60-64	0.02803	0.13129	2.59	72697	9544	340490	1174503	16.16
1975-1979	65-69	0.04137	0.18800	2.58	63153	11873	286978	834013	13.21
1975-1979	70-74	0.05745	0.25131	2.51	51280	12887	224315	547035	10.67
1975-1979	75-79	0.08158	0.33802	2.47	38393	12978	159076	322720	8.41
1975-1979	80-84	0.12524	0.47196	2.39	25415	11995	95775	163644	6.44
1975-1979	85-89	0.17201	0.58556	2.27	13420	7858	45686	67870	5.06
1975-1979	90-94	0.22996	0.69455	2.15	5562	3863	16799	22184	3.99
1975-1979	95-99	0.30001	0.78976	2	1699	1342	4472	5385	3.17
1975-1979	100-104	0.38062	0.86393	1.84	357	309	811	913	2.56
1975-1979	105-109	0.46837	0.91571	1.67	49	45	95	103	2.11
1975-1979	110+	0.54044	1.00000	1.85	4	4	8	8	1.85
1980-1984	0	0.01488	0.01468	0.08	100000	1468	98657	6833539	68.34
1980-1984	1-4	0.00080	0.00321	1.65	98532	316	393387	6734882	68.35
1980-1984	5-9	0.00038	0.00190	2.45	98216	187	490604	6341495	64.57
1980-1984	10-14	0.00048	0.00239	2.67	98029	234	489599	5850891	59.69
1980-1984	15-19	0.00160	0.00796	2.94	97795	779	487370	5361292	54.82
1980-1984	20-24	0.00243	0.01208	2.57	97016	1172	482237	4873922	50.24
1980-1984	25-29	0.00242	0.01203	2.47	95844	1153	476303	4391684	45.82
1980-1984	30-34	0.00250	0.01244	2.57	94691	1178	470593	3915381	41.35
1980-1984	35-39	0.00300	0.01491	2.62	93513	1394	464239	3444788	36.84
1980-1984	40-44	0.00462	0.02284	2.67	92118	2104	455684	2980550	32.36
1980-1984	45-49	0.00702	0.03452	2.65	90014	3107	442776	2524865	28.05
1980-1984	50-54	0.01102	0.05372	2.65	86907	4668	423588	2082089	23.96
1980-1984	55-59	0.01698	0.08164	2.66	82239	6714	395454	1658501	20.17
1980-1984	60-64	0.02463	0.11623	2.59	75525	8778	356428	1263048	16.72
1980-1984	65-69	0.03787	0.17350	2.59	66747	11581	305795	906620	13.58
1980-1984	70-74	0.05568	0.24496	2.55	55166	13513	242714	600825	10.89
1980-1984	75-79	0.07799	0.32618	2.49	41653	13586	174201	358111	8.60
1980-1984	80-84	0.12127	0.46106	2.4	28067	12940	106707	183910	6.55
1980-1984	85-89	0.16879	0.57901	2.29	15126	8758	51889	77203	5.10
1980-1984	90-94	0.22988	0.69505	2.16	6368	4426	19253	25315	3.98
1980-1984	95-99	0.30457	0.79550	2	1942	1545	5072	6061	3.12
1980-1984	100-104	0.39094	0.87193	1.82	397	346	886	990	2.49
1980-1984	105-109	0.48472	0.92340	1.65	51	47	97	104	2.04
1980-1984	110+	0.56174	1.00000	1.78	4	4	7	7	1.78
1985-1989	0	0.01305	0.01289	0.08	100000	1289	98814	6918630	69.19
1985-1989	1-4	0.00069	0.00275	1.71	98711	271	394222	6819816	69.09
1985-1989	5-9	0.00032	0.00161	2.5	98439	158	491803	6425594	65.27
1985-1989	10-14	0.00048	0.00240	2.73	98281	236	490873	5933791	60.38
1985-1989	15-19	0.00143	0.00711	2.9	98046	698	488764	5442918	55.51
1985-1989	20-24	0.00215	0.01068	2.55	97348	1040	484192	4954154	50.89
1985-1989	25-29	0.00223	0.01110	2.53	96309	1069	478903	4469961	46.41
1985-1989	30-34	0.00261	0.01295	2.59	95240	1234	473229	3991058	41.91
1985-1989	35-39	0.00302	0.01500	2.57	94006	1410	466604	3517829	37.42
1985-1989	40-44	0.00428	0.02121	2.69	92596	1964	458446	3051225	32.95
1985-1989	45-49	0.00640	0.03154	2.71	90632	2859	446605	2592779	28.61
1985-1989	50-54	0.00999	0.04879	2.61	87774	4283	428628	2146174	24.45
1985-1989	55-59	0.01599	0.07704	2.65	83491	6432	402345	1717546	20.57
1985-1989	60-64	0.02354	0.11141	2.61	77059	8585	364736	1315201	17.07
1985-1989	65-69	0.03589	0.16500	2.56	68474	11298	314826	950464	13.88
1985-1989	70-74	0.05238	0.23235	2.57	57176	13285	253635	635638	11.12
1985-1989	75-79	0.07765	0.32483	2.49	43891	14257	183611	382004	8.70
1985-1989	80-84	0.11536	0.44446	2.42	29634	13171	114174	198393	6.69
1985-1989	85-89	0.16644	0.57456	2.31	16463	9459	56830	84219	5.12
1985-1989	90-94	0.23300	0.70103	2.16	7004	4910	21073	27389	3.91
1985-1989	95-99	0.31556	0.80827	1.98	2094	1693	5364	6316	3.02
1985-1989	100-104	0.41136	0.88631	1.79	401	356	865	953	2.37
1985-1989	105-109	0.51449	0.93561	1.6	46	43	83	88	1.93
1985-1989	110+	0.59876	1.00000	1.67	3	3	5	5	1.67
1990-1994	0	0.01222	0.01209	0.08	100000	1209	98885	6932308	69.32
1990-1994	1-4	0.00064	0.00256	1.7	98791	253	394582	6833423	69.17
1990-1994	5-9	0.00030	0.00152	2.33	98538	150	492289	6438841	65.34
1990-1994	10-14	0.00042	0.00208	3.07	98388	204	491546	5946552	60.44
1990-1994	15-19	0.00186	0.00929	2.91	98184	912	489011	5455006	55.56
1990-1994	20-24	0.00260	0.01293	2.52	97272	1257	483236	4965995	51.05
1990-1994	25-29	0.00266	0.01320	2.58	96015	1268	477009	4482758	46.69
1990-1994	30-34	0.00308	0.01526	2.52	94747	1446	470151	4005750	42.28
1990-1994	35-39	0.00359	0.01781	2.55	93301	1662	462429	3535599	37.89
1990-1994	40-44	0.00433	0.02144	2.59	91639	1965	453459	3073170	33.54
1990-1994	45-49	0.00623	0.03070	2.63	89675	2753	441839	2619711	29.21
1990-1994	50-54	0.00942	0.04608	2.63	86922	4005	425104	2177872	25.06
1990-1994	55-59	0.01492	0.07207	2.64	82917	5975	400456	1752768	21.14
1990-1994	60-64	0.02226	0.10566	2.61	76941	8130	365274	1352312	17.58
1990-1994	65-69	0.03328	0.15408	2.6	68811	10602	318570	987038	14.34
1990-1994	70-74	0.04854	0.21727	2.59	58209	12647	260568	668468	11.48
1990-1994	75-79	0.07118	0.30197	2.49	45562	13758	193285	407900	8.95
1990-1994	80-84	0.11393	0.44040	2.42	31803	14006	122937	214615	6.75
1990-1994	85-89	0.16470	0.57062	2.31	17797	10155	61661	91678	5.15
1990-1994	90-94	0.23151	0.69880	2.16	7642	5340	23066	30017	3.93
1990-1994	95-99	0.31500	0.80787	1.99	2302	1859	5903	6951	3.02
1990-1994	100-104	0.41212	0.88693	1.79	442	392	952	1048	2.37
1990-1994	105-109	0.51672	0.93650	1.6	50	47	91	96	1.92
1990-1994	110+	0.60216	1.00000	1.66	3	3	5	5	1.66
1995-1999	0	0.01076	0.01065	0.07	100000	1065	99013	7042178	70.42
1995-1999	1-4	0.00057	0.00227	1.63	98935	225	395207	6943165	70.18
1995-1999	5-9	0.00026	0.00128	2.48	98710	126	493232	6547958	66.34
1995-1999	10-14	0.00036	0.00182	3	98584	180	492560	6054726	61.42
1995-1999	15-19	0.00149	0.00742	3.04	98404	730	490591	5562165	56.52
1995-1999	20-24	0.00227	0.01128	2.47	97674	1101	485579	5071575	51.92
1995-1999	25-29	0.00233	0.01156	2.49	96573	1117	480060	4585996	47.49
1995-1999	30-34	0.00261	0.01297	2.6	95456	1238	474310	4105935	43.01
1995-1999	35-39	0.00329	0.01633	2.61	94218	1539	467408	3631625	38.54
1995-1999	40-44	0.00434	0.02146	2.63	92679	1989	458680	3164217	34.14
1995-1999	45-49	0.00608	0.02995	2.66	90690	2716	447089	2705537	29.83
1995-1999	50-54	0.00863	0.04229	2.67	87974	3721	431199	2258448	25.67
1995-1999	55-59	0.01375	0.06660	2.63	84253	5612	407972	1827249	21.69
1995-1999	60-64	0.02050	0.09782	2.66	78642	7693	375206	1419276	18.05
1995-1999	65-69	0.03082	0.14351	2.6	70949	10182	330312	1044071	14.72
1995-1999	70-74	0.04480	0.20201	2.57	60767	12276	273983	713758	11.75
1995-1999	75-79	0.06795	0.29101	2.53	48491	14112	207666	439775	9.07
1995-1999	80-84	0.11000	0.43004	2.46	34380	14785	134402	232110	6.75
1995-1999	85-89	0.16952	0.58164	2.3	19595	11397	67235	97708	4.99
1995-1999	90-94	0.24541	0.72191	2.15	8198	5918	24115	30474	3.72
1995-1999	95-99	0.34319	0.83667	1.94	2280	1907	5558	6359	2.79
1995-1999	100-104	0.45608	0.91239	1.71	372	340	745	801	2.15
1995-1999	105-109	0.57410	0.95454	1.5	33	31	54	56	1.73
1995-1999	110+	0.66819	1.00000	1.5	1	1	2	2	1.50
2000-2004	0	0.01094	0.01083	0.07	100000	1083	98997	7101254	71.01
2000-2004	1-4	0.00053	0.00211	1.64	98917	209	395174	7002257	70.79
2000-2004	5-9	0.00028	0.00139	2.45	98708	138	493190	6607083	66.94
2000-2004	10-14	0.00033	0.00163	2.86	98570	160	492509	6113893	62.03
2000-2004	15-19	0.00135	0.00671	3.08	98410	661	490780	5621384	57.12
2000-2004	20-24	0.00222	0.01104	2.5	97750	1079	486054	5130604	52.49
2000-2004	25-29	0.00237	0.01178	2.47	96670	1139	480475	4644550	48.05
2000-2004	30-34	0.00245	0.01217	2.56	95532	1162	474826	4164075	43.59
2000-2004	35-39	0.00314	0.01558	2.6	94369	1470	468318	3689250	39.09
2000-2004	40-44	0.00426	0.02110	2.68	92899	1960	459955	3220932	34.67
2000-2004	45-49	0.00616	0.03035	2.65	90939	2760	448210	2760977	30.36
2000-2004	50-54	0.00872	0.04270	2.58	88178	3765	431763	2312768	26.23
2000-2004	55-59	0.01291	0.06266	2.66	84413	5290	409696	1881005	22.28
2000-2004	60-64	0.01911	0.09136	2.61	79123	7229	378370	1471309	18.60
2000-2004	65-69	0.02756	0.12916	2.57	71894	9286	336878	1092939	15.20
2000-2004	70-74	0.04123	0.18726	2.55	62609	11724	284344	756061	12.08
2000-2004	75-79	0.06390	0.27627	2.55	50884	14058	220007	471717	9.27
2000-2004	80-84	0.10579	0.41781	2.49	36827	15387	145446	251710	6.83
2000-2004	85-89	0.16771	0.58019	2.34	21440	12439	74172	106264	4.96
2000-2004	90-94	0.25626	0.73937	2.14	9001	6655	25969	32092	3.57
2000-2004	95-99	0.36863	0.85951	1.9	2346	2016	5470	6123	2.61
2000-2004	100-104	0.49719	0.93131	1.64	330	307	617	653	1.98
2000-2004	105-109	0.62699	0.96672	1.42	23	22	35	36	1.59
2000-2004	110+	0.72669	1.00000	1.38	1	1	1	1	1.38
2005-2009	0	0.01066	0.01056	0.07	100000	1056	99022	7171469	71.71
2005-2009	1-4	0.00050	0.00200	1.58	98944	198	395299	7072447	71.48
2005-2009	5-9	0.00022	0.00111	2.43	98746	110	493450	6677148	67.62
2005-2009	10-14	0.00033	0.00164	2.81	98637	162	492827	6183698	62.69
2005-2009	15-19	0.00132	0.00660	3.04	98475	650	491097	5690871	57.79
2005-2009	20-24	0.00239	0.01187	2.56	97825	1162	486288	5199774	53.15
2005-2009	25-29	0.00252	0.01253	2.55	96663	1211	480349	4713486	48.76
2005-2009	30-34	0.00258	0.01283	2.48	95452	1224	474171	4233137	44.35
2005-2009	35-39	0.00308	0.01527	2.62	94228	1439	467717	3758965	39.89
2005-2009	40-44	0.00425	0.02104	2.66	92789	1952	459366	3291249	35.47
2005-2009	45-49	0.00599	0.02955	2.63	90836	2684	447808	2831883	31.18
2005-2009	50-54	0.00871	0.04268	2.59	88152	3762	431700	2384074	27.05
2005-2009	55-59	0.01229	0.05969	2.6	84390	5037	409872	1952374	23.14
2005-2009	60-64	0.01734	0.08329	2.64	79353	6609	381135	1542502	19.44
2005-2009	65-69	0.02474	0.11669	2.56	72743	8488	343038	1161366	15.97
2005-2009	70-74	0.03769	0.17277	2.59	64255	11102	294514	818328	12.74
2005-2009	75-79	0.05576	0.24539	2.56	53153	13043	233910	523813	9.85
2005-2009	80-84	0.09504	0.38428	2.51	40110	15413	162180	289903	7.23
2005-2009	85-89	0.15600	0.55454	2.39	24696	13695	87788	127723	5.17
2005-2009	90-94	0.24936	0.73064	2.17	11001	8038	32234	39935	3.63
2005-2009	95-99	0.36966	0.86149	1.9	2963	2553	6906	7702	2.60
2005-2009	100-104	0.50852	0.93628	1.63	410	384	756	796	1.94
2005-2009	105-109	0.64726	0.97066	1.39	26	25	39	40	1.54
2005-2009	110+	0.75158	1.00000	1.33	1	1	1	1	1.33
2010-2014	0	0.00878	0.00871	0.07	100000	871	99189	7292264	72.92
2010-2014	1-4	0.00047	0.00187	1.61	99129	186	396071	7193075	72.56
2010-2014	5-9	0.00018	0.00089	2.14	98943	88	494464	6797004	68.70
2010-2014	10-14	0.00025	0.00123	2.96	98855	122	494028	6302540	63.76
2010-2014	15-19	0.00101	0.00504	2.97	98733	498	492657	5808512	58.83
2010-2014	20-24	0.00182	0.00907	2.59	98235	891	489032	5315855	54.11
2010-2014	25-29	0.00203	0.01012	2.57	97345	985	484331	4826823	49.58
2010-2014	30-34	0.00233	0.01157	2.52	96360	1115	479035	4342492	45.07
2010-2014	35-39	0.00272	0.01349	2.62	95245	1285	473160	3863457	40.56
2010-2014	40-44	0.00359	0.01780	2.61	93960	1673	465802	3390297	36.08
2010-2014	45-49	0.00542	0.02675	2.64	92287	2469	455612	2924495	31.69
2010-2014	50-54	0.00862	0.04224	2.61	89818	3794	440021	2468883	27.49
2010-2014	55-59	0.01238	0.06012	2.62	86024	5172	417824	2028862	23.58
2010-2014	60-64	0.01684	0.08095	2.6	80853	6545	388587	1611038	19.93
2010-2014	65-69	0.02353	0.11140	2.62	74307	8278	351877	1222451	16.45
2010-2014	70-74	0.03527	0.16256	2.59	66029	10734	304297	870575	13.18
2010-2014	75-79	0.05243	0.23235	2.55	55296	12848	245052	566277	10.24
2010-2014	80-84	0.08786	0.36149	2.55	42448	15344	174638	321225	7.57
2010-2014	85-89	0.14612	0.53044	2.42	27103	14377	98389	146587	5.41
2010-2014	90-94	0.23625	0.71088	2.2	12726	9047	38294	48198	3.79
2010-2014	95-99	0.35515	0.85007	1.93	3679	3128	8807	9904	2.69
2010-2014	100-104	0.49478	0.93134	1.65	552	514	1038	1098	1.99
2010-2014	105-109	0.63636	0.96890	1.41	38	37	58	59	1.56
2010-2014	110+	0.74372	1.00000	1.34	1	1	2	2	1.34
2015-2019	0	0.00845	0.00839	0.07	100000	839	99218	7286652	72.87
2015-2019	1-4	0.00045	0.00180	1.57	99161	178	396212	7187434	72.48
2015-2019	5-9	0.00019	0.00097	2.24	98983	96	494651	6791221	68.61
2015-2019	10-14	0.00025	0.00126	2.9	98887	124	494174	6296570	63.67
2015-2019	15-19	0.00107	0.00534	3.05	98763	527	492786	5802396	58.75
2015-2019	20-24	0.00195	0.00973	2.6	98236	956	488879	5309611	54.05
2015-2019	25-29	0.00217	0.01078	2.57	97280	1049	483853	4820731	49.56
2015-2019	30-34	0.00263	0.01307	2.58	96231	1258	478112	4336878	45.07
2015-2019	35-39	0.00324	0.01608	2.56	94973	1527	471132	3858766	40.63
2015-2019	40-44	0.00395	0.01958	2.53	93446	1830	462713	3387635	36.25
2015-2019	45-49	0.00546	0.02693	2.63	91616	2467	452240	2924922	31.93
2015-2019	50-54	0.00829	0.04066	2.66	89149	3625	437268	2472682	27.74
2015-2019	55-59	0.01285	0.06234	2.61	85524	5331	414884	2035414	23.80
2015-2019	60-64	0.01755	0.08414	2.57	80193	6747	384553	1620530	20.21
2015-2019	65-69	0.02320	0.10982	2.58	73445	8066	347696	1235976	16.83
2015-2019	70-74	0.03335	0.15448	2.62	65379	10100	302850	888280	13.59
2015-2019	75-79	0.05022	0.22374	2.56	55279	12368	246276	585431	10.59
2015-2019	80-84	0.08200	0.34092	2.53	42911	14629	178406	339155	7.90
2015-2019	85-89	0.13601	0.50469	2.45	28282	14274	104942	160748	5.68
2015-2019	90-94	0.22169	0.68689	2.23	14008	9622	43403	55806	3.98
2015-2019	95-99	0.33579	0.83289	1.97	4386	3653	10880	12403	2.83
2015-2019	100-104	0.47236	0.92207	1.69	733	676	1431	1523	2.08
2015-2019	105-109	0.61416	0.96475	1.45	57	55	90	93	1.62
2015-2019	110+	0.72374	1.00000	1.38	2	2	3	3	1.38
2020-2022	0	0.00795	0.00789	0.07	100000	789	99263	6988489	69.88
2020-2022	1-4	0.00045	0.00179	1.55	99211	178	396408	6889226	69.44
2020-2022	5-9	0.00018	0.00087	2.4	99033	87	494939	6492818	65.56
2020-2022	10-14	0.00030	0.00148	3.07	98946	146	494448	5997879	60.62
2020-2022	15-19	0.00152	0.00759	3.07	98800	750	492555	5503431	55.70
2020-2022	20-24	0.00255	0.01265	2.52	98050	1240	487171	5010876	51.11
2020-2022	25-29	0.00324	0.01606	2.61	96810	1555	480335	4523705	46.73
2020-2022	30-34	0.00391	0.01935	2.58	95256	1843	471817	4043371	42.45
2020-2022	35-39	0.00480	0.02373	2.55	93412	2216	461624	3571554	38.23
2020-2022	40-44	0.00610	0.03008	2.58	91196	2743	449344	3109930	34.10
2020-2022	45-49	0.00768	0.03771	2.56	88453	3336	434138	2660586	30.08
2020-2022	50-54	0.01031	0.05032	2.62	85117	4283	415388	2226448	26.16
2020-2022	55-59	0.01491	0.07196	2.61	80834	5817	390277	1811061	22.40
2020-2022	60-64	0.02104	0.10017	2.61	75017	7514	357153	1420783	18.94
2020-2022	65-69	0.02820	0.13190	2.56	67502	8904	315759	1063630	15.76
2020-2022	70-74	0.03814	0.17443	2.55	58599	10221	267995	747871	12.76
2020-2022	75-79	0.05861	0.25679	2.59	48377	12423	211964	479876	9.92
2020-2022	80-84	0.09191	0.37383	2.51	35955	13441	146247	267912	7.45
2020-2022	85-89	0.14601	0.52913	2.4	22514	11913	81588	121665	5.40
2020-2022	90-94	0.23733	0.71209	2.19	10601	7549	31807	40078	3.78
2020-2022	95-99	0.35279	0.84760	1.94	3052	2587	7333	8270	2.71
2020-2022	100-104	0.48812	0.92840	1.66	465	432	885	938	2.02
2020-2022	105-109	0.62620	0.96691	1.43	33	32	51	53	1.59
2020-2022	110+	0.73198	1.00000	1.37	1	1	2	2	1.37
