MD: MD, Lifetables (period 5x10), Both sexes Last modified: February 4 2025, MPv5 (May07) 

Year     	Age	mx	qx	ax	lx	dx	Lx	Tx	ex
1941-1949	0	0.03932	0.03805	0.16	100000	3805	96793	6424192	64.24
1941-1949	1-4	0.00208	0.00829	1.58	96195	797	382852	6327399	65.78
1941-1949	5-9	0.00090	0.00448	2.3	95397	427	475832	5944548	62.31
1941-1949	10-14	0.00081	0.00403	2.74	94970	383	473987	5468716	57.58
1941-1949	15-19	0.00162	0.00808	2.68	94588	764	471166	4994729	52.81
1941-1949	20-24	0.00207	0.01032	2.54	93823	968	466736	4523563	48.21
1941-1949	25-29	0.00231	0.01148	2.56	92855	1066	461680	4056827	43.69
1941-1949	30-34	0.00295	0.01465	2.61	91790	1345	455734	3595148	39.17
1941-1949	35-39	0.00424	0.02101	2.66	90445	1900	447782	3139414	34.71
1941-1949	40-44	0.00654	0.03219	2.65	88544	2850	436016	2691632	30.40
1941-1949	45-49	0.00965	0.04717	2.64	85694	4042	418921	2255616	26.32
1941-1949	50-54	0.01445	0.06982	2.61	81651	5701	394626	1836695	22.49
1941-1949	55-59	0.02002	0.09552	2.6	75951	7255	362342	1442068	18.99
1941-1949	60-64	0.02899	0.13550	2.59	68696	9308	321066	1079726	15.72
1941-1949	65-69	0.04239	0.19210	2.56	59388	11408	269104	758660	12.77
1941-1949	70-74	0.06123	0.26594	2.53	47979	12760	208379	489556	10.20
1941-1949	75-79	0.09021	0.36701	2.46	35220	12926	143286	281177	7.98
1941-1949	80-84	0.12886	0.48291	2.41	22294	10766	83547	137890	6.19
1941-1949	85-89	0.18509	0.61427	2.26	11528	7081	38258	54343	4.71
1941-1949	90-94	0.25584	0.73531	2.11	4447	3270	12780	16086	3.62
1941-1949	95-99	0.34197	0.83380	1.93	1177	981	2870	3306	2.81
1941-1949	100-104	0.43998	0.90281	1.73	196	177	401	436	2.23
1941-1949	105-109	0.54337	0.94512	1.55	19	18	33	35	1.83
1941-1949	110+	0.62709	1.00000	1.59	1	1	2	2	1.59
1950-1959	0	0.02837	0.02769	0.13	100000	2769	97583	6817070	68.17
1950-1959	1-4	0.00116	0.00463	1.6	97231	450	387846	6719487	69.11
1950-1959	5-9	0.00053	0.00267	2.31	96782	258	483214	6331641	65.42
1950-1959	10-14	0.00045	0.00226	2.68	96524	218	482112	5848427	60.59
1950-1959	15-19	0.00089	0.00445	2.71	96306	429	480550	5366315	55.72
1950-1959	20-24	0.00119	0.00594	2.54	95877	570	477982	4885766	50.96
1950-1959	25-29	0.00136	0.00680	2.57	95307	648	474963	4407784	46.25
1950-1959	30-34	0.00182	0.00905	2.65	94659	857	471279	3932821	41.55
1950-1959	35-39	0.00275	0.01369	2.68	93802	1284	466027	3461542	36.90
1950-1959	40-44	0.00442	0.02185	2.68	92518	2022	457906	2995515	32.38
1950-1959	45-49	0.00713	0.03505	2.68	90497	3172	445126	2537609	28.04
1950-1959	50-54	0.01114	0.05426	2.66	87325	4738	425524	2092483	23.96
1950-1959	55-59	0.01686	0.08107	2.63	82586	6695	397042	1666960	20.18
1950-1959	60-64	0.02484	0.11721	2.61	75891	8895	358158	1269918	16.73
1950-1959	65-69	0.03729	0.17103	2.58	66996	11458	307250	911760	13.61
1950-1959	70-74	0.05400	0.23844	2.55	55538	13242	245209	604510	10.88
1950-1959	75-79	0.08053	0.33526	2.5	42295	14180	176075	359301	8.50
1950-1959	80-84	0.11632	0.44833	2.44	28115	12605	108363	183226	6.52
1950-1959	85-89	0.17627	0.59743	2.3	15510	9266	52570	74863	4.83
1950-1959	90-94	0.25731	0.73944	2.12	6244	4617	17943	22293	3.57
1950-1959	95-99	0.35961	0.85109	1.91	1627	1385	3850	4350	2.67
1950-1959	100-104	0.47731	0.92245	1.67	242	223	468	499	2.06
1950-1959	105-109	0.59904	0.96067	1.46	19	18	30	31	1.66
1950-1959	110+	0.69514	1.00000	1.44	1	1	1	1	1.44
1960-1969	0	0.02448	0.02396	0.12	100000	2396	97882	6929376	69.29
1960-1969	1-4	0.00093	0.00370	1.66	97604	361	389570	6831493	69.99
1960-1969	5-9	0.00044	0.00222	2.31	97243	216	485636	6441923	66.25
1960-1969	10-14	0.00040	0.00201	2.72	97028	195	484692	5956287	61.39
1960-1969	15-19	0.00088	0.00439	2.83	96832	425	483239	5471595	56.51
1960-1969	20-24	0.00118	0.00586	2.54	96407	565	480644	4988356	51.74
1960-1969	25-29	0.00132	0.00659	2.57	95841	631	477672	4507712	47.03
1960-1969	30-34	0.00168	0.00837	2.65	95210	797	474182	4030040	42.33
1960-1969	35-39	0.00257	0.01277	2.63	94414	1205	469217	3555859	37.66
1960-1969	40-44	0.00411	0.02034	2.67	93208	1896	461630	3086642	33.12
1960-1969	45-49	0.00636	0.03133	2.67	91312	2861	449902	2625012	28.75
1960-1969	50-54	0.01030	0.05029	2.65	88451	4448	431784	2175110	24.59
1960-1969	55-59	0.01571	0.07574	2.64	84003	6362	405007	1743326	20.75
1960-1969	60-64	0.02344	0.11095	2.6	77641	8614	367521	1338318	17.24
1960-1969	65-69	0.03499	0.16116	2.55	69026	11124	317902	970797	14.06
1960-1969	70-74	0.05134	0.22812	2.56	57902	13208	257247	652895	11.28
1960-1969	75-79	0.07473	0.31444	2.48	44694	14054	188053	395648	8.85
1960-1969	80-84	0.11031	0.43075	2.46	30640	13198	119646	207595	6.78
1960-1969	85-89	0.16711	0.57684	2.32	17442	10061	60207	87950	5.04
1960-1969	90-94	0.24223	0.71692	2.15	7381	5291	21844	27743	3.76
1960-1969	95-99	0.33850	0.83241	1.95	2089	1739	5138	5899	2.82
1960-1969	100-104	0.45119	0.91007	1.72	350	319	706	761	2.17
1960-1969	105-109	0.57054	0.95374	1.51	31	30	53	55	1.74
1960-1969	110+	0.66648	1.00000	1.5	1	1	2	2	1.50
1970-1979	0	0.01619	0.01595	0.09	100000	1595	98553	7189462	71.89
1970-1979	1-4	0.00062	0.00247	1.7	98405	243	393058	7090909	72.06
1970-1979	5-9	0.00036	0.00179	2.3	98162	176	490332	6697851	68.23
1970-1979	10-14	0.00032	0.00159	2.78	97986	155	489584	6207518	63.35
1970-1979	15-19	0.00095	0.00473	2.85	97830	463	488156	5717935	58.45
1970-1979	20-24	0.00128	0.00638	2.49	97368	621	485281	5229779	53.71
1970-1979	25-29	0.00121	0.00601	2.53	96747	581	482299	4744498	49.04
1970-1979	30-34	0.00143	0.00714	2.59	96165	687	479171	4262198	44.32
1970-1979	35-39	0.00202	0.01004	2.68	95478	959	475168	3783027	39.62
1970-1979	40-44	0.00341	0.01693	2.72	94520	1600	468945	3307859	35.00
1970-1979	45-49	0.00552	0.02724	2.67	92919	2532	458693	2838914	30.55
1970-1979	50-54	0.00845	0.04145	2.66	90388	3747	443181	2380221	26.33
1970-1979	55-59	0.01301	0.06314	2.66	86641	5471	420409	1937039	22.36
1970-1979	60-64	0.01981	0.09457	2.62	81170	7677	387588	1516631	18.68
1970-1979	65-69	0.02979	0.13897	2.58	73494	10213	342801	1129042	15.36
1970-1979	70-74	0.04322	0.19546	2.56	63280	12369	286183	786241	12.42
1970-1979	75-79	0.06421	0.27707	2.53	50912	14106	219674	500058	9.82
1970-1979	80-84	0.09233	0.37475	2.49	36806	13793	149382	280384	7.62
1970-1979	85-89	0.14131	0.51563	2.38	23013	11866	83970	131002	5.69
1970-1979	90-94	0.20955	0.66287	2.23	11147	7389	35260	47032	4.22
1970-1979	95-99	0.30019	0.79371	2.03	3758	2983	9936	11772	3.13
1970-1979	100-104	0.41099	0.88802	1.8	775	688	1675	1836	2.37
1970-1979	105-109	0.53341	0.94338	1.57	87	82	154	161	1.86
1970-1979	110+	0.63424	1.00000	1.58	5	5	8	8	1.58
1980-1989	0	0.01209	0.01195	0.08	100000	1195	98902	7400891	74.01
1980-1989	1-4	0.00049	0.00197	1.66	98805	195	394763	7301989	73.90
1980-1989	5-9	0.00024	0.00120	2.35	98610	118	492735	6907226	70.05
1980-1989	10-14	0.00026	0.00128	2.84	98492	126	492186	6414491	65.13
1980-1989	15-19	0.00080	0.00399	2.88	98365	392	490995	5922305	60.21
1980-1989	20-24	0.00116	0.00577	2.54	97973	565	488475	5431310	55.44
1980-1989	25-29	0.00125	0.00623	2.51	97408	607	485529	4942834	50.74
1980-1989	30-34	0.00139	0.00695	2.57	96800	673	482369	4457306	46.05
1980-1989	35-39	0.00174	0.00867	2.62	96128	834	478654	3974937	41.35
1980-1989	40-44	0.00250	0.01243	2.66	95294	1184	473695	3496283	36.69
1980-1989	45-49	0.00401	0.01989	2.68	94110	1872	466205	3022587	32.12
1980-1989	50-54	0.00680	0.03346	2.7	92238	3086	454091	2556383	27.72
1980-1989	55-59	0.01102	0.05372	2.65	89152	4790	434499	2102292	23.58
1980-1989	60-64	0.01700	0.08169	2.63	84362	6892	405481	1667793	19.77
1980-1989	65-69	0.02543	0.11983	2.6	77471	9283	365056	1262312	16.29
1980-1989	70-74	0.03861	0.17660	2.58	68187	12042	311842	897256	13.16
1980-1989	75-79	0.05681	0.24913	2.53	56146	13987	246234	585414	10.43
1980-1989	80-84	0.08361	0.34616	2.52	42158	14593	174545	339180	8.05
1980-1989	85-89	0.13101	0.48893	2.41	27565	13477	102870	164635	5.97
1980-1989	90-94	0.19862	0.64317	2.26	14087	9061	45617	61765	4.38
1980-1989	95-99	0.29089	0.78365	2.06	5027	3939	13542	16148	3.21
1980-1989	100-104	0.40556	0.88519	1.82	1088	963	2374	2606	2.40
1980-1989	105-109	0.53341	0.94376	1.58	125	118	221	232	1.86
1980-1989	110+	0.63892	1.00000	1.57	7	7	11	11	1.57
1990-1999	0	0.00929	0.00921	0.07	100000	921	99147	7542504	75.43
1990-1999	1-4	0.00040	0.00158	1.64	99079	157	395945	7443357	75.13
1990-1999	5-9	0.00018	0.00089	2.39	98922	88	494380	7047412	71.24
1990-1999	10-14	0.00023	0.00115	2.86	98834	114	493926	6553032	66.30
1990-1999	15-19	0.00085	0.00426	2.9	98720	421	492717	6059106	61.38
1990-1999	20-24	0.00118	0.00586	2.5	98299	576	490054	5566389	56.63
1990-1999	25-29	0.00129	0.00645	2.56	97723	630	487079	5076335	51.95
1990-1999	30-34	0.00165	0.00820	2.62	97093	796	483573	4589257	47.27
1990-1999	35-39	0.00219	0.01091	2.59	96297	1051	478951	4105683	42.64
1990-1999	40-44	0.00277	0.01378	2.59	95246	1313	473067	3626732	38.08
1990-1999	45-49	0.00380	0.01885	2.63	93934	1771	465469	3153665	33.57
1990-1999	50-54	0.00537	0.02651	2.67	92163	2443	455126	2688196	29.17
1990-1999	55-59	0.00886	0.04339	2.69	89719	3893	439615	2233069	24.89
1990-1999	60-64	0.01414	0.06840	2.64	85826	5871	415302	1793455	20.90
1990-1999	65-69	0.02169	0.10316	2.63	79956	8248	380201	1378153	17.24
1990-1999	70-74	0.03289	0.15239	2.6	71708	10928	332296	997952	13.92
1990-1999	75-79	0.04989	0.22237	2.56	60780	13516	270926	665655	10.95
1990-1999	80-84	0.07783	0.32645	2.53	47265	15429	198247	394730	8.35
1990-1999	85-89	0.12301	0.46785	2.44	31835	14894	121083	196482	6.17
1990-1999	90-94	0.19340	0.63394	2.28	16941	10740	55530	75399	4.45
1990-1999	95-99	0.29093	0.78469	2.07	6201	4866	16727	19869	3.20
1990-1999	100-104	0.41320	0.89076	1.81	1335	1189	2878	3142	2.35
1990-1999	105-109	0.54892	0.94889	1.55	146	138	252	263	1.81
1990-1999	110+	0.65985	1.00000	1.52	7	7	11	11	1.52
2000-2009	0	0.00804	0.00798	0.07	100000	798	99258	7727326	77.27
2000-2009	1-4	0.00029	0.00115	1.59	99202	115	396531	7628068	76.89
2000-2009	5-9	0.00014	0.00068	2.58	99087	68	495271	7231537	72.98
2000-2009	10-14	0.00018	0.00088	2.8	99019	87	494904	6736266	68.03
2000-2009	15-19	0.00067	0.00335	2.98	98932	332	493989	6241362	63.09
2000-2009	20-24	0.00114	0.00570	2.5	98600	562	491597	5747373	58.29
2000-2009	25-29	0.00110	0.00548	2.48	98038	537	488838	5255776	53.61
2000-2009	30-34	0.00122	0.00609	2.57	97501	593	486060	4766938	48.89
2000-2009	35-39	0.00172	0.00854	2.64	96907	828	482583	4280878	44.17
2000-2009	40-44	0.00246	0.01224	2.65	96080	1176	477636	3798295	39.53
2000-2009	45-49	0.00362	0.01795	2.64	94904	1704	470502	3320659	34.99
2000-2009	50-54	0.00520	0.02566	2.61	93200	2392	460292	2850157	30.58
2000-2009	55-59	0.00728	0.03579	2.63	90808	3250	446342	2389866	26.32
2000-2009	60-64	0.01113	0.05422	2.66	87558	4747	426662	1943524	22.20
2000-2009	65-69	0.01726	0.08293	2.64	82811	6868	397837	1516862	18.32
2000-2009	70-74	0.02725	0.12799	2.63	75943	9720	356702	1119025	14.74
2000-2009	75-79	0.04269	0.19361	2.6	66223	12822	300330	762323	11.51
2000-2009	80-84	0.07059	0.30106	2.56	53401	16077	227741	461993	8.65
2000-2009	85-89	0.11766	0.45329	2.47	37324	16919	143796	234251	6.28
2000-2009	90-94	0.19259	0.63354	2.3	20405	12928	67125	90455	4.43
2000-2009	95-99	0.29912	0.79552	2.06	7478	5949	19887	23330	3.12
2000-2009	100-104	0.43305	0.90321	1.77	1529	1381	3189	3443	2.25
2000-2009	105-109	0.57914	0.95736	1.5	148	142	245	254	1.71
2000-2009	110+	0.69582	1.00000	1.44	6	6	9	9	1.44
2010-2019	0	0.00648	0.00644	0.07	100000	644	99399	7899891	79.00
2010-2019	1-4	0.00024	0.00096	1.6	99356	95	397196	7800492	78.51
2010-2019	5-9	0.00011	0.00054	2.32	99261	54	496162	7403296	74.58
2010-2019	10-14	0.00012	0.00062	2.82	99207	62	495902	6907135	69.62
2010-2019	15-19	0.00047	0.00234	3.08	99146	232	495283	6411232	64.66
2010-2019	20-24	0.00104	0.00517	2.65	98913	511	493365	5915950	59.81
2010-2019	25-29	0.00127	0.00633	2.55	98402	623	490481	5422585	55.11
2010-2019	30-34	0.00139	0.00691	2.58	97779	676	487261	4932103	50.44
2010-2019	35-39	0.00158	0.00788	2.56	97103	765	483649	4444842	45.77
2010-2019	40-44	0.00199	0.00990	2.64	96338	953	479436	3961193	41.12
2010-2019	45-49	0.00300	0.01488	2.66	95385	1420	473604	3481757	36.50
2010-2019	50-54	0.00465	0.02302	2.65	93965	2163	464746	3008153	32.01
2010-2019	55-59	0.00692	0.03403	2.63	91802	3124	451597	2543407	27.71
2010-2019	60-64	0.00989	0.04829	2.62	88678	4282	433182	2091810	23.59
2010-2019	65-69	0.01427	0.06901	2.64	84395	5824	408239	1658628	19.65
2010-2019	70-74	0.02186	0.10393	2.63	78571	8166	373538	1250389	15.91
2010-2019	75-79	0.03526	0.16271	2.63	70406	11456	324879	876852	12.45
2010-2019	80-84	0.05962	0.26065	2.59	58950	15365	257716	551973	9.36
2010-2019	85-89	0.10357	0.41167	2.51	43585	17943	173233	294257	6.75
2010-2019	90-94	0.17583	0.59965	2.35	25642	15376	87449	121024	4.72
2010-2019	95-99	0.28210	0.77617	2.1	10266	7968	28246	33575	3.27
2010-2019	100-104	0.41901	0.89590	1.81	2298	2059	4913	5329	2.32
2010-2019	105-109	0.57078	0.95564	1.52	239	229	400	416	1.74
2010-2019	110+	0.69265	1.00000	1.44	11	11	15	15	1.44
2020-2022	0	0.00594	0.00591	0.06	100000	591	99447	7765195	77.65
2020-2022	1-4	0.00022	0.00087	1.74	99409	86	397441	7665748	77.11
2020-2022	5-9	0.00011	0.00055	2.41	99323	54	496473	7268307	73.18
2020-2022	10-14	0.00014	0.00069	3.06	99268	69	496208	6771834	68.22
2020-2022	15-19	0.00054	0.00271	3.04	99200	269	495471	6275625	63.26
2020-2022	20-24	0.00122	0.00606	2.63	98931	600	493229	5780154	58.43
2020-2022	25-29	0.00166	0.00825	2.6	98331	811	489709	5286925	53.77
2020-2022	30-34	0.00200	0.00994	2.55	97520	970	485221	4797216	49.19
2020-2022	35-39	0.00228	0.01135	2.51	96550	1096	480024	4311995	44.66
2020-2022	40-44	0.00280	0.01390	2.57	95454	1326	474045	3831971	40.14
2020-2022	45-49	0.00351	0.01738	2.61	94127	1636	466721	3357926	35.67
2020-2022	50-54	0.00514	0.02537	2.66	92491	2347	456973	2891206	31.26
2020-2022	55-59	0.00774	0.03802	2.63	90144	3427	442611	2434233	27.00
2020-2022	60-64	0.01129	0.05499	2.65	86717	4768	422366	1991622	22.97
2020-2022	65-69	0.01603	0.07717	2.59	81949	6324	394520	1569256	19.15
2020-2022	70-74	0.02354	0.11140	2.6	75625	8425	357905	1174736	15.53
2020-2022	75-79	0.03764	0.17286	2.64	67200	11616	308569	816831	12.16
2020-2022	80-84	0.06249	0.27124	2.57	55584	15077	241254	508262	9.14
2020-2022	85-89	0.10775	0.42430	2.5	40507	17187	159517	267008	6.59
2020-2022	90-94	0.18173	0.61213	2.33	23320	14275	78549	107491	4.61
2020-2022	95-99	0.28970	0.78532	2.09	9045	7103	24520	28942	3.20
2020-2022	100-104	0.42745	0.90066	1.79	1942	1749	4091	4422	2.28
2020-2022	105-109	0.57869	0.95753	1.51	193	185	319	331	1.72
2020-2022	110+	0.69936	1.00000	1.43	8	8	12	12	1.43
