MD: MD, Lifetables (period 5x5), Both sexes Last modified: February 4 2025, MPv5 (May07) 

Year     	Age	mx	qx	ax	lx	dx	Lx	Tx	ex
1941-1944	0	0.04803	0.04621	0.18	100000	4621	96215	6240848	62.41
1941-1944	1-4	0.00286	0.01136	1.51	95379	1083	378817	6144633	64.42
1941-1944	5-9	0.00112	0.00558	2.32	94296	527	470064	5765816	61.15
1941-1944	10-14	0.00092	0.00460	2.7	93769	432	467853	5295752	56.48
1941-1944	15-19	0.00186	0.00924	2.68	93337	863	464687	4827899	51.73
1941-1944	20-24	0.00236	0.01175	2.56	92475	1086	459726	4363211	47.18
1941-1944	25-29	0.00281	0.01398	2.55	91388	1277	453818	3903485	42.71
1941-1944	30-34	0.00343	0.01702	2.6	90111	1534	446873	3449667	38.28
1941-1944	35-39	0.00493	0.02435	2.66	88577	2157	437837	3002794	33.90
1941-1944	40-44	0.00716	0.03518	2.62	86420	3041	424850	2564957	29.68
1941-1944	45-49	0.01064	0.05188	2.64	83379	4326	406670	2140107	25.67
1941-1944	50-54	0.01549	0.07467	2.6	79054	5903	381111	1733437	21.93
1941-1944	55-59	0.02124	0.10101	2.58	73151	7389	347903	1352326	18.49
1941-1944	60-64	0.03110	0.14470	2.6	65762	9516	306015	1004423	15.27
1941-1944	65-69	0.04458	0.20084	2.54	56247	11297	253421	698408	12.42
1941-1944	70-74	0.06484	0.27914	2.51	44950	12547	193504	444987	9.90
1941-1944	75-79	0.09381	0.37872	2.46	32403	12271	130817	251483	7.76
1941-1944	80-84	0.13510	0.49915	2.39	20131	10049	74381	120666	5.99
1941-1944	85-89	0.19155	0.62711	2.25	10083	6323	33010	46286	4.59
1941-1944	90-94	0.26330	0.74562	2.09	3760	2803	10647	13276	3.53
1941-1944	95-99	0.35033	0.84116	1.91	956	804	2296	2629	2.75
1941-1944	100-104	0.44899	0.90752	1.72	152	138	307	332	2.19
1941-1944	105-109	0.55262	0.94789	1.53	14	13	24	25	1.80
1941-1944	110+	0.63639	1.00000	1.57	1	1	1	1	1.57
1945-1949	0	0.03364	0.03269	0.14	100000	3269	97194	6554840	65.55
1945-1949	1-4	0.00164	0.00652	1.66	96731	631	385450	6457646	66.76
1945-1949	5-9	0.00075	0.00373	2.26	96100	358	479516	6072196	63.19
1945-1949	10-14	0.00071	0.00357	2.77	95741	342	477946	5592681	58.41
1945-1949	15-19	0.00143	0.00711	2.68	95400	678	475427	5114735	53.61
1945-1949	20-24	0.00186	0.00924	2.52	94721	875	471441	4639308	48.98
1945-1949	25-29	0.00196	0.00976	2.57	93846	916	467006	4167867	44.41
1945-1949	30-34	0.00261	0.01298	2.62	92931	1206	461784	3700861	39.82
1945-1949	35-39	0.00377	0.01870	2.67	91725	1715	454622	3239077	35.31
1945-1949	40-44	0.00608	0.02998	2.67	90010	2698	443768	2784455	30.94
1945-1949	45-49	0.00895	0.04383	2.64	87311	3827	427528	2340687	26.81
1945-1949	50-54	0.01368	0.06622	2.62	83485	5528	404243	1913159	22.92
1945-1949	55-59	0.01916	0.09161	2.61	77957	7142	372730	1508916	19.36
1945-1949	60-64	0.02752	0.12900	2.58	70815	9135	331994	1136187	16.04
1945-1949	65-69	0.04081	0.18567	2.58	61680	11452	280638	804192	13.04
1945-1949	70-74	0.05868	0.25646	2.55	50228	12882	219517	523555	10.42
1945-1949	75-79	0.08774	0.35886	2.46	37346	13402	152750	304038	8.14
1945-1949	80-84	0.12456	0.47141	2.42	23944	11288	90617	151288	6.32
1945-1949	85-89	0.18104	0.60603	2.27	12657	7670	42369	60671	4.79
1945-1949	90-94	0.25140	0.72902	2.12	4986	3635	14460	18302	3.67
1945-1949	95-99	0.33721	0.82949	1.94	1351	1121	3324	3843	2.84
1945-1949	100-104	0.43498	0.90010	1.74	230	207	477	519	2.25
1945-1949	105-109	0.53823	0.94352	1.56	23	22	40	42	1.84
1945-1949	110+	0.62183	1.00000	1.61	1	1	2	2	1.61
1950-1954	0	0.02795	0.02729	0.13	100000	2729	97614	6785193	67.85
1950-1954	1-4	0.00128	0.00511	1.59	97271	497	387885	6687579	68.75
1950-1954	5-9	0.00056	0.00279	2.29	96774	270	483139	6299694	65.10
1950-1954	10-14	0.00046	0.00228	2.7	96504	220	482014	5816555	60.27
1950-1954	15-19	0.00098	0.00488	2.73	96284	470	480351	5334542	55.40
1950-1954	20-24	0.00129	0.00645	2.54	95813	618	477544	4854191	50.66
1950-1954	25-29	0.00146	0.00728	2.57	95195	693	474296	4376647	45.98
1950-1954	30-34	0.00197	0.00980	2.65	94502	926	470332	3902351	41.29
1950-1954	35-39	0.00291	0.01446	2.67	93576	1353	464723	3432020	36.68
1950-1954	40-44	0.00470	0.02323	2.68	92223	2143	456147	2967296	32.18
1950-1954	45-49	0.00750	0.03684	2.67	90080	3319	442669	2511150	27.88
1950-1954	50-54	0.01130	0.05503	2.64	86761	4774	422555	2068481	23.84
1950-1954	55-59	0.01732	0.08316	2.62	81987	6818	393677	1645926	20.08
1950-1954	60-64	0.02554	0.12036	2.61	75169	9048	354235	1252249	16.66
1950-1954	65-69	0.03661	0.16816	2.58	66121	11119	303683	898014	13.58
1950-1954	70-74	0.05554	0.24444	2.55	55003	13445	242072	594331	10.81
1950-1954	75-79	0.08088	0.33633	2.5	41558	13977	172809	352259	8.48
1950-1954	80-84	0.11705	0.45044	2.44	27581	12424	106137	179450	6.51
1950-1954	85-89	0.17612	0.59676	2.3	15157	9045	51358	73313	4.84
1950-1954	90-94	0.25561	0.73687	2.13	6112	4504	17620	21956	3.59
1950-1954	95-99	0.35639	0.84829	1.91	1608	1364	3828	4336	2.70
1950-1954	100-104	0.47260	0.92029	1.68	244	225	475	508	2.08
1950-1954	105-109	0.59332	0.95934	1.47	19	19	31	33	1.68
1950-1954	110+	0.68900	1.00000	1.45	1	1	1	1	1.45
1955-1959	0	0.02872	0.02801	0.13	100000	2801	97556	6845326	68.45
1955-1959	1-4	0.00106	0.00423	1.61	97199	411	387813	6747770	69.42
1955-1959	5-9	0.00051	0.00256	2.32	96788	248	483274	6359956	65.71
1955-1959	10-14	0.00045	0.00224	2.65	96540	216	482192	5876682	60.87
1955-1959	15-19	0.00082	0.00408	2.69	96324	393	480710	5394490	56.00
1955-1959	20-24	0.00109	0.00543	2.53	95930	521	478365	4913780	51.22
1955-1959	25-29	0.00126	0.00630	2.57	95409	601	475585	4435415	46.49
1955-1959	30-34	0.00168	0.00835	2.65	94808	791	472184	3959830	41.77
1955-1959	35-39	0.00262	0.01302	2.68	94017	1224	467247	3487646	37.10
1955-1959	40-44	0.00417	0.02064	2.68	92793	1916	459525	3020400	32.55
1955-1959	45-49	0.00681	0.03352	2.69	90877	3046	447349	2560874	28.18
1955-1959	50-54	0.01099	0.05357	2.67	87831	4705	428193	2113526	24.06
1955-1959	55-59	0.01647	0.07924	2.64	83126	6587	400062	1685333	20.27
1955-1959	60-64	0.02423	0.11449	2.6	76538	8763	361671	1285271	16.79
1955-1959	65-69	0.03789	0.17354	2.58	67776	11762	310429	923600	13.63
1955-1959	70-74	0.05274	0.23347	2.54	56014	13077	247964	613171	10.95
1955-1959	75-79	0.08023	0.33434	2.51	42937	14355	178919	365207	8.51
1955-1959	80-84	0.11573	0.44661	2.45	28581	12765	110300	186287	6.52
1955-1959	85-89	0.17715	0.59942	2.3	15816	9481	53519	75987	4.80
1955-1959	90-94	0.25930	0.74235	2.12	6336	4703	18139	22468	3.55
1955-1959	95-99	0.36281	0.85378	1.9	1632	1394	3842	4330	2.65
1955-1959	100-104	0.48147	0.92427	1.67	239	221	458	488	2.04
1955-1959	105-109	0.60359	0.96168	1.46	18	17	29	30	1.65
1955-1959	110+	0.69959	1.00000	1.43	1	1	1	1	1.43
1960-1964	0	0.02648	0.02588	0.12	100000	2588	97727	6907431	69.07
1960-1964	1-4	0.00099	0.00394	1.63	97412	384	388740	6809704	69.91
1960-1964	5-9	0.00047	0.00235	2.28	97028	228	484521	6420964	66.18
1960-1964	10-14	0.00040	0.00201	2.73	96800	194	483561	5936444	61.33
1960-1964	15-19	0.00077	0.00385	2.78	96606	372	482204	5452883	56.44
1960-1964	20-24	0.00111	0.00552	2.52	96233	531	479850	4970679	51.65
1960-1964	25-29	0.00129	0.00643	2.57	95702	615	477019	4490829	46.92
1960-1964	30-34	0.00167	0.00833	2.66	95087	792	473585	4013810	42.21
1960-1964	35-39	0.00253	0.01260	2.69	94295	1188	468733	3540225	37.54
1960-1964	40-44	0.00401	0.01987	2.68	93107	1850	461252	3071493	32.99
1960-1964	45-49	0.00636	0.03134	2.7	91257	2860	449721	2610241	28.60
1960-1964	50-54	0.01046	0.05105	2.65	88397	4513	431365	2160519	24.44
1960-1964	55-59	0.01579	0.07613	2.63	83885	6386	404318	1729154	20.61
1960-1964	60-64	0.02390	0.11307	2.62	77499	8763	366609	1324836	17.09
1960-1964	65-69	0.03569	0.16404	2.54	68736	11275	315959	958227	13.94
1960-1964	70-74	0.05178	0.22968	2.54	57460	13198	254896	642268	11.18
1960-1964	75-79	0.07526	0.31638	2.48	44263	14004	186085	387372	8.75
1960-1964	80-84	0.11334	0.43985	2.46	30259	13310	117426	201287	6.65
1960-1964	85-89	0.17131	0.58615	2.31	16949	9935	57993	83861	4.95
1960-1964	90-94	0.24788	0.72544	2.14	7015	5089	20529	25867	3.69
1960-1964	95-99	0.34558	0.83882	1.93	1926	1616	4675	5338	2.77
1960-1964	100-104	0.45928	0.91404	1.71	310	284	618	664	2.14
1960-1964	105-109	0.57883	0.95584	1.5	27	26	44	46	1.72
1960-1964	110+	0.67444	1.00000	1.48	1	1	2	2	1.48
1965-1969	0	0.02231	0.02188	0.11	100000	2188	98054	6951971	69.52
1965-1969	1-4	0.00086	0.00344	1.68	97812	337	390470	6853917	70.07
1965-1969	5-9	0.00042	0.00210	2.34	97476	205	486834	6463447	66.31
1965-1969	10-14	0.00040	0.00202	2.71	97271	196	485905	5976613	61.44
1965-1969	15-19	0.00097	0.00482	2.86	97075	468	484373	5490708	56.56
1965-1969	20-24	0.00123	0.00612	2.56	96607	591	481590	5006335	51.82
1965-1969	25-29	0.00135	0.00672	2.56	96016	645	478508	4524745	47.12
1965-1969	30-34	0.00169	0.00840	2.64	95371	801	474967	4046238	42.43
1965-1969	35-39	0.00261	0.01295	2.58	94570	1224	469883	3571270	37.76
1965-1969	40-44	0.00420	0.02079	2.66	93345	1940	462190	3101388	33.22
1965-1969	45-49	0.00636	0.03134	2.64	91405	2864	450278	2639198	28.87
1965-1969	50-54	0.01017	0.04964	2.65	88541	4395	432356	2188920	24.72
1965-1969	55-59	0.01564	0.07541	2.65	84146	6345	405799	1756564	20.88
1965-1969	60-64	0.02303	0.10907	2.58	77801	8486	368492	1350764	17.36
1965-1969	65-69	0.03437	0.15858	2.56	69315	10992	319777	982273	14.17
1965-1969	70-74	0.05096	0.22672	2.57	58323	13223	259470	662496	11.36
1965-1969	75-79	0.07428	0.31279	2.48	45100	14107	189902	403026	8.94
1965-1969	80-84	0.10781	0.42315	2.46	30993	13115	121651	213124	6.88
1965-1969	85-89	0.16390	0.56966	2.32	17879	10185	62139	91474	5.12
1965-1969	90-94	0.23810	0.71054	2.16	7694	5467	22960	29335	3.81
1965-1969	95-99	0.33335	0.82758	1.96	2227	1843	5529	6374	2.86
1965-1969	100-104	0.44523	0.90702	1.73	384	348	782	845	2.20
1965-1969	105-109	0.56427	0.95207	1.52	36	34	60	63	1.76
1965-1969	110+	0.66026	1.00000	1.51	2	2	3	3	1.51
1970-1974	0	0.01675	0.01650	0.09	100000	1650	98506	7097960	70.98
1970-1974	1-4	0.00068	0.00271	1.71	98350	267	392789	6999453	71.17
1970-1974	5-9	0.00041	0.00206	2.26	98083	202	489863	6606664	67.36
1970-1974	10-14	0.00034	0.00171	2.76	97882	167	489032	6116801	62.49
1970-1974	15-19	0.00107	0.00533	2.84	97714	521	487445	5627769	57.59
1970-1974	20-24	0.00138	0.00689	2.5	97193	669	484289	5140324	52.89
1970-1974	25-29	0.00125	0.00625	2.56	96524	603	481149	4656035	48.24
1970-1974	30-34	0.00162	0.00806	2.6	95921	773	477750	4174886	43.52
1970-1974	35-39	0.00229	0.01138	2.69	95148	1083	473234	3697135	38.86
1970-1974	40-44	0.00373	0.01849	2.67	94065	1739	466274	3223901	34.27
1970-1974	45-49	0.00611	0.03014	2.67	92325	2783	455143	2757627	29.87
1970-1974	50-54	0.00897	0.04394	2.66	89542	3934	438516	2302483	25.71
1970-1974	55-59	0.01396	0.06759	2.66	85608	5786	414516	1863967	21.77
1970-1974	60-64	0.02085	0.09932	2.63	79822	7928	380281	1449451	18.16
1970-1974	65-69	0.03185	0.14790	2.59	71894	10633	333818	1069170	14.87
1970-1974	70-74	0.04569	0.20537	2.54	61261	12581	275388	735351	12.00
1970-1974	75-79	0.06805	0.29129	2.53	48680	14180	208386	459963	9.45
1970-1974	80-84	0.09784	0.39217	2.47	34500	13530	138290	251577	7.29
1970-1974	85-89	0.15154	0.54078	2.35	20970	11340	74833	113287	5.40
1970-1974	90-94	0.22412	0.68849	2.2	9630	6630	29582	38454	3.99
1970-1974	95-99	0.32054	0.81573	1.99	3000	2447	7634	8872	2.96
1970-1974	100-104	0.43658	0.90306	1.75	553	499	1143	1238	2.24
1970-1974	105-109	0.56194	0.95184	1.53	54	51	91	95	1.77
1970-1974	110+	0.66352	1.00000	1.51	3	3	4	4	1.51
1975-1979	0	0.01557	0.01535	0.09	100000	1535	98605	7278414	72.78
1975-1979	1-4	0.00054	0.00218	1.67	98465	214	393361	7179809	72.92
1975-1979	5-9	0.00030	0.00148	2.36	98251	146	490869	6786448	69.07
1975-1979	10-14	0.00029	0.00145	2.81	98105	143	490213	6295579	64.17
1975-1979	15-19	0.00084	0.00417	2.86	97962	409	488938	5805366	59.26
1975-1979	20-24	0.00119	0.00591	2.49	97554	577	486322	5316427	54.50
1975-1979	25-29	0.00116	0.00581	2.51	96977	563	483484	4830105	49.81
1975-1979	30-34	0.00128	0.00639	2.58	96414	616	480578	4346622	45.08
1975-1979	35-39	0.00177	0.00883	2.66	95798	846	477013	3866043	40.36
1975-1979	40-44	0.00309	0.01533	2.77	94952	1455	471511	3389031	35.69
1975-1979	45-49	0.00489	0.02416	2.67	93497	2258	462214	2917520	31.20
1975-1979	50-54	0.00795	0.03904	2.67	91238	3562	447878	2455306	26.91
1975-1979	55-59	0.01216	0.05913	2.66	87676	5184	426243	2007428	22.90
1975-1979	60-64	0.01887	0.09031	2.62	82492	7449	394709	1581186	19.17
1975-1979	65-69	0.02797	0.13100	2.58	75042	9830	351443	1186477	15.81
1975-1979	70-74	0.04106	0.18667	2.57	65212	12173	296474	835033	12.80
1975-1979	75-79	0.06083	0.26434	2.52	53039	14020	230472	538559	10.15
1975-1979	80-84	0.08767	0.35965	2.5	39019	14033	160073	308088	7.90
1975-1979	85-89	0.13384	0.49620	2.4	24986	12398	92632	148015	5.92
1975-1979	90-94	0.19884	0.64291	2.25	12588	8093	40700	55383	4.40
1975-1979	95-99	0.28594	0.77694	2.06	4495	3492	12213	14683	3.27
1975-1979	100-104	0.39371	0.87669	1.84	1003	879	2233	2470	2.46
1975-1979	105-109	0.51461	0.93707	1.61	124	116	225	238	1.92
1975-1979	110+	0.61519	1.00000	1.63	8	8	13	13	1.63
1980-1984	0	0.01259	0.01245	0.08	100000	1245	98859	7381472	73.81
1980-1984	1-4	0.00051	0.00203	1.67	98755	200	394554	7282613	73.74
1980-1984	5-9	0.00025	0.00124	2.36	98555	123	492450	6888059	69.89
1980-1984	10-14	0.00026	0.00128	2.92	98432	126	491900	6395609	64.97
1980-1984	15-19	0.00077	0.00386	2.9	98306	379	490735	5903710	60.05
1980-1984	20-24	0.00118	0.00588	2.54	97927	576	488221	5412975	55.28
1980-1984	25-29	0.00120	0.00599	2.48	97351	583	485286	4924754	50.59
1980-1984	30-34	0.00128	0.00638	2.57	96768	618	482344	4439468	45.88
1980-1984	35-39	0.00160	0.00799	2.66	96151	768	478958	3957124	41.16
1980-1984	40-44	0.00258	0.01282	2.63	95383	1223	474016	3478165	36.47
1980-1984	45-49	0.00428	0.02117	2.69	94159	1993	466187	3004150	31.90
1980-1984	50-54	0.00705	0.03470	2.7	92166	3198	453478	2537962	27.54
1980-1984	55-59	0.01128	0.05493	2.63	88968	4887	433250	2084484	23.43
1980-1984	60-64	0.01740	0.08358	2.64	84081	7028	403811	1651234	19.64
1980-1984	65-69	0.02601	0.12240	2.6	77053	9431	362670	1247423	16.19
1980-1984	70-74	0.03940	0.17980	2.57	67622	12159	308567	884753	13.08
1980-1984	75-79	0.05728	0.25105	2.54	55463	13924	243070	576186	10.39
1980-1984	80-84	0.08471	0.34973	2.51	41539	14528	171502	333116	8.02
1980-1984	85-89	0.13137	0.48975	2.4	27011	13229	100699	161614	5.98
1980-1984	90-94	0.19715	0.63999	2.26	13783	8821	44742	60915	4.42
1980-1984	95-99	0.28631	0.77778	2.06	4962	3859	13479	16173	3.26
1980-1984	100-104	0.39722	0.87942	1.83	1103	970	2441	2693	2.44
1980-1984	105-109	0.52165	0.93973	1.6	133	125	240	252	1.90
1980-1984	110+	0.62496	1.00000	1.6	8	8	13	13	1.60
1985-1989	0	0.01164	0.01152	0.08	100000	1152	98941	7418986	74.19
1985-1989	1-4	0.00048	0.00193	1.65	98848	191	394944	7320046	74.05
1985-1989	5-9	0.00023	0.00115	2.34	98657	114	492984	6925101	70.19
1985-1989	10-14	0.00026	0.00128	2.76	98544	126	492435	6432117	65.27
1985-1989	15-19	0.00083	0.00413	2.86	98417	407	491216	5939682	60.35
1985-1989	20-24	0.00114	0.00566	2.54	98010	555	488687	5448466	55.59
1985-1989	25-29	0.00130	0.00646	2.54	97456	629	485731	4959779	50.89
1985-1989	30-34	0.00150	0.00745	2.57	96826	721	482379	4474048	46.21
1985-1989	35-39	0.00186	0.00925	2.59	96105	889	478379	3991668	41.53
1985-1989	40-44	0.00244	0.01211	2.68	95216	1153	473402	3513290	36.90
1985-1989	45-49	0.00379	0.01877	2.67	94063	1765	466196	3039888	32.32
1985-1989	50-54	0.00653	0.03218	2.7	92297	2970	454642	2573692	27.88
1985-1989	55-59	0.01075	0.05245	2.67	89328	4685	435728	2119050	23.72
1985-1989	60-64	0.01661	0.07991	2.62	84642	6764	407139	1683321	19.89
1985-1989	65-69	0.02492	0.11757	2.59	77879	9156	367351	1276182	16.39
1985-1989	70-74	0.03792	0.17375	2.6	68722	11941	314908	908831	13.22
1985-1989	75-79	0.05639	0.24745	2.53	56782	14051	249175	593923	10.46
1985-1989	80-84	0.08268	0.34312	2.52	42731	14662	177332	344748	8.07
1985-1989	85-89	0.13058	0.48805	2.41	28069	13699	104909	167416	5.96
1985-1989	90-94	0.20023	0.64650	2.26	14370	9290	46398	62507	4.35
1985-1989	95-99	0.29507	0.78885	2.05	5080	4007	13580	16109	3.17
1985-1989	100-104	0.41273	0.88991	1.8	1073	955	2313	2528	2.36
1985-1989	105-109	0.54310	0.94686	1.56	118	112	206	216	1.83
1985-1989	110+	0.65006	1.00000	1.54	6	6	10	10	1.54
1990-1994	0	0.00983	0.00974	0.08	100000	974	99099	7508828	75.09
1990-1994	1-4	0.00045	0.00181	1.65	99026	179	395682	7409729	74.83
1990-1994	5-9	0.00020	0.00099	2.32	98847	98	493971	7014046	70.96
1990-1994	10-14	0.00026	0.00128	2.9	98749	127	493476	6520075	66.03
1990-1994	15-19	0.00087	0.00436	2.85	98622	430	492184	6026599	61.11
1990-1994	20-24	0.00119	0.00595	2.54	98192	584	489523	5534415	56.36
1990-1994	25-29	0.00136	0.00677	2.58	97608	661	486438	5044892	51.69
1990-1994	30-34	0.00173	0.00861	2.59	96947	835	482725	4558454	47.02
1990-1994	35-39	0.00220	0.01094	2.54	96113	1052	477974	4075728	42.41
1990-1994	40-44	0.00273	0.01356	2.53	95061	1289	472126	3597754	37.85
1990-1994	45-49	0.00384	0.01902	2.64	93772	1783	464657	3125629	33.33
1990-1994	50-54	0.00557	0.02749	2.67	91989	2529	454059	2660972	28.93
1990-1994	55-59	0.00931	0.04559	2.7	89460	4079	437934	2206913	24.67
1990-1994	60-64	0.01483	0.07163	2.63	85381	6116	412420	1768979	20.72
1990-1994	65-69	0.02257	0.10709	2.62	79265	8488	376133	1356558	17.11
1990-1994	70-74	0.03388	0.15669	2.6	70777	11090	327305	980426	13.85
1990-1994	75-79	0.05080	0.22583	2.55	59686	13479	265351	653121	10.94
1990-1994	80-84	0.07792	0.32638	2.51	46207	15081	193544	387770	8.39
1990-1994	85-89	0.12175	0.46409	2.44	31126	14445	118651	194226	6.24
1990-1994	90-94	0.18943	0.62573	2.29	16681	10438	55100	75576	4.53
1990-1994	95-99	0.28325	0.77508	2.08	6243	4839	17084	20476	3.28
1990-1994	100-104	0.40160	0.88320	1.83	1404	1240	3088	3392	2.42
1990-1994	105-109	0.53445	0.94442	1.58	164	155	290	304	1.85
1990-1994	110+	0.64409	1.00000	1.55	9	9	14	14	1.55
1995-1999	0	0.00871	0.00864	0.07	100000	864	99199	7576335	75.76
1995-1999	1-4	0.00034	0.00135	1.62	99136	134	396226	7477136	75.42
1995-1999	5-9	0.00016	0.00080	2.48	99002	79	494811	7080910	71.52
1995-1999	10-14	0.00021	0.00103	2.83	98923	102	494393	6586098	66.58
1995-1999	15-19	0.00084	0.00419	2.95	98821	414	493257	6091705	61.64
1995-1999	20-24	0.00115	0.00575	2.45	98407	566	490590	5598448	56.89
1995-1999	25-29	0.00122	0.00607	2.54	97841	594	487741	5107858	52.21
1995-1999	30-34	0.00156	0.00776	2.66	97246	755	484469	4620117	47.51
1995-1999	35-39	0.00219	0.01088	2.64	96492	1050	479975	4135648	42.86
1995-1999	40-44	0.00282	0.01399	2.64	95442	1336	474055	3655672	38.30
1995-1999	45-49	0.00378	0.01872	2.62	94106	1761	466334	3181618	33.81
1995-1999	50-54	0.00521	0.02573	2.67	92345	2376	456190	2715284	29.40
1995-1999	55-59	0.00845	0.04145	2.68	89969	3729	441190	2259094	25.11
1995-1999	60-64	0.01344	0.06513	2.65	86240	5617	418028	1817904	21.08
1995-1999	65-69	0.02080	0.09911	2.63	80623	7991	384202	1399876	17.36
1995-1999	70-74	0.03196	0.14838	2.6	72633	10778	337251	1015674	13.98
1995-1999	75-79	0.04911	0.21941	2.57	61855	13571	276332	678424	10.97
1995-1999	80-84	0.07775	0.32650	2.55	48284	15765	202767	402091	8.33
1995-1999	85-89	0.12350	0.46958	2.45	32519	15270	123647	199324	6.13
1995-1999	90-94	0.19664	0.64054	2.28	17249	11048	56185	75678	4.39
1995-1999	95-99	0.29726	0.79236	2.05	6200	4913	16527	19492	3.14
1995-1999	100-104	0.42278	0.89665	1.79	1287	1154	2730	2966	2.30
1995-1999	105-109	0.56076	0.95228	1.53	133	127	226	235	1.77
1995-1999	110+	0.67257	1.00000	1.49	6	6	9	9	1.49
2000-2004	0	0.00814	0.00808	0.07	100000	808	99249	7664662	76.65
2000-2004	1-4	0.00031	0.00122	1.65	99192	121	396482	7565412	76.27
2000-2004	5-9	0.00015	0.00074	2.53	99071	74	495171	7168930	72.36
2000-2004	10-14	0.00019	0.00095	2.81	98997	94	494778	6673759	67.41
2000-2004	15-19	0.00074	0.00369	2.96	98903	365	493768	6178981	62.48
2000-2004	20-24	0.00120	0.00597	2.5	98538	588	491220	5685213	57.70
2000-2004	25-29	0.00110	0.00547	2.52	97950	536	488423	5193993	53.03
2000-2004	30-34	0.00124	0.00620	2.58	97414	604	485611	4705571	48.30
2000-2004	35-39	0.00183	0.00913	2.64	96811	884	481969	4219959	43.59
2000-2004	40-44	0.00263	0.01306	2.65	95927	1253	476690	3737990	38.97
2000-2004	45-49	0.00376	0.01864	2.62	94674	1765	469169	3261300	34.45
2000-2004	50-54	0.00532	0.02629	2.63	92909	2442	458750	2792131	30.05
2000-2004	55-59	0.00755	0.03708	2.67	90467	3354	444516	2333382	25.79
2000-2004	60-64	0.01195	0.05812	2.66	87112	5063	423709	1888866	21.68
2000-2004	65-69	0.01873	0.08967	2.63	82050	7357	392824	1465157	17.86
2000-2004	70-74	0.02910	0.13609	2.62	74692	10165	349294	1072333	14.36
2000-2004	75-79	0.04536	0.20451	2.6	64528	13197	290916	723039	11.21
2000-2004	80-84	0.07453	0.31524	2.56	51331	16182	217104	432122	8.42
2000-2004	85-89	0.12230	0.46655	2.46	35150	16399	134093	215018	6.12
2000-2004	90-94	0.19977	0.64734	2.28	18751	12138	60759	80925	4.32
2000-2004	95-99	0.30742	0.80453	2.04	6613	5320	17305	20166	3.05
2000-2004	100-104	0.44124	0.90741	1.76	1293	1173	2658	2861	2.21
2000-2004	105-109	0.58583	0.95885	1.49	120	115	196	203	1.70
2000-2004	110+	0.70070	1.00000	1.43	5	5	7	7	1.43
2005-2009	0	0.00795	0.00789	0.07	100000	789	99267	7787919	77.88
2005-2009	1-4	0.00027	0.00109	1.53	99211	108	396578	7688652	77.50
2005-2009	5-9	0.00012	0.00062	2.62	99103	62	495369	7292074	73.58
2005-2009	10-14	0.00016	0.00081	2.8	99042	81	495030	6796704	68.62
2005-2009	15-19	0.00061	0.00305	3.01	98961	302	494203	6301674	63.68
2005-2009	20-24	0.00109	0.00546	2.51	98659	538	491954	5807471	58.86
2005-2009	25-29	0.00110	0.00549	2.45	98121	538	489229	5315517	54.17
2005-2009	30-34	0.00120	0.00596	2.55	97582	582	486486	4826288	49.46
2005-2009	35-39	0.00158	0.00789	2.63	97001	765	483193	4339802	44.74
2005-2009	40-44	0.00229	0.01140	2.66	96236	1097	478608	3856608	40.07
2005-2009	45-49	0.00349	0.01731	2.67	95139	1647	471850	3378000	35.51
2005-2009	50-54	0.00508	0.02510	2.6	93492	2347	461829	2906150	31.08
2005-2009	55-59	0.00707	0.03476	2.6	91145	3169	448119	2444322	26.82
2005-2009	60-64	0.01047	0.05108	2.65	87977	4494	429333	1996203	22.69
2005-2009	65-69	0.01598	0.07701	2.64	83483	6429	402243	1566870	18.77
2005-2009	70-74	0.02539	0.11978	2.64	77054	9230	363490	1164626	15.11
2005-2009	75-79	0.03997	0.18236	2.6	67824	12369	309476	801137	11.81
2005-2009	80-84	0.06699	0.28793	2.56	55455	15967	238362	491660	8.87
2005-2009	85-89	0.11345	0.44108	2.48	39488	17417	153527	253298	6.41
2005-2009	90-94	0.18732	0.62316	2.31	22070	13753	73423	99771	4.52
2005-2009	95-99	0.29357	0.78937	2.07	8317	6565	22363	26348	3.17
2005-2009	100-104	0.42820	0.90071	1.78	1752	1578	3685	3985	2.27
2005-2009	105-109	0.57591	0.95668	1.51	174	166	289	300	1.72
2005-2009	110+	0.69416	1.00000	1.44	8	8	11	11	1.44
2010-2014	0	0.00665	0.00661	0.07	100000	661	99384	7913843	79.14
2010-2014	1-4	0.00024	0.00094	1.57	99339	94	397131	7814460	78.66
2010-2014	5-9	0.00011	0.00057	2.31	99246	56	496077	7417329	74.74
2010-2014	10-14	0.00012	0.00060	2.86	99189	60	495819	6921252	69.78
2010-2014	15-19	0.00045	0.00223	3.06	99130	221	495220	6425433	64.82
2010-2014	20-24	0.00096	0.00477	2.57	98909	472	493396	5930212	59.96
2010-2014	25-29	0.00106	0.00527	2.51	98437	519	490896	5436816	55.23
2010-2014	30-34	0.00112	0.00558	2.62	97919	546	488293	4945919	50.51
2010-2014	35-39	0.00133	0.00664	2.58	97372	646	485300	4457626	45.78
2010-2014	40-44	0.00185	0.00923	2.67	96726	893	481551	3972327	41.07
2010-2014	45-49	0.00292	0.01449	2.66	95833	1389	475912	3490776	36.43
2010-2014	50-54	0.00461	0.02279	2.65	94444	2153	467163	3014864	31.92
2010-2014	55-59	0.00682	0.03356	2.63	92291	3098	454103	2547701	27.61
2010-2014	60-64	0.00975	0.04767	2.63	89194	4252	435888	2093599	23.47
2010-2014	65-69	0.01427	0.06903	2.65	84942	5864	410910	1657711	19.52
2010-2014	70-74	0.02248	0.10668	2.62	79078	8436	375273	1246801	15.77
2010-2014	75-79	0.03630	0.16720	2.64	70642	11811	325349	871528	12.34
2010-2014	80-84	0.06066	0.26450	2.58	58831	15561	256523	546179	9.28
2010-2014	85-89	0.10492	0.41596	2.51	43270	17999	171553	289657	6.69
2010-2014	90-94	0.17824	0.60480	2.34	25272	15284	85751	118103	4.67
2010-2014	95-99	0.28538	0.78021	2.1	9987	7792	27305	32352	3.24
2010-2014	100-104	0.42302	0.89824	1.8	2195	1972	4661	5047	2.30
2010-2014	105-109	0.57506	0.95671	1.51	223	214	372	385	1.73
2010-2014	110+	0.69675	1.00000	1.44	10	10	14	14	1.44
2015-2019	0	0.00631	0.00627	0.07	100000	627	99414	7885731	78.86
2015-2019	1-4	0.00024	0.00097	1.62	99373	96	397262	7786317	78.35
2015-2019	5-9	0.00010	0.00051	2.34	99276	51	496246	7389056	74.43
2015-2019	10-14	0.00013	0.00064	2.78	99225	64	495986	6892809	69.47
2015-2019	15-19	0.00049	0.00246	3.11	99162	244	495345	6396823	64.51
2015-2019	20-24	0.00112	0.00558	2.72	98917	552	493329	5901478	59.66
2015-2019	25-29	0.00148	0.00737	2.57	98365	725	490064	5408149	54.98
2015-2019	30-34	0.00164	0.00816	2.55	97641	797	486254	4918085	50.37
2015-2019	35-39	0.00181	0.00903	2.55	96844	875	482075	4431831	45.76
2015-2019	40-44	0.00213	0.01062	2.6	95969	1019	477404	3949756	41.16
2015-2019	45-49	0.00308	0.01531	2.67	94950	1454	471357	3472352	36.57
2015-2019	50-54	0.00470	0.02326	2.65	93496	2175	462377	3000996	32.10
2015-2019	55-59	0.00701	0.03446	2.63	91321	3147	449144	2538619	27.80
2015-2019	60-64	0.01000	0.04884	2.61	88175	4307	430560	2089475	23.70
2015-2019	65-69	0.01426	0.06900	2.64	83868	5787	405662	1658915	19.78
2015-2019	70-74	0.02137	0.10176	2.65	78081	7946	371728	1253253	16.05
2015-2019	75-79	0.03437	0.15884	2.62	70135	11140	324147	881525	12.57
2015-2019	80-84	0.05863	0.25695	2.6	58995	15159	258548	557378	9.45
2015-2019	85-89	0.10180	0.40610	2.51	43836	17802	174869	298830	6.82
2015-2019	90-94	0.17365	0.59495	2.35	26034	15489	89197	123962	4.76
2015-2019	95-99	0.27936	0.77279	2.11	10545	8149	29171	34765	3.30
2015-2019	100-104	0.41595	0.89412	1.81	2396	2142	5150	5594	2.33
2015-2019	105-109	0.56782	0.95491	1.53	254	242	427	443	1.75
2015-2019	110+	0.69001	1.00000	1.45	11	11	17	17	1.45
2020-2022	0	0.00594	0.00591	0.06	100000	591	99447	7765368	77.65
2020-2022	1-4	0.00022	0.00087	1.74	99409	86	397441	7665920	77.12
2020-2022	5-9	0.00011	0.00055	2.41	99323	54	496473	7268479	73.18
2020-2022	10-14	0.00014	0.00069	3.06	99268	69	496208	6772006	68.22
2020-2022	15-19	0.00054	0.00271	3.04	99200	269	495471	6275798	63.26
2020-2022	20-24	0.00122	0.00606	2.63	98931	600	493229	5780327	58.43
2020-2022	25-29	0.00166	0.00825	2.6	98331	811	489709	5287098	53.77
2020-2022	30-34	0.00200	0.00994	2.55	97520	970	485221	4797389	49.19
2020-2022	35-39	0.00228	0.01135	2.51	96550	1096	480024	4312168	44.66
2020-2022	40-44	0.00280	0.01390	2.57	95454	1326	474045	3832144	40.15
2020-2022	45-49	0.00351	0.01738	2.61	94127	1636	466721	3358099	35.68
2020-2022	50-54	0.00514	0.02537	2.66	92491	2347	456973	2891379	31.26
2020-2022	55-59	0.00774	0.03802	2.63	90144	3427	442611	2434406	27.01
2020-2022	60-64	0.01129	0.05499	2.65	86717	4768	422366	1991794	22.97
2020-2022	65-69	0.01603	0.07717	2.59	81949	6324	394520	1569429	19.15
2020-2022	70-74	0.02354	0.11140	2.6	75625	8425	357905	1174909	15.54
2020-2022	75-79	0.03764	0.17286	2.64	67200	11616	308569	817004	12.16
2020-2022	80-84	0.06249	0.27124	2.57	55584	15077	241254	508435	9.15
2020-2022	85-89	0.10756	0.42379	2.5	40507	17167	159595	267181	6.60
2020-2022	90-94	0.18173	0.61213	2.33	23341	14288	78618	107586	4.61
2020-2022	95-99	0.28970	0.78532	2.09	9053	7110	24542	28968	3.20
2020-2022	100-104	0.42745	0.90066	1.79	1943	1750	4095	4426	2.28
2020-2022	105-109	0.57869	0.95753	1.51	193	185	319	331	1.72
2020-2022	110+	0.69936	1.00000	1.43	8	8	12	12	1.43
