MD: MD, Lifetables (period 1x10), Males Last modified: February 4 2025, MPv5 (May07) 

Year     	Age	mx	qx	ax	lx	dx	Lx	Tx	ex
1941-1949	0	0.04388	0.04232	0.16	100000	4232	96457	6176892	61.77
1941-1949	1	0.00363	0.00362	0.5	95768	347	95594	6080435	63.49
1941-1949	2	0.00212	0.00211	0.5	95421	202	95320	5984841	62.72
1941-1949	3	0.00172	0.00172	0.5	95219	164	95137	5889521	61.85
1941-1949	4	0.00142	0.00142	0.5	95056	135	94988	5794383	60.96
1941-1949	5	0.00122	0.00122	0.5	94920	116	94862	5699395	60.04
1941-1949	6	0.00110	0.00110	0.5	94804	104	94752	5604533	59.12
1941-1949	7	0.00099	0.00099	0.5	94701	94	94654	5509780	58.18
1941-1949	8	0.00090	0.00090	0.5	94607	85	94564	5415127	57.24
1941-1949	9	0.00082	0.00082	0.5	94521	78	94482	5320563	56.29
1941-1949	10	0.00078	0.00078	0.5	94443	73	94407	5226080	55.34
1941-1949	11	0.00079	0.00079	0.5	94370	75	94333	5131674	54.38
1941-1949	12	0.00088	0.00088	0.5	94295	83	94254	5037341	53.42
1941-1949	13	0.00103	0.00103	0.5	94212	97	94164	4943087	52.47
1941-1949	14	0.00125	0.00125	0.5	94115	117	94057	4848923	51.52
1941-1949	15	0.00150	0.00150	0.5	93998	141	93927	4754866	50.58
1941-1949	16	0.00173	0.00173	0.5	93857	162	93776	4660939	49.66
1941-1949	17	0.00191	0.00191	0.5	93694	179	93605	4567163	48.75
1941-1949	18	0.00206	0.00206	0.5	93515	193	93419	4473558	47.84
1941-1949	19	0.00218	0.00218	0.5	93323	204	93221	4380140	46.94
1941-1949	20	0.00227	0.00227	0.5	93119	211	93013	4286919	46.04
1941-1949	21	0.00234	0.00234	0.5	92908	217	92799	4193905	45.14
1941-1949	22	0.00239	0.00239	0.5	92690	222	92580	4101106	44.25
1941-1949	23	0.00242	0.00242	0.5	92469	224	92357	4008527	43.35
1941-1949	24	0.00244	0.00243	0.5	92245	224	92133	3916170	42.45
1941-1949	25	0.00244	0.00243	0.5	92020	224	91908	3824037	41.56
1941-1949	26	0.00246	0.00246	0.5	91796	226	91684	3732129	40.66
1941-1949	27	0.00252	0.00251	0.5	91571	230	91456	3640445	39.76
1941-1949	28	0.00261	0.00261	0.5	91341	238	91221	3548989	38.85
1941-1949	29	0.00275	0.00274	0.5	91102	250	90977	3457768	37.95
1941-1949	30	0.00291	0.00290	0.5	90852	264	90721	3366791	37.06
1941-1949	31	0.00308	0.00308	0.5	90589	279	90449	3276070	36.16
1941-1949	32	0.00329	0.00328	0.5	90310	297	90162	3185621	35.27
1941-1949	33	0.00354	0.00353	0.5	90013	318	89854	3095459	34.39
1941-1949	34	0.00384	0.00383	0.5	89695	344	89523	3005605	33.51
1941-1949	35	0.00421	0.00420	0.5	89352	375	89164	2916081	32.64
1941-1949	36	0.00458	0.00457	0.5	88976	407	88773	2826917	31.77
1941-1949	37	0.00499	0.00497	0.5	88570	441	88349	2738144	30.92
1941-1949	38	0.00548	0.00547	0.5	88129	482	87888	2649795	30.07
1941-1949	39	0.00603	0.00601	0.5	87647	527	87384	2561907	29.23
1941-1949	40	0.00658	0.00656	0.5	87121	572	86835	2474523	28.40
1941-1949	41	0.00711	0.00708	0.5	86549	613	86243	2387688	27.59
1941-1949	42	0.00773	0.00770	0.5	85936	662	85605	2301446	26.78
1941-1949	43	0.00844	0.00840	0.5	85274	716	84916	2215841	25.98
1941-1949	44	0.00912	0.00908	0.5	84558	768	84174	2130925	25.20
1941-1949	45	0.00994	0.00989	0.5	83790	828	83376	2046751	24.43
1941-1949	46	0.01074	0.01069	0.5	82962	887	82518	1963375	23.67
1941-1949	47	0.01160	0.01153	0.5	82075	946	81602	1880857	22.92
1941-1949	48	0.01263	0.01255	0.5	81129	1018	80619	1799255	22.18
1941-1949	49	0.01388	0.01378	0.5	80110	1104	79558	1718636	21.45
1941-1949	50	0.01536	0.01525	0.5	79006	1205	78404	1639077	20.75
1941-1949	51	0.01663	0.01649	0.5	77802	1283	77160	1560673	20.06
1941-1949	52	0.01785	0.01769	0.5	76519	1354	75842	1483513	19.39
1941-1949	53	0.01916	0.01897	0.5	75165	1426	74452	1407671	18.73
1941-1949	54	0.02035	0.02015	0.5	73739	1486	72996	1333219	18.08
1941-1949	55	0.02160	0.02137	0.5	72253	1544	71481	1260223	17.44
1941-1949	56	0.02292	0.02266	0.5	70709	1603	69908	1188742	16.81
1941-1949	57	0.02453	0.02423	0.5	69107	1675	68269	1118834	16.19
1941-1949	58	0.02650	0.02615	0.5	67432	1764	66550	1050565	15.58
1941-1949	59	0.02861	0.02821	0.5	65668	1852	64742	984014	14.98
1941-1949	60	0.03097	0.03049	0.5	63816	1946	62843	919272	14.41
1941-1949	61	0.03325	0.03271	0.5	61870	2024	60858	856429	13.84
1941-1949	62	0.03589	0.03525	0.5	59846	2110	58792	795571	13.29
1941-1949	63	0.03890	0.03816	0.5	57737	2203	56635	736779	12.76
1941-1949	64	0.04184	0.04098	0.5	55533	2276	54395	680144	12.25
1941-1949	65	0.04530	0.04429	0.5	53257	2359	52078	625749	11.75
1941-1949	66	0.04822	0.04709	0.5	50899	2397	49700	573671	11.27
1941-1949	67	0.05089	0.04963	0.5	48502	2407	47298	523971	10.80
1941-1949	68	0.05452	0.05307	0.5	46095	2446	44872	476672	10.34
1941-1949	69	0.05834	0.05669	0.5	43649	2474	42411	431800	9.89
1941-1949	70	0.06242	0.06053	0.5	41174	2492	39928	389389	9.46
1941-1949	71	0.06595	0.06384	0.5	38682	2470	37447	349461	9.03
1941-1949	72	0.07039	0.06800	0.5	36212	2462	34981	312014	8.62
1941-1949	73	0.07634	0.07353	0.5	33750	2482	32509	277033	8.21
1941-1949	74	0.08262	0.07934	0.5	31268	2481	30028	244524	7.82
1941-1949	75	0.08966	0.08582	0.5	28787	2470	27552	214496	7.45
1941-1949	76	0.09538	0.09104	0.5	26317	2396	25119	186944	7.10
1941-1949	77	0.10012	0.09535	0.5	23921	2281	22780	161825	6.77
1941-1949	78	0.10610	0.10075	0.5	21640	2180	20550	139045	6.43
1941-1949	79	0.11289	0.10686	0.5	19460	2079	18420	118495	6.09
1941-1949	80	0.12435	0.11707	0.5	17380	2035	16363	100075	5.76
1941-1949	81	0.13356	0.12520	0.5	15346	1921	14385	83712	5.46
1941-1949	82	0.14388	0.13422	0.5	13424	1802	12523	69327	5.16
1941-1949	83	0.15562	0.14439	0.5	11622	1678	10783	56804	4.89
1941-1949	84	0.16872	0.15559	0.5	9944	1547	9171	46020	4.63
1941-1949	85	0.18108	0.16605	0.5	8397	1394	7700	36850	4.39
1941-1949	86	0.19400	0.17684	0.5	7003	1238	6384	29150	4.16
1941-1949	87	0.20760	0.18808	0.5	5764	1084	5222	22766	3.95
1941-1949	88	0.22189	0.19973	0.5	4680	935	4213	17544	3.75
1941-1949	89	0.23687	0.21179	0.5	3745	793	3349	13331	3.56
1941-1949	90	0.25254	0.22423	0.5	2952	662	2621	9983	3.38
1941-1949	91	0.26888	0.23701	0.5	2290	543	2019	7361	3.21
1941-1949	92	0.28586	0.25011	0.5	1747	437	1529	5343	3.06
1941-1949	93	0.30348	0.26350	0.5	1310	345	1138	3814	2.91
1941-1949	94	0.32169	0.27712	0.5	965	267	831	2676	2.77
1941-1949	95	0.34047	0.29094	0.5	698	203	596	1845	2.64
1941-1949	96	0.35975	0.30491	0.5	495	151	419	1248	2.52
1941-1949	97	0.37950	0.31898	0.5	344	110	289	829	2.41
1941-1949	98	0.39966	0.33310	0.5	234	78	195	540	2.31
1941-1949	99	0.42017	0.34722	0.5	156	54	129	345	2.21
1941-1949	100	0.44095	0.36129	0.5	102	37	84	216	2.12
1941-1949	101	0.46194	0.37527	0.5	65	24	53	132	2.03
1941-1949	102	0.48307	0.38909	0.5	41	16	33	80	1.96
1941-1949	103	0.50426	0.40272	0.5	25	10	20	47	1.88
1941-1949	104	0.52543	0.41611	0.5	15	6	12	27	1.82
1941-1949	105	0.54651	0.42923	0.5	9	4	7	15	1.75
1941-1949	106	0.56743	0.44202	0.5	5	2	4	8	1.70
1941-1949	107	0.58811	0.45447	0.5	3	1	2	5	1.65
1941-1949	108	0.60848	0.46654	0.5	2	1	1	2	1.60
1941-1949	109	0.62849	0.47821	0.5	1	0	1	1	1.57
1941-1949	110+	0.64806	1.00000	1.54	0	0	1	1	1.54
1950-1959	0	0.03138	0.03054	0.13	100000	3054	97340	6530190	65.30
1950-1959	1	0.00205	0.00205	0.5	96946	198	96846	6432850	66.36
1950-1959	2	0.00131	0.00130	0.5	96747	126	96684	6336003	65.49
1950-1959	3	0.00095	0.00095	0.5	96621	92	96575	6239319	64.58
1950-1959	4	0.00075	0.00075	0.5	96529	73	96493	6142744	63.64
1950-1959	5	0.00070	0.00070	0.5	96457	67	96423	6046251	62.68
1950-1959	6	0.00067	0.00067	0.5	96389	64	96357	5949828	61.73
1950-1959	7	0.00065	0.00065	0.5	96325	62	96294	5853471	60.77
1950-1959	8	0.00062	0.00062	0.5	96263	59	96233	5757177	59.81
1950-1959	9	0.00059	0.00059	0.5	96203	57	96175	5660944	58.84
1950-1959	10	0.00050	0.00050	0.5	96147	48	96122	5564769	57.88
1950-1959	11	0.00048	0.00048	0.5	96098	46	96075	5468647	56.91
1950-1959	12	0.00053	0.00052	0.5	96052	50	96027	5372572	55.93
1950-1959	13	0.00058	0.00058	0.5	96002	56	95974	5276544	54.96
1950-1959	14	0.00071	0.00071	0.5	95946	68	95912	5180570	53.99
1950-1959	15	0.00089	0.00089	0.5	95879	86	95836	5084658	53.03
1950-1959	16	0.00105	0.00105	0.5	95793	101	95743	4988822	52.08
1950-1959	17	0.00126	0.00126	0.5	95692	120	95632	4893079	51.13
1950-1959	18	0.00140	0.00140	0.5	95572	134	95505	4797447	50.20
1950-1959	19	0.00143	0.00143	0.5	95438	136	95370	4701942	49.27
1950-1959	20	0.00154	0.00154	0.5	95302	147	95228	4606572	48.34
1950-1959	21	0.00157	0.00157	0.5	95155	149	95081	4511344	47.41
1950-1959	22	0.00161	0.00161	0.5	95006	153	94930	4416263	46.48
1950-1959	23	0.00165	0.00165	0.5	94853	156	94775	4321334	45.56
1950-1959	24	0.00157	0.00157	0.5	94697	149	94622	4226559	44.63
1950-1959	25	0.00163	0.00162	0.5	94548	154	94471	4131936	43.70
1950-1959	26	0.00165	0.00165	0.5	94394	156	94316	4037465	42.77
1950-1959	27	0.00167	0.00167	0.5	94238	157	94160	3943149	41.84
1950-1959	28	0.00174	0.00174	0.5	94081	164	94000	3848989	40.91
1950-1959	29	0.00183	0.00183	0.5	93918	172	93832	3754989	39.98
1950-1959	30	0.00194	0.00193	0.5	93746	181	93655	3661157	39.05
1950-1959	31	0.00207	0.00207	0.5	93565	194	93468	3567502	38.13
1950-1959	32	0.00222	0.00222	0.5	93371	207	93267	3474034	37.21
1950-1959	33	0.00237	0.00236	0.5	93164	220	93054	3380767	36.29
1950-1959	34	0.00251	0.00250	0.5	92944	233	92827	3287713	35.37
1950-1959	35	0.00275	0.00274	0.5	92711	254	92584	3194886	34.46
1950-1959	36	0.00293	0.00293	0.5	92457	270	92321	3102302	33.55
1950-1959	37	0.00324	0.00324	0.5	92186	298	92037	3009980	32.65
1950-1959	38	0.00352	0.00351	0.5	91888	323	91726	2917943	31.76
1950-1959	39	0.00392	0.00391	0.5	91565	358	91386	2826217	30.87
1950-1959	40	0.00443	0.00442	0.5	91207	403	91005	2734831	29.98
1950-1959	41	0.00479	0.00478	0.5	90804	434	90587	2643826	29.12
1950-1959	42	0.00529	0.00528	0.5	90369	477	90131	2553239	28.25
1950-1959	43	0.00593	0.00591	0.5	89892	532	89626	2463108	27.40
1950-1959	44	0.00654	0.00652	0.5	89361	583	89069	2373482	26.56
1950-1959	45	0.00725	0.00723	0.5	88778	642	88457	2284412	25.73
1950-1959	46	0.00788	0.00784	0.5	88136	691	87791	2195955	24.92
1950-1959	47	0.00867	0.00863	0.5	87445	755	87067	2108165	24.11
1950-1959	48	0.00977	0.00972	0.5	86690	843	86269	2021097	23.31
1950-1959	49	0.01071	0.01065	0.5	85847	914	85390	1934828	22.54
1950-1959	50	0.01164	0.01157	0.5	84933	983	84442	1849438	21.78
1950-1959	51	0.01288	0.01280	0.5	83950	1074	83413	1764997	21.02
1950-1959	52	0.01409	0.01399	0.5	82876	1159	82296	1681584	20.29
1950-1959	53	0.01561	0.01549	0.5	81717	1266	81084	1599288	19.57
1950-1959	54	0.01718	0.01704	0.5	80451	1371	79766	1518204	18.87
1950-1959	55	0.01845	0.01828	0.5	79080	1446	78358	1438438	18.19
1950-1959	56	0.02019	0.01999	0.5	77635	1552	76859	1360081	17.52
1950-1959	57	0.02185	0.02162	0.5	76083	1645	75261	1283222	16.87
1950-1959	58	0.02391	0.02363	0.5	74438	1759	73559	1207961	16.23
1950-1959	59	0.02577	0.02544	0.5	72680	1849	71755	1134402	15.61
1950-1959	60	0.02784	0.02746	0.5	70830	1945	69858	1062647	15.00
1950-1959	61	0.02992	0.02948	0.5	68885	2031	67870	992789	14.41
1950-1959	62	0.03231	0.03180	0.5	66855	2126	65792	924919	13.83
1950-1959	63	0.03478	0.03418	0.5	64729	2212	63622	859128	13.27
1950-1959	64	0.03735	0.03666	0.5	62516	2292	61370	795506	12.72
1950-1959	65	0.04110	0.04028	0.5	60224	2426	59011	734135	12.19
1950-1959	66	0.04420	0.04324	0.5	57799	2499	56549	675124	11.68
1950-1959	67	0.04841	0.04726	0.5	55299	2614	53993	618575	11.19
1950-1959	68	0.05120	0.04992	0.5	52686	2630	51371	564582	10.72
1950-1959	69	0.05466	0.05321	0.5	50056	2663	48724	513211	10.25
1950-1959	70	0.05773	0.05611	0.5	47392	2659	46063	464487	9.80
1950-1959	71	0.06137	0.05955	0.5	44733	2664	43401	418425	9.35
1950-1959	72	0.06585	0.06375	0.5	42069	2682	40728	375023	8.91
1950-1959	73	0.07117	0.06872	0.5	39387	2707	38034	334295	8.49
1950-1959	74	0.07663	0.07380	0.5	36681	2707	35327	296261	8.08
1950-1959	75	0.08267	0.07939	0.5	33974	2697	32625	260934	7.68
1950-1959	76	0.08880	0.08502	0.5	31277	2659	29947	228309	7.30
1950-1959	77	0.09543	0.09109	0.5	28617	2607	27314	198362	6.93
1950-1959	78	0.10442	0.09924	0.5	26011	2581	24720	171048	6.58
1950-1959	79	0.11271	0.10669	0.5	23429	2500	22180	146328	6.25
1950-1959	80	0.11668	0.11025	0.5	20930	2308	19776	124148	5.93
1950-1959	81	0.12543	0.11803	0.5	18622	2198	17523	104372	5.60
1950-1959	82	0.13827	0.12933	0.5	16424	2124	15362	86849	5.29
1950-1959	83	0.14874	0.13845	0.5	14300	1980	13310	71487	5.00
1950-1959	84	0.16107	0.14906	0.5	12320	1836	11402	58177	4.72
1950-1959	85	0.17387	0.15997	0.5	10484	1677	9645	46775	4.46
1950-1959	86	0.18750	0.17143	0.5	8807	1510	8052	37129	4.22
1950-1959	87	0.20194	0.18342	0.5	7297	1338	6628	29078	3.98
1950-1959	88	0.21719	0.19592	0.5	5959	1167	5375	22450	3.77
1950-1959	89	0.23326	0.20890	0.5	4791	1001	4291	17075	3.56
1950-1959	90	0.25014	0.22233	0.5	3790	843	3369	12784	3.37
1950-1959	91	0.26781	0.23618	0.5	2948	696	2600	9415	3.19
1950-1959	92	0.28625	0.25041	0.5	2251	564	1970	6816	3.03
1950-1959	93	0.30543	0.26497	0.5	1688	447	1464	4846	2.87
1950-1959	94	0.32531	0.27980	0.5	1240	347	1067	3382	2.73
1950-1959	95	0.34585	0.29486	0.5	893	263	762	2315	2.59
1950-1959	96	0.36697	0.31007	0.5	630	195	532	1553	2.47
1950-1959	97	0.38861	0.32539	0.5	435	141	364	1021	2.35
1950-1959	98	0.41071	0.34074	0.5	293	100	243	657	2.24
1950-1959	99	0.43317	0.35605	0.5	193	69	159	414	2.14
1950-1959	100	0.45591	0.37128	0.5	124	46	101	255	2.05
1950-1959	101	0.47884	0.38634	0.5	78	30	63	154	1.96
1950-1959	102	0.50185	0.40118	0.5	48	19	38	90	1.88
1950-1959	103	0.52486	0.41575	0.5	29	12	23	52	1.81
1950-1959	104	0.54776	0.42999	0.5	17	7	13	29	1.74
1950-1959	105	0.57046	0.44386	0.5	10	4	7	16	1.68
1950-1959	106	0.59287	0.45731	0.5	5	2	4	9	1.63
1950-1959	107	0.61489	0.47030	0.5	3	1	2	5	1.58
1950-1959	108	0.63646	0.48282	0.5	2	1	1	2	1.53
1950-1959	109	0.65749	0.49482	0.5	1	0	1	1	1.50
1950-1959	110+	0.67793	1.00000	1.48	0	0	1	1	1.48
1960-1969	0	0.02737	0.02672	0.12	100000	2672	97644	6587389	65.87
1960-1969	1	0.00152	0.00152	0.5	97328	148	97254	6489745	66.68
1960-1969	2	0.00095	0.00095	0.5	97180	92	97134	6392491	65.78
1960-1969	3	0.00082	0.00082	0.5	97088	80	97048	6295357	64.84
1960-1969	4	0.00072	0.00072	0.5	97008	70	96973	6198309	63.89
1960-1969	5	0.00058	0.00058	0.5	96938	56	96910	6101336	62.94
1960-1969	6	0.00048	0.00048	0.5	96882	47	96859	6004426	61.98
1960-1969	7	0.00051	0.00051	0.5	96835	49	96811	5907567	61.01
1960-1969	8	0.00043	0.00043	0.5	96786	41	96765	5810756	60.04
1960-1969	9	0.00043	0.00043	0.5	96745	42	96724	5713991	59.06
1960-1969	10	0.00038	0.00038	0.5	96703	37	96684	5617268	58.09
1960-1969	11	0.00044	0.00044	0.5	96666	43	96644	5520583	57.11
1960-1969	12	0.00045	0.00045	0.5	96623	44	96601	5423939	56.14
1960-1969	13	0.00059	0.00058	0.5	96579	56	96550	5327339	55.16
1960-1969	14	0.00073	0.00073	0.5	96522	70	96487	5230788	54.19
1960-1969	15	0.00077	0.00077	0.5	96452	74	96415	5134301	53.23
1960-1969	16	0.00106	0.00106	0.5	96378	102	96327	5037886	52.27
1960-1969	17	0.00145	0.00145	0.5	96276	139	96206	4941559	51.33
1960-1969	18	0.00158	0.00158	0.5	96137	152	96061	4845353	50.40
1960-1969	19	0.00168	0.00167	0.5	95985	161	95904	4749292	49.48
1960-1969	20	0.00166	0.00166	0.5	95824	159	95745	4653388	48.56
1960-1969	21	0.00173	0.00172	0.5	95665	165	95583	4557643	47.64
1960-1969	22	0.00173	0.00173	0.5	95500	165	95418	4462060	46.72
1960-1969	23	0.00170	0.00169	0.5	95335	162	95254	4366642	45.80
1960-1969	24	0.00174	0.00173	0.5	95173	165	95091	4271388	44.88
1960-1969	25	0.00167	0.00166	0.5	95008	158	94929	4176297	43.96
1960-1969	26	0.00178	0.00178	0.5	94850	169	94766	4081368	43.03
1960-1969	27	0.00163	0.00163	0.5	94682	155	94604	3986602	42.11
1960-1969	28	0.00198	0.00198	0.5	94527	187	94434	3891998	41.17
1960-1969	29	0.00183	0.00183	0.5	94340	172	94254	3797564	40.25
1960-1969	30	0.00182	0.00182	0.5	94168	172	94082	3703310	39.33
1960-1969	31	0.00195	0.00195	0.5	93996	183	93905	3609228	38.40
1960-1969	32	0.00205	0.00204	0.5	93813	192	93717	3515323	37.47
1960-1969	33	0.00223	0.00222	0.5	93621	208	93517	3421606	36.55
1960-1969	34	0.00237	0.00237	0.5	93413	221	93303	3328088	35.63
1960-1969	35	0.00275	0.00275	0.5	93192	256	93064	3234785	34.71
1960-1969	36	0.00296	0.00295	0.5	92936	275	92799	3141721	33.81
1960-1969	37	0.00297	0.00296	0.5	92661	274	92524	3048923	32.90
1960-1969	38	0.00343	0.00343	0.5	92387	316	92229	2956398	32.00
1960-1969	39	0.00362	0.00361	0.5	92071	332	91905	2864169	31.11
1960-1969	40	0.00440	0.00439	0.5	91738	402	91537	2772265	30.22
1960-1969	41	0.00464	0.00463	0.5	91336	423	91125	2680728	29.35
1960-1969	42	0.00525	0.00524	0.5	90913	476	90675	2589603	28.48
1960-1969	43	0.00531	0.00529	0.5	90437	479	90198	2498928	27.63
1960-1969	44	0.00621	0.00619	0.5	89958	557	89680	2408730	26.78
1960-1969	45	0.00674	0.00672	0.5	89402	600	89101	2319050	25.94
1960-1969	46	0.00727	0.00724	0.5	88801	643	88480	2229949	25.11
1960-1969	47	0.00809	0.00806	0.5	88158	710	87803	2141469	24.29
1960-1969	48	0.00901	0.00897	0.5	87448	785	87056	2053666	23.48
1960-1969	49	0.00956	0.00952	0.5	86663	825	86251	1966610	22.69
1960-1969	50	0.01164	0.01158	0.5	85839	994	85342	1880359	21.91
1960-1969	51	0.01198	0.01191	0.5	84845	1010	84340	1795018	21.16
1960-1969	52	0.01384	0.01375	0.5	83835	1152	83258	1710678	20.41
1960-1969	53	0.01440	0.01430	0.5	82682	1182	82091	1627420	19.68
1960-1969	54	0.01651	0.01638	0.5	81500	1335	80833	1545328	18.96
1960-1969	55	0.01764	0.01749	0.5	80166	1402	79465	1464495	18.27
1960-1969	56	0.01923	0.01904	0.5	78764	1500	78014	1385031	17.58
1960-1969	57	0.02109	0.02087	0.5	77264	1613	76457	1307017	16.92
1960-1969	58	0.02246	0.02221	0.5	75651	1680	74811	1230559	16.27
1960-1969	59	0.02556	0.02524	0.5	73971	1867	73037	1155748	15.62
1960-1969	60	0.02841	0.02801	0.5	72104	2020	71094	1082711	15.02
1960-1969	61	0.02800	0.02762	0.5	70084	1935	69116	1011617	14.43
1960-1969	62	0.03265	0.03213	0.5	68149	2189	67054	942501	13.83
1960-1969	63	0.03478	0.03418	0.5	65959	2255	64832	875447	13.27
1960-1969	64	0.03711	0.03643	0.5	63705	2321	62544	810615	12.72
1960-1969	65	0.04216	0.04129	0.5	61384	2535	60116	748071	12.19
1960-1969	66	0.04382	0.04288	0.5	58849	2524	57587	687954	11.69
1960-1969	67	0.04801	0.04688	0.5	56325	2641	55005	630367	11.19
1960-1969	68	0.05011	0.04888	0.5	53685	2624	52372	575362	10.72
1960-1969	69	0.05468	0.05323	0.5	51060	2718	49701	522990	10.24
1960-1969	70	0.05979	0.05806	0.5	48343	2807	46939	473289	9.79
1960-1969	71	0.06141	0.05958	0.5	45536	2713	44179	426349	9.36
1960-1969	72	0.06760	0.06539	0.5	42823	2800	41423	382170	8.92
1960-1969	73	0.07241	0.06988	0.5	40023	2797	38625	340747	8.51
1960-1969	74	0.07859	0.07562	0.5	37226	2815	35819	302122	8.12
1960-1969	75	0.08614	0.08258	0.5	34411	2842	32990	266304	7.74
1960-1969	76	0.09271	0.08860	0.5	31569	2797	30171	233314	7.39
1960-1969	77	0.09349	0.08931	0.5	28772	2570	27487	203143	7.06
1960-1969	78	0.10088	0.09604	0.5	26202	2516	24944	175655	6.70
1960-1969	79	0.10586	0.10054	0.5	23686	2381	22495	150711	6.36
1960-1969	80	0.12001	0.11322	0.5	21305	2412	20099	128216	6.02
1960-1969	81	0.12010	0.11329	0.5	18893	2140	17822	108117	5.72
1960-1969	82	0.13232	0.12411	0.5	16752	2079	15713	90295	5.39
1960-1969	83	0.14852	0.13826	0.5	14673	2029	13659	74582	5.08
1960-1969	84	0.16223	0.15006	0.5	12644	1897	11696	60923	4.82
1960-1969	85	0.16849	0.15540	0.5	10747	1670	9912	49227	4.58
1960-1969	86	0.18290	0.16757	0.5	9077	1521	8316	39315	4.33
1960-1969	87	0.19637	0.17881	0.5	7556	1351	6880	30999	4.10
1960-1969	88	0.21057	0.19051	0.5	6205	1182	5614	24119	3.89
1960-1969	89	0.22552	0.20266	0.5	5023	1018	4514	18505	3.68
1960-1969	90	0.24120	0.21524	0.5	4005	862	3574	13991	3.49
1960-1969	91	0.25760	0.22821	0.5	3143	717	2784	10417	3.31
1960-1969	92	0.27472	0.24154	0.5	2426	586	2133	7633	3.15
1960-1969	93	0.29253	0.25521	0.5	1840	470	1605	5500	2.99
1960-1969	94	0.31100	0.26915	0.5	1370	369	1186	3895	2.84
1960-1969	95	0.33009	0.28333	0.5	1001	284	860	2710	2.71
1960-1969	96	0.34976	0.29770	0.5	718	214	611	1850	2.58
1960-1969	97	0.36995	0.31220	0.5	504	157	425	1239	2.46
1960-1969	98	0.39061	0.32679	0.5	347	113	290	814	2.35
1960-1969	99	0.41167	0.34140	0.5	233	80	194	524	2.24
1960-1969	100	0.43306	0.35598	0.5	154	55	126	330	2.15
1960-1969	101	0.45469	0.37047	0.5	99	37	81	204	2.06
1960-1969	102	0.47651	0.38482	0.5	62	24	50	123	1.98
1960-1969	103	0.49841	0.39898	0.5	38	15	31	73	1.90
1960-1969	104	0.52031	0.41290	0.5	23	10	18	42	1.83
1960-1969	105	0.54214	0.42653	0.5	14	6	11	24	1.76
1960-1969	106	0.56381	0.43982	0.5	8	3	6	13	1.71
1960-1969	107	0.58524	0.45276	0.5	4	2	3	7	1.65
1960-1969	108	0.60635	0.46529	0.5	2	1	2	4	1.61
1960-1969	109	0.62707	0.47739	0.5	1	1	1	2	1.57
1960-1969	110+	0.64734	1.00000	1.54	1	1	1	1	1.54
1970-1979	0	0.01768	0.01740	0.09	100000	1740	98421	6813144	68.13
1970-1979	1	0.00100	0.00099	0.5	98260	98	98211	6714724	68.34
1970-1979	2	0.00068	0.00068	0.5	98162	66	98129	6616513	67.40
1970-1979	3	0.00057	0.00057	0.5	98096	56	98068	6518384	66.45
1970-1979	4	0.00050	0.00050	0.5	98039	49	98015	6420316	65.49
1970-1979	5	0.00052	0.00052	0.5	97991	51	97965	6322301	64.52
1970-1979	6	0.00039	0.00039	0.5	97940	38	97921	6224336	63.55
1970-1979	7	0.00046	0.00046	0.5	97902	45	97879	6126415	62.58
1970-1979	8	0.00038	0.00038	0.5	97857	37	97839	6028535	61.61
1970-1979	9	0.00034	0.00034	0.5	97820	33	97804	5930697	60.63
1970-1979	10	0.00028	0.00028	0.5	97787	27	97774	5832893	59.65
1970-1979	11	0.00034	0.00034	0.5	97760	33	97743	5735120	58.67
1970-1979	12	0.00036	0.00036	0.5	97727	36	97709	5637376	57.69
1970-1979	13	0.00037	0.00037	0.5	97691	36	97673	5539667	56.71
1970-1979	14	0.00060	0.00060	0.5	97656	58	97626	5441994	55.73
1970-1979	15	0.00077	0.00077	0.5	97597	75	97560	5344367	54.76
1970-1979	16	0.00108	0.00108	0.5	97522	105	97469	5246808	53.80
1970-1979	17	0.00148	0.00148	0.5	97417	144	97345	5149338	52.86
1970-1979	18	0.00160	0.00160	0.5	97273	156	97195	5051993	51.94
1970-1979	19	0.00185	0.00185	0.5	97117	180	97027	4954798	51.02
1970-1979	20	0.00190	0.00190	0.5	96937	184	96845	4857771	50.11
1970-1979	21	0.00198	0.00197	0.5	96753	191	96657	4760926	49.21
1970-1979	22	0.00192	0.00192	0.5	96562	185	96469	4664269	48.30
1970-1979	23	0.00202	0.00202	0.5	96377	195	96279	4567799	47.40
1970-1979	24	0.00196	0.00196	0.5	96182	188	96088	4471520	46.49
1970-1979	25	0.00175	0.00175	0.5	95994	168	95910	4375432	45.58
1970-1979	26	0.00182	0.00182	0.5	95826	174	95739	4279522	44.66
1970-1979	27	0.00184	0.00184	0.5	95652	176	95564	4183783	43.74
1970-1979	28	0.00172	0.00172	0.5	95476	164	95394	4088219	42.82
1970-1979	29	0.00183	0.00183	0.5	95312	174	95225	3992825	41.89
1970-1979	30	0.00191	0.00191	0.5	95138	182	95047	3897600	40.97
1970-1979	31	0.00182	0.00182	0.5	94956	173	94870	3802553	40.05
1970-1979	32	0.00199	0.00199	0.5	94784	189	94689	3707683	39.12
1970-1979	33	0.00198	0.00197	0.5	94595	187	94502	3612994	38.19
1970-1979	34	0.00220	0.00220	0.5	94408	207	94305	3518493	37.27
1970-1979	35	0.00230	0.00230	0.5	94201	216	94093	3424188	36.35
1970-1979	36	0.00233	0.00233	0.5	93984	219	93875	3330096	35.43
1970-1979	37	0.00266	0.00265	0.5	93766	249	93641	3236220	34.51
1970-1979	38	0.00287	0.00286	0.5	93517	268	93383	3142579	33.60
1970-1979	39	0.00312	0.00311	0.5	93249	290	93104	3049196	32.70
1970-1979	40	0.00338	0.00337	0.5	92959	313	92802	2956092	31.80
1970-1979	41	0.00383	0.00382	0.5	92645	354	92468	2863290	30.91
1970-1979	42	0.00413	0.00412	0.5	92291	380	92101	2770822	30.02
1970-1979	43	0.00479	0.00478	0.5	91911	440	91691	2678721	29.14
1970-1979	44	0.00533	0.00531	0.5	91471	486	91228	2587030	28.28
1970-1979	45	0.00578	0.00576	0.5	90986	524	90724	2495801	27.43
1970-1979	46	0.00624	0.00622	0.5	90462	563	90180	2405078	26.59
1970-1979	47	0.00738	0.00736	0.5	89899	661	89568	2314898	25.75
1970-1979	48	0.00773	0.00770	0.5	89237	687	88894	2225329	24.94
1970-1979	49	0.00873	0.00869	0.5	88551	769	88166	2136436	24.13
1970-1979	50	0.00923	0.00918	0.5	87781	806	87378	2048270	23.33
1970-1979	51	0.00983	0.00978	0.5	86975	851	86550	1960892	22.55
1970-1979	52	0.01129	0.01123	0.5	86124	967	85640	1874342	21.76
1970-1979	53	0.01185	0.01178	0.5	85157	1003	84655	1788702	21.00
1970-1979	54	0.01352	0.01343	0.5	84154	1130	83588	1704046	20.25
1970-1979	55	0.01366	0.01357	0.5	83023	1126	82460	1620458	19.52
1970-1979	56	0.01622	0.01609	0.5	81897	1318	81238	1537998	18.78
1970-1979	57	0.01742	0.01727	0.5	80579	1392	79883	1456760	18.08
1970-1979	58	0.01865	0.01848	0.5	79187	1463	78456	1376877	17.39
1970-1979	59	0.02109	0.02087	0.5	77724	1622	76913	1298421	16.71
1970-1979	60	0.02273	0.02248	0.5	76102	1710	75247	1221508	16.05
1970-1979	61	0.02530	0.02499	0.5	74392	1859	73462	1146261	15.41
1970-1979	62	0.02678	0.02642	0.5	72533	1916	71575	1072798	14.79
1970-1979	63	0.02887	0.02846	0.5	70617	2010	69612	1001224	14.18
1970-1979	64	0.03250	0.03198	0.5	68607	2194	67510	931612	13.58
1970-1979	65	0.03614	0.03550	0.5	66413	2358	65234	864102	13.01
1970-1979	66	0.03799	0.03728	0.5	64056	2388	62862	798868	12.47
1970-1979	67	0.04234	0.04146	0.5	61668	2557	60389	736006	11.94
1970-1979	68	0.04337	0.04245	0.5	59111	2509	57856	675617	11.43
1970-1979	69	0.04821	0.04708	0.5	56602	2665	55269	617761	10.91
1970-1979	70	0.05333	0.05195	0.5	53937	2802	52536	562491	10.43
1970-1979	71	0.05601	0.05449	0.5	51135	2786	49742	509955	9.97
1970-1979	72	0.06099	0.05918	0.5	48349	2861	46918	460213	9.52
1970-1979	73	0.06501	0.06296	0.5	45488	2864	44056	413295	9.09
1970-1979	74	0.06844	0.06618	0.5	42624	2821	41213	369239	8.66
1970-1979	75	0.07673	0.07389	0.5	39803	2941	38333	328026	8.24
1970-1979	76	0.08213	0.07889	0.5	36862	2908	35408	289693	7.86
1970-1979	77	0.08852	0.08477	0.5	33954	2878	32515	254285	7.49
1970-1979	78	0.09389	0.08968	0.5	31076	2787	29682	221771	7.14
1970-1979	79	0.10037	0.09557	0.5	28289	2704	26937	192088	6.79
1970-1979	80	0.10686	0.10144	0.5	25585	2595	24288	165151	6.45
1970-1979	81	0.11098	0.10514	0.5	22990	2417	21781	140864	6.13
1970-1979	82	0.12170	0.11472	0.5	20573	2360	19393	119082	5.79
1970-1979	83	0.13373	0.12535	0.5	18213	2283	17071	99689	5.47
1970-1979	84	0.14252	0.13304	0.5	15930	2119	14870	82618	5.19
1970-1979	85	0.15466	0.14356	0.5	13810	1983	12819	67748	4.91
1970-1979	86	0.16653	0.15373	0.5	11828	1818	10919	54929	4.64
1970-1979	87	0.17912	0.16440	0.5	10010	1646	9187	44010	4.40
1970-1979	88	0.19244	0.17555	0.5	8364	1468	7630	34823	4.16
1970-1979	89	0.20650	0.18718	0.5	6896	1291	6250	27194	3.94
1970-1979	90	0.22131	0.19926	0.5	5605	1117	5047	20943	3.74
1970-1979	91	0.23687	0.21178	0.5	4488	951	4013	15897	3.54
1970-1979	92	0.25316	0.22471	0.5	3538	795	3140	11884	3.36
1970-1979	93	0.27017	0.23802	0.5	2743	653	2416	8744	3.19
1970-1979	94	0.28789	0.25166	0.5	2090	526	1827	6327	3.03
1970-1979	95	0.30628	0.26561	0.5	1564	415	1356	4500	2.88
1970-1979	96	0.32531	0.27980	0.5	1149	321	988	3144	2.74
1970-1979	97	0.34494	0.29420	0.5	827	243	705	2156	2.61
1970-1979	98	0.36511	0.30874	0.5	584	180	494	1451	2.49
1970-1979	99	0.38576	0.32338	0.5	404	131	338	957	2.37
1970-1979	100	0.40683	0.33806	0.5	273	92	227	619	2.27
1970-1979	101	0.42825	0.35273	0.5	181	64	149	392	2.17
1970-1979	102	0.44995	0.36731	0.5	117	43	96	243	2.08
1970-1979	103	0.47183	0.38177	0.5	74	28	60	148	1.99
1970-1979	104	0.49383	0.39604	0.5	46	18	37	88	1.92
1970-1979	105	0.51584	0.41008	0.5	28	11	22	51	1.85
1970-1979	106	0.53780	0.42383	0.5	16	7	13	29	1.78
1970-1979	107	0.55961	0.43726	0.5	9	4	7	16	1.72
1970-1979	108	0.58120	0.45033	0.5	5	2	4	9	1.67
1970-1979	109	0.60247	0.46300	0.5	3	1	2	5	1.63
1970-1979	110+	0.62337	1.00000	1.6	2	2	3	3	1.60
1980-1989	0	0.01313	0.01298	0.08	100000	1298	98806	7049879	70.50
1980-1989	1	0.00078	0.00078	0.5	98702	77	98664	6951073	70.42
1980-1989	2	0.00061	0.00061	0.5	98625	60	98595	6852409	69.48
1980-1989	3	0.00042	0.00042	0.5	98565	41	98545	6753814	68.52
1980-1989	4	0.00037	0.00037	0.5	98524	36	98506	6655270	67.55
1980-1989	5	0.00033	0.00033	0.5	98488	32	98472	6556764	66.57
1980-1989	6	0.00027	0.00027	0.5	98455	27	98442	6458292	65.60
1980-1989	7	0.00026	0.00026	0.5	98429	26	98416	6359850	64.61
1980-1989	8	0.00024	0.00024	0.5	98403	24	98391	6261434	63.63
1980-1989	9	0.00025	0.00025	0.5	98379	25	98366	6163043	62.65
1980-1989	10	0.00021	0.00021	0.5	98354	21	98344	6064677	61.66
1980-1989	11	0.00021	0.00021	0.5	98333	20	98323	5966333	60.67
1980-1989	12	0.00028	0.00028	0.5	98313	27	98299	5868010	59.69
1980-1989	13	0.00032	0.00032	0.5	98286	31	98270	5769711	58.70
1980-1989	14	0.00050	0.00050	0.5	98254	49	98230	5671441	57.72
1980-1989	15	0.00059	0.00059	0.5	98205	58	98176	5573211	56.75
1980-1989	16	0.00096	0.00096	0.5	98147	94	98100	5475035	55.78
1980-1989	17	0.00116	0.00116	0.5	98053	114	97996	5376935	54.84
1980-1989	18	0.00144	0.00144	0.5	97939	141	97868	5278940	53.90
1980-1989	19	0.00154	0.00154	0.5	97798	150	97723	5181072	52.98
1980-1989	20	0.00160	0.00160	0.5	97647	156	97569	5083349	52.06
1980-1989	21	0.00173	0.00173	0.5	97491	168	97407	4985780	51.14
1980-1989	22	0.00181	0.00181	0.5	97323	176	97235	4888372	50.23
1980-1989	23	0.00184	0.00184	0.5	97147	178	97058	4791137	49.32
1980-1989	24	0.00178	0.00178	0.5	96969	172	96883	4694079	48.41
1980-1989	25	0.00184	0.00184	0.5	96796	178	96707	4597197	47.49
1980-1989	26	0.00185	0.00185	0.5	96618	178	96529	4500489	46.58
1980-1989	27	0.00185	0.00185	0.5	96440	178	96351	4403960	45.67
1980-1989	28	0.00190	0.00190	0.5	96262	183	96170	4307609	44.75
1980-1989	29	0.00175	0.00175	0.5	96079	168	95995	4211439	43.83
1980-1989	30	0.00188	0.00188	0.5	95911	180	95821	4115445	42.91
1980-1989	31	0.00192	0.00192	0.5	95731	184	95639	4019624	41.99
1980-1989	32	0.00208	0.00208	0.5	95547	199	95447	3923985	41.07
1980-1989	33	0.00208	0.00207	0.5	95348	198	95249	3828538	40.15
1980-1989	34	0.00207	0.00207	0.5	95150	197	95052	3733289	39.24
1980-1989	35	0.00213	0.00213	0.5	94953	202	94852	3638238	38.32
1980-1989	36	0.00224	0.00224	0.5	94751	212	94645	3543386	37.40
1980-1989	37	0.00233	0.00232	0.5	94539	220	94429	3448741	36.48
1980-1989	38	0.00257	0.00257	0.5	94319	242	94198	3354312	35.56
1980-1989	39	0.00262	0.00262	0.5	94077	246	93954	3260114	34.65
1980-1989	40	0.00281	0.00281	0.5	93830	264	93699	3166161	33.74
1980-1989	41	0.00293	0.00293	0.5	93567	274	93430	3072462	32.84
1980-1989	42	0.00330	0.00330	0.5	93293	308	93139	2979032	31.93
1980-1989	43	0.00347	0.00347	0.5	92985	322	92824	2885894	31.04
1980-1989	44	0.00380	0.00379	0.5	92663	352	92487	2793070	30.14
1980-1989	45	0.00437	0.00436	0.5	92311	403	92110	2700583	29.26
1980-1989	46	0.00464	0.00463	0.5	91908	425	91696	2608473	28.38
1980-1989	47	0.00502	0.00501	0.5	91483	458	91254	2516777	27.51
1980-1989	48	0.00531	0.00529	0.5	91025	482	90784	2425523	26.65
1980-1989	49	0.00609	0.00608	0.5	90543	550	90268	2334739	25.79
1980-1989	50	0.00713	0.00711	0.5	89993	640	89673	2244471	24.94
1980-1989	51	0.00786	0.00783	0.5	89353	699	89004	2154798	24.12
1980-1989	52	0.00860	0.00856	0.5	88654	759	88274	2065794	23.30
1980-1989	53	0.00945	0.00941	0.5	87895	827	87481	1977520	22.50
1980-1989	54	0.01076	0.01071	0.5	87068	932	86602	1890039	21.71
1980-1989	55	0.01209	0.01202	0.5	86136	1035	85618	1803437	20.94
1980-1989	56	0.01313	0.01304	0.5	85100	1110	84545	1717819	20.19
1980-1989	57	0.01425	0.01415	0.5	83991	1188	83396	1633274	19.45
1980-1989	58	0.01591	0.01578	0.5	82802	1307	82149	1549877	18.72
1980-1989	59	0.01671	0.01657	0.5	81496	1351	80820	1467728	18.01
1980-1989	60	0.01839	0.01822	0.5	80145	1460	79415	1386908	17.30
1980-1989	61	0.01972	0.01952	0.5	78685	1536	77917	1307493	16.62
1980-1989	62	0.02301	0.02275	0.5	77149	1755	76271	1229576	15.94
1980-1989	63	0.02353	0.02326	0.5	75393	1753	74517	1153305	15.30
1980-1989	64	0.02593	0.02560	0.5	73640	1885	72697	1078789	14.65
1980-1989	65	0.02849	0.02809	0.5	71755	2016	70747	1006092	14.02
1980-1989	66	0.03052	0.03006	0.5	69739	2097	68691	935345	13.41
1980-1989	67	0.03345	0.03290	0.5	67642	2225	66530	866654	12.81
1980-1989	68	0.03714	0.03646	0.5	65417	2385	64224	800124	12.23
1980-1989	69	0.03923	0.03847	0.5	63032	2425	61819	735900	11.68
1980-1989	70	0.04463	0.04366	0.5	60607	2646	59284	674081	11.12
1980-1989	71	0.04837	0.04722	0.5	57961	2737	56592	614797	10.61
1980-1989	72	0.05329	0.05191	0.5	55224	2867	53790	558204	10.11
1980-1989	73	0.05774	0.05612	0.5	52357	2938	50888	504414	9.63
1980-1989	74	0.06018	0.05842	0.5	49419	2887	47975	453526	9.18
1980-1989	75	0.06626	0.06414	0.5	46532	2984	45039	405551	8.72
1980-1989	76	0.07230	0.06978	0.5	43547	3039	42028	360512	8.28
1980-1989	77	0.07740	0.07452	0.5	40509	3019	38999	318484	7.86
1980-1989	78	0.08471	0.08127	0.5	37490	3047	35967	279485	7.45
1980-1989	79	0.09164	0.08762	0.5	34443	3018	32934	243518	7.07
1980-1989	80	0.09486	0.09057	0.5	31425	2846	30002	210584	6.70
1980-1989	81	0.10882	0.10320	0.5	28579	2949	27104	180582	6.32
1980-1989	82	0.11269	0.10668	0.5	25630	2734	24263	153478	5.99
1980-1989	83	0.12517	0.11780	0.5	22896	2697	21547	129215	5.64
1980-1989	84	0.13076	0.12273	0.5	20198	2479	18959	107668	5.33
1980-1989	85	0.15017	0.13968	0.5	17719	2475	16482	88709	5.01
1980-1989	86	0.15909	0.14737	0.5	15244	2247	14121	72228	4.74
1980-1989	87	0.17219	0.15854	0.5	12998	2061	11967	58106	4.47
1980-1989	88	0.18614	0.17029	0.5	10937	1862	10006	46139	4.22
1980-1989	89	0.20093	0.18259	0.5	9075	1657	8246	36133	3.98
1980-1989	90	0.21659	0.19543	0.5	7418	1450	6693	27887	3.76
1980-1989	91	0.23312	0.20878	0.5	5968	1246	5345	21194	3.55
1980-1989	92	0.25050	0.22262	0.5	4722	1051	4196	15849	3.36
1980-1989	93	0.26873	0.23690	0.5	3671	870	3236	11653	3.17
1980-1989	94	0.28777	0.25157	0.5	2801	705	2449	8417	3.00
1980-1989	95	0.30759	0.26659	0.5	2097	559	1817	5968	2.85
1980-1989	96	0.32815	0.28190	0.5	1538	433	1321	4151	2.70
1980-1989	97	0.34939	0.29743	0.5	1104	328	940	2830	2.56
1980-1989	98	0.37125	0.31312	0.5	776	243	654	1890	2.44
1980-1989	99	0.39364	0.32891	0.5	533	175	445	1236	2.32
1980-1989	100	0.41649	0.34471	0.5	358	123	296	790	2.21
1980-1989	101	0.43971	0.36046	0.5	234	84	192	494	2.11
1980-1989	102	0.46319	0.37609	0.5	150	56	122	302	2.02
1980-1989	103	0.48684	0.39153	0.5	93	37	75	181	1.93
1980-1989	104	0.51055	0.40672	0.5	57	23	45	105	1.85
1980-1989	105	0.53420	0.42160	0.5	34	14	27	60	1.78
1980-1989	106	0.55771	0.43610	0.5	20	9	15	34	1.72
1980-1989	107	0.58096	0.45019	0.5	11	5	9	18	1.66
1980-1989	108	0.60386	0.46382	0.5	6	3	5	10	1.61
1980-1989	109	0.62631	0.47695	0.5	3	2	2	5	1.57
1980-1989	110+	0.64823	1.00000	1.54	2	2	3	3	1.54
1990-1999	0	0.01003	0.00994	0.07	100000	994	99077	7209403	72.09
1990-1999	1	0.00063	0.00063	0.5	99006	63	98974	7110326	71.82
1990-1999	2	0.00043	0.00043	0.5	98943	43	98922	7011352	70.86
1990-1999	3	0.00032	0.00032	0.5	98901	32	98885	6912430	69.89
1990-1999	4	0.00030	0.00030	0.5	98869	30	98854	6813545	68.92
1990-1999	5	0.00020	0.00020	0.5	98839	20	98829	6714691	67.94
1990-1999	6	0.00026	0.00026	0.5	98819	26	98806	6615862	66.95
1990-1999	7	0.00020	0.00020	0.5	98793	19	98784	6517056	65.97
1990-1999	8	0.00022	0.00022	0.5	98774	22	98763	6418272	64.98
1990-1999	9	0.00017	0.00017	0.5	98752	17	98744	6319509	63.99
1990-1999	10	0.00019	0.00019	0.5	98735	19	98726	6220765	63.00
1990-1999	11	0.00022	0.00022	0.5	98716	21	98705	6122040	62.02
1990-1999	12	0.00028	0.00028	0.5	98695	28	98681	6023334	61.03
1990-1999	13	0.00031	0.00031	0.5	98667	31	98651	5924654	60.05
1990-1999	14	0.00045	0.00045	0.5	98636	45	98614	5826002	59.07
1990-1999	15	0.00060	0.00060	0.5	98591	59	98562	5727389	58.09
1990-1999	16	0.00098	0.00097	0.5	98532	96	98484	5628827	57.13
1990-1999	17	0.00139	0.00139	0.5	98436	137	98368	5530342	56.18
1990-1999	18	0.00160	0.00160	0.5	98300	157	98221	5431974	55.26
1990-1999	19	0.00183	0.00182	0.5	98143	179	98053	5333753	54.35
1990-1999	20	0.00186	0.00186	0.5	97964	182	97872	5235700	53.45
1990-1999	21	0.00188	0.00188	0.5	97781	184	97689	5137827	52.54
1990-1999	22	0.00175	0.00175	0.5	97597	171	97512	5040138	51.64
1990-1999	23	0.00183	0.00183	0.5	97427	178	97338	4942626	50.73
1990-1999	24	0.00184	0.00184	0.5	97249	179	97159	4845288	49.82
1990-1999	25	0.00187	0.00187	0.5	97070	181	96979	4748129	48.91
1990-1999	26	0.00175	0.00175	0.5	96888	169	96804	4651150	48.01
1990-1999	27	0.00197	0.00197	0.5	96719	191	96624	4554346	47.09
1990-1999	28	0.00207	0.00207	0.5	96528	199	96429	4457723	46.18
1990-1999	29	0.00193	0.00193	0.5	96329	186	96236	4361294	45.27
1990-1999	30	0.00204	0.00204	0.5	96143	196	96045	4265058	44.36
1990-1999	31	0.00231	0.00230	0.5	95947	221	95837	4169012	43.45
1990-1999	32	0.00234	0.00233	0.5	95726	223	95615	4073176	42.55
1990-1999	33	0.00258	0.00257	0.5	95503	246	95380	3977561	41.65
1990-1999	34	0.00266	0.00266	0.5	95257	253	95130	3882181	40.75
1990-1999	35	0.00276	0.00275	0.5	95004	262	94873	3787051	39.86
1990-1999	36	0.00300	0.00299	0.5	94742	283	94600	3692178	38.97
1990-1999	37	0.00325	0.00324	0.5	94459	306	94305	3597577	38.09
1990-1999	38	0.00326	0.00326	0.5	94152	306	93999	3503272	37.21
1990-1999	39	0.00314	0.00313	0.5	93846	294	93699	3409273	36.33
1990-1999	40	0.00350	0.00350	0.5	93552	327	93388	3315575	35.44
1990-1999	41	0.00362	0.00361	0.5	93225	337	93056	3222187	34.56
1990-1999	42	0.00397	0.00396	0.5	92888	368	92704	3129130	33.69
1990-1999	43	0.00406	0.00406	0.5	92520	375	92332	3036426	32.82
1990-1999	44	0.00394	0.00393	0.5	92145	362	91964	2944094	31.95
1990-1999	45	0.00442	0.00441	0.5	91783	405	91580	2852130	31.07
1990-1999	46	0.00484	0.00483	0.5	91378	441	91157	2760550	30.21
1990-1999	47	0.00510	0.00508	0.5	90937	462	90706	2669393	29.35
1990-1999	48	0.00540	0.00539	0.5	90474	488	90231	2578687	28.50
1990-1999	49	0.00558	0.00557	0.5	89987	501	89737	2488456	27.65
1990-1999	50	0.00584	0.00583	0.5	89486	521	89225	2398720	26.81
1990-1999	51	0.00627	0.00625	0.5	88965	556	88687	2309494	25.96
1990-1999	52	0.00714	0.00712	0.5	88409	629	88094	2220808	25.12
1990-1999	53	0.00726	0.00723	0.5	87779	635	87462	2132714	24.30
1990-1999	54	0.00790	0.00787	0.5	87145	686	86802	2045252	23.47
1990-1999	55	0.00908	0.00904	0.5	86459	782	86068	1958450	22.65
1990-1999	56	0.01000	0.00995	0.5	85677	853	85251	1872382	21.85
1990-1999	57	0.01071	0.01065	0.5	84825	904	84373	1787131	21.07
1990-1999	58	0.01232	0.01225	0.5	83921	1028	83407	1702758	20.29
1990-1999	59	0.01311	0.01302	0.5	82893	1079	82353	1619351	19.54
1990-1999	60	0.01457	0.01447	0.5	81814	1184	81222	1536998	18.79
1990-1999	61	0.01670	0.01656	0.5	80630	1336	79962	1455776	18.06
1990-1999	62	0.01851	0.01834	0.5	79294	1454	78567	1375814	17.35
1990-1999	63	0.01903	0.01885	0.5	77840	1467	77107	1297247	16.67
1990-1999	64	0.02062	0.02041	0.5	76373	1559	75594	1220140	15.98
1990-1999	65	0.02371	0.02343	0.5	74815	1753	73938	1144546	15.30
1990-1999	66	0.02595	0.02562	0.5	73062	1872	72126	1070608	14.65
1990-1999	67	0.02706	0.02670	0.5	71190	1901	70240	998482	14.03
1990-1999	68	0.03054	0.03008	0.5	69289	2084	68247	928242	13.40
1990-1999	69	0.03220	0.03169	0.5	67205	2130	66140	859995	12.80
1990-1999	70	0.03602	0.03538	0.5	65075	2302	63924	793855	12.20
1990-1999	71	0.03810	0.03739	0.5	62773	2347	61599	729931	11.63
1990-1999	72	0.04227	0.04140	0.5	60426	2502	59175	668332	11.06
1990-1999	73	0.04706	0.04598	0.5	57924	2663	56593	609157	10.52
1990-1999	74	0.04867	0.04751	0.5	55261	2626	53948	552565	10.00
1990-1999	75	0.05450	0.05306	0.5	52635	2793	51239	498617	9.47
1990-1999	76	0.05982	0.05808	0.5	49843	2895	48395	447378	8.98
1990-1999	77	0.06436	0.06236	0.5	46948	2928	45484	398983	8.50
1990-1999	78	0.07061	0.06820	0.5	44020	3002	42519	353499	8.03
1990-1999	79	0.07467	0.07198	0.5	41018	2952	39542	310980	7.58
1990-1999	80	0.08295	0.07965	0.5	38066	3032	36550	271438	7.13
1990-1999	81	0.09486	0.09056	0.5	35034	3173	33447	234888	6.70
1990-1999	82	0.10050	0.09569	0.5	31861	3049	30336	201441	6.32
1990-1999	83	0.11261	0.10661	0.5	28812	3072	27276	171105	5.94
1990-1999	84	0.12317	0.11602	0.5	25740	2986	24247	143828	5.59
1990-1999	85	0.12991	0.12199	0.5	22754	2776	21366	119581	5.26
1990-1999	86	0.14656	0.13655	0.5	19978	2728	18614	98215	4.92
1990-1999	87	0.16027	0.14838	0.5	17250	2560	15970	79601	4.61
1990-1999	88	0.17500	0.16092	0.5	14691	2364	13509	63631	4.33
1990-1999	89	0.19077	0.17416	0.5	12327	2147	11253	50122	4.07
1990-1999	90	0.20761	0.18809	0.5	10180	1915	9222	38869	3.82
1990-1999	91	0.22553	0.20267	0.5	8265	1675	7428	29647	3.59
1990-1999	92	0.24451	0.21787	0.5	6590	1436	5872	22219	3.37
1990-1999	93	0.26454	0.23364	0.5	5154	1204	4552	16347	3.17
1990-1999	94	0.28559	0.24991	0.5	3950	987	3456	11795	2.99
1990-1999	95	0.30762	0.26661	0.5	2963	790	2568	8338	2.81
1990-1999	96	0.33056	0.28368	0.5	2173	616	1865	5770	2.66
1990-1999	97	0.35434	0.30101	0.5	1557	469	1322	3906	2.51
1990-1999	98	0.37886	0.31852	0.5	1088	347	915	2583	2.37
1990-1999	99	0.40401	0.33612	0.5	741	249	617	1669	2.25
1990-1999	100	0.42968	0.35370	0.5	492	174	405	1052	2.14
1990-1999	101	0.45574	0.37116	0.5	318	118	259	647	2.03
1990-1999	102	0.48203	0.38842	0.5	200	78	161	388	1.94
1990-1999	103	0.50843	0.40538	0.5	122	50	98	226	1.85
1990-1999	104	0.53478	0.42195	0.5	73	31	57	129	1.77
1990-1999	105	0.56094	0.43807	0.5	42	18	33	71	1.70
1990-1999	106	0.58676	0.45367	0.5	24	11	18	39	1.63
1990-1999	107	0.61212	0.46868	0.5	13	6	10	20	1.58
1990-1999	108	0.63688	0.48306	0.5	7	3	5	10	1.53
1990-1999	109	0.66094	0.49677	0.5	4	2	3	5	1.49
1990-1999	110+	0.68419	1.00000	1.46	2	2	3	3	1.46
2000-2009	0	0.00875	0.00868	0.07	100000	868	99191	7454422	74.54
2000-2009	1	0.00052	0.00052	0.5	99132	51	99106	7355230	74.20
2000-2009	2	0.00032	0.00032	0.5	99081	31	99065	7256124	73.23
2000-2009	3	0.00025	0.00025	0.5	99049	25	99037	7157059	72.26
2000-2009	4	0.00016	0.00016	0.5	99025	16	99017	7058022	71.28
2000-2009	5	0.00016	0.00016	0.5	99009	16	99001	6959005	70.29
2000-2009	6	0.00012	0.00012	0.5	98993	12	98987	6860004	69.30
2000-2009	7	0.00014	0.00014	0.5	98981	14	98974	6761017	68.31
2000-2009	8	0.00015	0.00015	0.5	98966	15	98959	6662043	67.32
2000-2009	9	0.00016	0.00016	0.5	98951	16	98944	6563084	66.33
2000-2009	10	0.00018	0.00018	0.5	98936	18	98927	6464141	65.34
2000-2009	11	0.00016	0.00016	0.5	98918	16	98910	6365214	64.35
2000-2009	12	0.00022	0.00022	0.5	98902	22	98891	6266304	63.36
2000-2009	13	0.00021	0.00021	0.5	98880	21	98870	6167413	62.37
2000-2009	14	0.00031	0.00031	0.5	98860	31	98844	6068543	61.39
2000-2009	15	0.00044	0.00044	0.5	98829	44	98807	5969699	60.40
2000-2009	16	0.00072	0.00072	0.5	98785	72	98749	5870892	59.43
2000-2009	17	0.00091	0.00091	0.5	98713	89	98669	5772143	58.47
2000-2009	18	0.00130	0.00130	0.5	98624	129	98560	5673474	57.53
2000-2009	19	0.00153	0.00153	0.5	98495	151	98420	5574914	56.60
2000-2009	20	0.00172	0.00172	0.5	98345	169	98260	5476494	55.69
2000-2009	21	0.00173	0.00173	0.5	98175	170	98090	5378234	54.78
2000-2009	22	0.00192	0.00192	0.5	98005	188	97911	5280144	53.88
2000-2009	23	0.00185	0.00184	0.5	97817	180	97727	5182232	52.98
2000-2009	24	0.00173	0.00173	0.5	97637	169	97553	5084505	52.08
2000-2009	25	0.00179	0.00179	0.5	97468	174	97381	4986953	51.16
2000-2009	26	0.00165	0.00165	0.5	97294	161	97214	4889571	50.26
2000-2009	27	0.00164	0.00164	0.5	97133	159	97054	4792358	49.34
2000-2009	28	0.00173	0.00173	0.5	96974	167	96890	4695304	48.42
2000-2009	29	0.00159	0.00159	0.5	96807	154	96730	4598414	47.50
2000-2009	30	0.00157	0.00157	0.5	96653	152	96577	4501684	46.58
2000-2009	31	0.00173	0.00173	0.5	96501	167	96418	4405107	45.65
2000-2009	32	0.00173	0.00173	0.5	96335	166	96251	4308689	44.73
2000-2009	33	0.00180	0.00180	0.5	96168	173	96082	4212438	43.80
2000-2009	34	0.00164	0.00164	0.5	95995	158	95916	4116356	42.88
2000-2009	35	0.00200	0.00199	0.5	95838	191	95742	4020440	41.95
2000-2009	36	0.00209	0.00209	0.5	95646	200	95547	3924698	41.03
2000-2009	37	0.00232	0.00231	0.5	95447	221	95336	3829151	40.12
2000-2009	38	0.00236	0.00235	0.5	95226	224	95114	3733815	39.21
2000-2009	39	0.00255	0.00255	0.5	95002	242	94881	3638701	38.30
2000-2009	40	0.00266	0.00265	0.5	94760	251	94634	3543820	37.40
2000-2009	41	0.00291	0.00291	0.5	94508	275	94371	3449186	36.50
2000-2009	42	0.00310	0.00310	0.5	94234	292	94088	3354815	35.60
2000-2009	43	0.00333	0.00332	0.5	93942	312	93785	3260727	34.71
2000-2009	44	0.00374	0.00374	0.5	93629	350	93454	3166942	33.82
2000-2009	45	0.00380	0.00380	0.5	93279	354	93102	3073488	32.95
2000-2009	46	0.00425	0.00424	0.5	92925	394	92728	2980385	32.07
2000-2009	47	0.00470	0.00469	0.5	92531	434	92314	2887657	31.21
2000-2009	48	0.00502	0.00501	0.5	92097	461	91867	2795343	30.35
2000-2009	49	0.00528	0.00527	0.5	91636	483	91395	2703476	29.50
2000-2009	50	0.00591	0.00589	0.5	91154	537	90885	2612081	28.66
2000-2009	51	0.00612	0.00610	0.5	90617	552	90341	2521196	27.82
2000-2009	52	0.00631	0.00629	0.5	90064	567	89781	2430855	26.99
2000-2009	53	0.00712	0.00710	0.5	89498	635	89180	2341074	26.16
2000-2009	54	0.00762	0.00759	0.5	88862	675	88525	2251894	25.34
2000-2009	55	0.00799	0.00796	0.5	88188	702	87837	2163369	24.53
2000-2009	56	0.00842	0.00838	0.5	87485	733	87119	2075533	23.72
2000-2009	57	0.00918	0.00914	0.5	86752	793	86356	1988414	22.92
2000-2009	58	0.00975	0.00971	0.5	85959	834	85542	1902058	22.13
2000-2009	59	0.01019	0.01014	0.5	85125	863	84694	1816516	21.34
2000-2009	60	0.01180	0.01173	0.5	84262	989	83768	1731823	20.55
2000-2009	61	0.01260	0.01252	0.5	83273	1043	82752	1648055	19.79
2000-2009	62	0.01355	0.01346	0.5	82231	1107	81677	1565303	19.04
2000-2009	63	0.01486	0.01475	0.5	81124	1197	80525	1483626	18.29
2000-2009	64	0.01609	0.01596	0.5	79927	1276	79289	1403100	17.55
2000-2009	65	0.01772	0.01757	0.5	78651	1382	77960	1323811	16.83
2000-2009	66	0.01893	0.01875	0.5	77269	1449	76545	1245851	16.12
2000-2009	67	0.02081	0.02059	0.5	75821	1561	75040	1169306	15.42
2000-2009	68	0.02283	0.02257	0.5	74259	1676	73421	1094266	14.74
2000-2009	69	0.02517	0.02486	0.5	72583	1804	71681	1020844	14.06
2000-2009	70	0.02839	0.02799	0.5	70779	1981	69788	949163	13.41
2000-2009	71	0.02941	0.02898	0.5	68798	1994	67801	879375	12.78
2000-2009	72	0.03255	0.03203	0.5	66804	2140	65734	811574	12.15
2000-2009	73	0.03620	0.03555	0.5	64664	2299	63514	745840	11.53
2000-2009	74	0.03949	0.03873	0.5	62365	2415	61157	682326	10.94
2000-2009	75	0.04373	0.04279	0.5	59950	2565	58667	621168	10.36
2000-2009	76	0.04620	0.04516	0.5	57384	2591	56088	562502	9.80
2000-2009	77	0.05207	0.05074	0.5	54793	2780	53402	506413	9.24
2000-2009	78	0.05655	0.05500	0.5	52012	2861	50582	453011	8.71
2000-2009	79	0.06420	0.06220	0.5	49152	3057	47623	402429	8.19
2000-2009	80	0.07093	0.06850	0.5	46094	3157	44516	354806	7.70
2000-2009	81	0.07892	0.07592	0.5	42937	3260	41307	310290	7.23
2000-2009	82	0.08704	0.08341	0.5	39677	3310	38022	268983	6.78
2000-2009	83	0.09365	0.08946	0.5	36367	3254	34741	230961	6.35
2000-2009	84	0.10625	0.10089	0.5	33114	3341	31443	196220	5.93
2000-2009	85	0.11696	0.11050	0.5	29773	3290	28128	164777	5.53
2000-2009	86	0.13116	0.12309	0.5	26483	3260	24853	136649	5.16
2000-2009	87	0.14570	0.13581	0.5	23223	3154	21646	111795	4.81
2000-2009	88	0.16107	0.14906	0.5	20069	2992	18574	90149	4.49
2000-2009	89	0.17772	0.16322	0.5	17078	2787	15684	71575	4.19
2000-2009	90	0.19569	0.17825	0.5	14290	2547	13017	55891	3.91
2000-2009	91	0.21500	0.19413	0.5	11743	2280	10603	42874	3.65
2000-2009	92	0.23566	0.21082	0.5	9463	1995	8466	32271	3.41
2000-2009	93	0.25766	0.22825	0.5	7468	1705	6616	23805	3.19
2000-2009	94	0.28095	0.24635	0.5	5764	1420	5054	17189	2.98
2000-2009	95	0.30548	0.26501	0.5	4344	1151	3768	12136	2.79
2000-2009	96	0.33117	0.28412	0.5	3193	907	2739	8367	2.62
2000-2009	97	0.35790	0.30358	0.5	2286	694	1939	5628	2.46
2000-2009	98	0.38555	0.32324	0.5	1592	515	1334	3690	2.32
2000-2009	99	0.41396	0.34297	0.5	1077	369	892	2355	2.19
2000-2009	100	0.44295	0.36264	0.5	708	257	579	1463	2.07
2000-2009	101	0.47234	0.38210	0.5	451	172	365	883	1.96
2000-2009	102	0.50191	0.40122	0.5	279	112	223	518	1.86
2000-2009	103	0.53148	0.41990	0.5	167	70	132	296	1.77
2000-2009	104	0.56082	0.43800	0.5	97	42	76	164	1.69
2000-2009	105	0.58975	0.45545	0.5	54	25	42	88	1.62
2000-2009	106	0.61807	0.47216	0.5	30	14	23	46	1.55
2000-2009	107	0.64561	0.48806	0.5	16	8	12	23	1.50
2000-2009	108	0.67221	0.50311	0.5	8	4	6	12	1.45
2000-2009	109	0.69776	0.51729	0.5	4	2	3	6	1.41
2000-2009	110+	0.72213	1.00000	1.38	2	2	3	3	1.38
2010-2019	0	0.00692	0.00688	0.06	100000	688	99356	7638820	76.39
2010-2019	1	0.00041	0.00041	0.5	99312	41	99291	7539465	75.92
2010-2019	2	0.00026	0.00026	0.5	99271	26	99258	7440173	74.95
2010-2019	3	0.00021	0.00021	0.5	99245	21	99234	7340916	73.97
2010-2019	4	0.00016	0.00016	0.5	99224	16	99216	7241681	72.98
2010-2019	5	0.00012	0.00012	0.5	99208	12	99202	7142465	71.99
2010-2019	6	0.00016	0.00016	0.5	99196	15	99188	7043263	71.00
2010-2019	7	0.00013	0.00013	0.5	99181	13	99174	6944075	70.01
2010-2019	8	0.00009	0.00009	0.5	99167	9	99162	6844901	69.02
2010-2019	9	0.00009	0.00009	0.5	99158	9	99153	6745738	68.03
2010-2019	10	0.00010	0.00010	0.5	99149	10	99144	6646585	67.04
2010-2019	11	0.00009	0.00009	0.5	99139	9	99134	6547441	66.04
2010-2019	12	0.00014	0.00014	0.5	99129	14	99122	6448307	65.05
2010-2019	13	0.00016	0.00016	0.5	99116	16	99108	6349185	64.06
2010-2019	14	0.00020	0.00020	0.5	99100	20	99090	6250077	63.07
2010-2019	15	0.00028	0.00028	0.5	99080	27	99066	6150988	62.08
2010-2019	16	0.00044	0.00044	0.5	99052	43	99031	6051922	61.10
2010-2019	17	0.00063	0.00063	0.5	99009	62	98978	5952891	60.12
2010-2019	18	0.00088	0.00088	0.5	98947	87	98903	5853913	59.16
2010-2019	19	0.00111	0.00111	0.5	98860	110	98805	5755010	58.21
2010-2019	20	0.00136	0.00136	0.5	98750	134	98683	5656205	57.28
2010-2019	21	0.00140	0.00140	0.5	98616	138	98547	5557522	56.36
2010-2019	22	0.00162	0.00162	0.5	98478	160	98398	5458975	55.43
2010-2019	23	0.00165	0.00165	0.5	98318	162	98237	5360577	54.52
2010-2019	24	0.00179	0.00178	0.5	98156	175	98069	5262340	53.61
2010-2019	25	0.00173	0.00173	0.5	97981	170	97896	5164272	52.71
2010-2019	26	0.00186	0.00186	0.5	97811	182	97720	5066376	51.80
2010-2019	27	0.00194	0.00194	0.5	97629	190	97535	4968655	50.89
2010-2019	28	0.00195	0.00195	0.5	97440	190	97345	4871121	49.99
2010-2019	29	0.00190	0.00190	0.5	97250	185	97157	4773776	49.09
2010-2019	30	0.00186	0.00186	0.5	97065	181	96975	4676618	48.18
2010-2019	31	0.00190	0.00190	0.5	96884	184	96792	4579644	47.27
2010-2019	32	0.00198	0.00198	0.5	96700	191	96605	4482852	46.36
2010-2019	33	0.00195	0.00195	0.5	96509	188	96415	4386247	45.45
2010-2019	34	0.00210	0.00210	0.5	96321	202	96220	4289832	44.54
2010-2019	35	0.00202	0.00201	0.5	96118	194	96021	4193612	43.63
2010-2019	36	0.00211	0.00211	0.5	95925	202	95823	4097591	42.72
2010-2019	37	0.00217	0.00217	0.5	95722	208	95618	4001768	41.81
2010-2019	38	0.00215	0.00214	0.5	95515	205	95412	3906149	40.90
2010-2019	39	0.00226	0.00226	0.5	95310	215	95202	3810737	39.98
2010-2019	40	0.00229	0.00229	0.5	95095	218	94986	3715535	39.07
2010-2019	41	0.00237	0.00237	0.5	94877	224	94765	3620549	38.16
2010-2019	42	0.00231	0.00231	0.5	94653	219	94543	3525784	37.25
2010-2019	43	0.00264	0.00264	0.5	94434	249	94309	3431241	36.33
2010-2019	44	0.00285	0.00285	0.5	94185	268	94051	3336931	35.43
2010-2019	45	0.00320	0.00320	0.5	93917	301	93766	3242881	34.53
2010-2019	46	0.00352	0.00351	0.5	93616	329	93452	3149114	33.64
2010-2019	47	0.00370	0.00370	0.5	93287	345	93115	3055663	32.76
2010-2019	48	0.00409	0.00408	0.5	92943	379	92753	2962548	31.88
2010-2019	49	0.00427	0.00426	0.5	92563	395	92366	2869795	31.00
2010-2019	50	0.00488	0.00487	0.5	92169	449	91944	2777429	30.13
2010-2019	51	0.00536	0.00535	0.5	91720	490	91474	2685485	29.28
2010-2019	52	0.00580	0.00578	0.5	91229	527	90965	2594011	28.43
2010-2019	53	0.00635	0.00633	0.5	90702	574	90415	2503045	27.60
2010-2019	54	0.00670	0.00668	0.5	90128	602	89827	2412630	26.77
2010-2019	55	0.00738	0.00736	0.5	89526	658	89197	2322803	25.95
2010-2019	56	0.00806	0.00802	0.5	88868	713	88511	2233606	25.13
2010-2019	57	0.00872	0.00868	0.5	88155	766	87772	2145095	24.33
2010-2019	58	0.00940	0.00936	0.5	87389	818	86980	2057323	23.54
2010-2019	59	0.01021	0.01016	0.5	86571	880	86131	1970343	22.76
2010-2019	60	0.01098	0.01092	0.5	85692	936	85223	1884212	21.99
2010-2019	61	0.01157	0.01150	0.5	84755	975	84268	1798989	21.23
2010-2019	62	0.01226	0.01218	0.5	83781	1021	83270	1714721	20.47
2010-2019	63	0.01339	0.01330	0.5	82760	1101	82209	1631450	19.71
2010-2019	64	0.01409	0.01399	0.5	81659	1143	81088	1549241	18.97
2010-2019	65	0.01510	0.01499	0.5	80516	1207	79913	1468153	18.23
2010-2019	66	0.01598	0.01585	0.5	79310	1257	78681	1388240	17.50
2010-2019	67	0.01737	0.01722	0.5	78053	1344	77380	1309559	16.78
2010-2019	68	0.01899	0.01881	0.5	76708	1443	75987	1232179	16.06
2010-2019	69	0.02083	0.02061	0.5	75266	1551	74490	1156192	15.36
2010-2019	70	0.02183	0.02159	0.5	73714	1592	72918	1081702	14.67
2010-2019	71	0.02460	0.02430	0.5	72123	1753	71246	1008783	13.99
2010-2019	72	0.02596	0.02562	0.5	70370	1803	69468	937537	13.32
2010-2019	73	0.02871	0.02831	0.5	68567	1941	67596	868069	12.66
2010-2019	74	0.03197	0.03147	0.5	66626	2097	65577	800472	12.01
2010-2019	75	0.03488	0.03429	0.5	64529	2212	63423	734895	11.39
2010-2019	76	0.03812	0.03741	0.5	62317	2331	61151	671472	10.78
2010-2019	77	0.04104	0.04021	0.5	59986	2412	58779	610321	10.17
2010-2019	78	0.04634	0.04529	0.5	57573	2607	56270	551542	9.58
2010-2019	79	0.05260	0.05126	0.5	54966	2817	53557	495272	9.01
2010-2019	80	0.05690	0.05533	0.5	52149	2885	50706	441714	8.47
2010-2019	81	0.06327	0.06133	0.5	49264	3021	47753	391008	7.94
2010-2019	82	0.07189	0.06940	0.5	46242	3209	44638	343256	7.42
2010-2019	83	0.07998	0.07690	0.5	43033	3309	41379	298618	6.94
2010-2019	84	0.08685	0.08324	0.5	39724	3307	38071	257239	6.48
2010-2019	85	0.10065	0.09583	0.5	36417	3490	34672	219169	6.02
2010-2019	86	0.11237	0.10639	0.5	32927	3503	31176	184496	5.60
2010-2019	87	0.12580	0.11835	0.5	29424	3482	27683	153321	5.21
2010-2019	88	0.14057	0.13134	0.5	25942	3407	24238	125638	4.84
2010-2019	89	0.15677	0.14538	0.5	22535	3276	20897	101399	4.50
2010-2019	90	0.17446	0.16047	0.5	19259	3090	17713	80503	4.18
2010-2019	91	0.19369	0.17659	0.5	16168	2855	14741	62789	3.88
2010-2019	92	0.21449	0.19371	0.5	13313	2579	12024	48049	3.61
2010-2019	93	0.23686	0.21178	0.5	10734	2273	9598	36025	3.36
2010-2019	94	0.26079	0.23071	0.5	8461	1952	7485	26428	3.12
2010-2019	95	0.28623	0.25040	0.5	6509	1630	5694	18943	2.91
2010-2019	96	0.31310	0.27072	0.5	4879	1321	4219	13249	2.72
2010-2019	97	0.34129	0.29154	0.5	3558	1037	3040	9030	2.54
2010-2019	98	0.37065	0.31270	0.5	2521	788	2127	5990	2.38
2010-2019	99	0.40100	0.33402	0.5	1733	579	1443	3864	2.23
2010-2019	100	0.43212	0.35534	0.5	1154	410	949	2420	2.10
2010-2019	101	0.46379	0.37648	0.5	744	280	604	1472	1.98
2010-2019	102	0.49575	0.39728	0.5	464	184	372	868	1.87
2010-2019	103	0.52775	0.41757	0.5	280	117	221	496	1.77
2010-2019	104	0.55953	0.43721	0.5	163	71	127	275	1.69
2010-2019	105	0.59082	0.45609	0.5	92	42	71	148	1.61
2010-2019	106	0.62139	0.47409	0.5	50	24	38	77	1.54
2010-2019	107	0.65103	0.49115	0.5	26	13	20	39	1.48
2010-2019	108	0.67955	0.50721	0.5	13	7	10	19	1.43
2010-2019	109	0.70678	0.52223	0.5	7	3	5	9	1.39
2010-2019	110+	0.73261	1.00000	1.36	3	3	4	4	1.36
2020-2022	0	0.00629	0.00625	0.06	100000	625	99414	7475578	74.76
2020-2022	1	0.00025	0.00025	0.5	99375	25	99363	7376164	74.23
2020-2022	2	0.00023	0.00023	0.5	99350	23	99339	7276802	73.24
2020-2022	3	0.00015	0.00015	0.5	99328	15	99320	7177463	72.26
2020-2022	4	0.00010	0.00010	0.5	99313	10	99308	7078143	71.27
2020-2022	5	0.00011	0.00011	0.5	99303	11	99297	6978835	70.28
2020-2022	6	0.00009	0.00009	0.5	99292	9	99287	6879538	69.29
2020-2022	7	0.00009	0.00009	0.5	99282	9	99278	6780251	68.29
2020-2022	8	0.00007	0.00007	0.5	99274	7	99270	6680972	67.30
2020-2022	9	0.00008	0.00008	0.5	99267	8	99263	6581702	66.30
2020-2022	10	0.00008	0.00008	0.5	99259	8	99256	6482439	65.31
2020-2022	11	0.00010	0.00010	0.5	99252	10	99247	6383184	64.31
2020-2022	12	0.00014	0.00014	0.5	99242	14	99235	6283937	63.32
2020-2022	13	0.00022	0.00022	0.5	99228	22	99217	6184702	62.33
2020-2022	14	0.00027	0.00027	0.5	99206	27	99193	6085485	61.34
2020-2022	15	0.00042	0.00042	0.5	99179	41	99159	5986292	60.36
2020-2022	16	0.00048	0.00048	0.5	99138	47	99114	5887133	59.38
2020-2022	17	0.00076	0.00076	0.5	99091	75	99053	5788019	58.41
2020-2022	18	0.00099	0.00099	0.5	99016	98	98966	5688966	57.46
2020-2022	19	0.00132	0.00132	0.5	98917	131	98852	5590000	56.51
2020-2022	20	0.00172	0.00172	0.5	98786	169	98702	5491148	55.59
2020-2022	21	0.00160	0.00160	0.5	98617	158	98538	5392446	54.68
2020-2022	22	0.00188	0.00188	0.5	98459	185	98367	5293908	53.77
2020-2022	23	0.00204	0.00204	0.5	98274	200	98174	5195541	52.87
2020-2022	24	0.00219	0.00218	0.5	98074	214	97967	5097367	51.97
2020-2022	25	0.00223	0.00223	0.5	97860	218	97751	4999400	51.09
2020-2022	26	0.00227	0.00227	0.5	97642	221	97531	4901650	50.20
2020-2022	27	0.00229	0.00229	0.5	97420	223	97309	4804119	49.31
2020-2022	28	0.00267	0.00267	0.5	97197	259	97068	4706810	48.43
2020-2022	29	0.00260	0.00260	0.5	96938	252	96812	4609743	47.55
2020-2022	30	0.00262	0.00261	0.5	96686	253	96560	4512930	46.68
2020-2022	31	0.00295	0.00294	0.5	96434	284	96292	4416370	45.80
2020-2022	32	0.00295	0.00294	0.5	96150	283	96009	4320078	44.93
2020-2022	33	0.00289	0.00289	0.5	95867	277	95729	4224070	44.06
2020-2022	34	0.00295	0.00295	0.5	95590	282	95449	4128341	43.19
2020-2022	35	0.00326	0.00325	0.5	95308	310	95153	4032892	42.31
2020-2022	36	0.00305	0.00304	0.5	94998	289	94854	3937739	41.45
2020-2022	37	0.00298	0.00298	0.5	94709	282	94568	3842885	40.58
2020-2022	38	0.00305	0.00304	0.5	94427	287	94284	3748317	39.70
2020-2022	39	0.00328	0.00327	0.5	94140	308	93986	3654033	38.81
2020-2022	40	0.00321	0.00320	0.5	93832	301	93682	3560048	37.94
2020-2022	41	0.00388	0.00387	0.5	93531	362	93350	3466366	37.06
2020-2022	42	0.00350	0.00350	0.5	93170	326	93007	3373015	36.20
2020-2022	43	0.00403	0.00402	0.5	92844	373	92657	3280009	35.33
2020-2022	44	0.00367	0.00367	0.5	92470	339	92301	3187352	34.47
2020-2022	45	0.00395	0.00394	0.5	92131	363	91950	3095051	33.59
2020-2022	46	0.00454	0.00453	0.5	91768	416	91560	3003101	32.72
2020-2022	47	0.00463	0.00462	0.5	91352	422	91141	2911540	31.87
2020-2022	48	0.00465	0.00464	0.5	90930	422	90719	2820399	31.02
2020-2022	49	0.00509	0.00508	0.5	90508	460	90279	2729680	30.16
2020-2022	50	0.00530	0.00529	0.5	90049	476	89811	2639401	29.31
2020-2022	51	0.00585	0.00584	0.5	89573	523	89312	2549590	28.46
2020-2022	52	0.00659	0.00656	0.5	89050	585	88758	2460279	27.63
2020-2022	53	0.00752	0.00749	0.5	88466	663	88134	2371521	26.81
2020-2022	54	0.00764	0.00761	0.5	87803	668	87469	2283386	26.01
2020-2022	55	0.00844	0.00840	0.5	87135	732	86769	2195917	25.20
2020-2022	56	0.00909	0.00905	0.5	86403	782	86012	2109149	24.41
2020-2022	57	0.00962	0.00957	0.5	85621	820	85211	2023137	23.63
2020-2022	58	0.01047	0.01041	0.5	84801	883	84360	1937926	22.85
2020-2022	59	0.01089	0.01083	0.5	83918	909	83464	1853567	22.09
2020-2022	60	0.01200	0.01192	0.5	83009	990	82514	1770103	21.32
2020-2022	61	0.01275	0.01267	0.5	82020	1039	81500	1687589	20.58
2020-2022	62	0.01398	0.01388	0.5	80980	1124	80418	1606089	19.83
2020-2022	63	0.01521	0.01510	0.5	79856	1206	79253	1525671	19.11
2020-2022	64	0.01651	0.01638	0.5	78651	1288	78007	1446417	18.39
2020-2022	65	0.01783	0.01767	0.5	77363	1367	76679	1368411	17.69
2020-2022	66	0.01899	0.01881	0.5	75996	1429	75281	1291732	17.00
2020-2022	67	0.02000	0.01981	0.5	74566	1477	73828	1216451	16.31
2020-2022	68	0.02118	0.02096	0.5	73089	1532	72324	1142623	15.63
2020-2022	69	0.02241	0.02216	0.5	71558	1586	70765	1070299	14.96
2020-2022	70	0.02530	0.02499	0.5	69972	1748	69098	999534	14.28
2020-2022	71	0.02671	0.02636	0.5	68223	1798	67324	930437	13.64
2020-2022	72	0.02853	0.02813	0.5	66425	1869	65491	863113	12.99
2020-2022	73	0.03147	0.03098	0.5	64556	2000	63556	797622	12.36
2020-2022	74	0.03181	0.03131	0.5	62556	1959	61577	734066	11.73
2020-2022	75	0.03626	0.03562	0.5	60597	2158	59518	672489	11.10
2020-2022	76	0.04076	0.03994	0.5	58439	2334	57272	612971	10.49
2020-2022	77	0.04504	0.04405	0.5	56105	2471	54869	555699	9.90
2020-2022	78	0.04951	0.04831	0.5	53633	2591	52338	500830	9.34
2020-2022	79	0.05322	0.05184	0.5	51042	2646	49719	448492	8.79
2020-2022	80	0.06242	0.06053	0.5	48396	2930	46931	398773	8.24
2020-2022	81	0.06784	0.06562	0.5	45466	2983	43975	351842	7.74
2020-2022	82	0.07263	0.07009	0.5	42483	2977	40994	307867	7.25
2020-2022	83	0.08206	0.07882	0.5	39506	3114	37949	266873	6.76
2020-2022	84	0.09055	0.08663	0.5	36392	3152	34815	228924	6.29
2020-2022	85	0.10531	0.10004	0.5	33239	3325	31577	194108	5.84
2020-2022	86	0.11774	0.11119	0.5	29914	3326	28251	162532	5.43
2020-2022	87	0.13176	0.12362	0.5	26588	3287	24944	134281	5.05
2020-2022	88	0.14718	0.13709	0.5	23301	3194	21704	109337	4.69
2020-2022	89	0.16406	0.15163	0.5	20107	3049	18582	87633	4.36
2020-2022	90	0.18247	0.16721	0.5	17058	2852	15632	69051	4.05
2020-2022	91	0.20244	0.18383	0.5	14206	2611	12900	53419	3.76
2020-2022	92	0.22399	0.20143	0.5	11594	2335	10426	40519	3.49
2020-2022	93	0.24713	0.21995	0.5	9259	2036	8241	30093	3.25
2020-2022	94	0.27182	0.23930	0.5	7222	1728	6358	21852	3.03
2020-2022	95	0.29800	0.25936	0.5	5494	1425	4782	15494	2.82
2020-2022	96	0.32558	0.28000	0.5	4069	1139	3499	10712	2.63
2020-2022	97	0.35442	0.30107	0.5	2930	882	2489	7213	2.46
2020-2022	98	0.38436	0.32240	0.5	2048	660	1718	4724	2.31
2020-2022	99	0.41520	0.34382	0.5	1388	477	1149	3007	2.17
2020-2022	100	0.44672	0.36516	0.5	910	332	744	1858	2.04
2020-2022	101	0.47867	0.38623	0.5	578	223	466	1113	1.93
2020-2022	102	0.51080	0.40688	0.5	355	144	283	647	1.82
2020-2022	103	0.54284	0.42696	0.5	210	90	165	364	1.73
2020-2022	104	0.57453	0.44632	0.5	121	54	94	199	1.65
2020-2022	105	0.60562	0.46486	0.5	67	31	51	105	1.58
2020-2022	106	0.63588	0.48248	0.5	36	17	27	54	1.51
2020-2022	107	0.66510	0.49912	0.5	18	9	14	27	1.45
2020-2022	108	0.69311	0.51473	0.5	9	5	7	13	1.41
2020-2022	109	0.71976	0.52928	0.5	4	2	3	6	1.37
2020-2022	110+	0.74495	1.00000	1.34	2	2	3	3	1.34
