VT: VT, Lifetables (period 5x10), Both sexes Last modified: February 4 2025, MPv5 (May07) 

Year     	Age	mx	qx	ax	lx	dx	Lx	Tx	ex
1941-1949	0	0.03741	0.03626	0.15	100000	3626	96926	6736526	67.37
1941-1949	1-4	0.00182	0.00725	1.5	96374	699	383751	6639600	68.89
1941-1949	5-9	0.00084	0.00419	2.32	95675	401	477301	6255849	65.39
1941-1949	10-14	0.00081	0.00403	2.59	95274	384	475446	5778547	60.65
1941-1949	15-19	0.00112	0.00558	2.66	94890	529	473212	5303101	55.89
1941-1949	20-24	0.00156	0.00775	2.56	94361	732	470017	4829889	51.19
1941-1949	25-29	0.00163	0.00812	2.54	93629	761	466277	4359873	46.57
1941-1949	30-34	0.00212	0.01055	2.63	92869	980	462022	3893596	41.93
1941-1949	35-39	0.00293	0.01455	2.6	91889	1337	456240	3431573	37.34
1941-1949	40-44	0.00397	0.01965	2.66	90552	1780	448602	2975334	32.86
1941-1949	45-49	0.00647	0.03187	2.67	88772	2829	437273	2526732	28.46
1941-1949	50-54	0.00996	0.04864	2.65	85943	4180	419877	2089458	24.31
1941-1949	55-59	0.01518	0.07328	2.64	81763	5991	394679	1669581	20.42
1941-1949	60-64	0.02294	0.10874	2.62	75772	8239	359242	1274903	16.83
1941-1949	65-69	0.03488	0.16095	2.6	67532	10869	311619	915661	13.56
1941-1949	70-74	0.05415	0.23916	2.56	56663	13552	250264	604042	10.66
1941-1949	75-79	0.08254	0.34236	2.51	43111	14760	178824	353779	8.21
1941-1949	80-84	0.12610	0.47559	2.42	28351	13484	106928	174954	6.17
1941-1949	85-89	0.18932	0.62435	2.27	14868	9283	49031	68027	4.58
1941-1949	90-94	0.27307	0.76049	2.09	5585	4247	15554	18996	3.40
1941-1949	95-99	0.37563	0.86326	1.87	1338	1155	3074	3442	2.57
1941-1949	100-104	0.49047	0.92755	1.65	183	170	346	368	2.01
1941-1949	105-109	0.60695	0.96212	1.45	13	13	21	22	1.64
1941-1949	110+	0.69821	1.00000	1.43	1	1	1	1	1.43
1950-1959	0	0.02543	0.02487	0.12	100000	2487	97809	7003893	70.04
1950-1959	1-4	0.00118	0.00472	1.65	97513	460	388970	6906085	70.82
1950-1959	5-9	0.00057	0.00283	2.12	97052	275	484471	6517115	67.15
1950-1959	10-14	0.00056	0.00281	2.83	96778	272	483298	6032644	62.34
1950-1959	15-19	0.00112	0.00560	2.68	96506	540	481279	5549346	57.50
1950-1959	20-24	0.00125	0.00622	2.47	95966	597	478319	5068066	52.81
1950-1959	25-29	0.00126	0.00627	2.51	95369	598	475356	4589747	48.13
1950-1959	30-34	0.00150	0.00747	2.62	94771	708	472173	4114391	43.41
1950-1959	35-39	0.00211	0.01048	2.58	94063	986	467930	3642218	38.72
1950-1959	40-44	0.00310	0.01538	2.72	93077	1431	462122	3174287	34.10
1950-1959	45-49	0.00565	0.02791	2.71	91646	2558	452382	2712165	29.59
1950-1959	50-54	0.00870	0.04261	2.64	89088	3796	436491	2259783	25.37
1950-1959	55-59	0.01311	0.06361	2.66	85292	5425	413774	1823292	21.38
1950-1959	60-64	0.02092	0.09968	2.64	79867	7961	380580	1409519	17.65
1950-1959	65-69	0.03128	0.14555	2.62	71906	10466	334617	1028939	14.31
1950-1959	70-74	0.04930	0.22031	2.59	61440	13536	274577	694322	11.30
1950-1959	75-79	0.07657	0.32187	2.53	47904	15419	201370	419744	8.76
1950-1959	80-84	0.11064	0.43168	2.46	32485	14023	126740	218374	6.72
1950-1959	85-89	0.16941	0.58276	2.32	18462	10759	63509	91634	4.96
1950-1959	90-94	0.25016	0.72943	2.14	7703	5619	22460	28125	3.65
1950-1959	95-99	0.35289	0.84572	1.92	2084	1763	4995	5665	2.72
1950-1959	100-104	0.47191	0.92025	1.69	322	296	627	670	2.08
1950-1959	105-109	0.59565	0.96002	1.47	26	25	41	43	1.67
1950-1959	110+	0.69356	1.00000	1.44	1	1	1	1	1.44
1960-1969	0	0.02317	0.02271	0.11	100000	2271	97986	7069536	70.70
1960-1969	1-4	0.00094	0.00374	1.69	97729	366	390072	6971550	71.34
1960-1969	5-9	0.00044	0.00217	2.25	97363	212	486234	6581478	67.60
1960-1969	10-14	0.00038	0.00189	2.75	97152	184	485345	6095244	62.74
1960-1969	15-19	0.00107	0.00532	2.81	96968	515	483715	5609898	57.85
1960-1969	20-24	0.00129	0.00642	2.35	96453	620	480624	5126183	53.15
1960-1969	25-29	0.00120	0.00596	2.53	95833	571	477758	4645559	48.48
1960-1969	30-34	0.00139	0.00694	2.64	95262	661	474749	4167802	43.75
1960-1969	35-39	0.00195	0.00971	2.73	94601	918	470917	3693053	39.04
1960-1969	40-44	0.00313	0.01551	2.59	93683	1453	464915	3222135	34.39
1960-1969	45-49	0.00533	0.02634	2.71	92230	2429	455597	2757220	29.90
1960-1969	50-54	0.00842	0.04129	2.7	89801	3708	440463	2301623	25.63
1960-1969	55-59	0.01345	0.06519	2.66	86093	5612	417341	1861160	21.62
1960-1969	60-64	0.02000	0.09555	2.68	80480	7690	384586	1443818	17.94
1960-1969	65-69	0.03028	0.14135	2.66	72790	10289	339843	1059233	14.55
1960-1969	70-74	0.04752	0.21299	2.57	62501	13312	280111	719389	11.51
1960-1969	75-79	0.07185	0.30501	2.53	49189	15003	208828	439279	8.93
1960-1969	80-84	0.10934	0.42801	2.46	34186	14632	133815	230450	6.74
1960-1969	85-89	0.16962	0.58358	2.33	19554	11411	67277	96636	4.94
1960-1969	90-94	0.25343	0.73466	2.14	8143	5982	23605	29359	3.61
1960-1969	95-99	0.36070	0.85271	1.91	2161	1842	5108	5754	2.66
1960-1969	100-104	0.48480	0.92614	1.66	318	295	608	646	2.03
1960-1969	105-109	0.61252	0.96382	1.44	24	23	37	38	1.62
1960-1969	110+	0.71234	1.00000	1.4	1	1	1	1	1.40
1970-1979	0	0.01347	0.01330	0.09	100000	1330	98784	7331320	73.31
1970-1979	1-4	0.00057	0.00228	1.68	98670	225	394156	7232536	73.30
1970-1979	5-9	0.00041	0.00207	2.53	98444	203	491719	6838380	69.46
1970-1979	10-14	0.00032	0.00158	2.81	98241	155	490865	6346661	64.60
1970-1979	15-19	0.00102	0.00509	2.81	98086	500	489338	5855796	59.70
1970-1979	20-24	0.00119	0.00592	2.46	97587	577	486465	5366458	54.99
1970-1979	25-29	0.00099	0.00492	2.46	97009	477	483834	4879993	50.30
1970-1979	30-34	0.00109	0.00544	2.7	96532	525	481449	4396159	45.54
1970-1979	35-39	0.00157	0.00783	2.61	96006	752	478237	3914710	40.78
1970-1979	40-44	0.00259	0.01287	2.7	95254	1226	473448	3436473	36.08
1970-1979	45-49	0.00463	0.02292	2.67	94028	2155	465122	2963025	31.51
1970-1979	50-54	0.00706	0.03472	2.66	91873	3190	451910	2497903	27.19
1970-1979	55-59	0.01117	0.05442	2.63	88683	4826	431967	2045993	23.07
1970-1979	60-64	0.01793	0.08601	2.65	83857	7212	402330	1614026	19.25
1970-1979	65-69	0.02720	0.12782	2.65	76645	9797	360183	1211696	15.81
1970-1979	70-74	0.04066	0.18538	2.62	66848	12392	304758	851512	12.74
1970-1979	75-79	0.06174	0.26778	2.52	54456	14582	236184	546754	10.04
1970-1979	80-84	0.08723	0.35841	2.51	39873	14291	163832	310571	7.79
1970-1979	85-89	0.13773	0.50718	2.4	25582	12975	94201	146739	5.74
1970-1979	90-94	0.21126	0.66702	2.24	12608	8409	39807	52538	4.17
1970-1979	95-99	0.31067	0.80639	2.02	4198	3385	10897	12731	3.03
1970-1979	100-104	0.43261	0.90164	1.77	813	733	1694	1834	2.26
1970-1979	105-109	0.56549	0.95324	1.52	80	76	135	140	1.76
1970-1979	110+	0.67308	1.00000	1.49	4	4	6	6	1.49
1980-1989	0	0.00872	0.00865	0.07	100000	865	99197	7547180	75.47
1980-1989	1-4	0.00052	0.00207	1.5	99135	205	396027	7447983	75.13
1980-1989	5-9	0.00023	0.00114	2.46	98930	113	494362	7051956	71.28
1980-1989	10-14	0.00030	0.00149	2.76	98817	147	493753	6557594	66.36
1980-1989	15-19	0.00084	0.00421	2.79	98670	415	492430	6063841	61.46
1980-1989	20-24	0.00098	0.00489	2.5	98254	481	490071	5571411	56.70
1980-1989	25-29	0.00089	0.00446	2.61	97774	436	487827	5081340	51.97
1980-1989	30-34	0.00096	0.00479	2.61	97338	466	485575	4593514	47.19
1980-1989	35-39	0.00130	0.00649	2.64	96872	628	482879	4107939	42.41
1980-1989	40-44	0.00211	0.01048	2.64	96244	1008	478834	3625060	37.67
1980-1989	45-49	0.00337	0.01675	2.86	95235	1595	472768	3146226	33.04
1980-1989	50-54	0.00592	0.02919	2.69	93640	2733	461888	2673458	28.55
1980-1989	55-59	0.00958	0.04688	2.7	90907	4261	444721	2211570	24.33
1980-1989	60-64	0.01508	0.07285	2.67	86646	6312	418523	1766849	20.39
1980-1989	65-69	0.02369	0.11208	2.61	80333	9004	380131	1348326	16.78
1980-1989	70-74	0.03613	0.16603	2.57	71330	11843	327815	968195	13.57
1980-1989	75-79	0.05395	0.23815	2.54	59487	14167	262594	640380	10.77
1980-1989	80-84	0.07753	0.32556	2.54	45320	14754	190296	377786	8.34
1980-1989	85-89	0.12446	0.47176	2.44	30566	14420	115855	187491	6.13
1980-1989	90-94	0.19437	0.63570	2.28	16146	10264	52805	71636	4.44
1980-1989	95-99	0.29126	0.78499	2.06	5882	4617	15853	18830	3.20
1980-1989	100-104	0.41304	0.89063	1.81	1265	1126	2727	2977	2.35
1980-1989	105-109	0.54867	0.94883	1.55	138	131	239	250	1.81
1980-1989	110+	0.65983	1.00000	1.52	7	7	11	11	1.52
1990-1999	0	0.00668	0.00664	0.07	100000	664	99381	7739437	77.39
1990-1999	1-4	0.00033	0.00132	1.65	99336	131	397038	7640057	76.91
1990-1999	5-9	0.00016	0.00080	2.35	99206	79	495817	7243019	73.01
1990-1999	10-14	0.00022	0.00112	3.01	99126	111	495410	6747201	68.07
1990-1999	15-19	0.00066	0.00331	2.96	99016	328	494408	6251791	63.14
1990-1999	20-24	0.00075	0.00373	2.55	98688	368	492539	5757383	58.34
1990-1999	25-29	0.00078	0.00388	2.68	98320	382	490712	5264844	53.55
1990-1999	30-34	0.00103	0.00514	2.57	97938	503	488466	4774132	48.75
1990-1999	35-39	0.00124	0.00616	2.6	97435	600	485734	4285666	43.98
1990-1999	40-44	0.00173	0.00863	2.59	96835	835	482164	3799932	39.24
1990-1999	45-49	0.00278	0.01379	2.69	96000	1324	476943	3317768	34.56
1990-1999	50-54	0.00449	0.02222	2.72	94676	2104	468582	2840825	30.01
1990-1999	55-59	0.00757	0.03720	2.71	92572	3444	454979	2372243	25.63
1990-1999	60-64	0.01294	0.06278	2.66	89128	5595	432537	1917264	21.51
1990-1999	65-69	0.01938	0.09275	2.68	83533	7747	399685	1484727	17.77
1990-1999	70-74	0.03092	0.14399	2.62	75786	10912	352958	1085042	14.32
1990-1999	75-79	0.04842	0.21698	2.61	64873	14076	290678	732084	11.28
1990-1999	80-84	0.06981	0.29848	2.57	50798	15162	217199	441406	8.69
1990-1999	85-89	0.11738	0.45247	2.47	35635	16124	137369	224207	6.29
1990-1999	90-94	0.19154	0.63138	2.3	19511	12319	64316	86838	4.45
1990-1999	95-99	0.29768	0.79399	2.06	7192	5711	19184	22522	3.13
1990-1999	100-104	0.43268	0.90321	1.78	1482	1338	3093	3338	2.25
1990-1999	105-109	0.58107	0.95797	1.5	143	137	236	245	1.71
1990-1999	110+	0.69981	1.00000	1.43	6	6	9	9	1.43
2000-2009	0	0.00541	0.00538	0.06	100000	538	99496	7924667	79.25
2000-2009	1-4	0.00019	0.00074	1.64	99462	74	397674	7825171	78.67
2000-2009	5-9	0.00011	0.00056	2.56	99388	55	496805	7427497	74.73
2000-2009	10-14	0.00017	0.00083	2.46	99333	83	496453	6930692	69.77
2000-2009	15-19	0.00052	0.00258	2.74	99250	256	495670	6434239	64.83
2000-2009	20-24	0.00078	0.00389	2.69	98994	385	494081	5938568	59.99
2000-2009	25-29	0.00087	0.00436	2.5	98609	430	491970	5444488	55.21
2000-2009	30-34	0.00088	0.00439	2.51	98179	431	489818	4952518	50.44
2000-2009	35-39	0.00111	0.00555	2.61	97748	543	487441	4462700	45.66
2000-2009	40-44	0.00176	0.00874	2.59	97205	850	483971	3975259	40.90
2000-2009	45-49	0.00266	0.01320	2.71	96355	1272	478858	3491288	36.23
2000-2009	50-54	0.00381	0.01886	2.64	95083	1793	471177	3012430	31.68
2000-2009	55-59	0.00551	0.02723	2.68	93290	2540	460546	2541253	27.24
2000-2009	60-64	0.00938	0.04591	2.68	90750	4166	444098	2080707	22.93
2000-2009	65-69	0.01529	0.07383	2.67	86583	6392	418000	1636609	18.90
2000-2009	70-74	0.02541	0.11981	2.63	80191	9608	378162	1218609	15.20
2000-2009	75-79	0.04095	0.18660	2.63	70583	13171	321654	840448	11.91
2000-2009	80-84	0.06288	0.27333	2.61	57413	15693	249559	518794	9.04
2000-2009	85-89	0.11109	0.43469	2.5	41720	18135	163253	269235	6.45
2000-2009	90-94	0.18796	0.62503	2.32	23585	14741	78427	105982	4.49
2000-2009	95-99	0.29892	0.79619	2.07	8844	7041	23555	27555	3.12
2000-2009	100-104	0.43970	0.90743	1.76	1802	1636	3720	3999	2.22
2000-2009	105-109	0.59269	0.96083	1.48	167	160	270	280	1.68
2000-2009	110+	0.71347	1.00000	1.4	7	7	9	9	1.40
2010-2019	0	0.00439	0.00437	0.06	100000	437	99589	7985145	79.85
2010-2019	1-4	0.00021	0.00083	1.53	99563	83	398047	7885556	79.20
2010-2019	5-9	0.00008	0.00042	1.85	99480	41	497270	7487509	75.27
2010-2019	10-14	0.00012	0.00059	2.92	99439	59	497071	6990239	70.30
2010-2019	15-19	0.00038	0.00190	2.5	99380	189	496427	6493167	65.34
2010-2019	20-24	0.00077	0.00383	2.73	99191	380	495091	5996741	60.46
2010-2019	25-29	0.00114	0.00570	2.58	98811	563	492691	5501650	55.68
2010-2019	30-34	0.00127	0.00631	2.54	98247	620	489711	5008959	50.98
2010-2019	35-39	0.00150	0.00746	2.45	97627	728	486281	4519248	46.29
2010-2019	40-44	0.00182	0.00906	2.63	96899	877	482413	4032968	41.62
2010-2019	45-49	0.00266	0.01324	2.69	96021	1271	477172	3550554	36.98
2010-2019	50-54	0.00398	0.01971	2.67	94750	1868	469404	3073383	32.44
2010-2019	55-59	0.00590	0.02909	2.59	92882	2702	457909	2603979	28.04
2010-2019	60-64	0.00849	0.04162	2.6	90180	3753	441907	2146070	23.80
2010-2019	65-69	0.01299	0.06305	2.66	86427	5449	419382	1704163	19.72
2010-2019	70-74	0.02102	0.10016	2.66	80978	8111	385902	1284781	15.87
2010-2019	75-79	0.03543	0.16348	2.64	72867	11912	336241	898879	12.34
2010-2019	80-84	0.05909	0.25915	2.63	60954	15796	267326	562638	9.23
2010-2019	85-89	0.10743	0.42408	2.52	45158	19151	178263	295312	6.54
2010-2019	90-94	0.18650	0.62277	2.33	26007	16196	86842	117049	4.50
2010-2019	95-99	0.30258	0.80114	2.06	9811	7860	25976	30207	3.08
2010-2019	100-104	0.45057	0.91354	1.75	1951	1782	3956	4231	2.17
2010-2019	105-109	0.60988	0.96472	1.46	169	163	267	275	1.63
2010-2019	110+	0.73350	1.00000	1.36	6	6	8	8	1.36
2020-2022	0	0.00369	0.00367	0.06	100000	367	99654	7881617	78.82
2020-2022	1-4	0.00013	0.00052	1.78	99633	52	398415	7781963	78.11
2020-2022	5-9	0.00005	0.00026	2.28	99581	26	497833	7383548	74.15
2020-2022	10-14	0.00020	0.00100	3.02	99555	100	497576	6885715	69.17
2020-2022	15-19	0.00046	0.00229	2.83	99455	228	496780	6388139	64.23
2020-2022	20-24	0.00079	0.00394	2.81	99227	391	495281	5891359	59.37
2020-2022	25-29	0.00127	0.00635	2.53	98836	627	492634	5396078	54.60
2020-2022	30-34	0.00188	0.00938	2.6	98209	921	488837	4903445	49.93
2020-2022	35-39	0.00226	0.01126	2.65	97288	1095	483870	4414608	45.38
2020-2022	40-44	0.00273	0.01354	2.47	96193	1302	477664	3930738	40.86
2020-2022	45-49	0.00359	0.01778	2.72	94890	1688	470609	3453074	36.39
2020-2022	50-54	0.00476	0.02354	2.58	93203	2194	460695	2982465	32.00
2020-2022	55-59	0.00689	0.03389	2.56	91009	3085	447518	2521770	27.71
2020-2022	60-64	0.00992	0.04844	2.55	87924	4259	429204	2074252	23.59
2020-2022	65-69	0.01306	0.06328	2.57	83666	5294	405469	1645047	19.66
2020-2022	70-74	0.02001	0.09554	2.64	78372	7487	374173	1239579	15.82
2020-2022	75-79	0.03422	0.15816	2.61	70884	11211	327663	865405	12.21
2020-2022	80-84	0.06147	0.26825	2.63	59673	16007	260391	537743	9.01
2020-2022	85-89	0.11229	0.43876	2.51	43666	19159	170613	277352	6.35
2020-2022	90-94	0.19490	0.63970	2.31	24507	15677	80436	106739	4.36
2020-2022	95-99	0.31467	0.81419	2.04	8830	7189	22847	26303	2.98
2020-2022	100-104	0.46490	0.92026	1.72	1641	1510	3248	3456	2.11
2020-2022	105-109	0.62368	0.96733	1.43	131	127	203	209	1.59
2020-2022	110+	0.74515	1.00000	1.34	4	4	6	6	1.34
