Austria, Female population exposure by calendar year and age (Lexis squares, age in completed years (ACY))
Last modified: 05/08/2021
Year    Age        Exposure
1951     12        56781.30
1951     13        42578.92
1951     14        40711.41
1951     15        41367.65
1951     16        41865.59
1951     17        42835.63
1951     18        44120.44
1951     19        45393.23
1951     20        46623.59
1951     21        48146.60
1951     22        47837.81
1951     23        48728.10
1951     24        50713.69
1951     25        54006.78
1951     26        57405.60
1951     27        58961.47
1951     28        60317.93
1951     29        60373.90
1951     30        58513.72
1951     31        55038.05
1951     32        39808.35
1951     33        30661.63
1951     34        33291.15
1951     35        36525.31
1951     36        49056.96
1951     37        56540.36
1951     38        57104.55
1951     39        58585.63
1951     40        57869.93
1951     41        59630.13
1951     42        59111.61
1951     43        58523.97
1951     44        58511.00
1951     45        58535.57
1951     46        57212.58
1951     47        57718.94
1951     48        56952.82
1951     49        56976.11
1951     50        55825.49
1951     51        54605.98
1951     52        53664.32
1951     53        52166.28
1951     54        51019.83
1951     55        50071.11
1952     12        67701.93
1952     13        54501.73
1952     14        41652.05
1952     15        40369.50
1952     16        40811.39
1952     17        41408.78
1952     18        42222.20
1952     19        43860.05
1952     20        44748.78
1952     21        46661.30
1952     22        47509.36
1952     23        47633.09
1952     24        47975.00
1952     25        50272.83
1952     26        53927.70
1952     27        57023.96
1952     28        58784.87
1952     29        60106.27
1952     30        60200.05
1952     31        59465.11
1952     32        55063.62
1952     33        37924.21
1952     34        30031.49
1952     35        32377.03
1952     36        35788.54
1952     37        50365.33
1952     38        56060.38
1952     39        57477.12
1952     40        57586.96
1952     41        58031.01
1952     42        59434.66
1952     43        58672.46
1952     44        58163.27
1952     45        58595.12
1952     46        57780.20
1952     47        57183.36
1952     48        57085.60
1952     49        56825.23
1952     50        56612.38
1952     51        55331.93
1952     52        54377.16
1952     53        53198.03
1952     54        51624.49
1952     55        50674.43
1953     12        62930.74
1953     13        67472.90
1953     14        54252.86
1953     15        41391.95
1953     16        40063.86
1953     17        40462.82
1953     18        41028.58
1953     19        41858.26
1953     20        43521.66
1953     21        44454.40
1953     22        46373.54
1953     23        47242.06
1953     24        47362.45
1953     25        47713.65
1953     26        50008.14
1953     27        53640.29
1953     28        56755.61
1953     29        58525.90
1953     30        59834.23
1953     31        59937.44
1953     32        59212.95
1953     33        54835.64
1953     34        37765.67
1953     35        29898.14
1953     36        32250.98
1953     37        35638.19
1953     38        50155.55
1953     39        55844.60
1953     40        57221.59
1953     41        57329.99
1953     42        57765.00
1953     43        59164.71
1953     44        58407.00
1953     45        57914.31
1953     46        58309.18
1953     47        57465.78
1953     48        56843.40
1953     49        56723.13
1953     50        56477.67
1953     51        56245.43
1953     52        54958.98
1953     53        53996.76
1953     54        52784.60
1953     55        51195.46
1954     12        58041.80
1954     13        62788.77
1954     14        67283.66
1954     15        54053.40
1954     16        41176.45
1954     17        39817.80
1954     18        40176.20
1954     19        40718.08
1954     20        41560.07
1954     21        43249.05
1954     22        44216.60
1954     23        46134.43
1954     24        47009.40
1954     25        47145.50
1954     26        47501.39
1954     27        49783.12
1954     28        53419.69
1954     29        56523.85
1954     30        58286.59
1954     31        59605.29
1954     32        59710.16
1954     33        59003.59
1954     34        54632.66
1954     35        37613.83
1954     36        29783.85
1954     37        32134.49
1954     38        35506.46
1954     39        49946.83
1954     40        55626.03
1954     41        56997.68
1954     42        57097.51
1954     43        57517.55
1954     44        58907.72
1954     45        58170.01
1954     46        57665.81
1954     47        58019.68
1954     48        57147.85
1954     49        56489.87
1954     50        56380.05
1954     51        56115.64
1954     52        55855.97
1954     53        54578.52
1954     54        53621.28
1954     55        52369.05
1955     12        52344.30
1955     13        57913.63
1955     14        62620.99
1955     15        67054.32
1955     16        53810.39
1955     17        40914.46
1955     18        39515.25
1955     19        39827.95
1955     20        40337.42
1955     21        41176.52
1955     22        42912.43
1955     23        43904.96
1955     24        45847.25
1955     25        46725.59
1955     26        46896.55
1955     27        47242.40
1955     28        49517.38
1955     29        53152.22
1955     30        56245.12
1955     31        58008.57
1955     32        59342.61
1955     33        59442.00
1955     34        58743.30
1955     35        54391.99
1955     36        37437.75
1955     37        29645.97
1955     38        32000.65
1955     39        35353.07
1955     40        49708.51
1955     41        55398.13
1955     42        56758.62
1955     43        56833.04
1955     44        57238.57
1955     45        58631.26
1955     46        57904.06
1955     47        57408.34
1955     48        57690.72
1955     49        56799.82
1955     50        56124.81
1955     51        56007.63
1955     52        55733.69
1955     53        55431.56
1955     54        54174.62
1955     55        53200.28
1956     12        53557.09
1956     13        52244.68
1956     14        57736.81
1956     15        62392.83
1956     16        66740.14
1956     17        53476.14
1956     18        40553.42
1956     19        39101.43
1956     20        39351.43
1956     21        39806.28
1956     22        40664.85
1956     23        42454.76
1956     24        43496.25
1956     25        45459.88
1956     26        46371.62
1956     27        46558.06
1956     28        46890.77
1956     29        49181.14
1956     30        52794.96
1956     31        55864.23
1956     32        57654.07
1956     33        58987.28
1956     34        59106.24
1956     35        58414.39
1956     36        54077.81
1956     37        37216.10
1956     38        29486.33
1956     39        31832.98
1956     40        35162.95
1956     41        49433.73
1956     42        55125.82
1956     43        56466.16
1956     44        56507.57
1956     45        56928.06
1956     46        58299.71
1956     47        57613.59
1956     48        57083.37
1956     49        57337.22
1956     50        56437.29
1956     51        55726.26
1956     52        55595.67
1956     53        55299.13
1956     54        54967.10
1956     55        53729.07
1957     12        47414.91
1957     13        53524.57
1957     14        52139.89
1957     15        57587.59
1957     16        62187.93
1957     17        66489.84
1957     18        53208.91
1957     19        40266.59
1957     20        38766.24
1957     21        38970.77
1957     22        39394.85
1957     23        40287.96
1957     24        42111.90
1957     25        43188.27
1957     26        45162.74
1957     27        46098.52
1957     28        46277.10
1957     29        46628.99
1957     30        48903.41
1957     31        52496.19
1957     32        55562.63
1957     33        57364.88
1957     34        58708.57
1957     35        58823.64
1957     36        58150.23
1957     37        53824.12
1957     38        37048.02
1957     39        29350.47
1957     40        31695.75
1957     41        34984.78
1957     42        49209.72
1957     43        54885.97
1957     44        56196.62
1957     45        56216.56
1957     46        56620.49
1957     47        57992.72
1957     48        57308.60
1957     49        56753.84
1957     50        57003.09
1957     51        56071.80
1957     52        55321.23
1957     53        55197.67
1957     54        54854.63
1957     55        54510.99
1958     12        39688.59
1958     13        47389.37
1958     14        53503.20
1958     15        52072.05
1958     16        57485.05
1958     17        62057.49
1958     18        66323.30
1958     19        53027.78
1958     20        40073.54
1958     21        38551.98
1958     22        38718.63
1958     23        39117.19
1958     24        40028.67
1958     25        41870.86
1958     26        42966.30
1958     27        44957.01
1958     28        45891.52
1958     29        46086.07
1958     30        46432.21
1958     31        48704.37
1958     32        52285.50
1958     33        55345.97
1958     34        57144.06
1958     35        58494.18
1958     36        58610.33
1958     37        57938.86
1958     38        53624.59
1958     39        36914.69
1958     40        29236.09
1958     41        31578.52
1958     42        34855.40
1958     43        49008.74
1958     44        54684.61
1958     45        55955.67
1958     46        55964.60
1958     47        56347.55
1958     48        57693.75
1958     49        57004.65
1958     50        56453.26
1958     51        56666.12
1958     52        55722.35
1958     53        54939.23
1958     54        54766.75
1958     55        54424.48
1959     12        52539.23
1959     13        39670.59
1959     14        47376.37
1959     15        53468.45
1959     16        52001.81
1959     17        57392.49
1959     18        61936.94
1959     19        66174.66
1959     20        52872.15
1959     21        39912.18
1959     22        38365.70
1959     23        38509.44
1959     24        38898.66
1959     25        39821.47
1959     26        41679.25
1959     27        42795.22
1959     28        44781.85
1959     29        45730.55
1959     30        45923.10
1959     31        46269.55
1959     32        48535.77
1959     33        52104.91
1959     34        55154.07
1959     35        56951.70
1959     36        58296.88
1959     37        58422.49
1959     38        57753.76
1959     39        53435.24
1959     40        36790.76
1959     41        29129.95
1959     42        31464.96
1959     43        34719.23
1959     44        48823.15
1959     45        54473.63
1959     46        55716.63
1959     47        55720.12
1959     48        56072.09
1959     49        57414.76
1959     50        56729.54
1959     51        56128.77
1959     52        56335.61
1959     53        55351.39
1959     54        54553.83
1959     55        54367.68
1960     12        52590.16
1960     13        52518.56
1960     14        39652.36
1960     15        47352.88
1960     16        53428.02
1960     17        51960.64
1960     18        57344.87
1960     19        61873.46
1960     20        66099.74
1960     21        52785.58
1960     22        39828.80
1960     23        38259.68
1960     24        38387.15
1960     25        38772.55
1960     26        39706.81
1960     27        41563.85
1960     28        42684.64
1960     29        44667.23
1960     30        45625.83
1960     31        45809.63
1960     32        46154.49
1960     33        48413.64
1960     34        51975.34
1960     35        55013.92
1960     36        56813.31
1960     37        58167.90
1960     38        58279.89
1960     39        57600.19
1960     40        53290.15
1960     41        36680.34
1960     42        29039.04
1960     43        31366.71
1960     44        34599.18
1960     45        48659.36
1960     46        54261.15
1960     47        55504.20
1960     48        55487.21
1960     49        55811.04
1960     50        57139.21
1960     51        56432.15
1960     52        55802.86
1960     53        55987.69
1960     54        55004.55
1960     55        54164.22
1961     12        51124.47
1961     13        52585.27
1961     14        52508.04
1961     15        39594.35
1961     16        47265.47
1961     17        53318.21
1961     18        51807.71
1961     19        57180.53
1961     20        61694.86
1961     21        65871.77
1961     22        52614.98
1961     23        39705.86
1961     24        38155.08
1961     25        38331.99
1961     26        38716.87
1961     27        39648.85
1961     28        41497.79
1961     29        42624.50
1961     30        44619.34
1961     31        45549.89
1961     32        45724.58
1961     33        46076.97
1961     34        48340.68
1961     35        51881.10
1961     36        54912.36
1961     37        56716.79
1961     38        58042.50
1961     39        58151.43
1961     40        57493.77
1961     41        53152.20
1961     42        36589.95
1961     43        28966.80
1961     44        31288.75
1961     45        34495.93
1961     46        48502.84
1961     47        54079.97
1961     48        55298.25
1961     49        55237.83
1961     50        55576.63
1961     51        56856.85
1961     52        56117.84
1961     53        55476.53
1961     54        55629.86
1961     55        54621.70
1962     12        47830.66
1962     13        51189.48
1962     14        52601.89
1962     15        52454.29
1962     16        39482.40
1962     17        47071.88
1962     18        53033.35
1962     19        51498.88
1962     20        56868.65
1962     21        61358.42
1962     22        65556.91
1962     23        52424.46
1962     24        39608.65
1962     25        38169.77
1962     26        38323.18
1962     27        38720.54
1962     28        39646.84
1962     29        41497.87
1962     30        42637.37
1962     31        44613.28
1962     32        45505.70
1962     33        45686.20
1962     34        46053.39
1962     35        48301.95
1962     36        51817.09
1962     37        54836.47
1962     38        56605.18
1962     39        57909.85
1962     40        58072.52
1962     41        57387.02
1962     42        53031.54
1962     43        36519.00
1962     44        28904.79
1962     45        31223.27
1962     46        34384.40
1962     47        48362.51
1962     48        53873.57
1962     49        55084.70
1962     50        55034.73
1962     51        55349.57
1962     52        56550.30
1962     53        55786.81
1962     54        55119.01
1962     55        55280.76
1963     12        47046.63
1963     13        47986.13
1963     14        51268.30
1963     15        52633.14
1963     16        52402.41
1963     17        39353.06
1963     18        46830.99
1963     19        52742.09
1963     20        51204.78
1963     21        56581.47
1963     22        61060.83
1963     23        65290.42
1963     24        52263.47
1963     25        39655.81
1963     26        38199.47
1963     27        38349.21
1963     28        38758.93
1963     29        39675.15
1963     30        41522.43
1963     31        42676.38
1963     32        44629.38
1963     33        45490.60
1963     34        45670.15
1963     35        46042.46
1963     36        48285.32
1963     37        51774.83
1963     38        54767.78
1963     39        56505.81
1963     40        57795.77
1963     41        57979.61
1963     42        57288.92
1963     43        52913.08
1963     44        36422.03
1963     45        28853.76
1963     46        31127.42
1963     47        34272.01
1963     48        48187.67
1963     49        53671.81
1963     50        54862.12
1963     51        54832.28
1963     52        55075.04
1963     53        56220.37
1963     54        55428.40
1963     55        54784.99
1964     12        46792.63
1964     13        47282.54
1964     14        48147.09
1964     15        51351.05
1964     16        52671.01
1964     17        52361.07
1964     18        39202.87
1964     19        46596.48
1964     20        52444.50
1964     21        50906.43
1964     22        56278.87
1964     23        60754.45
1964     24        64991.64
1964     25        52187.42
1964     26        39653.60
1964     27        38204.37
1964     28        38345.61
1964     29        38776.26
1964     30        39677.95
1964     31        41543.23
1964     32        42707.85
1964     33        44637.71
1964     34        45473.54
1964     35        45640.16
1964     36        46031.38
1964     37        48263.09
1964     38        51728.57
1964     39        54702.15
1964     40        56390.94
1964     41        57685.69
1964     42        57890.45
1964     43        57179.01
1964     44        52759.87
1964     45        36332.85
1964     46        28777.90
1964     47        31027.58
1964     48        34167.90
1964     49        48020.66
1964     50        53472.67
1964     51        54621.19
1964     52        54590.41
1964     53        54814.16
1964     54        55863.98
1964     55        55066.45
1965     12        47663.76
1965     13        47066.68
1965     14        47524.27
1965     15        48315.80
1965     16        51456.51
1965     17        52733.23
1965     18        52324.40
1965     19        39087.63
1965     20        46386.79
1965     21        52170.96
1965     22        50639.52
1965     23        56017.00
1965     24        60485.61
1965     25        64780.72
1965     26        52087.35
1965     27        39644.30
1965     28        38203.21
1965     29        38352.40
1965     30        38791.76
1965     31        39700.19
1965     32        41557.99
1965     33        42742.82
1965     34        44651.85
1965     35        45455.82
1965     36        45623.51
1965     37        46016.83
1965     38        48237.40
1965     39        51695.02
1965     40        54641.55
1965     41        56324.75
1965     42        57585.51
1965     43        57803.45
1965     44        57050.39
1965     45        52616.34
1965     46        36225.10
1965     47        28706.95
1965     48        30954.97
1965     49        34052.03
1965     50        47867.93
1965     51        53238.51
1965     52        54382.18
1965     53        54348.97
1965     54        54493.61
1965     55        55489.88
1966     12        48325.35
1966     13        47944.78
1966     14        47364.35
1966     15        47806.86
1966     16        48538.81
1966     17        51635.54
1966     18        52883.13
1966     19        52427.38
1966     20        39098.98
1966     21        46326.96
1966     22        52064.87
1966     23        50507.59
1966     24        55892.92
1966     25        60370.35
1966     26        64672.32
1966     27        52075.90
1966     28        39713.63
1966     29        38275.33
1966     30        38422.55
1966     31        38875.47
1966     32        39764.46
1966     33        41633.96
1966     34        42823.70
1966     35        44704.49
1966     36        45478.05
1966     37        45640.51
1966     38        46038.24
1966     39        48251.93
1966     40        51705.01
1966     41        54630.84
1966     42        56263.55
1966     43        57497.48
1966     44        57723.76
1966     45        56952.67
1966     46        52492.13
1966     47        36136.19
1966     48        28647.81
1966     49        30861.12
1966     50        33952.05
1966     51        47692.99
1966     52        53011.31
1966     53        54131.21
1966     54        54083.04
1966     55        54189.61
1967     12        49886.98
1967     13        48580.76
1967     14        48248.64
1967     15        47706.13
1967     16        46588.70
1967     17        48842.76
1967     18        51922.19
1967     19        53189.62
1967     20        52688.87
1967     21        39233.13
1967     22        46389.05
1967     23        52052.14
1967     24        50465.12
1967     25        55857.06
1967     26        60313.28
1967     27        64603.87
1967     28        52102.15
1967     29        39812.25
1967     30        38367.44
1967     31        38517.71
1967     32        38977.91
1967     33        39861.75
1967     34        41724.91
1967     35        42914.74
1967     36        44782.99
1967     37        45513.15
1967     38        45672.88
1967     39        46077.78
1967     40        48311.62
1967     41        51722.49
1967     42        54612.25
1967     43        56202.35
1967     44        57417.69
1967     45        57656.25
1967     46        56868.89
1967     47        52366.87
1967     48        36035.96
1967     49        28583.08
1967     50        32384.25
1967     51        33851.71
1967     52        47507.86
1967     53        52792.61
1967     54        53876.78
1967     55        53818.68
1968     12        52721.83
1968     13        50066.30
1968     14        48810.76
1968     15        48535.80
1968     16        46561.27
1968     17        48434.86
1968     18        49126.32
1968     19        52159.54
1968     20        53354.61
1968     21        52745.07
1968     22        39159.06
1968     23        46250.95
1968     24        51829.97
1968     25        50200.20
1968     26        55610.15
1968     27        60045.68
1968     28        64335.92
1968     29        51978.09
1968     30        39780.34
1968     31        38345.16
1968     32        38513.09
1968     33        38985.12
1968     34        39860.55
1968     35        41741.56
1968     36        42946.94
1968     37        44785.91
1968     38        45481.97
1968     39        45655.28
1968     40        46094.04
1968     41        48308.98
1968     42        51679.39
1968     43        54543.80
1968     44        56084.22
1968     45        57283.33
1968     46        57524.27
1968     47        56713.55
1968     48        52181.55
1968     49        35916.20
1968     50        29936.05
1968     51        30711.73
1968     52        33719.26
1968     53        47306.37
1968     54        52521.08
1968     55        53570.15
1969     12        54751.14
1969     13        52775.70
1969     14        50234.18
1969     15        49033.11
1969     16        48813.64
1969     17        48313.88
1969     18        48745.00
1969     19        49369.10
1969     20        52293.38
1969     21        53394.61
1969     22        52689.55
1969     23        39023.13
1969     24        46014.91
1969     25        51458.83
1969     26        49836.98
1969     27        55265.16
1969     28        59686.39
1969     29        64017.81
1969     30        51795.10
1969     31        39701.88
1969     32        38296.21
1969     33        38465.03
1969     34        38954.13
1969     35        39844.84
1969     36        41722.16
1969     37        42933.94
1969     38        44750.48
1969     39        45426.52
1969     40        45624.40
1969     41        46065.98
1969     42        48254.61
1969     43        51605.61
1969     44        54417.67
1969     45        55934.20
1969     46        57094.64
1969     47        57344.87
1969     48        56514.61
1969     49        51934.27
1969     50        35769.28
1969     51        28398.68
1969     52        30585.26
1969     53        33561.96
1969     54        47051.74
1969     55        52188.44
1970     12        55517.46
1970     13        54768.69
1970     14        52882.33
1970     15        50461.63
1970     16        49327.65
1970     17        49172.33
1970     18        48768.99
1970     19        49187.00
1970     20        49759.85
1970     21        52599.00
1970     22        53646.28
1970     23        52831.32
1970     24        39034.36
1970     25        45838.02
1970     26        51219.96
1970     27        49586.28
1970     28        55026.04
1970     29        59421.00
1970     30        63786.42
1970     31        51677.79
1970     32        39687.08
1970     33        38289.58
1970     34        38452.16
1970     35        38973.10
1970     36        39849.48
1970     37        41733.07
1970     38        42946.98
1970     39        44736.49
1970     40        45418.44
1970     41        45592.58
1970     42        46044.84
1970     43        48220.97
1970     44        51531.54
1970     45        54315.05
1970     46        55787.68
1970     47        56891.39
1970     48        57156.18
1970     49        56295.16
1970     50        51709.22
1970     51        35611.00
1970     52        28289.09
1970     53        30459.49
1970     54        33390.16
1970     55        46775.85
1971     12        57030.74
1971     13        55706.35
1971     14        54977.39
1971     15        53231.62
1971     16        50827.82
1971     17        49744.77
1971     18        49696.07
1971     19        49362.84
1971     20        49757.74
1971     21        50290.29
1971     22        53079.82
1971     23        54074.76
1971     24        53146.65
1971     25        39118.44
1971     26        45888.14
1971     27        51199.65
1971     28        49546.11
1971     29        54959.68
1971     30        59354.02
1971     31        63737.12
1971     32        51706.81
1971     33        39751.65
1971     34        38343.86
1971     35        38519.06
1971     36        39035.24
1971     37        39911.14
1971     38        41789.53
1971     39        42983.50
1971     40        44766.40
1971     41        45425.88
1971     42        45593.42
1971     43        46042.32
1971     44        48199.01
1971     45        51471.73
1971     46        54224.15
1971     47        55631.27
1971     48        56720.56
1971     49        56994.61
1971     50        56101.75
1971     51        51522.71
1971     52        35488.49
1971     53        28181.86
1971     54        30313.81
1971     55        33221.04
1972     12        59013.24
1972     13        57439.62
1972     14        56098.51
1972     15        55452.68
1972     16        53725.63
1972     17        51275.94
1972     18        50307.39
1972     19        50384.91
1972     20        50010.23
1972     21        50407.74
1972     22        50820.05
1972     23        53682.61
1972     24        54571.58
1972     25        53523.64
1972     26        39409.90
1972     27        46179.68
1972     28        51423.30
1972     29        49746.76
1972     30        55126.15
1972     31        59511.82
1972     32        63879.18
1972     33        51865.64
1972     34        39889.21
1972     35        38465.08
1972     36        38636.09
1972     37        39131.16
1972     38        39997.18
1972     39        41861.83
1972     40        43026.51
1972     41        44795.60
1972     42        45446.09
1972     43        45601.83
1972     44        46032.69
1972     45        48152.00
1972     46        51393.39
1972     47        54127.83
1972     48        55497.79
1972     49        56584.32
1972     50        56820.10
1972     51        55941.56
1972     52        51358.54
1972     53        35351.86
1972     54        28055.61
1972     55        30153.87
1973     12        61448.97
1973     13        59463.77
1973     14        57882.64
1973     15        56577.28
1973     16        55965.86
1973     17        54254.50
1973     18        51939.76
1973     19        51053.33
1973     20        51107.86
1973     21        50648.67
1973     22        50881.06
1973     23        51400.51
1973     24        54189.33
1973     25        54984.90
1973     26        53898.46
1973     27        39699.22
1973     28        46497.27
1973     29        51687.00
1973     30        49977.75
1973     31        55338.65
1973     32        59681.40
1973     33        64067.82
1973     34        52012.77
1973     35        39999.15
1973     36        38575.35
1973     37        38713.03
1973     38        39204.50
1973     39        40060.69
1973     40        41901.57
1973     41        43027.88
1973     42        44805.10
1973     43        45440.81
1973     44        45583.75
1973     45        45978.12
1973     46        48058.57
1973     47        51289.39
1973     48        54000.50
1973     49        55375.08
1973     50        56420.09
1973     51        56660.05
1973     52        55733.07
1973     53        51158.12
1973     54        35205.48
1973     55        27886.43
1974     12        63575.76
1974     13        61790.40
1974     14        59830.08
1974     15        58281.16
1974     16        56931.45
1974     17        56384.05
1974     18        54729.52
1974     19        52336.41
1974     20        51380.74
1974     21        51316.09
1974     22        50721.99
1974     23        51009.83
1974     24        51495.38
1974     25        54242.61
1974     26        55001.48
1974     27        53911.41
1974     28        39722.96
1974     29        46502.32
1974     30        51702.95
1974     31        49983.58
1974     32        55316.51
1974     33        59690.97
1974     34        64049.73
1974     35        51983.36
1974     36        39962.27
1974     37        38522.16
1974     38        38674.38
1974     39        39159.45
1974     40        40006.11
1974     41        41836.88
1974     42        42951.85
1974     43        44715.11
1974     44        45351.04
1974     45        45491.19
1974     46        45842.38
1974     47        47909.66
1974     48        51113.23
1974     49        53798.52
1974     50        55183.35
1974     51        56209.21
1974     52        56410.60
1974     53        55485.39
1974     54        50907.66
1974     55        34985.67
1975     12        65022.35
1975     13        63769.62
1975     14        62026.77
1975     15        60080.77
1975     16        58503.96
1975     17        57119.62
1975     18        56555.90
1975     19        54809.72
1975     20        52224.39
1975     21        51159.10
1975     22        51009.64
1975     23        50364.60
1975     24        50669.24
1975     25        51120.70
1975     26        53890.47
1975     27        54672.22
1975     28        53585.95
1975     29        39473.69
1975     30        46252.45
1975     31        51480.13
1975     32        49763.67
1975     33        55104.15
1975     34        59503.97
1975     35        63830.23
1975     36        51786.77
1975     37        39766.17
1975     38        38345.92
1975     39        38507.69
1975     40        38995.89
1975     41        39852.46
1975     42        41672.69
1975     43        42769.51
1975     44        44541.32
1975     45        45196.83
1975     46        45320.02
1975     47        45642.90
1975     48        47685.11
1975     49        50864.17
1975     50        53553.21
1975     51        54939.53
1975     52        55939.07
1975     53        56134.00
1975     54        55175.75
1975     55        50588.88
1976     12        64794.82
1976     13        65192.83
1976     14        63999.84
1976     15        62303.25
1976     16        60368.69
1976     17        58806.19
1976     18        57366.97
1976     19        56829.74
1976     20        55000.92
1976     21        52239.80
1976     22        51091.30
1976     23        50831.91
1976     24        50146.47
1976     25        50401.10
1976     26        50892.48
1976     27        53679.04
1976     28        54462.12
1976     29        53380.00
1976     30        39329.13
1976     31        46118.00
1976     32        51355.19
1976     33        49634.87
1976     34        54981.16
1976     35        59382.06
1976     36        63712.20
1976     37        51656.20
1976     38        39645.21
1976     39        38238.02
1976     40        38411.80
1976     41        38889.73
1976     42        39745.71
1976     43        41554.07
1976     44        42638.17
1976     45        44410.42
1976     46        45064.85
1976     47        45177.90
1976     48        45466.08
1976     49        47488.06
1976     50        50661.38
1976     51        53324.46
1976     52        54704.32
1976     53        55677.58
1976     54        55870.56
1976     55        54874.92
1977     12        64182.89
1977     13        64982.73
1977     14        65454.69
1977     15        64343.08
1977     16        62683.64
1977     17        60808.88
1977     18        59246.58
1977     19        57797.03
1977     20        57326.31
1977     21        55401.13
1977     22        52481.19
1977     23        51232.82
1977     24        50854.46
1977     25        50099.25
1977     26        50345.33
1977     27        50859.87
1977     28        53659.11
1977     29        54429.14
1977     30        53352.53
1977     31        39325.99
1977     32        46122.35
1977     33        51368.47
1977     34        49634.87
1977     35        54990.74
1977     36        59394.07
1977     37        63698.51
1977     38        51644.43
1977     39        39629.04
1977     40        38226.71
1977     41        38385.56
1977     42        38866.10
1977     43        39721.69
1977     44        41511.57
1977     45        42569.16
1977     46        44326.09
1977     47        44978.77
1977     48        45077.39
1977     49        45316.38
1977     50        47322.33
1977     51        50480.72
1977     52        53129.85
1977     53        54477.00
1977     54        55454.18
1977     55        55609.59
1978     12        61970.26
1978     13        64315.05
1978     14        65138.81
1978     15        65690.50
1978     16        64625.49
1978     17        63030.33
1978     18        61130.37
1978     19        59567.56
1978     20        58107.74
1978     21        57642.43
1978     22        55646.01
1978     23        52571.60
1978     24        51219.55
1978     25        50758.20
1978     26        49933.86
1978     27        50193.45
1978     28        50719.53
1978     29        53535.03
1978     30        54311.99
1978     31        53250.04
1978     32        39248.14
1978     33        46067.92
1978     34        51320.59
1978     35        49596.20
1978     36        54950.58
1978     37        59355.54
1978     38        63641.94
1978     39        51585.71
1978     40        39565.95
1978     41        38158.75
1978     42        38335.99
1978     43        38804.06
1978     44        39657.53
1978     45        41442.83
1978     46        42470.21
1978     47        44211.48
1978     48        44866.30
1978     49        44939.76
1978     50        45141.34
1978     51        47133.02
1978     52        50268.64
1978     53        52885.75
1978     54        54219.78
1978     55        55182.87
1979     12        61645.67
1979     13        62068.49
1979     14        64424.72
1979     15        65282.83
1979     16        65887.89
1979     17        64888.64
1979     18        63214.72
1979     19        61307.60
1979     20        59745.77
1979     21        58238.78
1979     22        57813.54
1979     23        55762.05
1979     24        52544.25
1979     25        51132.43
1979     26        50566.45
1979     27        49702.99
1979     28        49954.73
1979     29        50524.56
1979     30        53366.44
1979     31        54152.62
1979     32        53092.57
1979     33        39152.78
1979     34        45977.14
1979     35        51235.43
1979     36        49513.24
1979     37        54883.41
1979     38        59266.98
1979     39        63544.05
1979     40        51491.05
1979     41        39475.67
1979     42        38091.46
1979     43        38254.39
1979     44        38708.16
1979     45        39576.30
1979     46        41348.02
1979     47        42351.25
1979     48        44065.00
1979     49        44725.62
1979     50        44774.42
1979     51        44951.52
1979     52        46898.62
1979     53        50022.91
1979     54        52613.52
1979     55        53931.40
1980     12        60957.19
1980     13        61739.77
1980     14        62228.04
1980     15        64619.09
1980     16        65503.11
1980     17        66184.92
1980     18        65106.41
1980     19        63447.19
1980     20        61561.28
1980     21        59984.90
1980     22        58456.78
1980     23        58070.45
1980     24        55954.15
1980     25        52618.27
1980     26        51102.84
1980     27        50444.09
1980     28        49527.80
1980     29        49789.83
1980     30        50399.53
1980     31        53263.85
1980     32        54050.72
1980     33        53002.68
1980     34        39103.16
1980     35        45925.88
1980     36        51194.05
1980     37        49485.57
1980     38        54827.44
1980     39        59220.52
1980     40        63496.13
1980     41        51445.13
1980     42        39422.62
1980     43        38046.42
1980     44        38198.06
1980     45        38642.56
1980     46        39509.91
1980     47        41261.96
1980     48        42226.02
1980     49        43933.53
1980     50        44582.25
1980     51        44613.68
1980     52        44746.70
1980     53        46677.27
1980     54        49804.33
1980     55        52335.70
1981     12        59983.13
1981     13        61315.29
1981     14        62137.52
1981     15        62659.37
1981     16        65002.13
1981     17        65909.58
1981     18        66520.56
1981     19        65459.09
1981     20        63789.64
1981     21        61874.59
1981     22        60197.02
1981     23        58699.36
1981     24        58321.75
1981     25        56141.77
1981     26        52740.92
1981     27        51176.59
1981     28        50454.24
1981     29        49535.79
1981     30        49791.72
1981     31        50417.71
1981     32        53256.53
1981     33        54048.92
1981     34        53009.65
1981     35        39134.81
1981     36        45942.54
1981     37        51220.75
1981     38        49470.71
1981     39        54839.54
1981     40        59231.86
1981     41        63491.91
1981     42        51382.43
1981     43        39419.80
1981     44        38036.13
1981     45        38181.67
1981     46        38604.47
1981     47        39462.08
1981     48        41182.14
1981     49        42134.86
1981     50        43841.29
1981     51        44469.69
1981     52        44451.32
1981     53        44595.18
1981     54        46527.39
1981     55        49592.69
1982     12        56620.74
1982     13        60275.42
1982     14        61632.93
1982     15        62460.71
1982     16        62920.20
1982     17        65234.69
1982     18        66094.87
1982     19        66652.83
1982     20        65581.59
1982     21        63831.84
1982     22        61845.86
1982     23        60156.75
1982     24        58659.49
1982     25        58287.39
1982     26        56072.59
1982     27        52663.86
1982     28        51080.77
1982     29        50364.43
1982     30        49432.82
1982     31        49686.55
1982     32        50303.61
1982     33        53097.05
1982     34        53940.08
1982     35        52935.34
1982     36        39062.84
1982     37        45840.72
1982     38        51091.84
1982     39        49378.99
1982     40        54759.66
1982     41        59127.01
1982     42        63345.62
1982     43        51256.43
1982     44        39349.23
1982     45        37951.89
1982     46        38081.58
1982     47        38485.27
1982     48        39334.91
1982     49        41054.33
1982     50        42006.82
1982     51        43703.31
1982     52        44279.28
1982     53        44261.64
1982     54        44397.09
1982     55        46270.14
1983     12        53640.04
1983     13        56693.06
1983     14        60368.00
1983     15        61745.10
1983     16        62543.60
1983     17        62997.74
1983     18        65288.69
1983     19        66059.69
1983     20        66582.09
1983     21        65467.72
1983     22        63697.68
1983     23        61663.99
1983     24        59945.18
1983     25        58463.13
1983     26        58081.41
1983     27        55846.89
1983     28        52450.40
1983     29        50860.96
1983     30        50161.98
1983     31        49232.66
1983     32        49503.69
1983     33        50082.43
1983     34        52887.70
1983     35        53786.81
1983     36        52795.08
1983     37        38924.88
1983     38        45670.42
1983     39        50929.55
1983     40        49224.17
1983     41        54603.96
1983     42        58989.94
1983     43        63140.70
1983     44        51081.87
1983     45        39226.17
1983     46        37815.15
1983     47        37944.12
1983     48        38337.80
1983     49        39178.13
1983     50        40879.69
1983     51        41838.34
1983     52        43509.92
1983     53        44044.94
1983     54        43991.46
1983     55        44135.56
1984     12        51383.50
1984     13        53807.85
1984     14        56877.19
1984     15        60561.21
1984     16        61930.79
1984     17        62726.76
1984     18        63175.63
1984     19        65405.25
1984     20        66104.74
1984     21        66588.15
1984     22        65441.85
1984     23        63641.72
1984     24        61553.54
1984     25        59813.75
1984     26        58371.66
1984     27        57988.83
1984     28        55763.50
1984     29        52366.78
1984     30        50790.95
1984     31        50082.88
1984     32        49165.91
1984     33        49427.09
1984     34        49981.36
1984     35        52786.14
1984     36        53733.24
1984     37        52724.60
1984     38        38873.76
1984     39        45582.86
1984     40        50835.55
1984     41        49141.82
1984     42        54529.09
1984     43        58889.86
1984     44        62991.49
1984     45        50944.97
1984     46        39141.72
1984     47        37734.91
1984     48        37867.39
1984     49        38212.00
1984     50        39045.40
1984     51        40738.14
1984     52        41695.54
1984     53        43333.50
1984     54        43833.57
1984     55        43787.30
1985     12        48112.09
1985     13        51537.06
1985     14        54007.26
1985     15        57090.94
1985     16        60779.47
1985     17        62152.67
1985     18        62937.65
1985     19        63371.82
1985     20        65546.19
1985     21        66163.90
1985     22        66610.57
1985     23        65429.26
1985     24        63597.42
1985     25        61459.65
1985     26        59701.62
1985     27        58298.53
1985     28        57919.35
1985     29        55704.33
1985     30        52327.66
1985     31        50747.86
1985     32        50045.56
1985     33        49113.42
1985     34        49374.57
1985     35        49908.83
1985     36        52720.28
1985     37        53680.76
1985     38        52693.00
1985     39        38826.31
1985     40        45515.12
1985     41        50768.81
1985     42        49055.78
1985     43        54441.11
1985     44        58783.78
1985     45        62821.05
1985     46        50823.38
1985     47        39066.11
1985     48        37666.86
1985     49        37755.72
1985     50        38096.62
1985     51        38896.59
1985     52        40595.84
1985     53        41540.81
1985     54        43179.28
1985     55        43617.89
1986     12        46113.86
1986     13        48239.49
1986     14        51700.83
1986     15        54213.26
1986     16        57305.53
1986     17        61006.99
1986     18        62373.77
1986     19        63144.67
1986     20        63577.77
1986     21        65676.74
1986     22        66226.47
1986     23        66625.76
1986     24        65407.59
1986     25        63540.45
1986     26        61364.53
1986     27        59588.22
1986     28        58226.38
1986     29        57853.29
1986     30        55661.00
1986     31        52309.39
1986     32        50731.64
1986     33        50017.31
1986     34        49082.72
1986     35        49331.25
1986     36        49847.54
1986     37        52673.16
1986     38        53647.20
1986     39        52658.36
1986     40        38783.77
1986     41        45464.22
1986     42        50680.25
1986     43        48970.40
1986     44        54345.87
1986     45        58662.36
1986     46        62678.04
1986     47        50690.93
1986     48        38989.01
1986     49        37562.79
1986     50        37648.96
1986     51        37961.68
1986     52        38761.97
1986     53        40447.71
1986     54        41386.74
1986     55        42985.20
1987     12        45548.65
1987     13        46215.64
1987     14        48361.86
1987     15        51822.35
1987     16        54320.30
1987     17        57400.82
1987     18        61088.34
1987     19        62416.58
1987     20        63166.99
1987     21        63577.76
1987     22        65609.73
1987     23        66075.46
1987     24        66463.16
1987     25        65230.62
1987     26        63368.86
1987     27        61180.72
1987     28        59449.74
1987     29        58125.17
1987     30        57773.82
1987     31        55616.86
1987     32        52292.71
1987     33        50724.89
1987     34        50000.94
1987     35        49045.80
1987     36        49286.35
1987     37        49811.76
1987     38        52639.55
1987     39        53618.54
1987     40        52624.71
1987     41        38751.31
1987     42        45409.84
1987     43        50619.81
1987     44        48901.36
1987     45        54259.45
1987     46        58557.68
1987     47        62527.35
1987     48        50616.61
1987     49        38904.61
1987     50        37475.54
1987     51        37551.64
1987     52        37850.92
1987     53        38637.66
1987     54        40300.83
1987     55        41214.74
1988     12        43044.16
1988     13        45645.92
1988     14        46361.78
1988     15        48496.58
1988     16        51930.26
1988     17        54437.33
1988     18        57531.56
1988     19        61207.81
1988     20        62501.38
1988     21        63262.81
1988     22        63652.24
1988     23        65621.97
1988     24        66039.76
1988     25        66414.03
1988     26        65168.19
1988     27        63286.29
1988     28        61120.28
1988     29        59382.62
1988     30        58095.56
1988     31        57753.92
1988     32        55625.51
1988     33        52339.44
1988     34        50748.13
1988     35        50019.34
1988     36        49041.29
1988     37        49261.95
1988     38        49796.23
1988     39        52623.62
1988     40        53600.97
1988     41        52603.10
1988     42        38741.06
1988     43        45374.69
1988     44        50554.95
1988     45        48830.99
1988     46        54153.17
1988     47        58431.97
1988     48        62406.94
1988     49        50479.72
1988     50        38829.45
1988     51        37393.79
1988     52        37446.69
1988     53        37730.23
1988     54        38496.07
1988     55        40137.54
1989     12        41592.03
1989     13        43284.06
1989     14        45937.63
1989     15        46751.65
1989     16        48912.87
1989     17        52382.36
1989     18        54940.72
1989     19        58094.54
1989     20        61828.49
1989     21        63114.17
1989     22        63864.18
1989     23        64268.60
1989     24        66195.44
1989     25        66501.15
1989     26        66835.77
1989     27        65507.70
1989     28        63562.92
1989     29        61371.41
1989     30        59588.09
1989     31        58315.24
1989     32        57949.06
1989     33        55856.12
1989     34        52567.76
1989     35        50943.67
1989     36        50182.01
1989     37        49161.49
1989     38        49320.85
1989     39        49872.85
1989     40        52708.37
1989     41        53671.44
1989     42        52666.38
1989     43        38777.14
1989     44        45374.23
1989     45        50520.33
1989     46        48755.47
1989     47        54057.54
1989     48        58311.97
1989     49        62249.68
1989     50        50350.17
1989     51        38747.93
1989     52        37301.02
1989     53        37327.46
1989     54        37593.74
1989     55        38342.51
1990     12        41505.08
1990     13        41966.09
1990     14        43672.97
1990     15        46446.52
1990     16        47356.39
1990     17        49609.12
1990     18        53144.20
1990     19        55778.38
1990     20        59035.91
1990     21        62844.10
1990     22        64090.31
1990     23        64869.83
1990     24        65282.33
1990     25        67139.58
1990     26        67329.79
1990     27        67581.30
1990     28        66149.29
1990     29        64132.06
1990     30        61885.54
1990     31        60046.66
1990     32        58749.04
1990     33        58340.00
1990     34        56288.49
1990     35        52956.94
1990     36        51282.01
1990     37        50468.50
1990     38        49372.05
1990     39        49475.15
1990     40        50051.15
1990     41        52861.91
1990     42        53810.78
1990     43        52776.72
1990     44        38848.26
1990     45        45417.34
1990     46        50514.81
1990     47        48709.41
1990     48        54014.77
1990     49        58212.91
1990     50        62099.69
1990     51        50219.12
1990     52        38674.28
1990     53        37193.23
1990     54        37215.82
1990     55        37447.91
1991     12        42052.93
1991     13        42013.55
1991     14        42427.31
1991     15        44196.96
1991     16        47069.80
1991     17        48109.90
1991     18        50494.33
1991     19        54189.87
1991     20        56968.20
1991     21        60294.07
1991     22        64115.23
1991     23        65387.04
1991     24        66158.84
1991     25        66500.85
1991     26        68246.62
1991     27        68337.67
1991     28        68596.54
1991     29        66919.31
1991     30        64804.73
1991     31        62527.10
1991     32        60745.52
1991     33        59282.36
1991     34        58878.53
1991     35        56812.09
1991     36        53413.63
1991     37        51690.76
1991     38        50823.20
1991     39        49641.12
1991     40        49758.59
1991     41        50247.15
1991     42        53147.23
1991     43        53965.85
1991     44        52877.60
1991     45        38938.45
1991     46        45510.86
1991     47        50538.34
1991     48        48727.41
1991     49        53942.42
1991     50        58119.23
1991     51        61968.15
1991     52        50218.44
1991     53        38607.19
1991     54        37137.16
1991     55        37143.93
1992     12        43554.23
1992     13        42726.49
1992     14        42595.93
1992     15        43024.99
1992     16        44908.80
1992     17        47856.50
1992     18        49058.05
1992     19        51731.78
1992     20        55635.77
1992     21        58286.77
1992     22        61598.42
1992     23        65546.94
1992     24        66716.75
1992     25        67373.13
1992     26        67601.85
1992     27        69300.17
1992     28        69460.49
1992     29        69488.16
1992     30        67599.51
1992     31        65510.38
1992     32        63323.74
1992     33        61455.96
1992     34        59901.99
1992     35        59449.23
1992     36        57267.61
1992     37        53881.34
1992     38        52098.80
1992     39        51209.71
1992     40        50068.68
1992     41        49999.35
1992     42        50578.36
1992     43        53430.97
1992     44        54065.44
1992     45        52982.62
1992     46        39021.22
1992     47        45614.20
1992     48        50563.04
1992     49        48709.00
1992     50        53900.53
1992     51        58033.02
1992     52        61973.35
1992     53        50262.49
1992     54        38593.92
1992     55        37156.26
1993     12        47015.97
1993     13        44060.15
1993     14        43219.66
1993     15        43056.67
1993     16        43588.99
1993     17        45497.40
1993     18        48564.77
1993     19        50079.82
1993     20        52918.04
1993     21        56691.55
1993     22        59300.95
1993     23        62612.62
1993     24        66496.72
1993     25        67588.89
1993     26        68189.78
1993     27        68304.67
1993     28        70045.73
1993     29        70071.89
1993     30        69970.74
1993     31        68021.37
1993     32        65948.80
1993     33        63811.71
1993     34        61949.22
1993     35        60322.88
1993     36        59728.98
1993     37        57562.21
1993     38        54169.27
1993     39        52402.48
1993     40        51554.85
1993     41        50220.95
1993     42        50143.66
1993     43        50763.40
1993     44        53549.36
1993     45        54112.15
1993     46        52948.51
1993     47        39017.27
1993     48        45543.56
1993     49        50468.25
1993     50        48694.05
1993     51        53813.25
1993     52        57844.78
1993     53        61882.39
1993     54        50200.69
1993     55        38513.37
1994     12        48068.10
1994     13        47211.82
1994     14        44233.99
1994     15        43513.02
1994     16        43351.47
1994     17        43885.30
1994     18        45871.74
1994     19        49184.20
1994     20        50775.59
1994     21        53569.79
1994     22        57322.55
1994     23        59681.09
1994     24        63011.14
1994     25        66948.75
1994     26        67919.50
1994     27        68448.00
1994     28        68473.23
1994     29        70133.73
1994     30        70220.04
1994     31        70045.38
1994     32        68039.06
1994     33        65920.08
1994     34        63860.15
1994     35        62087.92
1994     36        60342.22
1994     37        59720.84
1994     38        57568.75
1994     39        54206.07
1994     40        52440.95
1994     41        51556.81
1994     42        50168.44
1994     43        50071.44
1994     44        50751.14
1994     45        53547.72
1994     46        54016.04
1994     47        52805.64
1994     48        38860.15
1994     49        45367.33
1994     50        50375.48
1994     51        48608.98
1994     52        53534.85
1994     53        57540.76
1994     54        61715.47
1994     55        50085.80
1995     12        47222.66
1995     13        48176.91
1995     14        47263.59
1995     15        44412.42
1995     16        43769.08
1995     17        43538.81
1995     18        44146.75
1995     19        46292.85
1995     20        49667.16
1995     21        51242.93
1995     22        53991.04
1995     23        57550.00
1995     24        59831.92
1995     25        63225.52
1995     26        67028.66
1995     27        67914.48
1995     28        68289.66
1995     29        68301.40
1995     30        70083.57
1995     31        70089.09
1995     32        69862.98
1995     33        67858.43
1995     34        65724.70
1995     35        63779.26
1995     36        62032.95
1995     37        60181.32
1995     38        59548.83
1995     39        57449.04
1995     40        54103.30
1995     41        52385.14
1995     42        51492.95
1995     43        50070.78
1995     44        49949.05
1995     45        50668.40
1995     46        53492.11
1995     47        53862.45
1995     48        52610.63
1995     49        38714.92
1995     50        45219.74
1995     51        50227.22
1995     52        48416.51
1995     53        53265.54
1995     54        57272.61
1995     55        61562.25
1996     12        46195.70
1996     13        47325.48
1996     14        48272.50
1996     15        47335.92
1996     16        44573.82
1996     17        43903.33
1996     18        43719.15
1996     19        44496.19
1996     20        46646.80
1996     21        50080.65
1996     22        51613.52
1996     23        54333.45
1996     24        57750.59
1996     25        60016.96
1996     26        63376.23
1996     27        67049.65
1996     28        67917.80
1996     29        68273.56
1996     30        68326.79
1996     31        69992.64
1996     32        70002.73
1996     33        69839.53
1996     34        67805.45
1996     35        65656.83
1996     36        63777.84
1996     37        61946.87
1996     38        60066.31
1996     39        59495.15
1996     40        57429.09
1996     41        54093.11
1996     42        52364.51
1996     43        51442.75
1996     44        50001.97
1996     45        49871.17
1996     46        50625.55
1996     47        53388.03
1996     48        53718.66
1996     49        52461.72
1996     50        38596.90
1996     51        45044.86
1996     52        50043.88
1996     53        48234.48
1996     54        53016.59
1996     55        57034.78
1997     12        45902.41
1997     13        46264.03
1997     14        47393.84
1997     15        48311.00
1997     16        47403.75
1997     17        44661.80
1997     18        44062.14
1997     19        44023.76
1997     20        44774.85
1997     21        46961.24
1997     22        50404.26
1997     23        51906.72
1997     24        54569.25
1997     25        57972.62
1997     26        60196.24
1997     27        63484.67
1997     28        67193.23
1997     29        67966.99
1997     30        68357.51
1997     31        68364.21
1997     32        70023.50
1997     33        70025.04
1997     34        69836.51
1997     35        67798.30
1997     36        65621.63
1997     37        63752.66
1997     38        61877.76
1997     39        60013.43
1997     40        59476.03
1997     41        57420.95
1997     42        54041.76
1997     43        52293.73
1997     44        51377.96
1997     45        49945.43
1997     46        49795.31
1997     47        50559.17
1997     48        53266.89
1997     49        53590.27
1997     50        52326.29
1997     51        38456.24
1997     52        44874.89
1997     53        49871.63
1997     54        48067.57
1997     55        52813.05
1998     12        45199.08
1998     13        45980.84
1998     14        46323.02
1998     15        47452.14
1998     16        48413.24
1998     17        47534.90
1998     18        44862.71
1998     19        44360.98
1998     20        44342.54
1998     21        45118.03
1998     22        47313.92
1998     23        50748.01
1998     24        52214.59
1998     25        54830.56
1998     26        58230.82
1998     27        60365.68
1998     28        63626.36
1998     29        67209.70
1998     30        68024.88
1998     31        68396.96
1998     32        68399.21
1998     33        70048.71
1998     34        70010.86
1998     35        69813.16
1998     36        67751.84
1998     37        65578.57
1998     38        63688.81
1998     39        61817.41
1998     40        59960.37
1998     41        59422.77
1998     42        57361.19
1998     43        53980.49
1998     44        52228.99
1998     45        51306.17
1998     46        49872.08
1998     47        49719.12
1998     48        50465.03
1998     49        53133.28
1998     50        53468.33
1998     51        52165.02
1998     52        38340.57
1998     53        44734.26
1998     54        49705.51
1998     55        47887.98
1999     12        45249.68
1999     13        45316.16
1999     14        46115.45
1999     15        46436.02
1999     16        47609.63
1999     17        48611.65
1999     18        47787.11
1999     19        45213.69
1999     20        44811.09
1999     21        44776.93
1999     22        45581.28
1999     23        47826.46
1999     24        51212.64
1999     25        52634.03
1999     26        55231.57
1999     27        58508.72
1999     28        60624.95
1999     29        63842.43
1999     30        67420.74
1999     31        68145.54
1999     32        68493.17
1999     33        68471.82
1999     34        70135.55
1999     35        70021.95
1999     36        69845.71
1999     37        67726.79
1999     38        65563.56
1999     39        63687.90
1999     40        61809.44
1999     41        59933.10
1999     42        59390.47
1999     43        57329.63
1999     44        53948.14
1999     45        52196.66
1999     46        51244.01
1999     47        49810.88
1999     48        49650.79
1999     49        50363.95
1999     50        53010.38
1999     51        53342.79
1999     52        52050.38
1999     53        38236.75
1999     54        44596.90
1999     55        49544.05
2000     12        45797.01
2000     13        45382.99
2000     14        45496.15
2000     15        46242.81
2000     16        46610.51
2000     17        47798.02
2000     18        48872.87
2000     19        48219.16
2000     20        45737.31
2000     21        45288.04
2000     22        45304.07
2000     23        46124.93
2000     24        48322.03
2000     25        51708.44
2000     26        53103.89
2000     27        55583.83
2000     28        58780.90
2000     29        60905.61
2000     30        64083.62
2000     31        67582.18
2000     32        68314.35
2000     33        68588.24
2000     34        68604.82
2000     35        70179.03
2000     36        70094.29
2000     37        69871.47
2000     38        67760.25
2000     39        65593.58
2000     40        63702.87
2000     41        61799.05
2000     42        59910.04
2000     43        59379.36
2000     44        57287.89
2000     45        53955.39
2000     46        52156.29
2000     47        51172.18
2000     48        49766.03
2000     49        49574.95
2000     50        50266.52
2000     51        52900.81
2000     52        53240.31
2000     53        51915.14
2000     54        38132.49
2000     55        44456.11
2001     12        46345.58
2001     13        45998.32
2001     14        45598.70
2001     15        45649.33
2001     16        46449.60
2001     17        46795.87
2001     18        48097.28
2001     19        49369.84
2001     20        48775.81
2001     21        46316.56
2001     22        45924.92
2001     23        45929.48
2001     24        46757.27
2001     25        48903.94
2001     26        52238.11
2001     27        53573.82
2001     28        55993.81
2001     29        59129.50
2001     30        61226.54
2001     31        64436.84
2001     32        67840.45
2001     33        68502.87
2001     34        68801.90
2001     35        68801.28
2001     36        70302.63
2001     37        70244.98
2001     38        70009.92
2001     39        67878.18
2001     40        65674.10
2001     41        63788.90
2001     42        61852.34
2001     43        59936.90
2001     44        59389.61
2001     45        57333.87
2001     46        53972.49
2001     47        52111.17
2001     48        51153.33
2001     49        49748.49
2001     50        49534.38
2001     51        50209.14
2001     52        52837.00
2001     53        53124.37
2001     54        51830.65
2001     55        38069.16
2002     12        46685.67
2002     13        46607.72
2002     14        46259.55
2002     15        45838.79
2002     16        45923.52
2002     17        46754.65
2002     18        47257.83
2002     19        48851.84
2002     20        50223.24
2002     21        49704.86
2002     22        47280.97
2002     23        46856.06
2002     24        46858.52
2002     25        47618.21
2002     26        49647.73
2002     27        52931.05
2002     28        54188.55
2002     29        56505.86
2002     30        59585.62
2002     31        61723.58
2002     32        64758.85
2002     33        68121.99
2002     34        68774.10
2002     35        69067.69
2002     36        68985.67
2002     37        70496.37
2002     38        70379.25
2002     39        70157.81
2002     40        67965.79
2002     41        65753.64
2002     42        63855.46
2002     43        61895.37
2002     44        59975.72
2002     45        59401.49
2002     46        57337.58
2002     47        53938.72
2002     48        52061.35
2002     49        51115.62
2002     50        49687.96
2002     51        49465.19
2002     52        50108.43
2002     53        52700.64
2002     54        52987.73
2002     55        51709.37
2003     12        47672.51
2003     13        46959.64
2003     14        46880.58
2003     15        46555.92
2003     16        46172.89
2003     17        46382.45
2003     18        47371.93
2003     19        48304.48
2003     20        50042.58
2003     21        51434.65
2003     22        50926.13
2003     23        48462.51
2003     24        47905.85
2003     25        47857.53
2003     26        48584.26
2003     27        50496.26
2003     28        53596.20
2003     29        54845.32
2003     30        57054.57
2003     31        60068.96
2003     32        62141.29
2003     33        65092.84
2003     34        68386.32
2003     35        68989.79
2003     36        69278.14
2003     37        69173.51
2003     38        70674.14
2003     39        70518.77
2003     40        70226.71
2003     41        68001.40
2003     42        65813.97
2003     43        63956.27
2003     44        61936.67
2003     45        59992.98
2003     46        59391.56
2003     47        57333.33
2003     48        53898.21
2003     49        52004.05
2003     50        51054.10
2003     51        49622.19
2003     52        49360.88
2003     53        49995.92
2003     54        52542.28
2003     55        52811.73
2004     12        48057.98
2004     13        47974.56
2004     14        47268.44
2004     15        47211.07
2004     16        46902.30
2004     17        46684.86
2004     18        47057.89
2004     19        48495.58
2004     20        49584.13
2004     21        51335.55
2004     22        52697.55
2004     23        52258.44
2004     24        49605.58
2004     25        48974.76
2004     26        48897.69
2004     27        49536.14
2004     28        51294.15
2004     29        54426.21
2004     30        55536.54
2004     31        57612.87
2004     32        60574.20
2004     33        62569.59
2004     34        65470.69
2004     35        68704.94
2004     36        69278.38
2004     37        69511.41
2004     38        69411.71
2004     39        70877.04
2004     40        70681.72
2004     41        70369.31
2004     42        68171.47
2004     43        65989.34
2004     44        64094.68
2004     45        62028.13
2004     46        60072.18
2004     47        59476.54
2004     48        57381.66
2004     49        53900.45
2004     50        52022.88
2004     51        51072.25
2004     52        49606.28
2004     53        49311.63
2004     54        49928.61
2004     55        52439.97
2005     12        48178.18
2005     13        48336.73
2005     14        48250.62
2005     15        47569.00
2005     16        47525.36
2005     17        47386.12
2005     18        47331.00
2005     19        48084.07
2005     20        49753.93
2005     21        50804.93
2005     22        52531.22
2005     23        53898.56
2005     24        53457.04
2005     25        50667.87
2005     26        49966.44
2005     27        49829.37
2005     28        50383.33
2005     29        52102.20
2005     30        55117.64
2005     31        56105.95
2005     32        58126.13
2005     33        61023.13
2005     34        62953.76
2005     35        65842.16
2005     36        69009.87
2005     37        69529.39
2005     38        69758.17
2005     39        69631.58
2005     40        71138.09
2005     41        70860.87
2005     42        70570.69
2005     43        68352.72
2005     44        66152.60
2005     45        64200.15
2005     46        62134.13
2005     47        60163.91
2005     48        59553.85
2005     49        57415.52
2005     50        53958.38
2005     51        52066.32
2005     52        51094.18
2005     53        49596.65
2005     54        49279.48
2005     55        49867.59
2006     12        47318.11
2006     13        48384.19
2006     14        48544.03
2006     15        48482.66
2006     16        47834.72
2006     17        47874.40
2006     18        47921.44
2006     19        48173.38
2006     20        49118.63
2006     21        50719.08
2006     22        51682.52
2006     23        53379.26
2006     24        54794.73
2006     25        54293.86
2006     26        51417.38
2006     27        50634.27
2006     28        50425.20
2006     29        50932.74
2006     30        52592.22
2006     31        55577.36
2006     32        56483.24
2006     33        58462.12
2006     34        61273.74
2006     35        63254.41
2006     36        66041.97
2006     37        69197.27
2006     38        69732.84
2006     39        69951.97
2006     40        69797.27
2006     41        71254.37
2006     42        70970.09
2006     43        70688.83
2006     44        68430.92
2006     45        66220.15
2006     46        64242.36
2006     47        62181.50
2006     48        60196.79
2006     49        59563.53
2006     50        57427.65
2006     51        53966.68
2006     52        52046.49
2006     53        51074.71
2006     54        49558.36
2006     55        49198.71
2007     12        45905.45
2007     13        47480.91
2007     14        48526.33
2007     15        48709.92
2007     16        48709.69
2007     17        48095.24
2007     18        48337.81
2007     19        48760.14
2007     20        49180.24
2007     21        50041.28
2007     22        51594.41
2007     23        52486.61
2007     24        54175.56
2007     25        55519.20
2007     26        54978.15
2007     27        51984.28
2007     28        51099.71
2007     29        50852.64
2007     30        51340.00
2007     31        52934.28
2007     32        55859.13
2007     33        56728.31
2007     34        58649.83
2007     35        61488.22
2007     36        63363.39
2007     37        66085.50
2007     38        69267.80
2007     39        69838.18
2007     40        69956.26
2007     41        69805.54
2007     42        71248.40
2007     43        70983.04
2007     44        70689.65
2007     45        68429.89
2007     46        66232.65
2007     47        64227.16
2007     48        62154.28
2007     49        60119.90
2007     50        59506.05
2007     51        57343.57
2007     52        53864.42
2007     53        51943.07
2007     54        50961.74
2007     55        49399.59
2008     12        45222.72
2008     13        46058.50
2008     14        47590.25
2008     15        48619.29
2008     16        48886.81
2008     17        48964.74
2008     18        48558.84
2008     19        49257.03
2008     20        49946.63
2008     21        50178.72
2008     22        51029.45
2008     23        52488.24
2008     24        53388.77
2008     25        54968.21
2008     26        56223.70
2008     27        55567.37
2008     28        52443.37
2008     29        51524.83
2008     30        51266.39
2008     31        51615.42
2008     32        53213.14
2008     33        56104.95
2008     34        56881.43
2008     35        58808.53
2008     36        61604.13
2008     37        63390.55
2008     38        66146.36
2008     39        69309.90
2008     40        69866.58
2008     41        69949.84
2008     42        69767.76
2008     43        71261.36
2008     44        70998.11
2008     45        70717.31
2008     46        68435.23
2008     47        66208.13
2008     48        64199.85
2008     49        62074.52
2008     50        60080.19
2008     51        59425.11
2008     52        57249.62
2008     53        53766.61
2008     54        51808.50
2008     55        50815.00
2009     12        45034.04
2009     13        45359.55
2009     14        46169.64
2009     15        47647.67
2009     16        48751.11
2009     17        49085.14
2009     18        49404.82
2009     19        49487.62
2009     20        50363.78
2009     21        50884.22
2009     22        51036.83
2009     23        51817.49
2009     24        53257.95
2009     25        54077.16
2009     26        55510.82
2009     27        56653.28
2009     28        55908.92
2009     29        52720.25
2009     30        51794.10
2009     31        51460.48
2009     32        51796.40
2009     33        53364.43
2009     34        56222.67
2009     35        56972.95
2009     36        58855.95
2009     37        61602.88
2009     38        63429.60
2009     39        66166.24
2009     40        69337.36
2009     41        69865.53
2009     42        69930.32
2009     43        69790.06
2009     44        71261.41
2009     45        71010.07
2009     46        70693.14
2009     47        68411.92
2009     48        66159.33
2009     49        64144.03
2009     50        62018.80
2009     51        60006.68
2009     52        59363.01
2009     53        57152.27
2009     54        53637.91
2009     55        51697.07
2010     12        42639.56
2010     13        45163.24
2010     14        45460.07
2010     15        46212.05
2010     16        47802.50
2010     17        48913.51
2010     18        49410.90
2010     19        50324.98
2010     20        50437.04
2010     21        51247.92
2010     22        51723.69
2010     23        51742.21
2010     24        52489.58
2010     25        53885.65
2010     26        54539.91
2010     27        55919.12
2010     28        56985.21
2010     29        56154.11
2010     30        52958.07
2010     31        52028.75
2010     32        51607.66
2010     33        51933.82
2010     34        53511.55
2010     35        56301.42
2010     36        56975.25
2010     37        58876.43
2010     38        61640.03
2010     39        63476.80
2010     40        66163.00
2010     41        69349.42
2010     42        69866.47
2010     43        69950.19
2010     44        69758.25
2010     45        71246.97
2010     46        70979.54
2010     47        70655.44
2010     48        68334.19
2010     49        66125.63
2010     50        64034.50
2010     51        61907.86
2010     52        59933.49
2010     53        59230.00
2010     54        57017.05
2010     55        53510.36
2011     12        41402.73
2011     13        42782.98
2011     14        45312.08
2011     15        45496.87
2011     16        46359.10
2011     17        47952.69
2011     18        49176.12
2011     19        50285.02
2011     20        51158.13
2011     21        51340.48
2011     22        52085.02
2011     23        52480.12
2011     24        52521.34
2011     25        53191.82
2011     26        54438.43
2011     27        55014.63
2011     28        56331.57
2011     29        57326.55
2011     30        56504.29
2011     31        53304.57
2011     32        52286.05
2011     33        51854.65
2011     34        52167.32
2011     35        53668.15
2011     36        56424.38
2011     37        57114.20
2011     38        59035.46
2011     39        61749.87
2011     40        63548.61
2011     41        66255.68
2011     42        69403.03
2011     43        69939.91
2011     44        70012.68
2011     45        69816.13
2011     46        71267.10
2011     47        70971.29
2011     48        70640.92
2011     49        68342.82
2011     50        66063.31
2011     51        63966.76
2011     52        61826.78
2011     53        59808.52
2011     54        59131.73
2011     55        56879.20
2012     12        40880.58
2012     13        41583.06
2012     14        42948.66
2012     15        45394.33
2012     16        45658.20
2012     17        46525.99
2012     18        48344.90
2012     19        50219.31
2012     20        51311.19
2012     21        52354.26
2012     22        52374.05
2012     23        53254.81
2012     24        53549.32
2012     25        53470.78
2012     26        53947.02
2012     27        55045.31
2012     28        55533.40
2012     29        56798.60
2012     30        57818.37
2012     31        56937.86
2012     32        53681.26
2012     33        52627.28
2012     34        52199.70
2012     35        52477.55
2012     36        53909.15
2012     37        56666.92
2012     38        57341.24
2012     39        59233.83
2012     40        61905.05
2012     41        63738.91
2012     42        66401.73
2012     43        69521.26
2012     44        70066.48
2012     45        70105.87
2012     46        69886.97
2012     47        71298.63
2012     48        70972.55
2012     49        70631.22
2012     50        68305.92
2012     51        66035.58
2012     52        63913.87
2012     53        61736.38
2012     54        59722.95
2012     55        58980.58
2013     12        40151.21
2013     13        41117.87
2013     14        41754.98
2013     15        43113.06
2013     16        45563.27
2013     17        45862.77
2013     18        47048.30
2013     19        49645.68
2013     20        51576.40
2013     21        52717.30
2013     22        53599.46
2013     23        53777.97
2013     24        54524.93
2013     25        54693.56
2013     26        54458.01
2013     27        54801.09
2013     28        55760.46
2013     29        56179.54
2013     30        57467.89
2013     31        58351.04
2013     32        57457.37
2013     33        54192.94
2013     34        53108.71
2013     35        52616.79
2013     36        52822.26
2013     37        54261.44
2013     38        56996.50
2013     39        57669.95
2013     40        59496.69
2013     41        62178.50
2013     42        63971.48
2013     43        66585.56
2013     44        69699.58
2013     45        70228.79
2013     46        70203.73
2013     47        69984.53
2013     48        71344.17
2013     49        71006.78
2013     50        70643.03
2013     51        68329.13
2013     52        66036.12
2013     53        63874.80
2013     54        61701.00
2013     55        59614.80
2014     12        40120.63
2014     13        40442.38
2014     14        41354.62
2014     15        42010.94
2014     16        43312.55
2014     17        45862.86
2014     18        46502.47
2014     19        48548.76
2014     20        51056.65
2014     21        52916.55
2014     22        53986.97
2014     23        55037.17
2014     24        55163.72
2014     25        55771.84
2014     26        55888.29
2014     27        55443.21
2014     28        55732.33
2014     29        56610.05
2014     30        57038.77
2014     31        58158.30
2014     32        59050.62
2014     33        58143.63
2014     34        54743.34
2014     35        53624.95
2014     36        53131.12
2014     37        53286.46
2014     38        54748.75
2014     39        57451.43
2014     40        58072.16
2014     41        59848.88
2014     42        62519.09
2014     43        64236.51
2014     44        66842.77
2014     45        69933.66
2014     46        70396.93
2014     47        70428.45
2014     48        70123.74
2014     49        71450.26
2014     50        71090.55
2014     51        70735.39
2014     52        68358.68
2014     53        65999.97
2014     54        63875.94
2014     55        61653.90
2015     12        40820.94
2015     13        40516.61
2015     14        40852.16
2015     15        41761.07
2015     16        42326.83
2015     17        43743.16
2015     18        46819.70
2015     19        48303.83
2015     20        50233.05
2015     21        52563.48
2015     22        54439.16
2015     23        55679.60
2015     24        56685.90
2015     25        56693.07
2015     26        57235.30
2015     27        57079.85
2015     28        56605.65
2015     29        56794.89
2015     30        57727.65
2015     31        57919.89
2015     32        59025.20
2015     33        59843.11
2015     34        58819.40
2015     35        55435.83
2015     36        54293.97
2015     37        53749.41
2015     38        53882.12
2015     39        55286.92
2015     40        57981.82
2015     41        58525.51
2015     42        60247.99
2015     43        62850.68
2015     44        64563.53
2015     45        67164.60
2015     46        70207.01
2015     47        70686.89
2015     48        70630.85
2015     49        70291.92
2015     50        71600.97
2015     51        71226.97
2015     52        70801.22
2015     53        68415.48
2015     54        65991.10
2015     55        63870.91
2016     12        40764.95
2016     13        41250.99
2016     14        40979.45
2016     15        41321.06
2016     16        42118.26
2016     17        42798.10
2016     18        44727.88
2016     19        48650.19
2016     20        50019.00
2016     21        51724.60
2016     22        54001.90
2016     23        56037.03
2016     24        57156.93
2016     25        58067.70
2016     26        57988.52
2016     27        58398.26
2016     28        58135.17
2016     29        57608.35
2016     30        57785.03
2016     31        58570.95
2016     32        58643.83
2016     33        59759.26
2016     34        60523.31
2016     35        59484.44
2016     36        56030.94
2016     37        54871.60
2016     38        54284.47
2016     39        54359.31
2016     40        55779.28
2016     41        58453.34
2016     42        58875.30
2016     43        60579.75
2016     44        63175.58
2016     45        64886.21
2016     46        67443.96
2016     47        70461.18
2016     48        70914.74
2016     49        70816.40
2016     50        70449.11
2016     51        71728.20
2016     52        71273.86
2016     53        70882.40
2016     54        68384.52
2016     55        65989.28
2017     12        41450.82
2017     13        41095.34
2017     14        41572.84
2017     15        41327.67
2017     16        41558.77
2017     17        42502.23
2017     18        43540.71
2017     19        46214.87
2017     20        50052.69
2017     21        51185.33
2017     22        52758.41
2017     23        55178.71
2017     24        57102.81
2017     25        58109.58
2017     26        58913.37
2017     27        58778.25
2017     28        59095.98
2017     29        58839.81
2017     30        58200.74
2017     31        58381.26
2017     32        59060.02
2017     33        59193.77
2017     34        60242.36
2017     35        61011.69
2017     36        59916.44
2017     37        56427.19
2017     38        55266.65
2017     39        54664.34
2017     40        54743.33
2017     41        56147.28
2017     42        58752.48
2017     43        59162.67
2017     44        60847.67
2017     45        63439.07
2017     46        65101.28
2017     47        67660.79
2017     48        70632.45
2017     49        71049.24
2017     50        70941.32
2017     51        70530.09
2017     52        71766.91
2017     53        71283.96
2017     54        70833.75
2017     55        68345.65
2018     12        41373.17
2018     13        41707.41
2018     14        41327.06
2018     15        41812.19
2018     16        41429.60
2018     17        41850.60
2018     18        43130.94
2018     19        44920.52
2018     20        47467.12
2018     21        51102.40
2018     22        52067.39
2018     23        53743.35
2018     24        56048.02
2018     25        57842.19
2018     26        58797.92
2018     27        59435.99
2018     28        59310.93
2018     29        59567.13
2018     30        59267.45
2018     31        58630.81
2018     32        58786.40
2018     33        59486.00
2018     34        59523.65
2018     35        60599.36
2018     36        61308.61
2018     37        60268.09
2018     38        56717.00
2018     39        55571.53
2018     40        54972.82
2018     41        55009.56
2018     42        56387.51
2018     43        59013.39
2018     44        59403.46
2018     45        61105.97
2018     46        63656.00
2018     47        65288.56
2018     48        67783.55
2018     49        70777.12
2018     50        71194.72
2018     51        71001.84
2018     52        70577.06
2018     53        71744.84
2018     54        71230.31
2018     55        70762.43
2019     12        41123.78
2019     13        41567.96
2019     14        41906.39
2019     15        41542.37
2019     16        41912.96
2019     17        41684.10
2019     18        42481.56
2019     19        44483.68
2019     20        46154.96
2019     21        48492.32
2019     22        52023.49
2019     23        53064.13
2019     24        54539.49
2019     25        56751.35
2019     26        58497.97
2019     27        59302.78
2019     28        59909.07
2019     29        59726.93
2019     30        60000.22
2019     31        59664.19
2019     32        59018.60
2019     33        59145.73
2019     34        59777.81
2019     35        59820.82
2019     36        60858.38
2019     37        61623.79
2019     38        60532.37
2019     39        56972.76
2019     40        55891.29
2019     41        55250.41
2019     42        55245.50
2019     43        56645.27
2019     44        59263.30
2019     45        59636.40
2019     46        61326.18
2019     47        63833.01
2019     48        65435.10
2019     49        67933.83
2019     50        70906.46
2019     51        71285.15
2019     52        71035.64
2019     53        70544.37
2019     54        71705.95
2019     55        71157.38
