France, Female population exposure by calendar year and age (Lexis squares, age in completed years (ACY))
Last modified: 17/10/2023
Year    Age        Exposure
1946     12       301652.10
1946     13       310576.68
1946     14       321724.65
1946     15       328574.68
1946     16       321302.93
1946     17       318261.34
1946     18       321457.27
1946     19       322740.34
1946     20       324851.95
1946     21       324808.38
1946     22       321505.31
1946     23       324893.00
1946     24       335924.96
1946     25       345011.83
1946     26       294445.37
1946     27       185464.46
1946     28       177567.90
1946     29       161320.20
1946     30       158770.53
1946     31       266480.81
1946     32       305966.81
1946     33       311418.85
1946     34       301263.88
1946     35       305165.23
1946     36       312334.07
1946     37       315511.15
1946     38       311886.68
1946     39       312374.04
1946     40       312335.95
1946     41       313578.66
1946     42       311601.12
1946     43       312730.05
1946     44       312667.12
1946     45       306401.31
1946     46       300835.20
1946     47       292884.51
1946     48       293048.41
1946     49       292694.23
1946     50       282335.37
1946     51       277487.19
1946     52       275892.76
1946     53       267841.47
1946     54       259332.24
1946     55       252661.29
1947     12       296665.04
1947     13       301418.29
1947     14       309934.37
1947     15       320002.22
1947     16       326907.65
1947     17       319366.48
1947     18       315968.52
1947     19       318973.66
1947     20       320274.01
1947     21       322633.70
1947     22       322916.06
1947     23       320099.81
1947     24       323661.55
1947     25       334558.37
1947     26       344326.77
1947     27       293690.87
1947     28       185141.84
1947     29       177528.41
1947     30       161225.42
1947     31       158404.99
1947     32       265768.49
1947     33       304979.56
1947     34       310032.93
1947     35       299857.47
1947     36       304156.69
1947     37       311053.44
1947     38       314370.17
1947     39       310822.42
1947     40       311567.08
1947     41       311191.22
1947     42       312486.50
1947     43       310462.09
1947     44       311383.14
1947     45       310839.01
1947     46       304527.68
1947     47       299069.76
1947     48       291026.12
1947     49       291199.86
1947     50       290563.02
1947     51       280228.10
1947     52       276250.57
1947     53       274486.25
1947     54       266371.87
1947     55       257642.20
1948     12       288513.20
1948     13       296811.16
1948     14       301076.28
1948     15       308487.16
1948     16       318404.83
1948     17       325101.32
1948     18       317256.65
1948     19       313599.16
1948     20       316531.15
1948     21       318013.42
1948     22       320686.19
1948     23       321433.02
1948     24       318966.39
1948     25       322376.87
1948     26       333867.13
1948     27       343600.29
1948     28       293149.78
1948     29       185106.94
1948     30       177523.92
1948     31       161004.67
1948     32       158036.69
1948     33       265075.42
1948     34       303790.32
1948     35       308618.52
1948     36       298884.15
1948     37       303039.11
1948     38       309980.57
1948     39       313294.08
1948     40       310039.11
1948     41       310565.54
1948     42       310134.43
1948     43       311390.05
1948     44       309271.00
1948     45       309630.39
1948     46       308938.69
1948     47       302746.15
1948     48       297155.93
1948     49       289190.82
1948     50       289113.48
1948     51       288282.63
1948     52       278825.46
1948     53       274938.16
1948     54       273090.35
1948     55       264753.13
1949     12       284627.58
1949     13       288729.38
1949     14       296736.99
1949     15       300780.58
1949     16       307917.25
1949     17       317693.11
1949     18       324307.04
1949     19       316335.77
1949     20       312597.93
1949     21       315464.57
1949     22       316992.70
1949     23       319733.62
1949     24       320613.33
1949     25       318217.35
1949     26       321580.84
1949     27       333217.73
1949     28       342925.90
1949     29       292580.75
1949     30       184797.79
1949     31       177260.11
1949     32       160703.31
1949     33       157672.65
1949     34       264420.75
1949     35       302955.05
1949     36       307671.27
1949     37       298018.33
1949     38       302140.44
1949     39       309033.48
1949     40       312257.98
1949     41       309033.89
1949     42       309561.88
1949     43       309016.04
1949     44       310183.38
1949     45       308009.70
1949     46       308142.62
1949     47       307349.35
1949     48       301088.48
1949     49       295388.50
1949     50       287368.30
1949     51       287186.49
1949     52       286220.62
1949     53       276908.44
1949     54       272963.34
1949     55       270960.62
1950     12       281327.93
1950     13       284613.22
1950     14       288693.27
1950     15       296543.99
1950     16       300530.01
1950     17       307518.16
1950     18       317209.50
1950     19       323763.48
1950     20       315744.23
1950     21       311977.04
1950     22       314782.32
1950     23       316327.44
1950     24       319074.54
1950     25       319998.17
1950     26       317613.52
1950     27       320957.28
1950     28       332610.85
1950     29       342307.13
1950     30       292028.16
1950     31       184472.83
1950     32       176935.14
1950     33       160362.73
1950     34       157319.07
1950     35       263796.57
1950     36       302149.67
1950     37       306822.78
1950     38       297182.80
1950     39       301293.32
1950     40       308090.26
1950     41       311217.46
1950     42       308035.94
1950     43       308467.23
1950     44       307832.22
1950     45       308965.21
1950     46       306635.34
1950     47       306653.40
1950     48       305739.63
1950     49       299355.41
1950     50       293614.24
1950     51       285527.75
1950     52       285165.79
1950     53       284085.78
1950     54       274701.36
1950     55       270667.27
1951     12       278240.05
1951     13       281541.61
1951     14       284743.89
1951     15       288696.02
1951     16       296541.31
1951     17       300306.71
1951     18       307179.81
1951     19       316641.47
1951     20       323187.17
1951     21       315135.65
1951     22       311244.68
1951     23       314016.93
1951     24       315543.85
1951     25       318346.58
1951     26       319298.39
1951     27       316984.17
1951     28       320317.12
1951     29       331951.79
1951     30       341721.47
1951     31       291477.34
1951     32       184120.36
1951     33       176642.52
1951     34       160093.47
1951     35       156968.80
1951     36       263145.77
1951     37       301410.64
1951     38       305923.53
1951     39       296293.82
1951     40       300429.17
1951     41       307083.89
1951     42       310171.59
1951     43       306995.69
1951     44       307381.68
1951     45       306599.78
1951     46       307623.89
1951     47       305183.99
1951     48       305072.26
1951     49       303970.69
1951     50       297508.42
1951     51       291697.72
1951     52       283543.69
1951     53       283015.28
1951     54       281727.85
1951     55       272293.74
1952     12       272627.61
1952     13       278590.05
1952     14       281831.08
1952     15       284885.91
1952     16       288796.77
1952     17       296450.91
1952     18       300051.28
1952     19       306698.36
1952     20       316058.29
1952     21       322549.71
1952     22       314411.96
1952     23       310434.20
1952     24       313188.23
1952     25       314740.55
1952     26       317598.10
1952     27       318624.81
1952     28       316383.82
1952     29       319689.87
1952     30       331404.85
1952     31       341155.38
1952     32       290942.77
1952     33       183834.98
1952     34       176395.85
1952     35       159794.72
1952     36       156630.74
1952     37       262553.63
1952     38       300598.50
1952     39       305001.78
1952     40       295416.57
1952     41       299484.54
1952     42       306067.02
1952     43       309139.91
1952     44       305902.73
1952     45       306186.73
1952     46       305304.06
1952     47       306195.65
1952     48       303685.36
1952     49       303400.32
1952     50       302064.86
1952     51       295566.90
1952     52       289669.99
1952     53       281393.22
1952     54       280698.05
1952     55       279257.81
1953     12       233512.51
1953     13       272743.75
1953     14       278700.90
1953     15       281908.94
1953     16       284865.44
1953     17       288749.52
1953     18       296291.50
1953     19       299826.29
1953     20       306331.00
1953     21       315628.31
1953     22       322090.58
1953     23       313890.65
1953     24       309896.29
1953     25       312628.70
1953     26       314161.21
1953     27       317047.56
1953     28       318119.86
1953     29       315907.47
1953     30       319159.29
1953     31       330912.99
1953     32       340589.49
1953     33       290457.68
1953     34       183529.97
1953     35       176082.88
1953     36       159473.29
1953     37       156296.94
1953     38       261945.84
1953     39       299814.06
1953     40       304139.89
1953     41       294569.91
1953     42       298538.18
1953     43       305060.36
1953     44       308011.13
1953     45       304761.23
1953     46       304925.23
1953     47       303940.80
1953     48       304751.01
1953     49       302121.16
1953     50       301599.66
1953     51       300161.10
1953     52       293550.37
1953     53       287540.89
1953     54       279176.33
1953     55       278352.77
1954     12       254644.77
1954     13       233527.14
1954     14       272754.21
1954     15       278673.75
1954     16       281824.38
1954     17       284775.05
1954     18       288679.87
1954     19       296145.15
1954     20       299768.13
1954     21       306219.88
1954     22       315551.93
1954     23       321924.28
1954     24       313798.19
1954     25       309827.59
1954     26       312534.92
1954     27       314070.69
1954     28       316887.02
1954     29       317989.07
1954     30       315714.09
1954     31       318926.59
1954     32       330658.86
1954     33       340218.12
1954     34       290143.60
1954     35       183342.80
1954     36       175831.20
1954     37       159252.57
1954     38       156083.44
1954     39       261534.20
1954     40       299252.54
1954     41       303473.99
1954     42       293919.95
1954     43       297729.63
1954     44       304146.29
1954     45       307006.05
1954     46       303663.52
1954     47       303661.75
1954     48       302543.13
1954     49       303284.27
1954     50       300467.85
1954     51       299840.18
1954     52       298305.00
1954     53       291600.38
1954     54       285467.38
1954     55       277015.77
1955     12       273062.01
1955     13       255083.72
1955     14       233641.93
1955     15       272823.11
1955     16       278654.84
1955     17       281733.92
1955     18       284796.78
1955     19       288772.51
1955     20       296210.59
1955     21       300229.20
1955     22       306653.42
1955     23       316087.65
1955     24       322394.33
1955     25       314457.33
1955     26       310637.09
1955     27       313383.16
1955     28       314790.53
1955     29       317460.05
1955     30       318597.68
1955     31       316300.30
1955     32       319344.89
1955     33       330979.54
1955     34       340245.62
1955     35       290352.31
1955     36       183494.74
1955     37       175928.33
1955     38       159370.90
1955     39       156243.62
1955     40       261664.24
1955     41       299161.60
1955     42       303328.56
1955     43       293739.20
1955     44       297256.79
1955     45       303634.59
1955     46       306267.01
1955     47       302723.04
1955     48       302416.75
1955     49       301297.48
1955     50       301906.20
1955     51       298992.14
1955     52       298257.85
1955     53       296741.46
1955     54       289903.10
1955     55       283499.47
1956     12       286904.98
1956     13       274048.77
1956     14       255759.68
1956     15       233872.59
1956     16       273003.68
1956     17       278679.65
1956     18       281711.23
1956     19       284989.54
1956     20       288975.49
1956     21       296643.35
1956     22       301131.16
1956     23       307595.41
1956     24       317142.89
1956     25       323425.52
1956     26       315813.77
1956     27       312253.71
1956     28       314981.60
1956     29       316180.62
1956     30       318692.95
1956     31       319934.23
1956     32       317491.63
1956     33       320311.22
1956     34       331708.62
1956     35       340709.89
1956     36       290981.58
1956     37       183973.86
1956     38       176325.28
1956     39       159811.37
1956     40       156727.98
1956     41       262260.78
1956     42       299497.71
1956     43       303664.96
1956     44       293903.08
1956     45       297136.08
1956     46       303379.39
1956     47       305682.09
1956     48       301826.22
1956     49       301253.34
1956     50       300099.87
1956     51       300639.91
1956     52       297589.36
1956     53       296782.27
1956     54       295324.29
1956     55       288276.88
1957     12       289460.61
1957     13       288448.58
1957     14       275277.82
1957     15       256575.96
1957     16       234167.48
1957     17       273228.47
1957     18       278715.17
1957     19       281707.43
1957     20       285259.27
1957     21       289261.70
1957     22       297269.12
1957     23       302253.65
1957     24       308841.88
1957     25       318482.08
1957     26       324740.94
1957     27       317604.67
1957     28       314307.99
1957     29       317031.24
1957     30       317977.59
1957     31       320289.90
1957     32       321638.38
1957     33       319041.85
1957     34       321612.27
1957     35       332680.17
1957     36       341378.42
1957     37       291902.11
1957     38       184639.67
1957     39       176895.39
1957     40       160419.32
1957     41       157429.00
1957     42       263107.69
1957     43       300087.81
1957     44       304236.01
1957     45       294218.06
1957     46       297171.04
1957     47       303217.25
1957     48       305207.91
1957     49       301027.17
1957     50       300057.45
1957     51       298970.00
1957     52       299410.14
1957     53       296165.14
1957     54       295308.84
1957     55       294024.13
1958     12       344129.63
1958     13       290799.47
1958     14       289696.01
1958     15       276330.65
1958     16       257136.61
1958     17       234387.12
1958     18       273388.28
1958     19       278694.08
1958     20       281716.96
1958     21       285522.39
1958     22       289443.40
1958     23       297916.04
1958     24       303165.36
1958     25       309949.61
1958     26       319533.52
1958     27       325955.17
1958     28       319177.85
1958     29       316049.48
1958     30       318768.33
1958     31       319428.09
1958     32       321642.56
1958     33       323112.28
1958     34       320285.86
1958     35       322676.21
1958     36       333371.83
1958     37       341965.48
1958     38       292649.12
1958     39       185155.02
1958     40       177353.09
1958     41       160936.92
1958     42       157995.82
1958     43       263740.35
1958     44       300441.93
1958     45       304594.65
1958     46       294322.74
1958     47       297039.93
1958     48       302879.25
1958     49       304616.99
1958     50       300008.22
1958     51       298891.25
1958     52       297780.24
1958     53       298109.12
1958     54       294612.26
1958     55       293877.91
1959     12       401958.83
1959     13       344846.46
1959     14       291707.06
1959     15       290627.84
1959     16       277065.56
1959     17       257574.25
1959     18       234517.80
1959     19       273483.49
1959     20       278644.39
1959     21       281657.46
1959     22       285633.57
1959     23       289519.35
1959     24       298245.57
1959     25       303804.88
1959     26       310672.68
1959     27       320271.62
1959     28       326736.40
1959     29       320231.47
1959     30       317253.07
1959     31       319962.37
1959     32       320427.07
1959     33       322545.81
1959     34       324096.47
1959     35       321123.41
1959     36       323313.78
1959     37       333780.36
1959     38       342236.75
1959     39       293031.35
1959     40       185438.75
1959     41       177574.78
1959     42       161205.15
1959     43       158294.45
1959     44       263965.87
1959     45       300500.57
1959     46       304599.75
1959     47       294079.93
1959     48       296632.77
1959     49       302302.03
1959     50       303789.86
1959     51       298890.16
1959     52       297552.21
1959     53       296452.57
1959     54       296609.10
1959     55       292970.68
1960     12       409085.00
1960     13       402840.57
1960     14       345534.36
1960     15       292591.53
1960     16       291538.35
1960     17       277779.16
1960     18       258009.71
1960     19       234637.29
1960     20       273550.01
1960     21       278581.92
1960     22       281572.26
1960     23       285711.75
1960     24       289577.02
1960     25       298560.43
1960     26       304427.18
1960     27       311353.35
1960     28       320991.50
1960     29       327482.13
1960     30       321247.33
1960     31       318404.36
1960     32       321121.59
1960     33       321405.62
1960     34       323421.71
1960     35       325031.72
1960     36       321896.37
1960     37       323893.38
1960     38       334155.78
1960     39       342420.83
1960     40       293334.38
1960     41       185671.55
1960     42       177755.97
1960     43       161436.95
1960     44       158539.72
1960     45       264183.40
1960     46       300426.49
1960     47       304459.01
1960     48       293800.86
1960     49       296123.29
1960     50       301607.01
1960     51       302848.88
1960     52       297645.57
1960     53       296114.98
1960     54       294965.59
1960     55       295021.14
1961     12       414099.43
1961     13       410428.37
1961     14       403875.92
1961     15       346333.43
1961     16       293583.35
1961     17       292601.11
1961     18       278607.36
1961     19       258528.44
1961     20       234786.00
1961     21       273657.25
1961     22       278546.67
1961     23       281508.99
1961     24       285821.05
1961     25       289707.68
1961     26       298916.78
1961     27       305172.54
1961     28       312149.57
1961     29       321876.53
1961     30       328341.97
1961     31       322428.07
1961     32       319751.59
1961     33       322492.52
1961     34       322582.68
1961     35       324438.41
1961     36       326134.16
1961     37       322822.83
1961     38       324609.86
1961     39       334672.02
1961     40       342695.30
1961     41       293781.17
1961     42       185986.58
1961     43       178018.65
1961     44       161740.55
1961     45       158848.18
1961     46       264505.48
1961     47       300448.77
1961     48       304404.45
1961     49       293555.08
1961     50       295645.67
1961     51       300955.22
1961     52       301925.52
1961     53       296419.13
1961     54       294655.58
1961     55       293475.72
1962     12       416521.01
1962     13       417958.83
1962     14       414388.87
1962     15       407765.17
1962     16       350208.11
1962     17       297169.13
1962     18       296659.87
1962     19       282837.51
1962     20       262322.02
1962     21       238117.09
1962     22       277558.98
1962     23       281881.82
1962     24       284932.09
1962     25       289332.01
1962     26       293211.26
1962     27       302953.52
1962     28       309003.96
1962     29       316227.46
1962     30       325748.82
1962     31       332266.59
1962     32       326663.95
1962     33       323729.21
1962     34       326293.24
1962     35       326100.46
1962     36       328051.45
1962     37       329665.78
1962     38       325986.96
1962     39       327698.05
1962     40       337494.29
1962     41       345392.55
1962     42       296702.54
1962     43       187797.48
1962     44       180059.94
1962     45       163585.95
1962     46       160719.91
1962     47       266764.85
1962     48       302542.66
1962     49       306320.92
1962     50       295243.06
1962     51       297103.46
1962     52       302384.79
1962     53       302951.20
1962     54       297281.14
1962     55       295187.11
1963     12       410236.60
1963     13       420420.50
1963     14       421925.13
1963     15       418744.60
1963     16       411677.31
1963     17       352925.28
1963     18       300786.82
1963     19       300370.89
1963     20       286618.86
1963     21       266446.36
1963     22       242552.61
1963     23       282637.89
1963     24       286022.70
1963     25       289265.67
1963     26       293932.00
1963     27       297956.95
1963     28       307464.94
1963     29       313369.09
1963     30       320475.55
1963     31       329620.18
1963     32       336081.42
1963     33       330580.28
1963     34       327335.91
1963     35       329799.42
1963     36       329680.18
1963     37       331311.15
1963     38       332651.85
1963     39       328574.89
1963     40       330287.88
1963     41       339885.47
1963     42       347728.98
1963     43       299011.03
1963     44       189719.99
1963     45       181587.59
1963     46       165167.44
1963     47       162129.29
1963     48       268684.77
1963     49       303552.59
1963     50       307657.95
1963     51       296359.15
1963     52       298153.50
1963     53       303143.00
1963     54       303543.12
1963     55       297563.50
1964     12       405524.22
1964     13       411990.54
1964     14       421942.71
1964     15       423553.51
1964     16       420136.98
1964     17       412024.46
1964     18       352967.94
1964     19       300863.61
1964     20       300450.73
1964     21       287347.02
1964     22       268083.02
1964     23       244913.12
1964     24       284913.49
1964     25       287807.82
1964     26       291382.57
1964     27       296250.84
1964     28       300165.42
1964     29       309429.99
1964     30       315067.22
1964     31       321911.53
1964     32       330552.96
1964     33       337209.37
1964     34       331921.26
1964     35       328461.02
1964     36       330887.53
1964     37       330641.27
1964     38       331984.72
1964     39       332903.85
1964     40       328668.10
1964     41       330341.69
1964     42       339669.82
1964     43       347706.16
1964     44       299195.42
1964     45       189591.52
1964     46       181355.54
1964     47       165061.81
1964     48       161995.18
1964     49       267800.45
1964     50       302315.81
1964     51       306639.81
1964     52       295183.50
1964     53       296824.63
1964     54       301579.63
1964     55       301770.39
1965     12       404480.17
1965     13       406631.77
1965     14       413098.67
1965     15       422859.10
1965     16       424601.43
1965     17       420947.51
1965     18       412086.04
1965     19       352940.93
1965     20       300822.87
1965     21       300478.30
1965     22       287830.35
1965     23       269149.71
1965     24       246517.79
1965     25       286277.65
1965     26       288975.10
1965     27       292741.50
1965     28       297723.05
1965     29       301560.06
1965     30       310601.65
1965     31       316099.30
1965     32       322726.47
1965     33       331008.91
1965     34       337879.84
1965     35       332643.73
1965     36       329028.23
1965     37       331418.87
1965     38       331049.22
1965     39       332158.73
1965     40       332851.83
1965     41       328477.19
1965     42       330110.03
1965     43       339236.62
1965     44       347420.42
1965     45       298940.98
1965     46       189249.05
1965     47       181005.83
1965     48       164761.39
1965     49       161665.88
1965     50       266692.63
1965     51       300995.54
1965     52       305447.66
1965     53       293835.11
1965     54       295327.35
1965     55       299863.64
1966     12       402414.87
1966     13       405116.37
1966     14       407365.86
1966     15       413863.19
1966     16       423501.40
1966     17       425255.85
1966     18       421527.42
1966     19       412161.19
1966     20       352810.71
1966     21       300774.31
1966     22       300393.00
1966     23       288014.15
1966     24       269811.90
1966     25       247535.09
1966     26       287340.57
1966     27       289695.44
1966     28       293628.35
1966     29       298708.50
1966     30       302503.02
1966     31       311392.13
1966     32       316761.60
1966     33       323254.64
1966     34       331253.06
1966     35       338181.25
1966     36       333057.74
1966     37       329270.91
1966     38       331591.62
1966     39       331160.46
1966     40       332160.29
1966     41       332592.15
1966     42       328112.62
1966     43       329692.90
1966     44       338675.33
1966     45       346794.95
1966     46       298490.07
1966     47       188805.09
1966     48       180522.03
1966     49       164323.88
1966     50       161216.04
1966     51       265611.28
1966     52       299529.56
1966     53       304087.60
1966     54       292354.24
1966     55       293718.77
1967     12       404854.97
1967     13       402981.49
1967     14       405652.82
1967     15       407985.18
1967     16       414477.99
1967     17       423997.10
1967     18       425798.79
1967     19       421923.77
1967     20       412113.40
1967     21       352679.51
1967     22       300669.70
1967     23       300281.56
1967     24       288219.61
1967     25       270415.49
1967     26       248467.93
1967     27       288127.33
1967     28       290307.42
1967     29       294393.14
1967     30       299533.80
1967     31       303275.15
1967     32       312015.92
1967     33       317266.01
1967     34       323619.75
1967     35       331401.15
1967     36       338385.35
1967     37       333311.37
1967     38       329381.56
1967     39       331656.69
1967     40       331179.56
1967     41       331979.37
1967     42       332241.85
1967     43       327657.15
1967     44       329202.21
1967     45       338022.99
1967     46       346074.93
1967     47       297896.38
1967     48       188298.54
1967     49       179999.41
1967     50       163827.19
1967     51       160696.36
1967     52       264348.04
1967     53       297995.86
1967     54       302602.86
1967     55       290789.32
1968     12       403785.11
1968     13       405717.52
1968     14       403481.84
1968     15       406017.41
1968     16       408342.71
1968     17       414663.42
1968     18       424416.37
1968     19       426222.79
1968     20       422313.27
1968     21       412352.73
1968     22       353327.11
1968     23       301135.56
1968     24       300867.34
1968     25       288957.02
1968     26       271053.62
1968     27       249052.95
1968     28       288544.39
1968     29       290834.59
1968     30       295023.18
1968     31       300048.93
1968     32       303794.29
1968     33       312489.54
1968     34       317555.73
1968     35       323893.27
1968     36       331479.99
1968     37       338774.59
1968     38       333206.91
1968     39       329332.91
1968     40       331627.98
1968     41       330901.50
1968     42       331636.07
1968     43       331807.58
1968     44       327158.00
1968     45       328536.51
1968     46       337348.71
1968     47       345352.04
1968     48       297061.36
1968     49       187509.69
1968     50       179340.33
1968     51       163200.74
1968     52       159940.78
1968     53       262977.64
1968     54       296684.40
1968     55       301056.31
1969     12       406707.42
1969     13       404992.60
1969     14       406586.33
1969     15       403966.00
1969     16       406486.76
1969     17       408859.45
1969     18       415424.20
1969     19       425167.22
1969     20       426904.91
1969     21       423136.43
1969     22       413669.71
1969     23       354719.22
1969     24       302361.29
1969     25       302146.70
1969     26       289918.89
1969     27       271695.17
1969     28       249577.41
1969     29       289071.28
1969     30       291506.60
1969     31       295639.06
1969     32       300624.10
1969     33       304396.06
1969     34       312961.66
1969     35       317938.06
1969     36       324247.42
1969     37       331958.37
1969     38       338957.79
1969     39       333103.70
1969     40       329295.26
1969     41       331430.76
1969     42       330551.88
1969     43       331312.94
1969     44       331433.60
1969     45       326544.83
1969     46       327975.34
1969     47       336707.18
1969     48       344440.88
1969     49       295881.69
1969     50       186659.71
1969     51       178577.37
1969     52       162387.39
1969     53       159090.21
1969     54       261820.77
1969     55       295302.42
1970     12       407650.39
1970     13       407915.80
1970     14       406198.43
1970     15       407528.26
1970     16       404892.11
1970     17       407848.48
1970     18       410558.24
1970     19       416820.19
1970     20       426236.20
1970     21       428083.51
1970     22       424657.10
1970     23       415379.48
1970     24       356303.73
1970     25       303951.15
1970     26       303775.09
1970     27       291190.54
1970     28       272627.06
1970     29       250249.23
1970     30       289810.12
1970     31       292404.88
1970     32       296446.78
1970     33       301326.89
1970     34       305077.56
1970     35       313570.09
1970     36       318380.05
1970     37       324746.68
1970     38       332493.90
1970     39       339236.42
1970     40       332993.38
1970     41       329225.92
1970     42       331254.65
1970     43       330274.23
1970     44       331011.18
1970     45       331041.50
1970     46       325980.84
1970     47       327335.26
1970     48       336067.43
1970     49       343475.50
1970     50       294669.58
1970     51       185764.26
1970     52       177778.87
1970     53       161518.96
1970     54       158200.88
1970     55       260491.68
1971     12       414146.26
1971     13       408981.33
1971     14       409240.58
1971     15       407516.92
1971     16       408787.88
1971     17       406560.02
1971     18       409859.42
1971     19       412267.62
1971     20       418108.63
1971     21       427620.08
1971     22       429587.98
1971     23       426219.91
1971     24       417104.09
1971     25       358163.52
1971     26       305686.93
1971     27       305421.47
1971     28       292503.90
1971     29       273652.36
1971     30       251047.89
1971     31       290686.03
1971     32       293338.79
1971     33       297277.83
1971     34       302010.97
1971     35       305785.43
1971     36       314137.37
1971     37       318869.23
1971     38       325226.74
1971     39       332995.21
1971     40       339463.47
1971     41       332825.47
1971     42       329164.64
1971     43       331084.96
1971     44       329923.56
1971     45       330670.71
1971     46       330607.65
1971     47       325350.14
1971     48       326675.32
1971     49       335310.07
1971     50       342460.42
1971     51       293401.17
1971     52       184846.36
1971     53       176926.04
1971     54       160644.98
1971     55       157229.58
1972     12       413141.15
1972     13       415360.08
1972     14       410271.28
1972     15       410525.89
1972     16       408853.00
1972     17       410563.79
1972     18       408128.16
1972     19       411427.74
1972     20       413548.43
1972     21       419275.63
1972     22       428795.21
1972     23       430721.93
1972     24       427423.41
1972     25       418503.78
1972     26       359495.86
1972     27       306858.43
1972     28       306555.63
1972     29       293402.78
1972     30       274404.69
1972     31       251562.82
1972     32       291214.19
1972     33       293936.81
1972     34       297756.50
1972     35       302386.68
1972     36       306183.38
1972     37       314403.39
1972     38       319079.40
1972     39       325382.66
1972     40       333293.66
1972     41       339447.02
1972     42       332490.37
1972     43       328906.93
1972     44       330687.73
1972     45       329378.37
1972     46       330144.61
1972     47       329990.78
1972     48       324598.68
1972     49       325817.99
1972     50       334443.38
1972     51       341310.38
1972     52       291996.39
1972     53       183818.19
1972     54       176008.79
1972     55       159663.69
1973     12       416904.05
1973     13       414239.42
1973     14       416519.26
1973     15       411521.34
1973     16       411849.03
1973     17       410799.43
1973     18       412372.79
1973     19       409781.76
1973     20       412999.75
1973     21       414909.56
1973     22       420451.43
1973     23       429846.35
1973     24       431565.82
1973     25       428248.89
1973     26       419407.96
1973     27       360301.07
1973     28       307526.31
1973     29       307205.95
1973     30       293997.75
1973     31       274802.98
1973     32       251769.84
1973     33       291387.65
1973     34       294171.57
1973     35       297913.15
1973     36       302443.89
1973     37       306261.25
1973     38       314441.08
1973     39       319013.02
1973     40       325337.27
1973     41       333360.17
1973     42       339237.45
1973     43       331978.89
1973     44       328441.07
1973     45       330114.56
1973     46       328686.41
1973     47       329454.90
1973     48       329298.45
1973     49       323686.40
1973     50       324878.54
1973     51       333478.07
1973     52       339973.66
1973     53       290450.64
1973     54       182721.55
1973     55       174925.92
1974     12       415413.43
1974     13       417738.70
1974     14       415350.50
1974     15       417697.75
1974     16       412878.11
1974     17       413790.94
1974     18       412889.63
1974     19       414448.10
1974     20       411667.81
1974     21       414808.03
1974     22       416371.59
1974     23       421584.43
1974     24       430655.98
1974     25       432134.07
1974     26       428636.19
1974     27       419835.20
1974     28       360702.84
1974     29       307746.54
1974     30       307623.09
1974     31       294331.51
1974     32       274902.83
1974     33       251671.89
1974     34       291219.16
1974     35       294124.02
1974     36       297816.58
1974     37       302284.85
1974     38       306177.05
1974     39       314268.63
1974     40       318735.69
1974     41       325105.21
1974     42       333245.77
1974     43       338871.69
1974     44       331290.65
1974     45       327864.96
1974     46       329371.32
1974     47       327902.07
1974     48       328732.14
1974     49       328451.29
1974     50       322688.04
1974     51       323804.54
1974     52       332294.08
1974     53       338482.34
1974     54       288782.13
1974     55       181444.56
1975     12       421660.03
1975     13       415695.28
1975     14       420042.90
1975     15       415993.86
1975     16       418983.25
1975     17       413376.05
1975     18       414892.60
1975     19       414386.36
1975     20       416835.25
1975     21       413433.55
1975     22       416273.79
1975     23       415329.78
1975     24       421365.92
1975     25       429169.45
1975     26       432178.48
1975     27       427664.87
1975     28       419672.43
1975     29       361242.32
1975     30       309296.40
1975     31       308671.67
1975     32       294653.20
1975     33       274480.68
1975     34       252436.98
1975     35       290595.06
1975     36       294925.20
1975     37       298034.85
1975     38       302801.65
1975     39       305091.96
1975     40       314129.24
1975     41       318449.14
1975     42       324700.62
1975     43       332192.98
1975     44       338598.10
1975     45       329217.71
1975     46       327131.92
1975     47       328346.64
1975     48       326923.92
1975     49       327278.64
1975     50       327113.50
1975     51       321125.46
1975     52       322818.50
1975     53       329726.98
1975     54       337701.72
1975     55       285953.32
1976     12       428082.24
1976     13       422556.12
1976     14       418335.74
1976     15       421027.65
1976     16       417196.84
1976     17       418920.16
1976     18       413633.82
1976     19       415663.82
1976     20       416385.71
1976     21       418362.62
1976     22       414595.20
1976     23       415050.12
1976     24       414934.59
1976     25       420028.61
1976     26       429791.72
1976     27       432282.46
1976     28       428488.65
1976     29       421133.73
1976     30       363123.75
1976     31       310463.83
1976     32       309312.83
1976     33       294703.71
1976     34       275897.18
1976     35       252248.57
1976     36       291745.78
1976     37       295491.81
1976     38       298804.17
1976     39       301949.77
1976     40       305172.12
1976     41       313926.57
1976     42       318007.60
1976     43       323462.14
1976     44       331907.93
1976     45       336450.86
1976     46       328377.84
1976     47       326054.83
1976     48       327192.65
1976     49       325306.15
1976     50       325807.15
1976     51       325528.41
1976     52       320105.58
1976     53       320403.49
1976     54       329161.81
1976     55       335024.01
1977     12       425256.75
1977     13       429749.52
1977     14       424457.58
1977     15       419951.39
1977     16       422156.41
1977     17       417831.91
1977     18       419240.34
1977     19       414369.15
1977     20       416858.24
1977     21       417646.58
1977     22       419179.91
1977     23       414878.16
1977     24       415228.72
1977     25       415323.32
1977     26       421211.41
1977     27       431769.19
1977     28       434371.90
1977     29       430121.93
1977     30       421946.43
1977     31       363538.32
1977     32       310888.18
1977     33       309900.52
1977     34       295389.86
1977     35       276420.12
1977     36       252757.88
1977     37       292180.99
1977     38       295742.57
1977     39       298918.32
1977     40       301881.00
1977     41       304956.49
1977     42       313610.97
1977     43       317468.01
1977     44       322676.31
1977     45       330979.88
1977     46       335421.00
1977     47       327402.39
1977     48       324953.50
1977     49       326018.23
1977     50       324026.81
1977     51       324517.54
1977     52       324317.32
1977     53       318864.02
1977     54       319136.56
1977     55       327687.62
1978     12       420097.13
1978     13       426887.17
1978     14       431627.21
1978     15       425979.79
1978     16       420859.11
1978     17       422545.86
1978     18       417955.71
1978     19       419758.66
1978     20       415297.22
1978     21       417758.91
1978     22       417951.58
1978     23       418877.80
1978     24       414496.24
1978     25       415227.34
1978     26       416248.47
1978     27       422973.36
1978     28       433634.53
1978     29       435836.42
1978     30       430720.66
1978     31       422043.93
1978     32       363646.57
1978     33       311178.33
1978     34       310373.85
1978     35       295826.88
1978     36       276921.78
1978     37       253147.73
1978     38       292414.79
1978     39       295729.86
1978     40       298676.41
1978     41       301597.91
1978     42       304700.40
1978     43       313165.86
1978     44       316728.13
1978     45       321720.19
1978     46       329868.80
1978     47       334311.06
1978     48       326324.49
1978     49       323812.91
1978     50       324789.66
1978     51       322712.10
1978     52       323275.38
1978     53       323021.76
1978     54       317606.48
1978     55       317823.17
1979     12       412677.38
1979     13       421678.59
1979     14       428840.38
1979     15       433219.11
1979     16       426867.69
1979     17       421080.28
1979     18       422476.97
1979     19       418317.16
1979     20       420564.99
1979     21       416078.69
1979     22       417904.02
1979     23       417359.04
1979     24       418120.41
1979     25       414182.85
1979     26       415995.05
1979     27       417969.40
1979     28       424875.69
1979     29       435122.65
1979     30       436441.41
1979     31       430750.50
1979     32       422030.16
1979     33       363771.31
1979     34       311479.31
1979     35       310716.27
1979     36       296322.13
1979     37       277395.26
1979     38       253439.47
1979     39       292433.43
1979     40       295453.48
1979     41       298275.42
1979     42       301261.45
1979     43       304348.60
1979     44       312547.65
1979     45       315859.20
1979     46       320624.75
1979     47       328691.95
1979     48       333172.18
1979     49       325211.84
1979     50       322671.81
1979     51       323526.48
1979     52       321393.96
1979     53       321897.60
1979     54       321710.16
1979     55       316338.26
1980     12       408245.70
1980     13       414137.74
1980     14       423653.35
1980     15       430579.86
1980     16       434244.24
1980     17       427167.46
1980     18       420985.91
1980     19       422817.72
1980     20       419225.44
1980     21       421541.84
1980     22       416471.50
1980     23       417483.19
1980     24       416644.50
1980     25       417744.69
1980     26       414925.35
1980     27       417838.59
1980     28       420096.16
1980     29       426600.13
1980     30       435924.78
1980     31       436686.41
1980     32       430849.01
1980     33       422178.31
1980     34       364029.16
1980     35       311764.90
1980     36       311222.06
1980     37       296861.75
1980     38       277843.67
1980     39       253608.28
1980     40       292253.47
1980     41       295029.38
1980     42       297867.00
1980     43       300924.22
1980     44       303852.31
1980     45       311858.65
1980     46       314870.97
1980     47       319525.37
1980     48       327489.03
1980     49       332007.90
1980     50       324128.20
1980     51       321520.28
1980     52       322261.74
1980     53       320040.66
1980     54       320483.52
1980     55       320387.25
1981     12       408398.16
1981     13       409494.43
1981     14       415938.14
1981     15       425363.81
1981     16       431686.60
1981     17       434647.34
1981     18       427103.92
1981     19       421295.96
1981     20       423721.76
1981     21       420347.89
1981     22       422142.39
1981     23       416311.28
1981     24       416971.78
1981     25       416317.47
1981     26       418419.50
1981     27       416741.00
1981     28       420067.78
1981     29       422005.44
1981     30       427622.63
1981     31       436389.40
1981     32       436945.78
1981     33       431085.36
1981     34       422427.03
1981     35       364267.81
1981     36       312168.62
1981     37       311737.01
1981     38       297390.88
1981     39       278156.82
1981     40       253559.25
1981     41       291946.17
1981     42       294603.96
1981     43       297455.83
1981     44       300440.86
1981     45       303275.01
1981     46       311041.03
1981     47       313883.81
1981     48       318351.09
1981     49       326289.84
1981     50       330861.21
1981     51       323027.34
1981     52       320385.30
1981     53       321011.15
1981     54       318650.10
1981     55       319103.62
1982     12       409642.66
1982     13       409669.86
1982     14       411017.82
1982     15       417628.21
1982     16       427118.97
1982     17       433082.43
1982     18       435320.80
1982     19       427469.35
1982     20       421864.01
1982     21       424308.58
1982     22       420858.86
1982     23       422291.01
1982     24       416359.66
1982     25       417426.70
1982     26       417564.83
1982     27       420061.45
1982     28       418590.68
1982     29       421872.46
1982     30       423455.66
1982     31       428410.01
1982     32       437108.66
1982     33       437325.36
1982     34       431390.66
1982     35       422731.68
1982     36       364708.61
1982     37       312493.46
1982     38       312053.05
1982     39       297449.38
1982     40       278124.12
1982     41       253152.81
1982     42       291529.76
1982     43       294018.72
1982     44       296779.72
1982     45       299765.85
1982     46       302789.08
1982     47       310164.51
1982     48       312775.48
1982     49       317228.50
1982     50       325302.17
1982     51       329615.52
1982     52       322044.11
1982     53       319340.43
1982     54       319842.45
1982     55       317412.95
1983     12       424115.28
1983     13       411048.13
1983     14       411262.14
1983     15       413022.21
1983     16       420027.08
1983     17       429301.48
1983     18       434384.34
1983     19       435693.92
1983     20       427681.64
1983     21       422037.61
1983     22       424386.55
1983     23       421438.07
1983     24       422759.12
1983     25       417563.71
1983     26       419177.03
1983     27       419142.14
1983     28       421625.31
1983     29       420323.56
1983     30       423460.83
1983     31       424643.30
1983     32       429116.15
1983     33       437801.10
1983     34       437546.41
1983     35       431805.17
1983     36       423196.23
1983     37       364903.26
1983     38       312581.07
1983     39       311950.42
1983     40       297179.43
1983     41       277605.37
1983     42       252473.50
1983     43       290939.30
1983     44       293204.90
1983     45       296073.01
1983     46       299372.48
1983     47       302030.43
1983     48       309069.05
1983     49       311683.43
1983     50       316315.64
1983     51       324137.02
1983     52       328489.31
1983     53       321296.72
1983     54       318272.32
1983     55       318776.37
1984     12       427485.35
1984     13       425118.65
1984     14       412846.98
1984     15       413719.22
1984     16       415698.24
1984     17       422063.12
1984     18       430368.26
1984     19       434677.13
1984     20       435709.36
1984     21       427884.51
1984     22       421915.64
1984     23       424804.37
1984     24       422059.87
1984     25       423926.71
1984     26       419171.91
1984     27       420645.01
1984     28       420803.02
1984     29       423476.59
1984     30       421806.16
1984     31       424612.87
1984     32       425167.72
1984     33       429662.54
1984     34       438131.05
1984     35       437868.56
1984     36       432236.67
1984     37       423328.58
1984     38       364974.74
1984     39       312601.58
1984     40       311625.93
1984     41       296600.72
1984     42       276685.61
1984     43       251759.66
1984     44       290278.87
1984     45       292608.62
1984     46       295655.00
1984     47       298573.05
1984     48       301004.47
1984     49       308010.43
1984     50       310651.99
1984     51       315239.60
1984     52       323040.64
1984     53       327709.69
1984     54       320406.43
1984     55       317263.06
1985     12       424865.03
1985     13       427864.68
1985     14       426489.10
1985     15       415450.91
1985     16       416727.80
1985     17       417880.94
1985     18       422920.29
1985     19       430411.11
1985     20       434520.61
1985     21       435614.19
1985     22       427661.75
1985     23       421982.25
1985     24       425142.85
1985     25       423235.74
1985     26       425362.40
1985     27       420388.05
1985     28       422115.17
1985     29       422632.84
1985     30       425024.65
1985     31       422797.55
1985     32       425088.02
1985     33       425501.76
1985     34       429846.67
1985     35       438553.64
1985     36       438198.47
1985     37       432294.55
1985     38       423333.87
1985     39       364956.97
1985     40       312432.20
1985     41       310999.41
1985     42       295636.33
1985     43       275751.90
1985     44       250996.26
1985     45       289880.63
1985     46       292332.11
1985     47       294875.61
1985     48       297503.86
1985     49       300068.10
1985     50       306976.69
1985     51       309441.54
1985     52       314258.58
1985     53       322246.98
1985     54       326801.07
1985     55       319634.86
1986     12       401722.88
1986     13       425019.70
1986     14       428632.89
1986     15       428743.97
1986     16       418630.94
1986     17       419256.86
1986     18       418918.94
1986     19       422701.76
1986     20       429991.37
1986     21       434169.44
1986     22       435068.66
1986     23       427642.91
1986     24       421987.96
1986     25       426005.97
1986     26       424757.78
1986     27       426437.64
1986     28       421686.74
1986     29       423816.20
1986     30       424253.43
1986     31       426185.07
1986     32       423230.08
1986     33       425417.26
1986     34       425575.78
1986     35       430142.04
1986     36       439026.77
1986     37       438163.63
1986     38       432323.78
1986     39       423271.44
1986     40       364817.17
1986     41       311972.83
1986     42       310018.23
1986     43       294672.45
1986     44       274747.46
1986     45       250491.29
1986     46       289834.24
1986     47       291717.29
1986     48       293814.06
1986     49       296514.04
1986     50       299159.34
1986     51       305777.16
1986     52       308319.27
1986     53       313547.43
1986     54       321316.90
1986     55       326027.06
1987     12       381008.88
1987     13       401992.59
1987     14       425629.74
1987     15       430398.33
1987     16       431638.64
1987     17       421372.73
1987     18       420725.88
1987     19       418866.08
1987     20       422079.60
1987     21       429423.77
1987     22       433482.73
1987     23       434869.46
1987     24       427638.16
1987     25       422594.29
1987     26       427339.66
1987     27       426008.43
1987     28       427692.67
1987     29       423260.51
1987     30       425377.51
1987     31       425568.77
1987     32       426810.53
1987     33       423602.39
1987     34       425558.17
1987     35       425768.87
1987     36       430541.30
1987     37       439186.35
1987     38       438159.58
1987     39       432279.49
1987     40       423085.71
1987     41       364384.13
1987     42       311162.86
1987     43       309033.97
1987     44       293647.68
1987     45       274021.06
1987     46       250332.64
1987     47       289456.25
1987     48       290801.68
1987     49       292834.04
1987     50       295593.67
1987     51       298086.53
1987     52       304668.09
1987     53       307551.17
1987     54       312717.66
1987     55       320495.30
1988     12       356150.06
1988     13       381568.80
1988     14       402747.94
1988     15       427302.53
1988     16       432819.26
1988     17       434138.32
1988     18       423151.44
1988     19       421148.35
1988     20       418537.46
1988     21       421408.26
1988     22       428676.40
1988     23       433296.27
1988     24       434791.78
1988     25       428334.24
1988     26       423777.21
1988     27       428501.83
1988     28       427534.15
1988     29       429266.44
1988     30       424778.31
1988     31       426645.14
1988     32       426375.55
1988     33       427450.91
1988     34       423789.17
1988     35       425816.31
1988     36       426120.34
1988     37       430626.36
1988     38       439395.87
1988     39       438135.43
1988     40       432139.39
1988     41       422654.00
1988     42       363593.50
1988     43       310366.71
1988     44       308036.66
1988     45       292886.73
1988     46       273668.22
1988     47       249871.02
1988     48       288784.14
1988     49       290006.26
1988     50       291949.09
1988     51       294514.45
1988     52       297127.33
1988     53       303902.96
1988     54       306657.63
1988     55       312019.06
1989     12       359478.99
1989     13       356796.98
1989     14       382652.57
1989     15       404637.13
1989     16       429712.28
1989     17       434910.91
1989     18       435679.45
1989     19       423874.75
1989     20       421404.84
1989     21       418220.75
1989     22       420710.57
1989     23       428495.39
1989     24       433322.72
1989     25       435544.80
1989     26       429801.54
1989     27       424921.76
1989     28       430082.58
1989     29       429493.33
1989     30       430914.42
1989     31       426067.79
1989     32       427550.93
1989     33       427226.50
1989     34       427934.11
1989     35       424124.82
1989     36       426318.45
1989     37       426185.80
1989     38       430805.62
1989     39       439642.29
1989     40       437982.22
1989     41       431763.08
1989     42       421855.41
1989     43       362848.13
1989     44       309554.52
1989     45       307299.03
1989     46       292509.28
1989     47       273030.89
1989     48       249181.45
1989     49       288231.27
1989     50       289309.46
1989     51       290931.90
1989     52       293547.71
1989     53       296516.67
1989     54       303052.33
1989     55       305925.74
1990     12       364968.06
1990     13       359766.76
1990     14       357363.50
1990     15       383566.88
1990     16       405763.74
1990     17       431502.92
1990     18       436086.05
1990     19       436204.37
1990     20       423921.06
1990     21       421286.30
1990     22       417451.42
1990     23       420119.88
1990     24       428410.04
1990     25       433832.57
1990     26       436843.45
1990     27       430939.10
1990     28       425912.53
1990     29       431886.90
1990     30       430688.10
1990     31       432161.55
1990     32       426775.13
1990     33       428220.52
1990     34       427570.95
1990     35       428225.59
1990     36       424712.08
1990     37       426506.90
1990     38       425966.16
1990     39       431174.74
1990     40       439342.35
1990     41       437599.33
1990     42       431038.99
1990     43       421201.35
1990     44       362120.41
1990     45       309012.62
1990     46       306992.29
1990     47       291983.88
1990     48       272282.59
1990     49       248926.76
1990     50       287516.78
1990     51       288428.34
1990     52       289944.11
1990     53       292715.93
1990     54       295543.45
1990     55       302083.23
1991     12       364542.42
1991     13       365109.77
1991     14       359877.49
1991     15       357634.86
1991     16       383714.33
1991     17       406556.85
1991     18       432463.96
1991     19       436199.69
1991     20       435814.52
1991     21       423251.13
1991     22       420386.92
1991     23       416494.66
1991     24       419747.93
1991     25       428788.99
1991     26       434817.84
1991     27       438018.53
1991     28       432000.91
1991     29       427267.14
1991     30       433125.42
1991     31       431836.75
1991     32       432984.22
1991     33       427177.25
1991     34       428491.99
1991     35       427761.34
1991     36       428793.73
1991     37       424888.07
1991     38       426428.85
1991     39       426083.94
1991     40       431076.86
1991     41       438813.49
1991     42       437052.57
1991     43       430278.38
1991     44       420518.85
1991     45       361584.62
1991     46       308646.31
1991     47       306483.05
1991     48       291510.40
1991     49       271885.55
1991     50       248468.57
1991     51       286666.90
1991     52       287534.24
1991     53       288818.16
1991     54       291675.53
1991     55       294455.87
1992     12       381607.02
1992     13       364900.17
1992     14       365510.81
1992     15       360752.35
1992     16       358360.68
1992     17       384256.95
1992     18       407292.42
1992     19       432430.78
1992     20       435918.02
1992     21       434863.57
1992     22       422050.23
1992     23       419293.43
1992     24       416008.14
1992     25       420293.49
1992     26       429975.21
1992     27       436242.72
1992     28       439677.32
1992     29       433722.32
1992     30       429056.70
1992     31       434568.72
1992     32       432889.12
1992     33       433565.60
1992     34       427593.39
1992     35       428960.84
1992     36       428291.50
1992     37       428903.43
1992     38       425156.54
1992     39       426579.97
1992     40       426130.58
1992     41       430707.96
1992     42       438340.64
1992     43       436232.27
1992     44       429463.15
1992     45       420020.73
1992     46       360964.97
1992     47       308004.62
1992     48       306062.08
1992     49       290909.69
1992     50       271481.67
1992     51       247939.06
1992     52       285824.08
1992     53       286489.19
1992     54       287867.67
1992     55       290697.23
1993     12       393675.50
1993     13       381927.90
1993     14       365501.03
1993     15       366659.47
1993     16       361937.12
1993     17       359496.74
1993     18       385059.64
1993     19       407437.60
1993     20       432031.49
1993     21       435084.05
1993     22       433263.92
1993     23       420500.93
1993     24       418396.40
1993     25       416224.23
1993     26       421412.87
1993     27       431174.06
1993     28       437771.93
1993     29       441633.87
1993     30       435519.56
1993     31       430598.77
1993     32       435545.13
1993     33       433496.60
1993     34       434040.24
1993     35       428146.64
1993     36       429650.60
1993     37       428234.24
1993     38       429114.73
1993     39       425515.30
1993     40       426588.69
1993     41       425842.35
1993     42       430372.09
1993     43       437535.33
1993     44       435380.22
1993     45       428884.37
1993     46       419357.40
1993     47       360089.98
1993     48       307467.79
1993     49       305505.54
1993     50       290342.49
1993     51       270939.74
1993     52       247366.46
1993     53       284834.91
1993     54       285565.81
1993     55       286990.65
1994     12       390037.70
1994     13       393912.29
1994     14       382500.84
1994     15       366836.65
1994     16       368094.46
1994     17       363158.80
1994     18       360355.65
1994     19       385234.50
1994     20       407033.14
1994     21       430915.12
1994     22       433286.51
1994     23       431166.94
1994     24       418836.79
1994     25       417849.64
1994     26       416553.19
1994     27       422147.80
1994     28       432162.81
1994     29       439273.86
1994     30       443279.04
1994     31       436862.30
1994     32       431390.95
1994     33       435913.69
1994     34       433772.00
1994     35       434491.52
1994     36       428680.51
1994     37       429610.41
1994     38       428190.71
1994     39       429299.58
1994     40       425602.25
1994     41       426245.18
1994     42       425508.34
1994     43       429631.97
1994     44       436642.61
1994     45       434712.91
1994     46       428094.14
1994     47       418410.21
1994     48       359255.94
1994     49       306774.28
1994     50       304942.54
1994     51       289606.44
1994     52       270319.16
1994     53       246613.06
1994     54       283943.01
1994     55       284715.95
1995     12       374429.49
1995     13       390099.09
1995     14       394381.56
1995     15       383779.89
1995     16       368384.16
1995     17       369018.47
1995     18       363886.19
1995     19       360389.66
1995     20       384876.59
1995     21       406001.25
1995     22       428958.96
1995     23       431076.27
1995     24       429145.30
1995     25       417644.53
1995     26       417566.84
1995     27       416691.24
1995     28       422807.71
1995     29       433231.59
1995     30       440574.62
1995     31       444544.19
1995     32       437516.09
1995     33       431524.46
1995     34       435888.01
1995     35       433992.42
1995     36       434877.41
1995     37       428517.03
1995     38       429499.74
1995     39       428122.56
1995     40       429217.49
1995     41       425334.55
1995     42       425811.52
1995     43       424758.92
1995     44       428770.93
1995     45       435905.32
1995     46       433844.29
1995     47       426994.32
1995     48       417454.58
1995     49       358318.71
1995     50       306066.19
1995     51       304251.31
1995     52       288833.43
1995     53       269480.87
1995     54       245983.59
1995     55       283074.43
1996     12       364587.93
1996     13       374486.62
1996     14       390441.41
1996     15       395505.89
1996     16       385156.10
1996     17       369144.76
1996     18       369512.72
1996     19       363922.22
1996     20       360043.25
1996     21       384118.33
1996     22       404417.36
1996     23       426761.73
1996     24       429258.71
1996     25       427884.23
1996     26       417060.66
1996     27       417304.85
1996     28       416999.61
1996     29       423719.50
1996     30       434226.88
1996     31       441591.16
1996     32       445217.61
1996     33       437577.73
1996     34       431407.68
1996     35       435953.94
1996     36       434187.11
1996     37       434627.64
1996     38       428320.82
1996     39       429454.92
1996     40       427857.53
1996     41       428836.51
1996     42       424979.04
1996     43       424982.69
1996     44       423927.21
1996     45       428098.21
1996     46       434960.76
1996     47       432685.68
1996     48       425976.74
1996     49       416450.59
1996     50       357375.79
1996     51       305246.47
1996     52       303546.99
1996     53       287854.44
1996     54       268817.89
1996     55       245387.49
1997     12       373186.83
1997     13       364868.59
1997     14       374892.04
1997     15       391535.29
1997     16       396910.05
1997     17       385967.02
1997     18       369665.75
1997     19       369465.02
1997     20       363671.84
1997     21       359404.36
1997     22       382941.17
1997     23       402768.08
1997     24       425171.23
1997     25       428321.30
1997     26       427371.83
1997     27       416707.08
1997     28       417457.96
1997     29       417773.79
1997     30       424724.98
1997     31       435170.51
1997     32       442192.89
1997     33       445400.46
1997     34       437474.77
1997     35       431462.60
1997     36       436047.99
1997     37       433807.50
1997     38       434420.95
1997     39       428260.83
1997     40       429245.11
1997     41       427358.07
1997     42       428411.95
1997     43       424291.69
1997     44       424138.38
1997     45       423288.56
1997     46       427240.99
1997     47       433767.96
1997     48       431657.17
1997     49       424891.57
1997     50       415419.77
1997     51       356293.60
1997     52       304438.63
1997     53       302609.46
1997     54       287048.36
1997     55       268183.62
1998     12       376887.24
1998     13       373575.15
1998     14       365619.56
1998     15       376188.98
1998     16       393065.62
1998     17       397809.80
1998     18       386608.72
1998     19       369605.33
1998     20       369116.48
1998     21       363103.43
1998     22       358430.45
1998     23       381890.45
1998     24       402273.67
1998     25       424613.64
1998     26       428218.40
1998     27       427260.31
1998     28       416862.78
1998     29       418177.48
1998     30       418730.58
1998     31       425721.47
1998     32       435692.40
1998     33       442296.81
1998     34       445409.75
1998     35       437514.02
1998     36       431549.01
1998     37       435604.28
1998     38       433509.79
1998     39       434319.11
1998     40       428045.18
1998     41       428740.45
1998     42       426827.44
1998     43       427665.80
1998     44       423575.58
1998     45       423474.50
1998     46       422501.02
1998     47       426144.45
1998     48       432728.29
1998     49       430548.39
1998     50       423779.69
1998     51       414268.85
1998     52       355262.74
1998     53       303428.64
1998     54       301856.65
1998     55       286255.30
1999     12       378248.81
1999     13       378387.64
1999     14       375579.25
1999     15       367336.31
1999     16       377989.80
1999     17       394356.46
1999     18       398575.63
1999     19       386948.16
1999     20       369148.30
1999     21       368715.48
1999     22       362689.83
1999     23       358279.06
1999     24       382476.12
1999     25       402257.54
1999     26       425136.57
1999     27       428920.23
1999     28       427929.08
1999     29       418244.77
1999     30       419563.52
1999     31       420279.61
1999     32       426937.09
1999     33       436518.59
1999     34       443017.62
1999     35       445968.27
1999     36       438203.69
1999     37       431971.11
1999     38       435741.24
1999     39       434012.41
1999     40       434556.54
1999     41       428186.07
1999     42       428650.02
1999     43       426667.88
1999     44       427575.98
1999     45       423306.93
1999     46       423252.26
1999     47       422350.50
1999     48       425597.63
1999     49       432411.21
1999     50       430080.66
1999     51       423377.58
1999     52       413924.96
1999     53       354936.93
1999     54       303206.01
1999     55       301417.96
2000     12       377281.22
2000     13       380849.92
2000     14       381493.95
2000     15       378176.04
2000     16       369479.94
2000     17       379765.46
2000     18       395581.73
2000     19       399140.69
2000     20       386948.95
2000     21       369011.78
2000     22       368752.31
2000     23       363226.38
2000     24       359070.60
2000     25       383089.57
2000     26       403096.14
2000     27       426545.39
2000     28       430523.01
2000     29       429815.89
2000     30       420371.06
2000     31       421636.73
2000     32       422261.26
2000     33       428716.00
2000     34       438001.84
2000     35       444349.89
2000     36       447173.52
2000     37       439507.05
2000     38       432908.48
2000     39       436674.58
2000     40       434887.74
2000     41       435246.96
2000     42       428704.57
2000     43       429013.24
2000     44       427159.52
2000     45       427766.22
2000     46       423479.73
2000     47       423733.15
2000     48       422630.43
2000     49       425713.96
2000     50       432653.66
2000     51       430291.69
2000     52       423691.99
2000     53       414352.02
2000     54       355283.79
2000     55       303207.70
2001     12       379488.97
2001     13       380052.43
2001     14       383959.33
2001     15       384720.46
2001     16       380999.08
2001     17       371504.55
2001     18       381550.36
2001     19       396354.44
2001     20       399516.04
2001     21       387315.15
2001     22       369128.16
2001     23       369305.28
2001     24       364122.47
2001     25       360085.07
2001     26       384215.64
2001     27       404530.80
2001     28       428702.58
2001     29       432676.64
2001     30       432079.75
2001     31       422664.62
2001     32       423677.75
2001     33       424170.72
2001     34       430453.41
2001     35       439627.68
2001     36       445639.39
2001     37       448383.66
2001     38       440764.64
2001     39       433844.55
2001     40       437546.28
2001     41       435645.96
2001     42       435855.26
2001     43       429098.44
2001     44       429330.49
2001     45       427461.90
2001     46       427835.66
2001     47       423607.25
2001     48       424141.99
2001     49       422846.99
2001     50       425762.51
2001     51       432796.39
2001     52       430465.55
2001     53       424026.72
2001     54       414788.57
2001     55       355455.28
2002     12       378022.50
2002     13       382238.19
2002     14       383261.50
2002     15       387236.44
2002     16       388248.53
2002     17       383722.32
2002     18       373609.70
2002     19       382828.64
2002     20       396978.75
2002     21       400290.24
2002     22       387974.96
2002     23       369812.05
2002     24       370286.73
2002     25       365285.36
2002     26       361581.22
2002     27       385859.26
2002     28       406720.85
2002     29       431413.64
2002     30       435155.38
2002     31       434508.32
2002     32       424896.96
2002     33       425496.53
2002     34       426034.25
2002     35       432208.78
2002     36       441235.77
2002     37       446898.93
2002     38       449601.30
2002     39       441955.00
2002     40       434747.60
2002     41       438303.29
2002     42       436333.37
2002     43       436316.04
2002     44       429434.73
2002     45       429425.87
2002     46       427674.72
2002     47       427859.89
2002     48       423692.41
2002     49       424510.92
2002     50       422998.34
2002     51       425701.09
2002     52       432890.81
2002     53       430630.32
2002     54       424356.16
2002     55       415014.16
2003     12       374890.23
2003     13       380393.58
2003     14       385407.21
2003     15       386571.56
2003     16       390550.03
2003     17       391361.54
2003     18       386471.78
2003     19       375374.20
2003     20       384085.96
2003     21       397922.65
2003     22       401246.03
2003     23       389024.47
2003     24       370791.73
2003     25       371433.34
2003     26       366774.49
2003     27       363515.31
2003     28       388154.63
2003     29       409351.45
2003     30       434385.32
2003     31       437712.55
2003     32       436805.98
2003     33       426852.40
2003     34       427257.55
2003     35       427889.27
2003     36       433960.30
2003     37       442834.67
2003     38       448204.62
2003     39       450746.92
2003     40       443160.66
2003     41       435532.43
2003     42       439001.95
2003     43       436831.13
2003     44       436744.28
2003     45       429614.54
2003     46       429487.68
2003     47       427815.33
2003     48       427844.21
2003     49       423648.64
2003     50       424817.62
2003     51       422967.54
2003     52       425566.37
2003     53       432945.99
2003     54       430733.84
2003     55       424488.01
2004     12       371781.10
2004     13       377035.30
2004     14       383422.22
2004     15       388703.61
2004     16       389944.31
2004     17       393707.77
2004     18       394867.75
2004     19       389057.66
2004     20       376836.52
2004     21       385396.84
2004     22       398999.56
2004     23       402579.69
2004     24       390278.22
2004     25       371945.90
2004     26       372869.09
2004     27       368782.72
2004     28       365858.82
2004     29       390954.68
2004     30       412292.78
2004     31       437424.51
2004     32       440065.93
2004     33       438894.18
2004     34       428699.32
2004     35       428997.89
2004     36       429688.13
2004     37       435694.44
2004     38       444364.18
2004     39       449446.80
2004     40       451918.40
2004     41       444203.50
2004     42       436236.41
2004     43       439513.53
2004     44       437300.45
2004     45       437029.43
2004     46       429716.07
2004     47       429487.42
2004     48       427851.60
2004     49       427735.70
2004     50       423601.90
2004     51       424889.34
2004     52       422923.01
2004     53       425469.34
2004     54       432921.16
2004     55       430683.59
2005     12       360333.07
2005     13       373958.82
2005     14       379618.50
2005     15       386592.94
2005     16       392257.44
2005     17       393403.61
2005     18       397364.74
2005     19       397873.57
2005     20       390886.00
2005     21       378242.25
2005     22       386762.01
2005     23       400418.34
2005     24       404000.54
2005     25       391682.44
2005     26       373310.74
2005     27       374767.60
2005     28       371296.93
2005     29       368734.08
2005     30       393892.77
2005     31       415090.70
2005     32       439976.40
2005     33       442159.33
2005     34       440659.54
2005     35       430419.53
2005     36       430501.52
2005     37       431322.34
2005     38       437194.28
2005     39       445747.80
2005     40       450562.79
2005     41       452792.70
2005     42       445096.25
2005     43       436721.37
2005     44       439920.84
2005     45       437576.10
2005     46       437146.08
2005     47       429733.42
2005     48       429328.48
2005     49       427852.04
2005     50       427551.15
2005     51       423316.17
2005     52       424982.26
2005     53       422939.05
2005     54       425272.38
2005     55       432773.71
2006     12       354078.22
2006     13       361855.43
2006     14       376242.06
2006     15       382126.26
2006     16       389495.69
2006     17       394698.15
2006     18       395546.91
2006     19       398684.37
2006     20       397712.29
2006     21       389617.97
2006     22       378092.20
2006     23       386847.78
2006     24       400987.74
2006     25       404988.00
2006     26       392963.72
2006     27       375195.17
2006     28       377074.19
2006     29       374012.88
2006     30       371494.80
2006     31       396728.39
2006     32       417904.70
2006     33       441820.59
2006     34       443945.44
2006     35       443247.46
2006     36       432335.20
2006     37       432382.80
2006     38       432694.16
2006     39       438099.02
2006     40       446844.70
2006     41       451518.56
2006     42       453648.38
2006     43       445367.32
2006     44       437146.56
2006     45       440421.26
2006     46       437494.26
2006     47       436947.01
2006     48       429760.09
2006     49       429224.73
2006     50       427934.30
2006     51       426752.80
2006     52       422864.33
2006     53       424632.37
2006     54       422092.02
2006     55       424770.57
2007     12       360492.43
2007     13       355226.74
2007     14       363535.72
2007     15       377900.23
2007     16       385470.05
2007     17       391852.91
2007     18       395628.63
2007     19       395231.53
2007     20       396291.68
2007     21       393535.03
2007     22       387568.75
2007     23       377085.20
2007     24       385979.74
2007     25       401091.65
2007     26       405458.72
2007     27       394589.12
2007     28       377197.22
2007     29       379680.76
2007     30       376641.28
2007     31       374111.62
2007     32       399386.67
2007     33       419961.89
2007     34       443816.29
2007     35       446346.68
2007     36       445009.64
2007     37       434810.44
2007     38       433673.28
2007     39       433908.29
2007     40       438859.66
2007     41       447871.85
2007     42       452131.85
2007     43       453724.81
2007     44       445238.41
2007     45       437212.33
2007     46       440088.05
2007     47       437101.48
2007     48       436815.45
2007     49       429224.60
2007     50       429111.39
2007     51       427250.59
2007     52       426147.07
2007     53       422125.07
2007     54       423469.11
2007     55       421449.50
2008     12       368787.12
2008     13       362366.28
2008     14       356137.10
2008     15       365302.48
2008     16       382304.35
2008     17       389145.06
2008     18       392836.79
2008     19       395287.29
2008     20       392701.87
2008     21       392170.39
2008     22       391066.88
2008     23       386625.78
2008     24       375947.99
2008     25       385594.32
2008     26       401167.67
2008     27       407404.20
2008     28       396432.43
2008     29       379557.18
2008     30       382198.11
2008     31       379191.95
2008     32       375745.91
2008     33       401741.56
2008     34       421628.69
2008     35       445376.69
2008     36       447942.86
2008     37       447579.80
2008     38       436115.30
2008     39       434942.95
2008     40       434679.66
2008     41       439634.66
2008     42       447598.05
2008     43       452132.42
2008     44       453720.19
2008     45       445158.74
2008     46       437140.21
2008     47       439756.63
2008     48       436070.19
2008     49       435758.73
2008     50       428671.70
2008     51       428184.27
2008     52       426265.98
2008     53       425587.16
2008     54       421245.82
2008     55       422577.63
2009     12       368556.72
2009     13       370774.34
2009     14       363615.67
2009     15       358237.45
2009     16       370460.14
2009     17       386183.08
2009     18       389983.98
2009     19       392590.28
2009     20       392658.49
2009     21       389053.47
2009     22       389040.54
2009     23       389447.65
2009     24       385528.00
2009     25       376024.56
2009     26       386276.96
2009     27       403068.44
2009     28       409093.52
2009     29       398366.71
2009     30       381992.45
2009     31       384661.28
2009     32       380838.45
2009     33       377742.43
2009     34       403499.45
2009     35       423022.41
2009     36       447363.32
2009     37       449835.15
2009     38       448505.14
2009     39       436935.96
2009     40       435794.52
2009     41       435642.20
2009     42       438733.41
2009     43       447091.79
2009     44       452018.37
2009     45       453833.29
2009     46       444725.84
2009     47       436546.67
2009     48       438929.45
2009     49       435069.02
2009     50       434702.85
2009     51       427126.06
2009     52       427107.81
2009     53       425266.97
2009     54       424574.60
2009     55       419634.34
2010     12       368720.88
2010     13       370198.49
2010     14       372234.30
2010     15       365251.84
2010     16       362541.48
2010     17       373363.32
2010     18       386862.52
2010     19       389123.18
2010     20       390185.92
2010     21       387923.24
2010     22       385710.93
2010     23       386713.16
2010     24       388001.45
2010     25       385533.01
2010     26       377665.03
2010     27       387510.28
2010     28       405301.30
2010     29       411514.06
2010     30       400874.33
2010     31       384013.12
2010     32       387190.81
2010     33       382882.64
2010     34       379827.14
2010     35       404877.72
2010     36       424450.57
2010     37       448599.34
2010     38       450714.58
2010     39       449638.71
2010     40       437557.94
2010     41       436767.84
2010     42       435077.64
2010     43       438424.90
2010     44       446348.71
2010     45       452063.52
2010     46       453258.75
2010     47       443997.30
2010     48       436033.67
2010     49       437806.77
2010     50       434334.45
2010     51       433448.56
2010     52       425833.31
2010     53       425613.58
2010     54       423648.58
2010     55       422791.31
2011     12       374287.25
2011     13       370301.91
2011     14       371400.84
2011     15       373900.71
2011     16       367599.18
2011     17       363289.26
2011     18       370323.55
2011     19       382358.59
2011     20       384545.45
2011     21       385325.04
2011     22       385633.60
2011     23       384075.31
2011     24       385987.31
2011     25       387995.62
2011     26       387316.56
2011     27       379216.58
2011     28       390398.87
2011     29       408617.50
2011     30       413935.11
2011     31       403550.09
2011     32       387137.38
2011     33       389896.09
2011     34       384908.20
2011     35       381764.92
2011     36       406365.44
2011     37       425819.87
2011     38       450692.66
2011     39       451996.47
2011     40       449608.32
2011     41       438321.19
2011     42       436780.10
2011     43       435559.51
2011     44       438559.28
2011     45       446417.50
2011     46       452086.48
2011     47       452399.02
2011     48       443796.52
2011     49       435084.85
2011     50       437732.46
2011     51       433655.18
2011     52       432733.45
2011     53       424387.32
2011     54       424431.37
2011     55       422341.25
2012     12       386698.56
2012     13       375542.27
2012     14       372156.75
2012     15       373370.29
2012     16       375430.68
2012     17       367668.60
2012     18       359432.14
2012     19       366072.66
2012     20       377929.22
2012     21       381528.78
2012     22       383479.84
2012     23       384233.05
2012     24       383438.97
2012     25       386271.55
2012     26       389289.39
2012     27       388920.51
2012     28       381824.13
2012     29       393781.06
2012     30       411115.96
2012     31       417353.53
2012     32       406577.30
2012     33       390270.74
2012     34       392508.05
2012     35       386717.81
2012     36       383638.14
2012     37       408528.80
2012     38       428062.68
2012     39       451950.59
2012     40       451980.80
2012     41       450645.12
2012     42       437972.20
2012     43       437382.83
2012     44       436122.65
2012     45       438535.26
2012     46       446183.37
2012     47       451369.22
2012     48       452308.05
2012     49       443511.14
2012     50       434407.51
2012     51       437147.62
2012     52       433318.82
2012     53       431582.05
2012     54       423839.33
2012     55       423524.64
2013     12       394455.90
2013     13       387939.86
2013     14       377846.02
2013     15       374125.77
2013     16       374665.62
2013     17       375876.01
2013     18       366229.90
2013     19       358466.92
2013     20       364026.49
2013     21       375489.55
2013     22       379574.68
2013     23       381486.73
2013     24       383396.33
2013     25       383673.93
2013     26       387705.05
2013     27       391286.98
2013     28       391606.67
2013     29       384804.02
2013     30       396978.61
2013     31       414389.28
2013     32       419735.98
2013     33       409698.53
2013     34       393269.64
2013     35       394288.61
2013     36       388740.77
2013     37       386212.24
2013     38       410034.85
2013     39       429098.84
2013     40       453099.26
2013     41       452491.10
2013     42       450010.99
2013     43       438303.24
2013     44       437728.74
2013     45       436286.33
2013     46       438544.65
2013     47       446219.85
2013     48       451401.65
2013     49       452312.13
2013     50       442631.99
2013     51       433668.66
2013     52       436182.12
2013     53       432793.50
2013     54       431225.93
2013     55       423489.77
2014     12       386985.18
2014     13       395925.14
2014     14       389784.57
2014     15       379979.85
2014     16       375820.48
2014     17       374898.42
2014     18       374882.86
2014     19       364637.66
2014     20       355941.58
2014     21       361366.42
2014     22       373276.48
2014     23       377097.53
2014     24       380524.03
2014     25       383778.74
2014     26       384191.37
2014     27       390568.56
2014     28       394420.36
2014     29       395032.73
2014     30       388099.31
2014     31       400558.47
2014     32       416953.67
2014     33       422714.54
2014     34       412512.16
2014     35       395739.04
2014     36       396233.32
2014     37       390912.31
2014     38       387870.48
2014     39       411127.77
2014     40       430595.94
2014     41       453069.75
2014     42       452483.11
2014     43       450057.87
2014     44       438474.29
2014     45       437767.70
2014     46       436205.50
2014     47       439059.69
2014     48       446348.47
2014     49       451138.83
2014     50       451228.18
2014     51       441694.20
2014     52       432660.93
2014     53       435029.57
2014     54       432507.39
2014     55       430891.12
2015     12       385541.89
2015     13       388030.99
2015     14       397016.86
2015     15       391062.37
2015     16       381667.66
2015     17       375771.90
2015     18       373054.05
2015     19       372135.73
2015     20       361343.34
2015     21       352663.18
2015     22       358957.11
2015     23       370222.21
2015     24       375204.53
2015     25       379891.57
2015     26       384189.25
2015     27       386291.88
2015     28       393605.13
2015     29       398160.08
2015     30       398031.57
2015     31       391008.15
2015     32       402996.83
2015     33       419341.82
2015     34       425095.94
2015     35       415011.46
2015     36       397854.44
2015     37       398098.50
2015     38       392508.10
2015     39       389001.51
2015     40       412051.97
2015     41       430784.81
2015     42       452759.37
2015     43       452325.54
2015     44       449738.57
2015     45       438214.07
2015     46       437452.08
2015     47       435917.38
2015     48       438214.49
2015     49       445653.21
2015     50       450467.60
2015     51       449865.51
2015     52       440689.74
2015     53       431311.21
2015     54       434348.67
2015     55       431526.72
2016     12       383505.90
2016     13       386188.76
2016     14       388993.41
2016     15       397943.34
2016     16       391386.68
2016     17       379198.12
2016     18       371859.05
2016     19       369107.70
2016     20       367399.89
2016     21       357508.23
2016     22       349781.82
2016     23       356348.72
2016     24       368669.43
2016     25       373628.42
2016     26       379868.98
2016     27       385378.15
2016     28       389503.05
2016     29       396918.43
2016     30       401609.53
2016     31       401034.97
2016     32       393391.38
2016     33       405412.42
2016     34       421662.23
2016     35       427964.54
2016     36       417070.35
2016     37       399965.12
2016     38       399448.06
2016     39       393467.73
2016     40       389542.64
2016     41       412709.10
2016     42       430618.24
2016     43       452502.54
2016     44       451763.86
2016     45       449585.55
2016     46       437681.46
2016     47       436649.15
2016     48       434508.33
2016     49       436795.37
2016     50       445036.56
2016     51       448430.54
2016     52       449073.89
2016     53       439268.45
2016     54       429941.53
2016     55       432779.10
2017     12       388811.86
2017     13       384098.35
2017     14       387607.40
2017     15       390851.47
2017     16       397606.90
2017     17       388445.56
2017     18       375715.11
2017     19       367431.34
2017     20       364119.10
2017     21       363401.08
2017     22       354063.55
2017     23       348258.55
2017     24       356001.97
2017     25       367712.19
2017     26       374092.56
2017     27       382085.75
2017     28       388603.13
2017     29       393500.26
2017     30       401139.00
2017     31       405494.10
2017     32       404542.06
2017     33       396625.80
2017     34       408295.61
2017     35       424871.46
2017     36       430145.80
2017     37       420045.86
2017     38       401289.13
2017     39       400307.56
2017     40       394635.35
2017     41       390333.00
2017     42       413166.87
2017     43       430784.86
2017     44       452466.90
2017     45       451622.48
2017     46       449189.75
2017     47       437732.31
2017     48       435822.77
2017     49       432946.84
2017     50       435729.48
2017     51       443375.37
2017     52       447645.94
2017     53       447537.87
2017     54       437763.39
2017     55       428640.37
2018     12       393272.35
2018     13       389464.95
2018     14       385285.43
2018     15       389172.23
2018     16       391451.21
2018     17       397087.06
2018     18       387311.85
2018     19       373181.78
2018     20       364045.27
2018     21       361312.15
2018     22       360906.77
2018     23       352996.87
2018     24       348046.48
2018     25       355713.53
2018     26       369120.62
2018     27       375915.72
2018     28       384592.70
2018     29       391951.51
2018     30       397255.99
2018     31       404148.41
2018     32       408676.99
2018     33       407761.03
2018     34       399603.95
2018     35       410980.25
2018     36       427473.33
2018     37       433190.69
2018     38       421850.63
2018     39       402882.18
2018     40       402110.30
2018     41       395507.65
2018     42       390841.91
2018     43       414173.66
2018     44       431481.47
2018     45       452399.31
2018     46       452162.79
2018     47       449445.83
2018     48       437891.34
2018     49       436020.15
2018     50       432292.86
2018     51       435071.75
2018     52       442917.68
2018     53       446901.76
2018     54       446555.41
2018     55       437565.89
2019     12       397533.21
2019     13       393167.97
2019     14       390662.28
2019     15       385948.03
2019     16       389134.08
2019     17       390834.05
2019     18       394588.60
2019     19       383862.58
2019     20       368319.60
2019     21       361486.39
2019     22       359614.06
2019     23       358915.83
2019     24       352794.00
2019     25       348551.06
2019     26       357239.96
2019     27       371379.33
2019     28       379287.56
2019     29       387883.79
2019     30       395407.12
2019     31       400930.64
2019     32       407746.50
2019     33       411721.50
2019     34       411040.68
2019     35       401801.85
2019     36       413040.32
2019     37       429750.90
2019     38       434412.17
2019     39       423761.85
2019     40       404191.27
2019     41       403564.35
2019     42       396093.70
2019     43       391375.06
2019     44       414912.26
2019     45       431090.15
2019     46       452128.33
2019     47       451811.31
2019     48       449778.12
2019     49       437896.98
2019     50       434899.71
2019     51       431790.72
2019     52       433902.35
2019     53       442336.61
2019     54       446345.84
2019     55       446646.22
2020     12       397135.70
2020     13       397819.86
2020     14       395186.25
2020     15       392184.31
2020     16       386078.48
2020     17       388674.63
2020     18       387780.60
2020     19       390366.50
2020     20       378623.22
2020     21       365407.19
2020     22       359854.70
2020     23       357793.77
2020     24       359143.71
2020     25       353888.51
2020     26       350825.73
2020     27       360703.04
2020     28       375571.80
2020     29       383602.96
2020     30       391913.67
2020     31       399744.20
2020     32       405280.48
2020     33       411160.94
2020     34       415131.29
2020     35       413390.56
2020     36       403757.73
2020     37       415550.34
2020     38       430454.84
2020     39       435952.79
2020     40       424952.75
2020     41       405606.73
2020     42       404160.67
2020     43       396302.91
2020     44       391963.86
2020     45       414382.01
2020     46       430462.46
2020     47       451862.46
2020     48       452004.09
2020     49       448922.92
2020     50       436633.57
2020     51       434357.64
2020     52       430274.01
2020     53       433372.41
2020     54       441852.02
2020     55       446315.74
2021     12       396909.16
2021     13       398654.39
2021     14       400493.49
2021     15       397756.58
2021     16       393677.51
2021     17       386743.62
2021     18       388076.59
2021     19       385377.62
2021     20       386969.55
2021     21       376523.50
2021     22       363933.84
2021     23       358898.20
2021     24       358182.22
2021     25       359892.77
2021     26       356008.36
2021     27       353716.99
2021     28       364250.99
2021     29       379598.19
2021     30       387641.43
2021     31       395736.10
2021     32       403645.79
2021     33       408683.79
2021     34       414464.93
2021     35       417733.83
2021     36       415757.86
2021     37       406607.76
2021     38       416898.11
2021     39       432103.41
2021     40       437496.90
2021     41       426131.18
2021     42       406212.10
2021     43       404797.78
2021     44       397056.54
2021     45       391758.67
2021     46       414454.90
2021     47       430597.63
2021     48       452141.17
2021     49       451748.39
2021     50       448011.83
2021     51       436117.99
2021     52       433452.16
2021     53       429746.01
2021     54       432721.25
2021     55       441831.64
