Ireland, Live births by calendar year and age (Lexis squares, age in completed years (ACY))
Last modified: 09/06/2023
Year    Age        Total
1955     12-        0.00
1955     13         0.00
1955     14         7.20
1955     15        24.67
1955     16        51.40
1955     17       133.64
1955     18       347.45
1955     19       596.21
1955     20       858.34
1955     21      1153.37
1955     22      1706.41
1955     23      1993.21
1955     24      2357.11
1955     25      2705.58
1955     26      3000.61
1955     27      3219.57
1955     28      3370.68
1955     29      3585.52
1955     30      3799.33
1955     31      3598.88
1955     32      3730.46
1955     33      3568.05
1955     34      3431.32
1955     35      3301.80
1955     36      2821.74
1955     37      2404.40
1955     38      2368.42
1955     39      2068.25
1955     40      1743.42
1955     41      1297.29
1955     42       985.81
1955     43       665.09
1955     44       394.74
1955     45       186.06
1955     46        79.15
1955     47        43.18
1955     48        16.44
1955     49         7.19
1955     50         0.00
1955     51         0.00
1955     52         0.00
1955     53         0.00
1955     54         0.00
1955     55+        0.00
1956     12-        0.00
1956     13         0.00
1956     14         0.00
1956     15        19.12
1956     16        67.45
1956     17       144.96
1956     18       279.86
1956     19       557.70
1956     20       889.91
1956     21      1172.78
1956     22      1535.19
1956     23      2105.97
1956     24      2405.96
1956     25      2717.03
1956     26      3046.21
1956     27      3179.10
1956     28      3301.90
1956     29      3561.63
1956     30      3638.14
1956     31      3473.05
1956     32      3542.51
1956     33      3516.33
1956     34      3348.21
1956     35      3213.32
1956     36      2902.25
1956     37      2521.73
1956     38      2237.85
1956     39      2121.07
1956     40      1708.33
1956     41      1290.56
1956     42       968.42
1956     43       561.73
1956     44       387.57
1956     45       204.36
1956     46        61.41
1956     47        35.24
1956     48        13.09
1956     49        10.07
1956     50         0.00
1956     51         0.00
1956     52         0.00
1956     53         0.00
1956     54         0.00
1956     55+        0.00
1957     12-        0.00
1957     13         0.00
1957     14         0.00
1957     15        24.19
1957     16        44.35
1957     17       157.22
1957     18       305.39
1957     19       509.98
1957     20       863.74
1957     21      1205.41
1957     22      1583.35
1957     23      1954.25
1957     24      2465.24
1957     25      2737.37
1957     26      3004.45
1957     27      3124.39
1957     28      3266.49
1957     29      3546.68
1957     30      3659.57
1957     31      3468.07
1957     32      3520.47
1957     33      3617.23
1957     34      3448.92
1957     35      3260.45
1957     36      2984.30
1957     37      2790.78
1957     38      2308.01
1957     39      1906.88
1957     40      1745.62
1957     41      1294.10
1957     42      1015.93
1957     43       679.30
1957     44       404.15
1957     45       192.50
1957     46        97.77
1957     47        38.30
1957     48         8.06
1957     49         9.07
1957     50         0.00
1957     51         0.00
1957     52         0.00
1957     53         0.00
1957     54         0.00
1957     55+        0.00
1958     12-        0.00
1958     13         0.00
1958     14         0.00
1958     15        22.23
1958     16        48.51
1958     17       114.20
1958     18       241.53
1958     19       447.70
1958     20       734.72
1958     21      1159.17
1958     22      1584.64
1958     23      1921.18
1958     24      2346.64
1958     25      2754.94
1958     26      2976.26
1958     27      3142.00
1958     28      3270.35
1958     29      3428.00
1958     30      3620.02
1958     31      3399.71
1958     32      3402.74
1958     33      3471.46
1958     34      3224.86
1958     35      3101.57
1958     36      2977.27
1958     37      2646.80
1958     38      2451.75
1958     39      1994.96
1958     40      1524.01
1958     41      1229.92
1958     42       887.32
1958     43       612.43
1958     44       402.23
1958     45       201.11
1958     46        98.03
1958     47        52.56
1958     48         8.08
1958     49        11.12
1958     50         0.00
1958     51         0.00
1958     52         0.00
1958     53         0.00
1958     54         0.00
1958     55+        0.00
1959     12-        0.00
1959     13         0.00
1959     14         0.00
1959     15        23.23
1959     16        60.60
1959     17       120.19
1959     18       239.37
1959     19       476.72
1959     20       764.56
1959     21      1183.70
1959     22      1642.23
1959     23      2091.68
1959     24      2376.50
1959     25      2600.71
1959     26      3213.77
1959     27      3145.09
1959     28      3231.95
1959     29      3549.09
1959     30      3488.48
1959     31      3274.37
1959     32      3463.24
1959     33      3357.19
1959     34      3269.32
1959     35      3144.08
1959     36      2975.42
1959     37      2711.81
1959     38      2529.00
1959     39      2250.24
1959     40      1613.95
1959     41      1088.76
1959     42       943.32
1959     43       614.07
1959     44       372.68
1959     45       213.11
1959     46       107.06
1959     47        35.35
1959     48        10.10
1959     49         7.07
1959     50         0.00
1959     51         0.00
1959     52         0.00
1959     53         0.00
1959     54         0.00
1959     55+        0.00
1960     12-        0.00
1960     13         0.00
1960     14         0.00
1960     15        40.32
1960     16        66.52
1960     17       165.30
1960     18       267.10
1960     19       458.59
1960     20       851.68
1960     21      1167.14
1960     22      1627.76
1960     23      2125.66
1960     24      2475.40
1960     25      2734.43
1960     26      2997.50
1960     27      3409.72
1960     28      3343.21
1960     29      3321.03
1960     30      3566.95
1960     31      3405.69
1960     32      3321.03
1960     33      3471.21
1960     34      3200.08
1960     35      3265.59
1960     36      2943.07
1960     37      2624.57
1960     38      2594.33
1960     39      2093.41
1960     40      1759.79
1960     41      1219.56
1960     42       859.74
1960     43       586.60
1960     44       411.22
1960     45       198.56
1960     46       101.80
1960     47        38.30
1960     48        15.12
1960     49         7.05
1960     50         0.00
1960     51         0.00
1960     52         0.00
1960     53         0.00
1960     54         0.00
1960     55+        0.00
1961     12-        0.00
1961     13         0.00
1961     14         0.00
1961     15        42.31
1961     16        55.41
1961     17       156.15
1961     18       335.47
1961     19       488.60
1961     20       775.70
1961     21      1210.91
1961     22      1694.47
1961     23      2098.43
1961     24      2615.23
1961     25      2816.72
1961     26      3016.19
1961     27      3212.63
1961     28      3441.31
1961     29      3365.75
1961     30      3434.26
1961     31      3208.60
1961     32      3254.94
1961     33      3140.10
1961     34      3207.59
1961     35      2883.21
1961     36      2878.17
1961     37      2587.02
1961     38      2460.09
1961     39      2153.84
1961     40      1713.60
1961     41      1350.94
1961     42       907.68
1961     43       588.32
1961     44       372.74
1961     45       190.41
1961     46        98.72
1961     47        40.29
1961     48        18.13
1961     49        11.08
1961     50         0.00
1961     51         0.00
1961     52         0.00
1961     53         0.00
1961     54         0.00
1961     55+        0.00
1962     12-        0.00
1962     13         0.00
1962     14         0.00
1962     15        40.29
1962     16        70.52
1962     17       186.37
1962     18       355.60
1962     19       647.74
1962     20       924.76
1962     21      1322.67
1962     22      1904.94
1962     23      2333.07
1962     24      2663.49
1962     25      3018.08
1962     26      3247.76
1962     27      3262.87
1962     28      3396.85
1962     29      3503.64
1962     30      3534.86
1962     31      3179.26
1962     32      3379.73
1962     33      3298.13
1962     34      3043.27
1962     35      3047.30
1962     36      2822.65
1962     37      2695.73
1962     38      2351.21
1962     39      2124.55
1962     40      1743.76
1962     41      1288.43
1962     42      1090.98
1962     43       586.29
1962     44       337.47
1962     45       202.48
1962     46       113.83
1962     47        45.34
1962     48        13.10
1962     49         5.04
1962     50         0.00
1962     51         0.00
1962     52         0.00
1962     53         0.00
1962     54         0.00
1962     55+        0.00
1963     12-        0.00
1963     13         0.00
1963     14         0.00
1963     15        35.30
1963     16        78.66
1963     17       230.95
1963     18       422.56
1963     19       684.78
1963     20      1095.25
1963     21      1412.93
1963     22      1965.60
1963     23      2566.67
1963     24      2912.59
1963     25      3066.89
1963     26      3404.75
1963     27      3513.67
1963     28      3433.99
1963     29      3472.32
1963     30      3754.71
1963     31      3387.60
1963     32      3367.43
1963     33      3287.76
1963     34      3103.20
1963     35      2871.25
1963     36      2784.51
1963     37      2567.68
1963     38      2413.38
1963     39      2041.24
1963     40      1752.80
1963     41      1328.21
1963     42       984.31
1963     43       680.74
1963     44       329.78
1963     45       153.30
1963     46        92.78
1963     47        25.21
1963     48        11.10
1963     49        12.10
1963     50         0.00
1963     51         0.00
1963     52         0.00
1963     53         0.00
1963     54         0.00
1963     55+        0.00
1964     12-        0.00
1964     13         0.00
1964     14         0.00
1964     15        35.22
1964     16        80.51
1964     17       233.48
1964     18       466.95
1964     19       769.86
1964     20      1156.31
1964     21      1717.86
1964     22      2058.01
1964     23      2417.28
1964     24      3177.08
1964     25      3292.82
1964     26      3391.44
1964     27      3664.16
1964     28      3643.03
1964     29      3602.77
1964     30      3444.77
1964     31      3555.48
1964     32      3425.65
1964     33      3050.28
1964     34      3105.64
1964     35      2747.37
1964     36      2698.06
1964     37      2626.60
1964     38      2276.39
1964     39      1990.59
1964     40      1671.56
1964     41      1380.73
1964     42      1000.32
1964     43       664.20
1964     44       418.64
1964     45       170.07
1964     46        93.59
1964     47        33.21
1964     48        10.07
1964     49         2.02
1964     50         0.00
1964     51         0.00
1964     52         0.00
1964     53         0.00
1964     54         0.00
1964     55+        0.00
1965     12-        0.00
1965     13         0.00
1965     14         0.00
1965     15        34.18
1965     16        78.41
1965     17       277.47
1965     18       484.57
1965     19       855.52
1965     20      1281.78
1965     21      1724.12
1965     22      2362.49
1965     23      2683.19
1965     24      2969.71
1965     25      3451.26
1965     26      3463.32
1965     27      3515.60
1965     28      3587.98
1965     29      3501.52
1965     30      3430.15
1965     31      3239.13
1965     32      3453.26
1965     33      3124.53
1965     34      2927.49
1965     35      2855.10
1965     36      2513.30
1965     37      2344.40
1965     38      2264.98
1965     39      1959.37
1965     40      1649.72
1965     41      1184.26
1965     42       934.95
1965     43       655.47
1965     44       368.95
1965     45       217.15
1965     46        76.40
1965     47        41.21
1965     48        11.06
1965     49         2.01
1965     50         0.00
1965     51         0.00
1965     52         0.00
1965     53         0.00
1965     54         0.00
1965     55+        0.00
1966     12-        0.00
1966     13         0.00
1966     14         0.00
1966     15        30.24
1966     16        79.64
1966     17       224.79
1966     18       477.81
1966     19       891.11
1966     20      1316.49
1966     21      1909.22
1966     22      2444.49
1966     23      2944.47
1966     24      2990.84
1966     25      3199.51
1966     26      3633.97
1966     27      3564.41
1966     28      3354.75
1966     29      3524.10
1966     30      3328.53
1966     31      3243.87
1966     32      3041.24
1966     33      3105.76
1966     34      2794.28
1966     35      2584.61
1966     36      2450.54
1966     37      2282.20
1966     38      2002.97
1966     39      1914.26
1966     40      1484.84
1966     41      1188.47
1966     42       886.06
1966     43       615.91
1966     44       350.79
1966     45       188.50
1966     46        99.79
1966     47        43.34
1966     48        17.13
1966     49         6.05
1966     50         0.00
1966     51         0.00
1966     52         0.00
1966     53         0.00
1966     54         0.00
1966     55+        0.00
1967     12-        0.00
1967     13         0.00
1967     14         0.00
1967     15        44.35
1967     16       111.87
1967     17       225.77
1967     18       546.28
1967     19       911.15
1967     20      1338.51
1967     21      1854.55
1967     22      2500.62
1967     23      2935.02
1967     24      3482.32
1967     25      3193.05
1967     26      3307.95
1967     27      3581.10
1967     28      3486.36
1967     29      3261.59
1967     30      3433.94
1967     31      3215.23
1967     32      2935.03
1967     33      2784.85
1967     34      2839.27
1967     35      2520.77
1967     36      2241.59
1967     37      2210.35
1967     38      1934.18
1967     39      1754.77
1967     40      1449.37
1967     41      1093.58
1967     42       840.60
1967     43       589.63
1967     44       323.54
1967     45       208.64
1967     46        91.72
1967     47        36.28
1967     48        13.10
1967     49        10.08
1967     50         0.00
1967     51         0.00
1967     52         0.00
1967     53         0.00
1967     54         0.00
1967     55+        0.00
1968     12-        0.00
1968     13         0.00
1968     14         0.00
1968     15        25.14
1968     16        98.56
1968     17       278.60
1968     18       491.83
1968     19       901.18
1968     20      1510.70
1968     21      2174.51
1968     22      2666.34
1968     23      3176.27
1968     24      3414.64
1968     25      3653.02
1968     26      3543.39
1968     27      3322.11
1968     28      3445.83
1968     29      3458.90
1968     30      3227.57
1968     31      3006.30
1968     32      2922.82
1968     33      2769.94
1968     34      2549.67
1968     35      2473.23
1968     36      2266.03
1968     37      2003.53
1968     38      1799.35
1968     39      1624.35
1968     40      1262.26
1968     41      1005.79
1968     42       772.45
1968     43       523.01
1968     44       302.74
1968     45       187.07
1968     46        92.53
1968     47        39.23
1968     48        13.08
1968     49         2.01
1968     50         0.00
1968     51         0.00
1968     52         0.00
1968     53         0.00
1968     54         0.00
1968     55+        0.00
1969     12-        0.00
1969     13         0.00
1969     14         0.00
1969     15        32.23
1969     16        90.65
1969     17       291.11
1969     18       563.08
1969     19       998.24
1969     20      1631.83
1969     21      2328.88
1969     22      2901.02
1969     23      3313.02
1969     24      3631.32
1969     25      3787.45
1969     26      3982.87
1969     27      3597.07
1969     28      3397.62
1969     29      3601.10
1969     30      3376.47
1969     31      2964.48
1969     32      2941.32
1969     33      2776.12
1969     34      2606.89
1969     35      2347.02
1969     36      2361.11
1969     37      1963.23
1969     38      1757.74
1969     39      1541.17
1969     40      1242.00
1969     41       957.95
1969     42       748.42
1969     43       504.66
1969     44       317.30
1969     45       204.48
1969     46        95.70
1969     47        34.24
1969     48        14.10
1969     49        10.07
1969     50         0.00
1969     51         0.00
1969     52         0.00
1969     53         0.00
1969     54         0.00
1969     55+        0.00
1970     12-        0.00
1970     13         0.00
1970     14         0.00
1970     15        28.07
1970     16       106.29
1970     17       324.87
1970     18       614.66
1970     19      1040.80
1970     20      1742.68
1970     21      2391.43
1970     22      3119.38
1970     23      3662.84
1970     24      3909.51
1970     25      3996.74
1970     26      4066.92
1970     27      3970.67
1970     28      3536.51
1970     29      3340.98
1970     30      3576.61
1970     31      3122.39
1970     32      2835.62
1970     33      2804.54
1970     34      2583.94
1970     35      2361.35
1970     36      2224.98
1970     37      2013.41
1970     38      1694.55
1970     39      1509.06
1970     40      1187.19
1970     41       904.43
1970     42       681.84
1970     43       435.17
1970     44       292.78
1970     45       164.45
1970     46        84.23
1970     47        34.09
1970     48        10.02
1970     49         9.02
1970     50         0.00
1970     51         0.00
1970     52         0.00
1970     53         0.00
1970     54         0.00
1970     55+        0.00
1971     12-        0.00
1971     13         0.00
1971     14         0.00
1971     15        49.21
1971     16       118.52
1971     17       350.53
1971     18       800.50
1971     19      1177.14
1971     20      1822.96
1971     21      2539.09
1971     22      3234.13
1971     23      3917.11
1971     24      4309.83
1971     25      4430.35
1971     26      4338.94
1971     27      4237.51
1971     28      4045.67
1971     29      3721.25
1971     30      3355.65
1971     31      3285.35
1971     32      3052.33
1971     33      2659.61
1971     34      2583.28
1971     35      2385.41
1971     36      2082.09
1971     37      1947.51
1971     38      1763.71
1971     39      1516.62
1971     40      1192.21
1971     41       961.19
1971     42       667.92
1971     43       478.08
1971     44       259.13
1971     45       145.64
1971     46        62.27
1971     47        32.14
1971     48        17.08
1971     49        11.04
1971     50         0.00
1971     51         0.00
1971     52         0.00
1971     53         0.00
1971     54         0.00
1971     55+        0.00
1972     12-        0.00
1972     13         0.00
1972     14         0.00
1972     15        55.25
1972     16       169.77
1972     17       389.75
1972     18       781.53
1972     19      1456.57
1972     20      2066.32
1972     21      2565.57
1972     22      3417.41
1972     23      3966.89
1972     24      4446.05
1972     25      4635.91
1972     26      4602.76
1972     27      4339.57
1972     28      3987.98
1972     29      3927.71
1972     30      3510.83
1972     31      3095.96
1972     32      2899.07
1972     33      2742.36
1972     34      2440.00
1972     35      2311.43
1972     36      2152.70
1972     37      1822.21
1972     38      1651.44
1972     39      1502.77
1972     40      1128.08
1972     41       860.88
1972     42       662.99
1972     43       403.82
1972     44       265.19
1972     45       148.67
1972     46        67.30
1972     47        32.14
1972     48        13.06
1972     49         7.03
1972     50         0.00
1972     51         0.00
1972     52         0.00
1972     53         0.00
1972     54         0.00
1972     55+        0.00
1973     12-        0.00
1973     13         0.00
1973     14         0.00
1973     15        68.22
1973     16       183.59
1973     17       450.45
1973     18       877.82
1973     19      1477.76
1973     20      2222.14
1973     21      2769.91
1973     22      3327.71
1973     23      3936.66
1973     24      4431.25
1973     25      4564.68
1973     26      4617.85
1973     27      4470.38
1973     28      4161.39
1973     29      4013.91
1973     30      3753.07
1973     31      3211.33
1973     32      2774.93
1973     33      2725.77
1973     34      2425.80
1973     35      2116.81
1973     36      2026.52
1973     37      1883.05
1973     38      1494.81
1973     39      1343.33
1973     40      1133.65
1973     41       840.70
1973     42       553.78
1973     43       398.28
1973     44       243.79
1973     45        97.32
1973     46        57.19
1973     47        25.08
1973     48        22.08
1973     49        12.04
1973     50         0.00
1973     51         0.00
1973     52         0.00
1973     53         0.00
1973     54         0.00
1973     55+        0.00
1974     12-        0.00
1974     13         0.00
1974     14         0.00
1974     15        60.09
1974     16       191.27
1974     17       510.74
1974     18       873.25
1974     19      1527.19
1974     20      2159.11
1974     21      2857.11
1974     22      3414.90
1974     23      3800.46
1974     24      4418.34
1974     25      4566.56
1974     26      4803.90
1974     27      4534.51
1974     28      4368.28
1974     29      3992.74
1974     30      3690.31
1974     31      3394.88
1974     32      2831.06
1974     33      2483.57
1974     34      2416.47
1974     35      2210.17
1974     36      1938.78
1974     37      1746.51
1974     38      1504.16
1974     39      1318.89
1974     40      1048.51
1974     41       854.23
1974     42       565.81
1974     43       388.56
1974     44       218.31
1974     45       103.15
1974     46        62.09
1974     47        22.03
1974     48        13.02
1974     49        18.03
1974     50         0.00
1974     51         0.00
1974     52         0.00
1974     53         0.00
1974     54         0.00
1974     55+        0.00
1975     12-        0.00
1975     13         0.00
1975     14         0.00
1975     15        60.12
1975     16       197.40
1975     17       465.94
1975     18       973.97
1975     19      1564.17
1975     20      2284.62
1975     21      2642.35
1975     22      3400.89
1975     23      3887.87
1975     24      4105.31
1975     25      4481.07
1975     26      4463.04
1975     27      4509.13
1975     28      4357.82
1975     29      4045.19
1975     30      3704.50
1975     31      3286.65
1975     32      2982.04
1975     33      2543.15
1975     34      2148.35
1975     35      2069.19
1975     36      1804.65
1975     37      1496.03
1975     38      1474.99
1975     39      1181.39
1975     40      1000.02
1975     41       725.47
1975     42       566.15
1975     43       340.69
1975     44       215.43
1975     45       129.26
1975     46        34.07
1975     47        20.04
1975     48         8.02
1975     49         9.02
1975     50         0.00
1975     51         0.00
1975     52         0.00
1975     53         0.00
1975     54         0.00
1975     55+        0.00
1976     12-        0.00
1976     13         0.00
1976     14         0.00
1976     15        50.19
1976     16       171.67
1976     17       494.93
1976     18       897.50
1976     19      1581.17
1976     20      2194.56
1976     21      2762.77
1976     22      3264.73
1976     23      3752.63
1976     24      4203.39
1976     25      4388.10
1976     26      4572.83
1976     27      4690.28
1976     28      4404.17
1976     29      4241.54
1976     30      3931.33
1976     31      3479.56
1976     32      2969.57
1976     33      2692.50
1976     34      2271.85
1976     35      2006.82
1976     36      1824.11
1976     37      1606.26
1976     38      1276.98
1976     39      1051.09
1976     40       956.73
1976     41       666.60
1976     42       508.98
1976     43       348.36
1976     44       218.86
1976     45       139.54
1976     46        53.21
1976     47        27.10
1976     48         8.03
1976     49        10.04
1976     50         0.00
1976     51         0.00
1976     52         0.00
1976     53         0.00
1976     54         0.00
1976     55+        0.00
1977     12-        0.00
1977     13         0.00
1977     14         0.00
1977     15        45.14
1977     16       138.44
1977     17       483.55
1977     18       966.10
1977     19      1524.89
1977     20      2240.18
1977     21      2591.32
1977     22      3207.29
1977     23      3728.97
1977     24      4398.11
1977     25      4408.14
1977     26      4503.45
1977     27      4574.68
1977     28      4535.55
1977     29      4462.31
1977     30      4216.52
1977     31      3639.67
1977     32      3271.49
1977     33      2792.96
1977     34      2530.12
1977     35      2103.74
1977     36      1679.38
1977     37      1683.40
1977     38      1337.29
1977     39      1027.30
1977     40       902.89
1977     41       655.10
1977     42       486.56
1977     43       321.03
1977     44       205.66
1977     45       124.40
1977     46        55.18
1977     47        29.10
1977     48        11.03
1977     49        11.03
1977     50         0.00
1977     51         0.00
1977     52         0.00
1977     53         0.00
1977     54         0.00
1977     55+        0.00
1978     12-        0.00
1978     13         0.00
1978     14         0.00
1978     15        48.18
1978     16       174.65
1978     17       497.85
1978     18       980.65
1978     19      1598.96
1978     20      2155.03
1978     21      2761.29
1978     22      3186.88
1978     23      3780.09
1978     24      4156.49
1978     25      4675.42
1978     26      4609.18
1978     27      4618.21
1978     28      4485.72
1978     29      4504.79
1978     30      4395.38
1978     31      3838.30
1978     32      3340.45
1978     33      2935.94
1978     34      2737.20
1978     35      2303.58
1978     36      1885.02
1978     37      1540.74
1978     38      1318.91
1978     39      1148.28
1978     40       825.07
1978     41       634.37
1978     42       467.75
1978     43       300.12
1978     44       186.69
1978     45       120.45
1978     46        48.18
1978     47        15.05
1978     48        15.05
1978     49         9.04
1978     50         0.00
1978     51         0.00
1978     52         0.00
1978     53         0.00
1978     54         0.00
1978     55+        0.00
1979     12-        0.00
1979     13         0.00
1979     14         0.00
1979     15        52.32
1979     16       174.05
1979     17       542.27
1979     18      1078.52
1979     19      1667.07
1979     20      2249.59
1979     21      2748.59
1979     22      3330.11
1979     23      3778.81
1979     24      4319.08
1979     25      4599.78
1979     26      5076.65
1979     27      4837.20
1979     28      4556.52
1979     29      4785.90
1979     30      4412.64
1979     31      3978.02
1979     32      3701.35
1979     33      3194.29
1979     34      2801.92
1979     35      2243.55
1979     36      2026.23
1979     37      1575.52
1979     38      1237.47
1979     39      1077.51
1979     40       868.24
1979     41       569.44
1979     42       418.53
1979     43       293.77
1979     44       172.04
1979     45        93.57
1979     46        39.24
1979     47        19.11
1979     48        12.07
1979     49         8.05
1979     50         0.00
1979     51         0.00
1979     52         0.00
1979     53         0.00
1979     54         0.00
1979     55+        0.00
1980     12-        0.00
1980     13         0.00
1980     14         0.00
1980     15        63.60
1980     16       197.89
1980     17       538.15
1980     18      1032.87
1980     19      1782.04
1980     20      2330.27
1980     21      2734.13
1980     22      3373.24
1980     23      3919.47
1980     24      4299.09
1980     25      4824.12
1980     26      4839.26
1980     27      5135.08
1980     28      4851.37
1980     29      4545.45
1980     30      4387.94
1980     31      4038.61
1980     32      3727.64
1980     33      3270.26
1980     34      2853.27
1980     35      2479.71
1980     36      2147.53
1980     37      1807.28
1980     38      1333.75
1980     39      1040.95
1980     40       845.08
1980     41       608.82
1980     42       434.15
1980     43       268.57
1980     44       182.75
1980     45        93.90
1980     46        47.46
1980     47        11.11
1980     48        13.13
1980     49         6.06
1980     50         0.00
1980     51         0.00
1980     52         0.00
1980     53         0.00
1980     54         0.00
1980     55+        0.00
1981     12-        0.00
1981     13         0.00
1981     14         0.00
1981     15        60.50
1981     16       203.71
1981     17       506.24
1981     18      1064.92
1981     19      1709.31
1981     20      2214.54
1981     21      2819.61
1981     22      3170.54
1981     23      3653.58
1981     24      4074.10
1981     25      4480.51
1981     26      4711.43
1981     27      4655.98
1981     28      4858.67
1981     29      4450.25
1981     30      4265.71
1981     31      4028.72
1981     32      3692.91
1981     33      3413.57
1981     34      2961.79
1981     35      2581.61
1981     36      2069.32
1981     37      1725.45
1981     38      1382.57
1981     39      1087.10
1981     40       758.35
1981     41       580.86
1981     42       367.07
1981     43       255.13
1981     44       173.45
1981     45        97.82
1981     46        44.37
1981     47        25.21
1981     48         6.05
1981     49         7.06
1981     50         0.00
1981     51         0.00
1981     52         0.00
1981     53         0.00
1981     54         0.00
1981     55+        0.00
1982     12-        0.00
1982     13         0.00
1982     14         0.00
1982     15        70.78
1982     16       167.86
1982     17       500.54
1982     18      1038.50
1982     19      1548.13
1982     20      2055.76
1982     21      2633.14
1982     22      3095.25
1982     23      3435.01
1982     24      3962.86
1982     25      4256.10
1982     26      4571.59
1982     27      4770.80
1982     28      4649.45
1982     29      4659.57
1982     30      4292.51
1982     31      3828.37
1982     32      3664.56
1982     33      3345.02
1982     34      3012.33
1982     35      2575.50
1982     36      2141.71
1982     37      1791.83
1982     38      1441.96
1982     39      1088.04
1982     40       762.44
1982     41       508.63
1982     42       385.26
1982     43       255.84
1982     44       169.88
1982     45        85.95
1982     46        44.49
1982     47        16.18
1982     48        11.12
1982     49         5.06
1982     50         1.01
1982     51         0.00
1982     52         0.00
1982     53         0.00
1982     54         0.00
1982     55+        0.00
1983     12-        0.00
1983     13         0.00
1983     14         0.00
1983     15        47.63
1983     16       159.09
1983     17       490.46
1983     18       912.01
1983     19      1410.58
1983     20      1909.15
1983     21      2272.93
1983     22      2934.66
1983     23      3381.54
1983     24      3787.89
1983     25      4126.35
1983     26      4298.62
1983     27      4432.38
1983     28      4536.76
1983     29      4244.91
1983     30      4153.71
1983     31      3853.76
1983     32      3351.14
1983     33      3078.54
1983     34      2770.49
1983     35      2468.51
1983     36      2146.26
1983     37      1696.34
1983     38      1364.98
1983     39      1004.23
1983     40       887.70
1983     41       544.17
1983     42       357.71
1983     43       230.03
1983     44       136.80
1983     45        53.71
1983     46        34.46
1983     47        22.29
1983     48        10.13
1983     49         2.03
1983     50         5.06
1983     51         0.00
1983     52         0.00
1983     53         0.00
1983     54         0.00
1983     55+        0.00
1984     12-        0.00
1984     13         0.00
1984     14         0.00
1984     15        49.58
1984     16       174.02
1984     17       422.93
1984     18       844.85
1984     19      1429.67
1984     20      1758.50
1984     21      2299.82
1984     22      2680.25
1984     23      3168.95
1984     24      3529.15
1984     25      3847.87
1984     26      4140.27
1984     27      4282.94
1984     28      4218.19
1984     29      4299.13
1984     30      4004.69
1984     31      3607.06
1984     32      3232.69
1984     33      2958.50
1984     34      2624.61
1984     35      2332.20
1984     36      2012.46
1984     37      1638.10
1984     38      1349.73
1984     39      1069.47
1984     40       751.77
1984     41       540.30
1984     42       333.90
1984     43       196.29
1984     44       118.38
1984     45        76.90
1984     46        36.43
1984     47        19.22
1984     48         4.04
1984     49         4.04
1984     50         5.06
1984     51         0.00
1984     52         0.00
1984     53         0.00
1984     54         0.00
1984     55+        0.00
1985     12-        0.00
1985     13         0.00
1985     14         0.00
1985     15        41.64
1985     16       157.40
1985     17       419.39
1985     18       815.43
1985     19      1248.02
1985     20      1644.06
1985     21      1943.62
1985     22      2452.39
1985     23      2962.15
1985     24      3364.29
1985     25      3786.72
1985     26      4058.87
1985     27      4176.66
1985     28      4246.74
1985     29      4109.65
1985     30      4052.77
1985     31      3619.17
1985     32      3374.43
1985     33      2941.84
1985     34      2589.47
1985     35      2294.99
1985     36      2048.22
1985     37      1601.41
1985     38      1321.14
1985     39      1015.47
1985     40       753.49
1985     41       549.37
1985     42       341.20
1985     43       218.32
1985     44       118.81
1985     45        67.02
1985     46        33.51
1985     47        12.19
1985     48         5.07
1985     49         0.00
1985     50         3.04
1985     51         0.00
1985     52         0.00
1985     53         0.00
1985     54         0.00
1985     55+        0.00
1986     12-        0.00
1986     13         0.00
1986     14         0.00
1986     15        34.42
1986     16       165.02
1986     17       430.27
1986     18       826.12
1986     19      1194.64
1986     20      1515.57
1986     21      1966.09
1986     22      2261.71
1986     23      2817.52
1986     24      3269.06
1986     25      3608.21
1986     26      4046.58
1986     27      4065.81
1986     28      4177.18
1986     29      4069.87
1986     30      3838.02
1986     31      3748.94
1986     32      3384.47
1986     33      3142.51
1986     34      2637.31
1986     35      2219.19
1986     36      2032.90
1986     37      1665.40
1986     38      1339.41
1986     39      1056.95
1986     40       778.54
1986     41       530.50
1986     42       336.12
1986     43       232.85
1986     44       109.34
1986     45        62.77
1986     46        35.44
1986     47        11.14
1986     48         3.04
1986     49         4.05
1986     50         3.03
1986     51         0.00
1986     52         0.00
1986     53         0.00
1986     54         0.00
1986     55+        0.00
1987     12-        0.00
1987     13         0.00
1987     14         0.00
1987     15        50.56
1987     16       145.62
1987     17       419.67
1987     18       857.54
1987     19      1117.43
1987     20      1399.56
1987     21      1671.60
1987     22      2101.38
1987     23      2479.59
1987     24      3020.61
1987     25      3333.08
1987     26      3760.84
1987     27      3959.04
1987     28      3959.04
1987     29      4037.92
1987     30      3765.90
1987     31      3617.24
1987     32      3288.58
1987     33      2914.42
1987     34      2605.99
1987     35      2220.70
1987     36      1824.29
1987     37      1569.46
1987     38      1217.54
1987     39      1021.36
1987     40       782.71
1987     41       514.73
1987     42       371.12
1987     43       193.15
1987     44       108.20
1987     45        55.62
1987     46        27.31
1987     47        12.13
1987     48         5.06
1987     49         0.00
1987     50         4.05
1987     51         0.00
1987     52         0.00
1987     53         0.00
1987     54         0.00
1987     55+        0.00
1988     12-        0.00
1988     13         0.00
1988     14         0.00
1988     15        57.63
1988     16       154.69
1988     17       391.29
1988     18       808.86
1988     19      1070.73
1988     20      1324.51
1988     21      1518.63
1988     22      1881.60
1988     23      2197.06
1988     24      2640.93
1988     25      3027.16
1988     26      3332.50
1988     27      3892.63
1988     28      3871.40
1988     29      3806.69
1988     30      3655.03
1988     31      3394.18
1988     32      3043.33
1988     33      2810.79
1988     34      2436.69
1988     35      2121.23
1988     36      1744.10
1988     37      1440.78
1988     38      1131.40
1988     39       927.15
1988     40       693.59
1988     41       476.21
1988     42       313.43
1988     43       227.49
1988     44       116.28
1988     45        50.55
1988     46        26.29
1988     47        12.14
1988     48         3.04
1988     49         0.00
1988     50         0.00
1988     51         0.00
1988     52         0.00
1988     53         0.00
1988     54         0.00
1988     55+        0.00
1989     12-        1.01
1989     13         0.00
1989     14         7.06
1989     15        44.39
1989     16       165.47
1989     17       403.60
1989     18       711.33
1989     19      1067.50
1989     20      1169.41
1989     21      1410.55
1989     22      1576.03
1989     23      1968.53
1989     24      2355.97
1989     25      2886.69
1989     26      3130.87
1989     27      3449.71
1989     28      3690.85
1989     29      3781.66
1989     30      3457.77
1989     31      3406.32
1989     32      3058.22
1989     33      2662.70
1989     34      2402.39
1989     35      2061.34
1989     36      1768.74
1989     37      1488.25
1989     38      1111.89
1989     39       867.72
1989     40       721.42
1989     41       489.35
1989     42       322.87
1989     43       185.65
1989     44       100.90
1989     45        49.44
1989     46        28.25
1989     47         8.08
1989     48         3.02
1989     49         2.02
1989     50         0.00
1989     51         0.00
1989     52         0.00
1989     53         1.01
1989     54         0.00
1989     55+        0.00
1990     12-        1.01
1990     13         3.02
1990     14         8.08
1990     15        54.51
1990     16       179.67
1990     17       462.31
1990     18       797.43
1990     19      1187.06
1990     20      1250.65
1990     21      1357.64
1990     22      1602.93
1990     23      1817.93
1990     24      2197.46
1990     25      2729.42
1990     26      3146.30
1990     27      3706.52
1990     28      3722.67
1990     29      3988.14
1990     30      3893.26
1990     31      3451.14
1990     32      3032.24
1990     33      2770.80
1990     34      2437.71
1990     35      2213.62
1990     36      1760.39
1990     37      1523.19
1990     38      1097.22
1990     39       859.00
1990     40       636.93
1990     41       461.30
1990     42       317.96
1990     43       181.69
1990     44        96.90
1990     45        47.44
1990     46        32.30
1990     47        10.09
1990     48         5.05
1990     49         1.01
1990     50         2.02
1990     51         0.00
1990     52         0.00
1990     53         0.00
1990     54         0.00
1990     55+        0.00
1991     12-        1.01
1991     13         1.01
1991     14         5.05
1991     15        47.45
1991     16       195.84
1991     17       463.37
1991     18       895.44
1991     19      1195.27
1991     20      1385.05
1991     21      1405.25
1991     22      1641.48
1991     23      1808.05
1991     24      2084.65
1991     25      2613.64
1991     26      3055.81
1991     27      3446.49
1991     28      3741.27
1991     29      3714.02
1991     30      3789.73
1991     31      3490.91
1991     32      3191.09
1991     33      2811.50
1991     34      2379.44
1991     35      2163.39
1991     36      1847.42
1991     37      1454.72
1991     38      1230.60
1991     39       866.17
1991     40       682.43
1991     41       448.23
1991     42       293.77
1991     43       166.57
1991     44       113.06
1991     45        51.49
1991     46        19.18
1991     47        11.11
1991     48         1.01
1991     49         5.05
1991     50         0.00
1991     51         0.00
1991     52         1.01
1991     53         0.00
1991     54         0.00
1991     55+        0.00
1992     12-        1.01
1992     13         1.01
1992     14         4.04
1992     15        41.39
1992     16       189.80
1992     17       465.41
1992     18       813.71
1992     19      1223.60
1992     20      1354.84
1992     21      1321.52
1992     22      1491.12
1992     23      1777.84
1992     24      1988.84
1992     25      2291.71
1992     26      2797.50
1992     27      3276.04
1992     28      3606.16
1992     29      3634.43
1992     30      3683.90
1992     31      3479.97
1992     32      3238.68
1992     33      2727.84
1992     34      2511.79
1992     35      2118.06
1992     36      1754.63
1992     37      1497.18
1992     38      1147.88
1992     39       933.84
1992     40       642.09
1992     41       452.28
1992     42       272.58
1992     43       183.74
1992     44        84.81
1992     45        42.40
1992     46        28.27
1992     47         5.05
1992     48         1.01
1992     49         2.02
1992     50         0.00
1992     51         0.00
1992     52         0.00
1992     53         1.01
1992     54         0.00
1992     55+        0.00
1993     12-        0.00
1993     13         2.02
1993     14         9.07
1993     15        45.34
1993     16       178.34
1993     17       455.43
1993     18       785.91
1993     19      1146.63
1993     20      1246.38
1993     21      1327.99
1993     22      1388.45
1993     23      1599.03
1993     24      1888.21
1993     25      2130.03
1993     26      2575.38
1993     27      2981.44
1993     28      3262.55
1993     29      3608.15
1993     30      3698.84
1993     31      3445.93
1993     32      3204.11
1993     33      2896.79
1993     34      2508.88
1993     35      2061.51
1993     36      1773.34
1993     37      1426.73
1993     38      1090.20
1993     39       851.41
1993     40       689.18
1993     41       387.92
1993     42       277.09
1993     43       164.23
1993     44       109.82
1993     45        42.32
1993     46        25.19
1993     47         9.07
1993     48         8.06
1993     49         2.01
1993     50         1.01
1993     51         0.00
1993     52         0.00
1993     53         0.00
1993     54         0.00
1993     55+        0.00
1994     12-        0.00
1994     13         0.00
1994     14        10.08
1994     15        57.42
1994     16       183.35
1994     17       398.95
1994     18       753.56
1994     19      1031.61
1994     20      1146.46
1994     21      1303.61
1994     22      1433.58
1994     23      1472.86
1994     24      1802.30
1994     25      2059.20
1994     26      2413.81
1994     27      2790.59
1994     28      3239.90
1994     29      3469.60
1994     30      3586.46
1994     31      3481.68
1994     32      3222.77
1994     33      2975.96
1994     34      2540.75
1994     35      2225.42
1994     36      1741.85
1994     37      1416.45
1994     38      1061.83
1994     39       864.38
1994     40       606.47
1994     41       401.97
1994     42       255.89
1994     43       149.10
1994     44        81.60
1994     45        47.35
1994     46        16.11
1994     47         7.06
1994     48         2.02
1994     49         3.02
1994     50         0.00
1994     51         0.00
1994     52         0.00
1994     53         0.00
1994     54         0.00
1994     55+        0.00
1995     12-        1.00
1995     13         1.00
1995     14         9.02
1995     15        42.08
1995     16       206.37
1995     17       431.78
1995     18       783.43
1995     19       996.82
1995     20      1174.14
1995     21      1314.39
1995     22      1391.54
1995     23      1535.80
1995     24      1758.21
1995     25      1995.65
1995     26      2314.22
1995     27      2733.99
1995     28      3029.52
1995     29      3421.24
1995     30      3702.76
1995     31      3597.56
1995     32      3336.09
1995     33      3023.52
1995     34      2721.96
1995     35      2283.17
1995     36      1833.34
1995     37      1478.70
1995     38      1164.13
1995     39       867.58
1995     40       607.11
1995     41       446.82
1995     42       265.49
1995     43       144.27
1995     44        91.17
1995     45        46.09
1995     46        25.05
1995     47        11.02
1995     48         1.01
1995     49         0.00
1995     50         0.00
1995     51         0.00
1995     52         0.00
1995     53         0.00
1995     54         0.00
1995     55+        0.00
1996     12-        0.00
1996     13         0.00
1996     14         3.01
1996     15        46.07
1996     16       220.32
1996     17       499.72
1996     18       867.25
1996     19      1130.63
1996     20      1275.84
1996     21      1399.01
1996     22      1436.07
1996     23      1600.30
1996     24      1812.61
1996     25      2044.95
1996     26      2334.36
1996     27      2775.00
1996     28      3128.51
1996     29      3377.87
1996     30      3590.17
1996     31      3707.34
1996     32      3590.18
1996     33      3275.72
1996     34      2768.99
1996     35      2533.65
1996     36      2055.96
1996     37      1585.29
1996     38      1197.73
1996     39       907.31
1996     40       569.82
1996     41       385.55
1996     42       252.36
1996     43       141.21
1996     44        77.11
1996     45        42.06
1996     46        15.02
1996     47         5.00
1996     48         2.01
1996     49         1.00
1996     50         0.00
1996     51         0.00
1996     52         0.00
1996     53         0.00
1996     54         0.00
1996     55+        0.00
1997     12-        0.00
1997     13         0.00
1997     14        10.01
1997     15        48.07
1997     16       222.33
1997     17       523.78
1997     18       940.40
1997     19      1181.77
1997     20      1285.93
1997     21      1368.04
1997     22      1312.97
1997     23      1590.38
1997     24      1865.80
1997     25      2050.07
1997     26      2487.72
1997     27      2851.27
1997     28      3260.89
1997     29      3453.17
1997     30      3725.58
1997     31      3762.63
1997     32      3720.57
1997     33      3437.14
1997     34      3137.69
1997     35      2618.92
1997     36      2220.32
1997     37      1748.62
1997     38      1289.93
1997     39       913.37
1997     40       668.00
1997     41       461.69
1997     42       275.41
1997     43       180.27
1997     44        77.11
1997     45        55.08
1997     46        20.03
1997     47         8.01
1997     48         1.00
1997     49         1.00
1997     50         0.00
1997     51         0.00
1997     52         0.00
1997     53         0.00
1997     54         0.00
1997     55+        0.00
1998     12-        0.00
1998     13         2.01
1998     14         9.05
1998     15        40.21
1998     16       217.17
1998     17       590.16
1998     18      1013.43
1998     19      1358.27
1998     20      1438.71
1998     21      1397.48
1998     22      1492.99
1998     23      1591.53
1998     24      1779.53
1998     25      2116.34
1998     26      2376.72
1998     27      2870.37
1998     28      3095.58
1998     29      3541.97
1998     30      3707.86
1998     31      3833.53
1998     32      3694.79
1998     33      3507.78
1998     34      3157.91
1998     35      2733.63
1998     36      2308.36
1998     37      1840.86
1998     38      1427.64
1998     39      1061.69
1998     40       734.94
1998     41       459.46
1998     42       241.29
1998     43       149.80
1998     44       106.57
1998     45        36.20
1998     46        16.09
1998     47         8.04
1998     48         9.05
1998     49         1.00
1998     50         1.01
1998     51         0.00
1998     52         0.00
1998     53         0.00
1998     54         0.00
1998     55+        0.00
1999     12-        0.00
1999     13         0.00
1999     14        11.06
1999     15        55.30
1999     16       228.23
1999     17       529.85
1999     18      1095.90
1999     19      1411.59
1999     20      1554.36
1999     21      1431.70
1999     22      1477.95
1999     23      1489.01
1999     24      1718.24
1999     25      1982.66
1999     26      2420.02
1999     27      2727.67
1999     28      3153.96
1999     29      3561.16
1999     30      3645.61
1999     31      3792.40
1999     32      3672.75
1999     33      3441.50
1999     34      3321.86
1999     35      2784.97
1999     36      2387.84
1999     37      1798.68
1999     38      1428.69
1999     39      1072.77
1999     40       682.67
1999     41       459.47
1999     42       276.49
1999     43       159.85
1999     44        76.41
1999     45        48.26
1999     46        12.07
1999     47        10.06
1999     48         0.00
1999     49         2.01
1999     50         0.00
1999     51         0.00
1999     52         1.00
1999     53         0.00
1999     54         0.00
1999     55+        0.00
2000     12-        0.00
2000     13         0.00
2000     14        10.04
2000     15        57.27
2000     16       206.98
2000     17       506.42
2000     18       977.66
2000     19      1372.54
2000     20      1573.50
2000     21      1525.27
2000     22      1585.55
2000     23      1569.48
2000     24      1717.18
2000     25      1910.10
2000     26      2308.00
2000     27      2686.80
2000     28      3260.53
2000     29      3455.46
2000     30      3716.70
2000     31      3853.36
2000     32      3751.87
2000     33      3553.93
2000     34      3228.38
2000     35      2993.26
2000     36      2489.87
2000     37      2037.71
2000     38      1459.96
2000     39      1144.45
2000     40       762.64
2000     41       487.32
2000     42       297.42
2000     43       149.72
2000     44        76.36
2000     45        40.19
2000     46        14.07
2000     47         6.03
2000     48         3.02
2000     49         0.00
2000     50         0.00
2000     51         0.00
2000     52         0.00
2000     53         0.00
2000     54         0.00
2000     55+        0.00
2001     12-        0.00
2001     13         1.00
2001     14         8.04
2001     15        58.28
2001     16       215.04
2001     17       522.53
2001     18       979.75
2001     19      1317.40
2001     20      1537.47
2001     21      1644.99
2001     22      1651.02
2001     23      1705.28
2001     24      1826.88
2001     25      2094.17
2001     26      2466.98
2001     27      2749.35
2001     28      3269.89
2001     29      3648.72
2001     30      3968.28
2001     31      4153.17
2001     32      3969.28
2001     33      3770.31
2001     34      3509.05
2001     35      3083.98
2001     36      2695.09
2001     37      2160.50
2001     38      1683.17
2001     39      1208.87
2001     40       810.94
2001     41       512.49
2001     42       307.49
2001     43       148.72
2001     44        96.47
2001     45        48.24
2001     46        20.09
2001     47         7.04
2001     48         2.01
2001     49         1.00
2001     50         1.01
2001     51         0.00
2001     52         0.00
2001     53         0.00
2001     54         0.00
2001     55+        0.00
2002     12-        0.00
2002     13         0.00
2002     14         8.05
2002     15        54.31
2002     16       220.25
2002     17       500.85
2002     18       919.23
2002     19      1262.18
2002     20      1532.71
2002     21      1593.06
2002     22      1658.43
2002     23      1889.75
2002     24      1931.98
2002     25      2164.31
2002     26      2609.84
2002     27      2812.99
2002     28      3288.70
2002     29      3799.61
2002     30      4197.87
2002     31      4280.34
2002     32      4340.68
2002     33      4024.89
2002     34      3642.71
2002     35      3325.91
2002     36      2878.37
2002     37      2328.24
2002     38      1782.13
2002     39      1402.97
2002     40       849.83
2002     41       577.28
2002     42       321.83
2002     43       144.82
2002     44        88.50
2002     45        40.22
2002     46        16.09
2002     47        13.07
2002     48         0.00
2002     49         1.01
2002     50         0.00
2002     51         0.00
2002     52         0.00
2002     53         0.00
2002     54         0.00
2002     55+        0.00
2003     12-        0.00
2003     13         1.00
2003     14        11.06
2003     15        46.25
2003     16       198.09
2003     17       500.76
2003     18       872.82
2003     19      1213.71
2003     20      1385.65
2003     21      1523.42
2003     22      1661.18
2003     23      1842.18
2003     24      2012.12
2003     25      2168.98
2003     26      2465.62
2003     27      2853.77
2003     28      3334.43
2003     29      3905.58
2003     30      4209.26
2003     31      4393.28
2003     32      4379.20
2003     33      4246.46
2003     34      3858.32
2003     35      3434.98
2003     36      2894.99
2003     37      2447.52
2003     38      2012.12
2003     39      1391.69
2003     40      1005.55
2003     41       588.25
2003     42       312.73
2003     43       210.16
2003     44        81.45
2003     45        37.21
2003     46        21.12
2003     47         5.03
2003     48         2.01
2003     49         0.00
2003     50         1.01
2003     51         0.00
2003     52         0.00
2003     53         0.00
2003     54         0.00
2003     55+        0.00
2004     12-        0.00
2004     13         0.00
2004     14         3.02
2004     15        47.31
2004     16       197.31
2004     17       380.53
2004     18       774.15
2004     19      1107.36
2004     20      1332.86
2004     21      1518.09
2004     22      1659.03
2004     23      1724.47
2004     24      2033.52
2004     25      2211.71
2004     26      2475.46
2004     27      2809.68
2004     28      3251.61
2004     29      3776.11
2004     30      4118.38
2004     31      4489.85
2004     32      4456.63
2004     33      4388.17
2004     34      4097.24
2004     35      3608.99
2004     36      3155.98
2004     37      2485.52
2004     38      1959.03
2004     39      1526.14
2004     40      1034.88
2004     41       610.06
2004     42       367.44
2004     43       200.33
2004     44       101.68
2004     45        36.24
2004     46        22.15
2004     47         7.05
2004     48         3.02
2004     49         1.01
2004     50         0.00
2004     51         0.00
2004     52         0.00
2004     53         0.00
2004     54         0.00
2004     55+        0.00
2005     12-        0.00
2005     13         0.00
2005     14         7.01
2005     15        37.05
2005     16       183.25
2005     17       385.54
2005     18       746.05
2005     19      1050.47
2005     20      1251.76
2005     21      1354.90
2005     22      1546.17
2005     23      1665.34
2005     24      1945.73
2005     25      2145.01
2005     26      2426.40
2005     27      2639.70
2005     28      2993.19
2005     29      3474.87
2005     30      3997.60
2005     31      4353.10
2005     32      4571.40
2005     33      4519.34
2005     34      4169.84
2005     35      3729.23
2005     36      3305.63
2005     37      2679.76
2005     38      2067.89
2005     39      1556.18
2005     40      1068.50
2005     41       695.97
2005     42       392.55
2005     43       221.31
2005     44       108.15
2005     45        51.07
2005     46        17.02
2005     47         7.01
2005     48         5.01
2005     49         1.00
2005     50         0.00
2005     51         2.01
2005     52         0.00
2005     53         0.00
2005     54         0.00
2005     55+        0.00
2006     12-        0.00
2006     13         3.00
2006     14         8.00
2006     15        37.02
2006     16       151.07
2006     17       365.18
2006     18       676.33
2006     19      1095.54
2006     20      1325.65
2006     21      1436.70
2006     22      1677.82
2006     23      1884.92
2006     24      2077.02
2006     25      2313.13
2006     26      2654.30
2006     27      3096.52
2006     28      3332.63
2006     29      3693.80
2006     30      4054.99
2006     31      4577.23
2006     32      4671.28
2006     33      4574.24
2006     34      4527.21
2006     35      4076.99
2006     36      3587.75
2006     37      2833.39
2006     38      2201.08
2006     39      1666.81
2006     40      1145.56
2006     41       719.36
2006     42       467.23
2006     43       247.12
2006     44       141.07
2006     45        53.03
2006     46        29.02
2006     47         9.01
2006     48         9.01
2006     49         1.00
2006     50         2.00
2006     51         1.00
2006     52         0.00
2006     53         0.00
2006     54         0.00
2006     55+        1.00
2007     12-        0.00
2007     13         1.00
2007     14         9.00
2007     15        59.02
2007     16       158.04
2007     17       397.10
2007     18       723.19
2007     19      1158.31
2007     20      1359.37
2007     21      1605.43
2007     22      1769.47
2007     23      1920.51
2007     24      2266.61
2007     25      2583.69
2007     26      2869.76
2007     27      3375.90
2007     28      3686.98
2007     29      4078.08
2007     30      4467.19
2007     31      4882.30
2007     32      5073.35
2007     33      5053.35
2007     34      4939.32
2007     35      4526.20
2007     36      3940.05
2007     37      3143.84
2007     38      2395.63
2007     39      1849.49
2007     40      1297.35
2007     41       821.22
2007     42       473.13
2007     43       241.07
2007     44       146.03
2007     45        63.02
2007     46        32.01
2007     47        11.01
2007     48         3.01
2007     49         5.01
2007     50         0.00
2007     51         1.00
2007     52         1.00
2007     53         2.00
2007     54         0.00
2007     55+        0.00
2008     12-        0.01
2008     13         0.53
2008     14         7.46
2008     15        36.01
2008     16       170.06
2008     17       378.13
2008     18       698.23
2008     19      1112.37
2008     20      1357.45
2008     21      1674.56
2008     22      1832.61
2008     23      2075.69
2008     24      2345.78
2008     25      2671.89
2008     26      3153.04
2008     27      3556.18
2008     28      4073.35
2008     29      4427.47
2008     30      4893.62
2008     31      5102.70
2008     32      5273.75
2008     33      5182.72
2008     34      4986.65
2008     35      4695.56
2008     36      4018.34
2008     37      3459.15
2008     38      2669.89
2008     39      2075.69
2008     40      1318.43
2008     41       850.28
2008     42       507.17
2008     43       266.09
2008     44       136.05
2008     45        80.02
2008     46        44.02
2008     47        15.00
2008     48         9.01
2008     49        12.00
2008     50         1.00
2008     51         1.93
2008     52         1.75
2008     53         0.90
2008     54         0.35
2008     55+        0.09
2009     12-        0.00
2009     13         1.00
2009     14         4.00
2009     15        40.02
2009     16       166.07
2009     17       369.15
2009     18       634.27
2009     19      1035.44
2009     20      1273.54
2009     21      1489.63
2009     22      1810.77
2009     23      2001.85
2009     24      2271.97
2009     25      2663.13
2009     26      3190.35
2009     27      3606.53
2009     28      4093.74
2009     29      4684.99
2009     30      4889.07
2009     31      5117.17
2009     32      5262.23
2009     33      5225.22
2009     34      4923.08
2009     35      4649.97
2009     36      4203.78
2009     37      3491.48
2009     38      2865.21
2009     39      2132.90
2009     40      1429.61
2009     41       880.37
2009     42       526.23
2009     43       301.13
2009     44       157.07
2009     45        84.03
2009     46        35.01
2009     47        21.01
2009     48        10.00
2009     49         8.00
2009     50         2.00
2009     51         0.00
2009     52         1.00
2009     53         2.00
2009     54         0.00
2009     55+        0.00
2010     12-        0.00
2010     13         1.00
2010     14         7.01
2010     15        39.01
2010     16       115.04
2010     17       311.09
2010     18       607.18
2010     19       963.29
2010     20      1175.35
2010     21      1320.39
2010     22      1516.44
2010     23      1917.56
2010     24      2159.63
2010     25      2521.74
2010     26      3015.88
2010     27      3571.05
2010     28      4030.18
2010     29      4682.37
2010     30      5089.49
2010     31      5293.55
2010     32      5386.58
2010     33      5368.57
2010     34      4960.45
2010     35      4839.42
2010     36      4196.23
2010     37      3500.02
2010     38      2758.81
2010     39      2194.65
2010     40      1456.42
2010     41       926.27
2010     42       580.17
2010     43       319.09
2010     44       178.05
2010     45        97.02
2010     46        41.01
2010     47        18.01
2010     48         7.00
2010     49         3.01
2010     50         4.00
2010     51         1.00
2010     52         1.00
2010     53         0.00
2010     54         0.00
2010     55+        0.00
2011     12-        0.00
2011     13         0.00
2011     14         5.00
2011     15        31.00
2011     16       103.02
2011     17       252.04
2011     18       462.08
2011     19       837.14
2011     20      1099.18
2011     21      1234.20
2011     22      1364.22
2011     23      1694.28
2011     24      1930.31
2011     25      2383.39
2011     26      2756.45
2011     27      3300.53
2011     28      3901.63
2011     29      4353.71
2011     30      4923.80
2011     31      5593.91
2011     32      5722.93
2011     33      5344.87
2011     34      5182.84
2011     35      4722.76
2011     36      4179.68
2011     37      3529.57
2011     38      2998.48
2011     39      2298.37
2011     40      1554.25
2011     41      1010.16
2011     42       618.10
2011     43       325.05
2011     44       151.02
2011     45        81.01
2011     46        44.00
2011     47        23.00
2011     48         6.00
2011     49         7.00
2011     50         1.00
2011     51         3.00
2011     52         1.00
2011     53         2.00
2011     54         1.00
2011     55+        0.00
2012     12-        0.00
2012     13         0.18
2012     14         2.77
2012     15        24.04
2012     16        97.01
2012     17       227.02
2012     18       472.04
2012     19       793.07
2012     20       968.08
2012     21      1169.10
2012     22      1350.11
2012     23      1570.13
2012     24      1833.16
2012     25      2113.18
2012     26      2555.22
2012     27      2956.25
2012     28      3491.29
2012     29      4193.35
2012     30      4705.39
2012     31      5245.44
2012     32      5555.46
2012     33      5437.46
2012     34      5086.43
2012     35      4762.40
2012     36      4314.37
2012     37      3508.30
2012     38      2903.25
2012     39      2332.19
2012     40      1619.14
2012     41      1018.09
2012     42       621.05
2012     43       361.03
2012     44       173.01
2012     45       103.80
2012     46        59.80
2012     47        29.56
2012     48        12.97
2012     49         5.30
2012     50         2.14
2012     51         0.88
2012     52         0.37
2012     53         0.15
2012     54         0.04
2012     55+        0.00
2013     12-        0.01
2013     13         0.21
2013     14         3.15
2013     15        24.64
2013     16        86.00
2013     17       188.00
2013     18       404.00
2013     19       674.00
2013     20       880.00
2013     21      1127.00
2013     22      1343.00
2013     23      1403.00
2013     24      1637.00
2013     25      1906.00
2013     26      2358.00
2013     27      2674.00
2013     28      3107.00
2013     29      3858.00
2013     30      4391.00
2013     31      4988.00
2013     32      5347.00
2013     33      5429.00
2013     34      5230.00
2013     35      4710.00
2013     36      4234.00
2013     37      3638.00
2013     38      2972.00
2013     39      2338.00
2013     40      1590.00
2013     41      1016.00
2013     42       625.00
2013     43       369.00
2013     44       178.00
2013     45       108.87
2013     46        62.89
2013     47        31.02
2013     48        13.79
2013     49         5.68
2013     50         2.26
2013     51         0.92
2013     52         0.38
2013     53         0.15
2013     54         0.04
2013     55+        0.00
2014     12-        0.01
2014     13         0.19
2014     14         2.83
2014     15        21.97
2014     16        76.00
2014     17       177.00
2014     18       338.00
2014     19       610.00
2014     20       834.00
2014     21       984.00
2014     22      1201.00
2014     23      1337.00
2014     24      1599.00
2014     25      1816.00
2014     26      2232.00
2014     27      2526.00
2014     28      3058.00
2014     29      3494.00
2014     30      3993.00
2014     31      4729.00
2014     32      5274.00
2014     33      5349.00
2014     34      5317.00
2014     35      4918.00
2014     36      4369.00
2014     37      3632.00
2014     38      2921.00
2014     39      2351.00
2014     40      1569.00
2014     41      1092.00
2014     42       659.00
2014     43       369.00
2014     44       198.00
2014     45       121.32
2014     46        68.44
2014     47        33.47
2014     48        14.69
2014     49         6.09
2014     50         2.43
2014     51         0.97
2014     52         0.40
2014     53         0.16
2014     54         0.04
2014     55+        0.00
2015     12-        0.01
2015     13         0.34
2015     14         5.24
2015     15        32.40
2015     16        76.00
2015     17       182.00
2015     18       307.00
2015     19       596.00
2015     20       778.00
2015     21       968.00
2015     22      1083.00
2015     23      1337.00
2015     24      1539.00
2015     25      1739.00
2015     26      2065.00
2015     27      2370.00
2015     28      2863.00
2015     29      3285.00
2015     30      3713.00
2015     31      4547.00
2015     32      4961.00
2015     33      5291.00
2015     34      5172.00
2015     35      4906.00
2015     36      4479.00
2015     37      3777.00
2015     38      2950.00
2015     39      2339.00
2015     40      1590.00
2015     41      1122.00
2015     42       654.00
2015     43       389.00
2015     44       200.00
2015     45       112.01
2015     46        59.27
2015     47        27.94
2015     48        12.21
2015     49         5.07
2015     50         2.10
2015     51         0.87
2015     52         0.36
2015     53         0.15
2015     54         0.04
2015     55+        0.00
2016     12-        0.01
2016     13         0.25
2016     14         3.34
2016     15        20.40
2016     16        50.00
2016     17       139.00
2016     18       342.00
2016     19       546.00
2016     20       669.00
2016     21       825.00
2016     22      1006.00
2016     23      1242.00
2016     24      1475.00
2016     25      1644.00
2016     26      1908.00
2016     27      2090.00
2016     28      2597.00
2016     29      3118.00
2016     30      3672.00
2016     31      4280.00
2016     32      4721.00
2016     33      5165.00
2016     34      5174.00
2016     35      4891.00
2016     36      4571.00
2016     37      3855.00
2016     38      3082.00
2016     39      2376.00
2016     40      1650.00
2016     41      1102.00
2016     42       706.00
2016     43       376.00
2016     44       245.00
2016     45       150.46
2016     46        84.02
2016     47        38.69
2016     48        16.21
2016     49         6.46
2016     50         2.54
2016     51         1.01
2016     52         0.41
2016     53         0.16
2016     54         0.04
2016     55+        0.00
2017     12-        0.00
2017     13         0.17
2017     14         2.32
2017     15        16.50
2017     16        53.00
2017     17       143.00
2017     18       294.00
2017     19       529.00
2017     20       714.00
2017     21       804.00
2017     22       991.00
2017     23      1218.00
2017     24      1388.00
2017     25      1617.00
2017     26      1802.00
2017     27      2101.00
2017     28      2367.00
2017     29      2894.00
2017     30      3479.00
2017     31      4042.00
2017     32      4352.00
2017     33      4806.00
2017     34      4974.00
2017     35      4885.00
2017     36      4579.00
2017     37      3900.00
2017     38      3162.00
2017     39      2418.00
2017     40      1576.00
2017     41      1065.00
2017     42       683.00
2017     43       416.00
2017     44       231.00
2017     45       155.21
2017     46        92.60
2017     47        44.34
2017     48        18.28
2017     49         7.13
2017     50         2.74
2017     51         1.07
2017     52         0.43
2017     53         0.17
2017     54         0.04
2017     55+        0.00
2018     12-        0.00
2018     13         0.15
2018     14         2.21
2018     15        16.63
2018     16        57.00
2018     17       133.00
2018     18       249.00
2018     19       498.00
2018     20       688.00
2018     21       875.00
2018     22      1014.00
2018     23      1168.00
2018     24      1325.00
2018     25      1506.00
2018     26      1778.00
2018     27      2089.00
2018     28      2347.00
2018     29      2766.00
2018     30      3271.00
2018     31      3931.00
2018     32      4398.00
2018     33      4584.00
2018     34      4697.00
2018     35      4841.00
2018     36      4519.00
2018     37      3849.00
2018     38      3233.00
2018     39      2568.00
2018     40      1771.00
2018     41      1173.00
2018     42       728.00
2018     43       399.00
2018     44       230.00
2018     45       153.11
2018     46        90.85
2018     47        44.08
2018     48        18.49
2018     49         7.08
2018     50         2.69
2018     51         1.05
2018     52         0.42
2018     53         0.17
2018     54         0.04
2018     55+        0.00
2019     12-        0.00
2019     13         0.18
2019     14         2.41
2019     15        16.40
2019     16        49.00
2019     17        96.00
2019     18       251.00
2019     19       443.00
2019     20       643.00
2019     21       820.00
2019     22       925.00
2019     23      1067.00
2019     24      1229.00
2019     25      1410.00
2019     26      1732.00
2019     27      1964.00
2019     28      2281.00
2019     29      2628.00
2019     30      3056.00
2019     31      3730.00
2019     32      4232.00
2019     33      4699.00
2019     34      4564.00
2019     35      4617.00
2019     36      4479.00
2019     37      3863.00
2019     38      3217.00
2019     39      2611.00
2019     40      1800.00
2019     41      1150.00
2019     42       714.00
2019     43       404.00
2019     44       234.00
2019     45       171.45
2019     46       107.03
2019     47        52.70
2019     48        22.34
2019     49         8.55
2019     50         3.10
2019     51         1.16
2019     52         0.45
2019     53         0.18
2019     54         0.05
2019     55+        0.00
2020     12-        0.00
2020     13         0.15
2020     14         1.93
2020     15        13.91
2020     16        46.00
2020     17       119.00
2020     18       234.00
2020     19       442.00
2020     20       578.00
2020     21       712.00
2020     22       910.00
2020     23      1016.00
2020     24      1097.00
2020     25      1313.00
2020     26      1579.00
2020     27      1905.00
2020     28      2190.00
2020     29      2567.00
2020     30      2941.00
2020     31      3659.00
2020     32      4131.00
2020     33      4399.00
2020     34      4412.00
2020     35      4415.00
2020     36      4107.00
2020     37      3737.00
2020     38      3044.00
2020     39      2543.00
2020     40      1780.00
2020     41      1209.00
2020     42       697.00
2020     43       424.00
2020     44       253.00
2020     45       164.09
2020     46        95.91
2020     47        45.86
2020     48        19.20
2020     49         7.49
2020     50         2.80
2020     51         1.04
2020     52         0.40
2020     53         0.16
2020     54         0.04
2020     55+        0.00
