  country year age mx qx ax lx dx Lx Tx ex
  USA  2016           0      0.00635  0.00632  0.14  100000     632   99455  7638898  76.39
  USA  2016           1      0.00043  0.00043  0.50   99368      42   99347  7539444  75.87
  USA  2016           2      0.00028  0.00028  0.50   99326      28   99312  7440097  74.91
  USA  2016           3      0.00023  0.00023  0.50   99298      23   99287  7340785  73.93
  USA  2016           4      0.00017  0.00017  0.50   99275      17   99267  7241498  72.94
  USA  2016           5      0.00014  0.00014  0.50   99259      14   99251  7142232  71.96
  USA  2016           6      0.00014  0.00014  0.50   99244      14   99238  7042980  70.97
  USA  2016           7      0.00013  0.00013  0.50   99231      13   99224  6943742  69.98
  USA  2016           8      0.00014  0.00014  0.50   99218      14   99211  6844518  68.98
  USA  2016           9      0.00011  0.00011  0.50   99204      11   99199  6745307  67.99
  USA  2016          10      0.00013  0.00013  0.50   99193      13   99186  6646108  67.00
  USA  2016          11      0.00013  0.00013  0.50   99180      13   99173  6546922  66.01
  USA  2016          12      0.00015  0.00015  0.50   99167      15   99160  6447749  65.02
  USA  2016          13      0.00018  0.00018  0.50   99152      18   99143  6348589  64.03
  USA  2016          14      0.00024  0.00024  0.50   99134      24   99122  6249446  63.04
  USA  2016          15      0.00036  0.00036  0.50   99110      36   99092  6150324  62.06
  USA  2016          16      0.00050  0.00050  0.50   99074      49   99050  6051232  61.08
  USA  2016          17      0.00067  0.00067  0.50   99025      66   98992  5952182  60.11
  USA  2016          18      0.00094  0.00094  0.50   98959      93   98912  5853190  59.15
  USA  2016          19      0.00110  0.00110  0.50   98866     108   98811  5754278  58.20
  USA  2016          20      0.00118  0.00118  0.50   98757     117   98699  5655467  57.27
  USA  2016          21      0.00140  0.00140  0.50   98641     138   98572  5556768  56.33
  USA  2016          22      0.00143  0.00143  0.50   98503     140   98433  5458196  55.41
  USA  2016          23      0.00150  0.00150  0.50   98362     148   98289  5359763  54.49
  USA  2016          24      0.00156  0.00156  0.50   98215     154   98138  5261475  53.57
  USA  2016          25      0.00162  0.00162  0.50   98061     159   97982  5163337  52.65
  USA  2016          26      0.00158  0.00158  0.50   97902     154   97825  5065355  51.74
  USA  2016          27      0.00169  0.00168  0.50   97748     165   97666  4967530  50.82
  USA  2016          28      0.00178  0.00177  0.50   97583     173   97497  4869864  49.90
  USA  2016          29      0.00172  0.00172  0.50   97410     167   97327  4772367  48.99
  USA  2016          30      0.00177  0.00177  0.50   97243     172   97157  4675041  48.08
  USA  2016          31      0.00180  0.00180  0.50   97071     175   96984  4577884  47.16
  USA  2016          32      0.00191  0.00191  0.50   96896     185   96804  4480900  46.24
  USA  2016          33      0.00193  0.00193  0.50   96711     187   96618  4384096  45.33
  USA  2016          34      0.00202  0.00202  0.50   96525     195   96427  4287478  44.42
  USA  2016          35      0.00205  0.00205  0.50   96330     198   96231  4191051  43.51
  USA  2016          36      0.00212  0.00212  0.50   96132     204   96030  4094820  42.60
  USA  2016          37      0.00219  0.00219  0.50   95928     210   95823  3998790  41.69
  USA  2016          38      0.00228  0.00227  0.50   95718     218   95610  3902967  40.78
  USA  2016          39      0.00234  0.00234  0.50   95501     223   95389  3807357  39.87
  USA  2016          40      0.00237  0.00236  0.50   95278     225   95165  3711968  38.96
  USA  2016          41      0.00251  0.00251  0.50   95052     238   94933  3616803  38.05
  USA  2016          42      0.00257  0.00257  0.50   94814     244   94692  3521870  37.14
  USA  2016          43      0.00291  0.00291  0.50   94571     275   94433  3427177  36.24
  USA  2016          44      0.00308  0.00307  0.50   94295     290   94151  3332745  35.34
  USA  2016          45      0.00323  0.00322  0.50   94006     303   93854  3238594  34.45
  USA  2016          46      0.00352  0.00351  0.50   93703     329   93538  3144740  33.56
  USA  2016          47      0.00375  0.00375  0.50   93374     350   93199  3051202  32.68
  USA  2016          48      0.00418  0.00417  0.50   93024     388   92830  2958003  31.80
  USA  2016          49      0.00453  0.00452  0.50   92636     419   92427  2865173  30.93
  USA  2016          50      0.00500  0.00498  0.50   92217     460   91987  2772747  30.07
  USA  2016          51      0.00540  0.00539  0.50   91757     495   91510  2680759  29.22
  USA  2016          52      0.00608  0.00607  0.50   91263     554   90986  2589249  28.37
  USA  2016          53      0.00661  0.00659  0.50   90709     597   90411  2498263  27.54
  USA  2016          54      0.00727  0.00725  0.50   90112     653   89785  2407852  26.72
  USA  2016          55      0.00788  0.00785  0.50   89459     702   89108  2318067  25.91
  USA  2016          56      0.00841  0.00838  0.50   88757     744   88385  2228959  25.11
  USA  2016          57      0.00925  0.00921  0.50   88013     810   87608  2140574  24.32
  USA  2016          58      0.00995  0.00990  0.50   87203     863   86771  2052966  23.54
  USA  2016          59      0.01085  0.01079  0.50   86340     931   85874  1966194  22.77
  USA  2016          60      0.01145  0.01139  0.50   85408     973   84922  1880320  22.02
  USA  2016          61      0.01252  0.01244  0.50   84436    1051   83910  1795398  21.26
  USA  2016          62      0.01330  0.01321  0.50   83385    1102   82834  1711488  20.53
  USA  2016          63      0.01417  0.01407  0.50   82283    1158   81704  1628654  19.79
  USA  2016          64      0.01537  0.01525  0.50   81125    1237   80507  1546949  19.07
  USA  2016          65      0.01612  0.01599  0.50   79888    1278   79249  1466443  18.36
  USA  2016          66      0.01689  0.01675  0.50   78610    1317   77952  1387194  17.65
  USA  2016          67      0.01800  0.01784  0.50   77294    1379   76604  1309242  16.94
  USA  2016          68      0.01949  0.01930  0.50   75915    1465   75182  1232637  16.24
  USA  2016          69      0.02102  0.02080  0.50   74450    1548   73675  1157455  15.55
  USA  2016          70      0.02250  0.02225  0.50   72901    1622   72090  1083780  14.87
  USA  2016          71      0.02475  0.02444  0.50   71279    1742   70408  1011690  14.19
  USA  2016          72      0.02728  0.02691  0.50   69537    1871   68601   941282  13.54
  USA  2016          73      0.02968  0.02925  0.50   67665    1979   66676   872681  12.90
  USA  2016          74      0.03251  0.03199  0.50   65686    2101   64635   806005  12.27
  USA  2016          75      0.03553  0.03491  0.50   63585    2220   62475   741370  11.66
  USA  2016          76      0.03846  0.03773  0.50   61365    2315   60207   678895  11.06
  USA  2016          77      0.04215  0.04128  0.50   59049    2437   57831   618688  10.48
  USA  2016          78      0.04582  0.04479  0.50   56612    2536   55344   560858   9.91
  USA  2016          79      0.05090  0.04964  0.50   54076    2684   52734   505513   9.35
  USA  2016          80      0.05635  0.05480  0.50   51392    2816   49984   452779   8.81
  USA  2016          81      0.06222  0.06034  0.50   48576    2931   47110   402795   8.29
  USA  2016          82      0.06854  0.06627  0.50   45645    3025   44132   355685   7.79
  USA  2016          83      0.07565  0.07289  0.50   42620    3107   41066   311553   7.31
  USA  2016          84      0.08512  0.08165  0.50   39513    3226   37900   270487   6.85
  USA  2016          85      0.09385  0.08964  0.50   36287    3253   34661   232587   6.41
  USA  2016          86      0.10516  0.09991  0.50   33034    3300   31384   197926   5.99
  USA  2016          87      0.11598  0.10962  0.50   29734    3259   28104   166542   5.60
  USA  2016          88      0.13059  0.12259  0.50   26474    3245   24852   138438   5.23
  USA  2016          89      0.14238  0.13292  0.50   23229    3088   21685   113587   4.89
  USA  2016          90      0.15257  0.14175  0.50   20141    2855   18714    91902   4.56
  USA  2016          91      0.17143  0.15789  0.50   17286    2729   15922    73188   4.23
  USA  2016          92      0.19162  0.17486  0.50   14557    2545   13284    57266   3.93
  USA  2016          93      0.21485  0.19400  0.50   12011    2330   10846    43982   3.66
  USA  2016          94      0.23758  0.21235  0.50    9681    2056    8653    33136   3.42
  USA  2016          95      0.25519  0.22632  0.50    7625    1726    6762    24483   3.21
  USA  2016          96      0.27836  0.24435  0.50    5900    1442    5179    17720   3.00
  USA  2016          97      0.30278  0.26297  0.50    4458    1172    3872    12541   2.81
  USA  2016          98      0.32836  0.28205  0.50    3286     927    2822     8670   2.64
  USA  2016          99      0.35501  0.30149  0.50    2359     711    2003     5847   2.48
  USA  2016         100      0.38258  0.32115  0.50    1648     529    1383     3844   2.33
  USA  2016         101      0.41093  0.34089  0.50    1119     381     928     2461   2.20
  USA  2016         102      0.43989  0.36058  0.50     737     266     604     1533   2.08
  USA  2016         103      0.46926  0.38008  0.50     471     179     382      928   1.97
  USA  2016         104      0.49885  0.39926  0.50     292     117     234      547   1.87
  USA  2016         105      0.52844  0.41800  0.50     176      73     139      313   1.78
  USA  2016         106      0.55784  0.43618  0.50     102      45      80      174   1.70
  USA  2016         107      0.58684  0.45371  0.50      58      26      45       94   1.63
  USA  2016         108      0.61524  0.47050  0.50      31      15      24       49   1.57
  USA  2016         109      0.64288  0.48650  0.50      17       8      13       25   1.52
  USA  2016         110+     0.66960  1.00000  1.49       9       9      13       13   1.49
  SWE  2016           0      0.00258  0.00258  0.14  100000     258   99779  8056947  80.57
  SWE  2016           1      0.00021  0.00021  0.50   99742      21   99732  7957167  79.78
  SWE  2016           2      0.00011  0.00011  0.50   99721      11   99715  7857436  78.79
  SWE  2016           3      0.00007  0.00007  0.50   99710       7   99706  7757720  77.80
  SWE  2016           4      0.00011  0.00011  0.50   99703      11   99697  7658014  76.81
  SWE  2016           5      0.00016  0.00016  0.50   99692      16   99683  7558317  75.82
  SWE  2016           6      0.00013  0.00013  0.50   99675      13   99669  7458633  74.83
  SWE  2016           7      0.00005  0.00005  0.50   99663       5   99660  7358964  73.84
  SWE  2016           8      0.00007  0.00007  0.50   99658       7   99655  7259304  72.84
  SWE  2016           9      0.00003  0.00003  0.50   99651       3   99650  7159649  71.85
  SWE  2016          10      0.00003  0.00003  0.50   99648       3   99646  7060000  70.85
  SWE  2016          11      0.00003  0.00003  0.50   99645       3   99643  6960354  69.85
  SWE  2016          12      0.00002  0.00002  0.50   99641       2   99640  6860711  68.85
  SWE  2016          13      0.00016  0.00016  0.50   99639      16   99631  6761071  67.86
  SWE  2016          14      0.00007  0.00007  0.50   99623       7   99620  6661439  66.87
  SWE  2016          15      0.00017  0.00017  0.50   99616      17   99608  6561820  65.87
  SWE  2016          16      0.00021  0.00021  0.50   99599      20   99589  6462212  64.88
  SWE  2016          17      0.00015  0.00015  0.50   99579      15   99572  6362623  63.90
  SWE  2016          18      0.00042  0.00042  0.50   99564      42   99543  6263051  62.90
  SWE  2016          19      0.00041  0.00041  0.50   99523      40   99502  6163508  61.93
  SWE  2016          20      0.00047  0.00047  0.50   99482      47   99459  6064005  60.96
  SWE  2016          21      0.00050  0.00050  0.50   99435      50   99410  5964547  59.98
  SWE  2016          22      0.00058  0.00058  0.50   99385      58   99357  5865136  59.01
  SWE  2016          23      0.00051  0.00051  0.50   99328      51   99302  5765780  58.05
  SWE  2016          24      0.00050  0.00050  0.50   99277      50   99252  5666477  57.08
  SWE  2016          25      0.00085  0.00085  0.50   99227      85   99185  5567225  56.11
  SWE  2016          26      0.00068  0.00068  0.50   99142      67   99109  5468041  55.15
  SWE  2016          27      0.00076  0.00075  0.50   99075      75   99038  5368932  54.19
  SWE  2016          28      0.00063  0.00063  0.50   99001      63   98969  5269894  53.23
  SWE  2016          29      0.00067  0.00067  0.50   98938      66   98905  5170924  52.26
  SWE  2016          30      0.00070  0.00070  0.50   98872      69   98838  5072019  51.30
  SWE  2016          31      0.00086  0.00086  0.50   98803      85   98761  4973181  50.33
  SWE  2016          32      0.00084  0.00084  0.50   98718      83   98676  4874421  49.38
  SWE  2016          33      0.00084  0.00083  0.50   98635      82   98594  4775744  48.42
  SWE  2016          34      0.00074  0.00074  0.50   98553      73   98516  4677151  47.46
  SWE  2016          35      0.00083  0.00083  0.50   98479      82   98438  4578635  46.49
  SWE  2016          36      0.00084  0.00084  0.50   98397      83   98356  4480196  45.53
  SWE  2016          37      0.00066  0.00066  0.50   98314      65   98282  4381841  44.57
  SWE  2016          38      0.00096  0.00096  0.50   98250      94   98202  4283559  43.60
  SWE  2016          39      0.00103  0.00103  0.50   98155     101   98105  4185356  42.64
  SWE  2016          40      0.00081  0.00081  0.50   98054      79   98015  4087252  41.68
  SWE  2016          41      0.00108  0.00108  0.50   97975     106   97922  3989237  40.72
  SWE  2016          42      0.00127  0.00127  0.50   97869     124   97807  3891315  39.76
  SWE  2016          43      0.00115  0.00115  0.50   97745     112   97688  3793508  38.81
  SWE  2016          44      0.00119  0.00119  0.50   97632     116   97574  3695820  37.85
  SWE  2016          45      0.00129  0.00129  0.50   97516     126   97453  3598246  36.90
  SWE  2016          46      0.00153  0.00153  0.50   97390     149   97315  3500793  35.95
  SWE  2016          47      0.00157  0.00157  0.50   97241     153   97164  3403478  35.00
  SWE  2016          48      0.00183  0.00183  0.50   97088     178   96999  3306314  34.05
  SWE  2016          49      0.00232  0.00231  0.50   96910     224   96798  3209314  33.12
  SWE  2016          50      0.00218  0.00218  0.50   96686     210   96581  3112516  32.19
  SWE  2016          51      0.00245  0.00245  0.50   96476     236   96358  3015935  31.26
  SWE  2016          52      0.00240  0.00240  0.50   96240     231   96124  2919577  30.34
  SWE  2016          53      0.00287  0.00286  0.50   96009     275   95872  2823453  29.41
  SWE  2016          54      0.00376  0.00375  0.50   95734     359   95554  2727581  28.49
  SWE  2016          55      0.00383  0.00382  0.50   95375     364   95193  2632027  27.60
  SWE  2016          56      0.00433  0.00432  0.50   95010     410   94805  2536834  26.70
  SWE  2016          57      0.00419  0.00418  0.50   94600     395   94403  2442029  25.81
  SWE  2016          58      0.00486  0.00485  0.50   94205     457   93977  2347626  24.92
  SWE  2016          59      0.00538  0.00536  0.50   93748     503   93497  2253649  24.04
  SWE  2016          60      0.00639  0.00637  0.50   93245     594   92948  2160153  23.17
  SWE  2016          61      0.00767  0.00765  0.50   92651     708   92297  2067204  22.31
  SWE  2016          62      0.00837  0.00833  0.50   91943     766   91560  1974907  21.48
  SWE  2016          63      0.00820  0.00817  0.50   91177     745   90805  1883347  20.66
  SWE  2016          64      0.00984  0.00979  0.50   90432     885   89990  1792542  19.82
  SWE  2016          65      0.01032  0.01027  0.50   89547     920   89087  1702552  19.01
  SWE  2016          66      0.01217  0.01209  0.50   88627    1072   88092  1613465  18.21
  SWE  2016          67      0.01327  0.01318  0.50   87556    1154   86978  1525373  17.42
  SWE  2016          68      0.01379  0.01370  0.50   86401    1184   85809  1438395  16.65
  SWE  2016          69      0.01551  0.01539  0.50   85218    1311   84562  1352585  15.87
  SWE  2016          70      0.01695  0.01681  0.50   83906    1410   83201  1268024  15.11
  SWE  2016          71      0.01915  0.01897  0.50   82496    1565   81713  1184823  14.36
  SWE  2016          72      0.02080  0.02059  0.50   80931    1666   80098  1103109  13.63
  SWE  2016          73      0.02469  0.02439  0.50   79265    1933   78299  1023011  12.91
  SWE  2016          74      0.02453  0.02424  0.50   77332    1874   76395   944712  12.22
  SWE  2016          75      0.02867  0.02827  0.50   75458    2133   74391   868317  11.51
  SWE  2016          76      0.03373  0.03317  0.50   73325    2432   72109   793926  10.83
  SWE  2016          77      0.03632  0.03568  0.50   70893    2529   69628   721817  10.18
  SWE  2016          78      0.04289  0.04199  0.50   68363    2871   66928   652189   9.54
  SWE  2016          79      0.04653  0.04547  0.50   65493    2978   64004   585261   8.94
  SWE  2016          80      0.05445  0.05301  0.50   62515    3314   60858   521257   8.34
  SWE  2016          81      0.06142  0.05959  0.50   59201    3528   57437   460400   7.78
  SWE  2016          82      0.06786  0.06563  0.50   55673    3654   53846   402962   7.24
  SWE  2016          83      0.07556  0.07281  0.50   52019    3788   50126   349116   6.71
  SWE  2016          84      0.09126  0.08727  0.50   48232    4209   46127   298991   6.20
  SWE  2016          85      0.10193  0.09698  0.50   44022    4269   41888   252864   5.74
  SWE  2016          86      0.11690  0.11044  0.50   39753    4390   37558   210976   5.31
  SWE  2016          87      0.13330  0.12497  0.50   35362    4419   33153   173419   4.90
  SWE  2016          88      0.14218  0.13274  0.50   30943    4107   28889   140266   4.53
  SWE  2016          89      0.16073  0.14878  0.50   26836    3993   24839   111376   4.15
  SWE  2016          90      0.19062  0.17403  0.50   22843    3975   20855    86537   3.79
  SWE  2016          91      0.22069  0.19876  0.50   18868    3750   16993    65682   3.48
  SWE  2016          92      0.24317  0.21681  0.50   15118    3278   13479    48689   3.22
  SWE  2016          93      0.27549  0.24214  0.50   11840    2867   10407    35210   2.97
  SWE  2016          94      0.29929  0.26033  0.50    8973    2336    7805    24804   2.76
  SWE  2016          95      0.33084  0.28388  0.50    6637    1884    5695    16999   2.56
  SWE  2016          96      0.36405  0.30799  0.50    4753    1464    4021    11304   2.38
  SWE  2016          97      0.39860  0.33236  0.50    3289    1093    2743     7283   2.21
  SWE  2016          98      0.43420  0.35675  0.50    2196     783    1804     4540   2.07
  SWE  2016          99      0.47049  0.38089  0.50    1413     538    1144     2736   1.94
  SWE  2016         100      0.50709  0.40453  0.50     875     354     698     1592   1.82
  SWE  2016         101      0.54362  0.42744  0.50     521     223     409      895   1.72
  SWE  2016         102      0.57968  0.44942  0.50     298     134     231      485   1.63
  SWE  2016         103      0.61492  0.47031  0.50     164      77     126      254   1.55
  SWE  2016         104      0.64898  0.48999  0.50      87      43      66      128   1.48
  SWE  2016         105      0.68160  0.50835  0.50      44      23      33       63   1.42
  SWE  2016         106      0.71252  0.52536  0.50      22      11      16       30   1.36
  SWE  2016         107      0.74159  0.54099  0.50      10       6       8       14   1.32
  SWE  2016         108      0.76866  0.55526  0.50       5       3       3        6   1.28
  SWE  2016         109      0.79369  0.56820  0.50       2       1       2        3   1.24
  SWE  2016         110+     0.81666  1.00000  1.22       1       1       1        1   1.22