NV: NV, Lifetables (period 1x10), Both sexes Last modified: February 4 2025, MPv5 (May07) 

Year     	Age	mx	qx	ax	lx	dx	Lx	Tx	ex
1941-1949	0	0.04561	0.04396	0.18	100000	4396	96374	6232890	62.33
1941-1949	1	0.00396	0.00395	0.5	95604	378	95415	6136516	64.19
1941-1949	2	0.00299	0.00299	0.5	95226	284	95084	6041101	63.44
1941-1949	3	0.00214	0.00213	0.5	94941	203	94840	5946017	62.63
1941-1949	4	0.00129	0.00129	0.5	94739	122	94678	5851177	61.76
1941-1949	5	0.00121	0.00121	0.5	94617	114	94560	5756499	60.84
1941-1949	6	0.00126	0.00126	0.5	94503	119	94443	5661940	59.91
1941-1949	7	0.00129	0.00128	0.5	94384	121	94323	5567496	58.99
1941-1949	8	0.00128	0.00128	0.5	94263	120	94202	5473173	58.06
1941-1949	9	0.00117	0.00117	0.5	94142	110	94087	5378971	57.14
1941-1949	10	0.00097	0.00097	0.5	94032	92	93986	5284884	56.20
1941-1949	11	0.00089	0.00089	0.5	93940	83	93899	5190897	55.26
1941-1949	12	0.00089	0.00089	0.5	93857	83	93815	5096999	54.31
1941-1949	13	0.00100	0.00100	0.5	93774	94	93727	5003184	53.35
1941-1949	14	0.00127	0.00127	0.5	93680	119	93621	4909457	52.41
1941-1949	15	0.00164	0.00164	0.5	93562	153	93485	4815836	51.47
1941-1949	16	0.00203	0.00203	0.5	93408	189	93313	4722351	50.56
1941-1949	17	0.00243	0.00243	0.5	93219	226	93106	4629038	49.66
1941-1949	18	0.00283	0.00283	0.5	92992	263	92861	4535932	48.78
1941-1949	19	0.00324	0.00324	0.5	92729	300	92579	4443071	47.91
1941-1949	20	0.00365	0.00364	0.5	92429	337	92261	4350492	47.07
1941-1949	21	0.00391	0.00391	0.5	92092	360	91913	4258231	46.24
1941-1949	22	0.00398	0.00398	0.5	91733	365	91550	4166319	45.42
1941-1949	23	0.00389	0.00388	0.5	91368	355	91191	4074768	44.60
1941-1949	24	0.00367	0.00366	0.5	91013	334	90846	3983578	43.77
1941-1949	25	0.00338	0.00337	0.5	90680	306	90527	3892731	42.93
1941-1949	26	0.00315	0.00314	0.5	90374	284	90232	3802205	42.07
1941-1949	27	0.00302	0.00301	0.5	90089	271	89954	3711973	41.20
1941-1949	28	0.00300	0.00300	0.5	89818	269	89683	3622020	40.33
1941-1949	29	0.00309	0.00308	0.5	89549	276	89411	3532336	39.45
1941-1949	30	0.00323	0.00322	0.5	89273	288	89129	3442925	38.57
1941-1949	31	0.00338	0.00337	0.5	88985	300	88835	3353797	37.69
1941-1949	32	0.00356	0.00356	0.5	88685	315	88527	3264962	36.82
1941-1949	33	0.00378	0.00377	0.5	88369	333	88203	3176435	35.94
1941-1949	34	0.00400	0.00399	0.5	88036	351	87860	3088232	35.08
1941-1949	35	0.00424	0.00423	0.5	87685	371	87499	3000371	34.22
1941-1949	36	0.00449	0.00448	0.5	87314	391	87118	2912872	33.36
1941-1949	37	0.00481	0.00480	0.5	86923	417	86714	2825754	32.51
1941-1949	38	0.00521	0.00520	0.5	86506	450	86281	2739040	31.66
1941-1949	39	0.00564	0.00562	0.5	86056	484	85814	2652759	30.83
1941-1949	40	0.00606	0.00604	0.5	85572	517	85314	2566945	30.00
1941-1949	41	0.00648	0.00646	0.5	85056	550	84781	2481631	29.18
1941-1949	42	0.00698	0.00695	0.5	84506	588	84212	2396850	28.36
1941-1949	43	0.00754	0.00751	0.5	83919	631	83603	2312637	27.56
1941-1949	44	0.00809	0.00806	0.5	83288	671	82952	2229034	26.76
1941-1949	45	0.00873	0.00869	0.5	82617	718	82258	2146082	25.98
1941-1949	46	0.00938	0.00934	0.5	81899	765	81516	2063824	25.20
1941-1949	47	0.01001	0.00996	0.5	81134	808	80730	1982308	24.43
1941-1949	48	0.01074	0.01068	0.5	80325	858	79896	1901579	23.67
1941-1949	49	0.01165	0.01158	0.5	79467	920	79007	1821682	22.92
1941-1949	50	0.01272	0.01264	0.5	78547	993	78050	1742675	22.19
1941-1949	51	0.01366	0.01357	0.5	77554	1052	77028	1664625	21.46
1941-1949	52	0.01473	0.01462	0.5	76502	1119	75943	1587597	20.75
1941-1949	53	0.01613	0.01600	0.5	75383	1206	74780	1511654	20.05
1941-1949	54	0.01771	0.01755	0.5	74177	1302	73526	1436874	19.37
1941-1949	55	0.01948	0.01929	0.5	72875	1406	72172	1363348	18.71
1941-1949	56	0.02100	0.02078	0.5	71470	1485	70727	1291175	18.07
1941-1949	57	0.02228	0.02203	0.5	69984	1542	69213	1220448	17.44
1941-1949	58	0.02340	0.02313	0.5	68443	1583	67651	1151235	16.82
1941-1949	59	0.02422	0.02393	0.5	66859	1600	66059	1083584	16.21
1941-1949	60	0.02491	0.02460	0.5	65259	1606	64457	1017525	15.59
1941-1949	61	0.02578	0.02546	0.5	63654	1620	62844	953068	14.97
1941-1949	62	0.02743	0.02706	0.5	62033	1679	61194	890224	14.35
1941-1949	63	0.03002	0.02958	0.5	60355	1785	59462	829030	13.74
1941-1949	64	0.03329	0.03274	0.5	58570	1918	57611	769568	13.14
1941-1949	65	0.03786	0.03716	0.5	56652	2105	55600	711957	12.57
1941-1949	66	0.04244	0.04156	0.5	54547	2267	53414	656358	12.03
1941-1949	67	0.04646	0.04541	0.5	52280	2374	51093	602944	11.53
1941-1949	68	0.05016	0.04893	0.5	49906	2442	48685	551851	11.06
1941-1949	69	0.05253	0.05118	0.5	47464	2429	46249	503166	10.60
1941-1949	70	0.05483	0.05337	0.5	45035	2404	43833	456917	10.15
1941-1949	71	0.05737	0.05577	0.5	42631	2378	41442	413084	9.69
1941-1949	72	0.06031	0.05854	0.5	40254	2357	39075	371641	9.23
1941-1949	73	0.06487	0.06283	0.5	37897	2381	36707	332566	8.78
1941-1949	74	0.07057	0.06817	0.5	35516	2421	34306	295859	8.33
1941-1949	75	0.07843	0.07547	0.5	33095	2498	31846	261554	7.90
1941-1949	76	0.08752	0.08385	0.5	30597	2566	29315	229708	7.51
1941-1949	77	0.09635	0.09192	0.5	28032	2577	26744	200393	7.15
1941-1949	78	0.10733	0.10186	0.5	25455	2593	24159	173649	6.82
1941-1949	79	0.11916	0.11246	0.5	22862	2571	21577	149491	6.54
1941-1949	80	0.10733	0.10187	0.5	20291	2067	19258	127914	6.30
1941-1949	81	0.11633	0.10993	0.5	18224	2003	17222	108657	5.96
1941-1949	82	0.12599	0.11853	0.5	16221	1923	15259	91434	5.64
1941-1949	83	0.13636	0.12766	0.5	14298	1825	13385	76175	5.33
1941-1949	84	0.14747	0.13734	0.5	12473	1713	11616	62789	5.03
1941-1949	85	0.15934	0.14758	0.5	10760	1588	9966	51173	4.76
1941-1949	86	0.17201	0.15839	0.5	9172	1453	8445	41207	4.49
1941-1949	87	0.18550	0.16976	0.5	7719	1310	7064	32762	4.24
1941-1949	88	0.19984	0.18168	0.5	6409	1164	5827	25698	4.01
1941-1949	89	0.21504	0.19416	0.5	5244	1018	4735	19871	3.79
1941-1949	90	0.23111	0.20717	0.5	4226	876	3788	15136	3.58
1941-1949	91	0.24805	0.22068	0.5	3351	739	2981	11348	3.39
1941-1949	92	0.26587	0.23467	0.5	2611	613	2305	8367	3.20
1941-1949	93	0.28454	0.24910	0.5	1998	498	1750	6062	3.03
1941-1949	94	0.30405	0.26393	0.5	1501	396	1303	4312	2.87
1941-1949	95	0.32435	0.27909	0.5	1105	308	950	3010	2.72
1941-1949	96	0.34541	0.29454	0.5	796	235	679	2059	2.59
1941-1949	97	0.36717	0.31022	0.5	562	174	475	1380	2.46
1941-1949	98	0.38955	0.32604	0.5	387	126	324	906	2.34
1941-1949	99	0.41248	0.34196	0.5	261	89	216	581	2.23
1941-1949	100	0.43588	0.35788	0.5	172	62	141	365	2.12
1941-1949	101	0.45963	0.37374	0.5	110	41	90	224	2.03
1941-1949	102	0.48365	0.38946	0.5	69	27	56	134	1.94
1941-1949	103	0.50781	0.40498	0.5	42	17	34	78	1.86
1941-1949	104	0.53200	0.42022	0.5	25	11	20	45	1.79
1941-1949	105	0.55611	0.43512	0.5	15	6	11	25	1.72
1941-1949	106	0.58003	0.44963	0.5	8	4	6	14	1.66
1941-1949	107	0.60364	0.46369	0.5	5	2	3	7	1.60
1941-1949	108	0.62683	0.47725	0.5	2	1	2	4	1.55
1941-1949	109	0.64951	0.49029	0.5	1	1	1	2	1.51
1941-1949	110+	0.67158	1.00000	1.49	1	1	1	1	1.49
1950-1959	0	0.03357	0.03263	0.14	100000	3263	97201	6713992	67.14
1950-1959	1	0.00232	0.00232	0.5	96737	225	96624	6616792	68.40
1950-1959	2	0.00132	0.00132	0.5	96512	127	96449	6520167	67.56
1950-1959	3	0.00106	0.00106	0.5	96385	102	96334	6423719	66.65
1950-1959	4	0.00079	0.00079	0.5	96283	76	96245	6327385	65.72
1950-1959	5	0.00062	0.00062	0.5	96207	59	96177	6231140	64.77
1950-1959	6	0.00053	0.00053	0.5	96148	50	96122	6134962	63.81
1950-1959	7	0.00049	0.00049	0.5	96097	47	96073	6038840	62.84
1950-1959	8	0.00053	0.00053	0.5	96050	51	96024	5942767	61.87
1950-1959	9	0.00047	0.00047	0.5	95999	45	95976	5846742	60.90
1950-1959	10	0.00052	0.00052	0.5	95954	50	95929	5750766	59.93
1950-1959	11	0.00050	0.00050	0.5	95904	48	95881	5654837	58.96
1950-1959	12	0.00058	0.00058	0.5	95857	56	95829	5558956	57.99
1950-1959	13	0.00079	0.00079	0.5	95801	76	95763	5463128	57.03
1950-1959	14	0.00084	0.00084	0.5	95725	80	95685	5367365	56.07
1950-1959	15	0.00114	0.00114	0.5	95645	109	95590	5271680	55.12
1950-1959	16	0.00136	0.00136	0.5	95536	130	95471	5176090	54.18
1950-1959	17	0.00134	0.00134	0.5	95406	128	95343	5080618	53.25
1950-1959	18	0.00160	0.00159	0.5	95279	152	95203	4985276	52.32
1950-1959	19	0.00168	0.00168	0.5	95127	160	95047	4890073	51.41
1950-1959	20	0.00215	0.00214	0.5	94967	204	94865	4795026	50.49
1950-1959	21	0.00209	0.00209	0.5	94764	198	94665	4700161	49.60
1950-1959	22	0.00228	0.00228	0.5	94566	216	94458	4605496	48.70
1950-1959	23	0.00215	0.00215	0.5	94350	203	94249	4511039	47.81
1950-1959	24	0.00238	0.00238	0.5	94147	224	94036	4416790	46.91
1950-1959	25	0.00213	0.00213	0.5	93924	200	93824	4322754	46.02
1950-1959	26	0.00219	0.00219	0.5	93724	205	93621	4228931	45.12
1950-1959	27	0.00211	0.00211	0.5	93518	198	93420	4135310	44.22
1950-1959	28	0.00223	0.00223	0.5	93321	208	93217	4041890	43.31
1950-1959	29	0.00218	0.00218	0.5	93113	203	93011	3948673	42.41
1950-1959	30	0.00220	0.00219	0.5	92910	204	92808	3855661	41.50
1950-1959	31	0.00238	0.00238	0.5	92706	221	92596	3762853	40.59
1950-1959	32	0.00236	0.00235	0.5	92485	218	92377	3670258	39.68
1950-1959	33	0.00241	0.00240	0.5	92268	222	92157	3577881	38.78
1950-1959	34	0.00271	0.00271	0.5	92046	249	91922	3485724	37.87
1950-1959	35	0.00288	0.00287	0.5	91797	264	91665	3393802	36.97
1950-1959	36	0.00299	0.00298	0.5	91533	273	91397	3302137	36.08
1950-1959	37	0.00334	0.00334	0.5	91260	305	91108	3210740	35.18
1950-1959	38	0.00335	0.00334	0.5	90956	304	90804	3119632	34.30
1950-1959	39	0.00367	0.00366	0.5	90652	332	90486	3028829	33.41
1950-1959	40	0.00396	0.00395	0.5	90320	357	90141	2938343	32.53
1950-1959	41	0.00419	0.00418	0.5	89963	376	89775	2848201	31.66
1950-1959	42	0.00477	0.00475	0.5	89586	426	89373	2758427	30.79
1950-1959	43	0.00500	0.00499	0.5	89160	445	88938	2669053	29.94
1950-1959	44	0.00567	0.00566	0.5	88715	502	88464	2580115	29.08
1950-1959	45	0.00662	0.00660	0.5	88213	582	87922	2491651	28.25
1950-1959	46	0.00704	0.00702	0.5	87631	615	87324	2403728	27.43
1950-1959	47	0.00799	0.00796	0.5	87016	693	86670	2316405	26.62
1950-1959	48	0.00855	0.00851	0.5	86324	735	85956	2229735	25.83
1950-1959	49	0.00966	0.00961	0.5	85589	823	85178	2143778	25.05
1950-1959	50	0.00962	0.00957	0.5	84766	811	84361	2058600	24.29
1950-1959	51	0.01058	0.01052	0.5	83955	883	83513	1974240	23.52
1950-1959	52	0.01122	0.01116	0.5	83072	927	82608	1890726	22.76
1950-1959	53	0.01233	0.01225	0.5	82145	1006	81641	1808118	22.01
1950-1959	54	0.01326	0.01317	0.5	81138	1069	80604	1726477	21.28
1950-1959	55	0.01399	0.01389	0.5	80069	1112	79513	1645873	20.56
1950-1959	56	0.01554	0.01542	0.5	78957	1218	78348	1566360	19.84
1950-1959	57	0.01665	0.01651	0.5	77739	1284	77097	1488012	19.14
1950-1959	58	0.01857	0.01840	0.5	76455	1407	75752	1410915	18.45
1950-1959	59	0.01970	0.01951	0.5	75049	1464	74317	1335163	17.79
1950-1959	60	0.02065	0.02044	0.5	73585	1504	72833	1260846	17.13
1950-1959	61	0.02237	0.02212	0.5	72081	1594	71283	1188014	16.48
1950-1959	62	0.02292	0.02266	0.5	70486	1597	69688	1116730	15.84
1950-1959	63	0.02594	0.02560	0.5	68889	1764	68007	1047043	15.20
1950-1959	64	0.02729	0.02693	0.5	67125	1807	66221	979036	14.59
1950-1959	65	0.03039	0.02994	0.5	65318	1956	64340	912814	13.97
1950-1959	66	0.03246	0.03194	0.5	63362	2024	62350	848474	13.39
1950-1959	67	0.03583	0.03520	0.5	61338	2159	60258	786124	12.82
1950-1959	68	0.03788	0.03718	0.5	59179	2200	58079	725866	12.27
1950-1959	69	0.04281	0.04191	0.5	56979	2388	55785	667787	11.72
1950-1959	70	0.04503	0.04404	0.5	54591	2404	53389	612002	11.21
1950-1959	71	0.04822	0.04708	0.5	52186	2457	50958	558613	10.70
1950-1959	72	0.05281	0.05145	0.5	49729	2559	48450	507655	10.21
1950-1959	73	0.05722	0.05563	0.5	47171	2624	45858	459206	9.74
1950-1959	74	0.06176	0.05991	0.5	44546	2669	43212	413347	9.28
1950-1959	75	0.06795	0.06572	0.5	41878	2752	40502	370135	8.84
1950-1959	76	0.07157	0.06910	0.5	39126	2704	37774	329633	8.42
1950-1959	77	0.08204	0.07881	0.5	36422	2870	34987	291859	8.01
1950-1959	78	0.08524	0.08176	0.5	33552	2743	32180	256872	7.66
1950-1959	79	0.09028	0.08638	0.5	30809	2661	29478	224692	7.29
1950-1959	80	0.08956	0.08572	0.5	28147	2413	26941	195214	6.94
1950-1959	81	0.09808	0.09349	0.5	25734	2406	24531	168273	6.54
1950-1959	82	0.10731	0.10184	0.5	23329	2376	22141	143742	6.16
1950-1959	83	0.11729	0.11079	0.5	20953	2321	19792	121601	5.80
1950-1959	84	0.12806	0.12035	0.5	18631	2242	17510	101809	5.46
1950-1959	85	0.13967	0.13055	0.5	16389	2140	15319	84299	5.14
1950-1959	86	0.15214	0.14138	0.5	14249	2015	13242	68980	4.84
1950-1959	87	0.16551	0.15286	0.5	12235	1870	11300	55738	4.56
1950-1959	88	0.17981	0.16497	0.5	10365	1710	9510	44438	4.29
1950-1959	89	0.19505	0.17772	0.5	8655	1538	7886	34928	4.04
1950-1959	90	0.21125	0.19107	0.5	7117	1360	6437	27043	3.80
1950-1959	91	0.22843	0.20501	0.5	5757	1180	5167	20606	3.58
1950-1959	92	0.24656	0.21950	0.5	4577	1005	4074	15439	3.37
1950-1959	93	0.26565	0.23450	0.5	3572	838	3153	11365	3.18
1950-1959	94	0.28566	0.24996	0.5	2734	683	2393	8212	3.00
1950-1959	95	0.30656	0.26582	0.5	2051	545	1778	5819	2.84
1950-1959	96	0.32830	0.28201	0.5	1506	425	1293	4041	2.68
1950-1959	97	0.35081	0.29846	0.5	1081	323	920	2747	2.54
1950-1959	98	0.37403	0.31510	0.5	758	239	639	1827	2.41
1950-1959	99	0.39786	0.33185	0.5	519	172	433	1188	2.29
1950-1959	100	0.42220	0.34861	0.5	347	121	287	755	2.18
1950-1959	101	0.44696	0.36532	0.5	226	83	185	469	2.07
1950-1959	102	0.47200	0.38188	0.5	143	55	116	284	1.98
1950-1959	103	0.49721	0.39821	0.5	89	35	71	168	1.89
1950-1959	104	0.52246	0.41425	0.5	53	22	42	97	1.81
1950-1959	105	0.54763	0.42991	0.5	31	13	25	54	1.74
1950-1959	106	0.57258	0.44514	0.5	18	8	14	30	1.67
1950-1959	107	0.59720	0.45988	0.5	10	5	8	16	1.61
1950-1959	108	0.62137	0.47408	0.5	5	3	4	8	1.56
1950-1959	109	0.64498	0.48770	0.5	3	1	2	4	1.52
1950-1959	110+	0.66794	1.00000	1.5	1	1	2	2	1.50
1960-1969	0	0.02681	0.02619	0.12	100000	2619	97703	6841096	68.41
1960-1969	1	0.00187	0.00187	0.5	97381	182	97290	6743393	69.25
1960-1969	2	0.00119	0.00119	0.5	97199	116	97141	6646103	68.38
1960-1969	3	0.00096	0.00096	0.5	97083	93	97037	6548962	67.46
1960-1969	4	0.00088	0.00088	0.5	96990	85	96948	6451925	66.52
1960-1969	5	0.00061	0.00061	0.5	96905	59	96875	6354977	65.58
1960-1969	6	0.00060	0.00060	0.5	96846	58	96817	6258102	64.62
1960-1969	7	0.00046	0.00046	0.5	96788	44	96766	6161285	63.66
1960-1969	8	0.00062	0.00062	0.5	96744	60	96714	6064520	62.69
1960-1969	9	0.00031	0.00031	0.5	96684	30	96669	5967806	61.72
1960-1969	10	0.00055	0.00055	0.5	96654	53	96627	5871137	60.74
1960-1969	11	0.00054	0.00053	0.5	96601	52	96575	5774510	59.78
1960-1969	12	0.00027	0.00027	0.5	96549	26	96536	5677935	58.81
1960-1969	13	0.00062	0.00062	0.5	96523	60	96493	5581399	57.82
1960-1969	14	0.00093	0.00093	0.5	96463	90	96418	5484905	56.86
1960-1969	15	0.00081	0.00081	0.5	96373	78	96334	5388487	55.91
1960-1969	16	0.00116	0.00116	0.5	96295	112	96239	5292153	54.96
1960-1969	17	0.00148	0.00147	0.5	96183	142	96112	5195914	54.02
1960-1969	18	0.00157	0.00157	0.5	96041	151	95966	5099801	53.10
1960-1969	19	0.00175	0.00175	0.5	95891	168	95807	5003836	52.18
1960-1969	20	0.00198	0.00198	0.5	95723	189	95628	4908029	51.27
1960-1969	21	0.00188	0.00188	0.5	95534	180	95444	4812401	50.37
1960-1969	22	0.00211	0.00211	0.5	95354	201	95253	4716957	49.47
1960-1969	23	0.00192	0.00191	0.5	95153	182	95062	4621703	48.57
1960-1969	24	0.00169	0.00169	0.5	94971	161	94890	4526642	47.66
1960-1969	25	0.00201	0.00200	0.5	94810	190	94715	4431752	46.74
1960-1969	26	0.00176	0.00176	0.5	94620	166	94537	4337037	45.84
1960-1969	27	0.00167	0.00167	0.5	94454	157	94375	4242500	44.92
1960-1969	28	0.00191	0.00191	0.5	94296	180	94206	4148125	43.99
1960-1969	29	0.00168	0.00168	0.5	94116	158	94037	4053919	43.07
1960-1969	30	0.00196	0.00196	0.5	93958	184	93866	3959882	42.15
1960-1969	31	0.00243	0.00243	0.5	93774	228	93661	3866015	41.23
1960-1969	32	0.00222	0.00222	0.5	93547	208	93443	3772355	40.33
1960-1969	33	0.00244	0.00244	0.5	93339	228	93225	3678912	39.41
1960-1969	34	0.00233	0.00233	0.5	93112	216	93003	3585686	38.51
1960-1969	35	0.00246	0.00246	0.5	92895	228	92781	3492683	37.60
1960-1969	36	0.00305	0.00304	0.5	92667	282	92526	3399902	36.69
1960-1969	37	0.00291	0.00290	0.5	92385	268	92251	3307376	35.80
1960-1969	38	0.00314	0.00313	0.5	92117	288	91973	3215125	34.90
1960-1969	39	0.00358	0.00358	0.5	91828	329	91664	3123152	34.01
1960-1969	40	0.00432	0.00431	0.5	91500	394	91303	3031488	33.13
1960-1969	41	0.00425	0.00425	0.5	91105	387	90912	2940185	32.27
1960-1969	42	0.00460	0.00459	0.5	90719	417	90510	2849273	31.41
1960-1969	43	0.00502	0.00501	0.5	90302	452	90076	2758763	30.55
1960-1969	44	0.00544	0.00542	0.5	89850	487	89606	2668687	29.70
1960-1969	45	0.00551	0.00550	0.5	89362	491	89117	2579081	28.86
1960-1969	46	0.00576	0.00574	0.5	88871	510	88616	2489964	28.02
1960-1969	47	0.00758	0.00755	0.5	88361	667	88027	2401348	27.18
1960-1969	48	0.00832	0.00828	0.5	87693	726	87330	2313321	26.38
1960-1969	49	0.00850	0.00846	0.5	86967	736	86599	2225991	25.60
1960-1969	50	0.00945	0.00940	0.5	86231	811	85826	2139392	24.81
1960-1969	51	0.00960	0.00955	0.5	85420	816	85012	2053566	24.04
1960-1969	52	0.01031	0.01025	0.5	84604	868	84171	1968553	23.27
1960-1969	53	0.01115	0.01109	0.5	83737	929	83272	1884383	22.50
1960-1969	54	0.01163	0.01157	0.5	82808	958	82329	1801110	21.75
1960-1969	55	0.01450	0.01440	0.5	81850	1178	81261	1718781	21.00
1960-1969	56	0.01499	0.01488	0.5	80672	1201	80072	1637520	20.30
1960-1969	57	0.01608	0.01596	0.5	79471	1268	78837	1557448	19.60
1960-1969	58	0.01584	0.01571	0.5	78203	1229	77589	1478611	18.91
1960-1969	59	0.01832	0.01816	0.5	76975	1398	76276	1401022	18.20
1960-1969	60	0.02158	0.02135	0.5	75577	1614	74770	1324746	17.53
1960-1969	61	0.02204	0.02180	0.5	73963	1613	73157	1249976	16.90
1960-1969	62	0.02388	0.02360	0.5	72351	1708	71497	1176819	16.27
1960-1969	63	0.02517	0.02486	0.5	70643	1756	69765	1105322	15.65
1960-1969	64	0.02897	0.02856	0.5	68887	1967	67903	1035558	15.03
1960-1969	65	0.02855	0.02814	0.5	66920	1883	65978	967654	14.46
1960-1969	66	0.03067	0.03020	0.5	65036	1964	64054	901676	13.86
1960-1969	67	0.03514	0.03453	0.5	63072	2178	61983	837622	13.28
1960-1969	68	0.03587	0.03524	0.5	60894	2146	59821	775639	12.74
1960-1969	69	0.03708	0.03640	0.5	58748	2139	57679	715819	12.18
1960-1969	70	0.04280	0.04190	0.5	56610	2372	55424	658140	11.63
1960-1969	71	0.04536	0.04435	0.5	54238	2406	53035	602716	11.11
1960-1969	72	0.04865	0.04750	0.5	51832	2462	50601	549681	10.61
1960-1969	73	0.05359	0.05220	0.5	49370	2577	48082	499080	10.11
1960-1969	74	0.06183	0.05997	0.5	46793	2806	45390	450998	9.64
1960-1969	75	0.06848	0.06621	0.5	43987	2912	42531	405608	9.22
1960-1969	76	0.06891	0.06662	0.5	41075	2736	39706	363077	8.84
1960-1969	77	0.07152	0.06905	0.5	38338	2647	37015	323371	8.43
1960-1969	78	0.07575	0.07298	0.5	35691	2605	34389	286356	8.02
1960-1969	79	0.09098	0.08702	0.5	33086	2879	31647	251968	7.62
1960-1969	80	0.07832	0.07537	0.5	30207	2277	29069	220321	7.29
1960-1969	81	0.08672	0.08312	0.5	27930	2322	26769	191253	6.85
1960-1969	82	0.09595	0.09156	0.5	25609	2345	24436	164483	6.42
1960-1969	83	0.10608	0.10073	0.5	23264	2343	22092	140047	6.02
1960-1969	84	0.11715	0.11067	0.5	20920	2315	19763	117955	5.64
1960-1969	85	0.12925	0.12140	0.5	18605	2259	17476	98192	5.28
1960-1969	86	0.14243	0.13296	0.5	16346	2173	15260	80716	4.94
1960-1969	87	0.15674	0.14535	0.5	14173	2060	13143	65456	4.62
1960-1969	88	0.17224	0.15858	0.5	12113	1921	11153	52313	4.32
1960-1969	89	0.18898	0.17266	0.5	10192	1760	9312	41161	4.04
1960-1969	90	0.20698	0.18757	0.5	8432	1582	7641	31849	3.78
1960-1969	91	0.22627	0.20327	0.5	6851	1393	6154	24207	3.53
1960-1969	92	0.24686	0.21974	0.5	5458	1199	4858	18053	3.31
1960-1969	93	0.26872	0.23689	0.5	4259	1009	3754	13195	3.10
1960-1969	94	0.29183	0.25467	0.5	3250	828	2836	9440	2.90
1960-1969	95	0.31614	0.27299	0.5	2422	661	2092	6604	2.73
1960-1969	96	0.34156	0.29173	0.5	1761	514	1504	4513	2.56
1960-1969	97	0.36798	0.31080	0.5	1247	388	1053	3009	2.41
1960-1969	98	0.39529	0.33006	0.5	860	284	718	1955	2.27
1960-1969	99	0.42333	0.34938	0.5	576	201	475	1237	2.15
1960-1969	100	0.45194	0.36864	0.5	375	138	306	762	2.03
1960-1969	101	0.48093	0.38770	0.5	237	92	191	457	1.93
1960-1969	102	0.51010	0.40644	0.5	145	59	115	266	1.84
1960-1969	103	0.53926	0.42473	0.5	86	37	68	150	1.75
1960-1969	104	0.56819	0.44249	0.5	49	22	39	83	1.67
1960-1969	105	0.59672	0.45960	0.5	28	13	21	44	1.60
1960-1969	106	0.62465	0.47599	0.5	15	7	11	23	1.54
1960-1969	107	0.65181	0.49159	0.5	8	4	6	12	1.49
1960-1969	108	0.67805	0.50637	0.5	4	2	3	6	1.44
1960-1969	109	0.70324	0.52029	0.5	2	1	1	3	1.40
1960-1969	110+	0.72728	1.00000	1.37	1	1	1	1	1.37
1970-1979	0	0.01770	0.01742	0.1	100000	1742	98427	7147367	71.47
1970-1979	1	0.00124	0.00124	0.5	98258	122	98197	7048939	71.74
1970-1979	2	0.00094	0.00093	0.5	98136	92	98090	6950743	70.83
1970-1979	3	0.00064	0.00064	0.5	98044	63	98013	6852653	69.89
1970-1979	4	0.00034	0.00034	0.5	97981	33	97965	6754640	68.94
1970-1979	5	0.00057	0.00057	0.5	97948	55	97920	6656675	67.96
1970-1979	6	0.00046	0.00046	0.5	97893	45	97870	6558755	67.00
1970-1979	7	0.00043	0.00043	0.5	97848	42	97827	6460885	66.03
1970-1979	8	0.00029	0.00029	0.5	97806	28	97792	6363058	65.06
1970-1979	9	0.00035	0.00035	0.5	97778	34	97761	6265267	64.08
1970-1979	10	0.00032	0.00032	0.5	97744	31	97728	6167506	63.10
1970-1979	11	0.00035	0.00035	0.5	97712	34	97695	6069778	62.12
1970-1979	12	0.00028	0.00028	0.5	97678	28	97664	5972083	61.14
1970-1979	13	0.00053	0.00053	0.5	97650	52	97624	5874418	60.16
1970-1979	14	0.00063	0.00063	0.5	97598	62	97568	5776794	59.19
1970-1979	15	0.00091	0.00091	0.5	97537	89	97492	5679227	58.23
1970-1979	16	0.00150	0.00150	0.5	97448	146	97375	5581734	57.28
1970-1979	17	0.00140	0.00140	0.5	97302	136	97234	5484359	56.36
1970-1979	18	0.00212	0.00212	0.5	97166	206	97063	5387125	55.44
1970-1979	19	0.00209	0.00209	0.5	96960	203	96859	5290062	54.56
1970-1979	20	0.00170	0.00170	0.5	96757	164	96675	5193204	53.67
1970-1979	21	0.00171	0.00171	0.5	96593	165	96511	5096529	52.76
1970-1979	22	0.00189	0.00189	0.5	96428	182	96337	5000018	51.85
1970-1979	23	0.00168	0.00168	0.5	96246	161	96165	4903681	50.95
1970-1979	24	0.00158	0.00158	0.5	96085	152	96009	4807515	50.03
1970-1979	25	0.00173	0.00172	0.5	95933	165	95850	4711506	49.11
1970-1979	26	0.00143	0.00143	0.5	95767	137	95699	4615656	48.20
1970-1979	27	0.00159	0.00159	0.5	95631	152	95555	4519957	47.26
1970-1979	28	0.00174	0.00173	0.5	95478	166	95396	4424403	46.34
1970-1979	29	0.00175	0.00174	0.5	95313	166	95230	4329007	45.42
1970-1979	30	0.00162	0.00162	0.5	95147	154	95069	4233778	44.50
1970-1979	31	0.00182	0.00182	0.5	94992	173	94906	4138708	43.57
1970-1979	32	0.00153	0.00153	0.5	94819	145	94747	4043803	42.65
1970-1979	33	0.00181	0.00180	0.5	94674	171	94589	3949056	41.71
1970-1979	34	0.00212	0.00212	0.5	94504	200	94403	3854467	40.79
1970-1979	35	0.00248	0.00248	0.5	94303	234	94186	3760063	39.87
1970-1979	36	0.00252	0.00251	0.5	94069	236	93951	3665877	38.97
1970-1979	37	0.00229	0.00229	0.5	93833	215	93726	3571926	38.07
1970-1979	38	0.00257	0.00257	0.5	93618	241	93498	3478200	37.15
1970-1979	39	0.00300	0.00300	0.5	93378	280	93238	3384702	36.25
1970-1979	40	0.00314	0.00314	0.5	93098	292	92952	3291465	35.35
1970-1979	41	0.00308	0.00308	0.5	92806	286	92663	3198513	34.46
1970-1979	42	0.00360	0.00360	0.5	92520	333	92354	3105850	33.57
1970-1979	43	0.00399	0.00398	0.5	92187	367	92004	3013496	32.69
1970-1979	44	0.00430	0.00430	0.5	91820	394	91623	2921493	31.82
1970-1979	45	0.00497	0.00495	0.5	91426	453	91199	2829870	30.95
1970-1979	46	0.00539	0.00538	0.5	90973	489	90728	2738670	30.10
1970-1979	47	0.00578	0.00577	0.5	90484	522	90223	2647942	29.26
1970-1979	48	0.00662	0.00659	0.5	89962	593	89665	2557719	28.43
1970-1979	49	0.00627	0.00625	0.5	89369	558	89090	2468054	27.62
1970-1979	50	0.00702	0.00699	0.5	88810	621	88500	2378964	26.79
1970-1979	51	0.00772	0.00769	0.5	88189	678	87850	2290464	25.97
1970-1979	52	0.00844	0.00840	0.5	87511	735	87144	2202614	25.17
1970-1979	53	0.00929	0.00924	0.5	86776	802	86375	2115470	24.38
1970-1979	54	0.01020	0.01015	0.5	85974	872	85538	2029095	23.60
1970-1979	55	0.01109	0.01103	0.5	85102	939	84632	1943557	22.84
1970-1979	56	0.01177	0.01170	0.5	84163	985	83670	1858924	22.09
1970-1979	57	0.01287	0.01279	0.5	83178	1064	82646	1775254	21.34
1970-1979	58	0.01378	0.01368	0.5	82114	1123	81553	1692608	20.61
1970-1979	59	0.01458	0.01448	0.5	80991	1172	80405	1611055	19.89
1970-1979	60	0.01651	0.01638	0.5	79818	1307	79165	1530650	19.18
1970-1979	61	0.01761	0.01746	0.5	78511	1371	77826	1451485	18.49
1970-1979	62	0.01984	0.01965	0.5	77140	1516	76383	1373660	17.81
1970-1979	63	0.02046	0.02025	0.5	75625	1531	74859	1297277	17.15
1970-1979	64	0.02078	0.02056	0.5	74094	1524	73332	1222418	16.50
1970-1979	65	0.02218	0.02194	0.5	72570	1592	71774	1149086	15.83
1970-1979	66	0.02504	0.02473	0.5	70978	1755	70100	1077312	15.18
1970-1979	67	0.02775	0.02737	0.5	69223	1894	68276	1007212	14.55
1970-1979	68	0.02832	0.02792	0.5	67328	1880	66389	938936	13.95
1970-1979	69	0.03202	0.03151	0.5	65449	2062	64417	872547	13.33
1970-1979	70	0.03678	0.03612	0.5	63386	2289	62242	808130	12.75
1970-1979	71	0.04138	0.04054	0.5	61097	2477	59859	745888	12.21
1970-1979	72	0.04250	0.04162	0.5	58620	2440	57400	686030	11.70
1970-1979	73	0.04491	0.04393	0.5	56180	2468	54946	628629	11.19
1970-1979	74	0.05191	0.05060	0.5	53713	2718	52354	573683	10.68
1970-1979	75	0.05221	0.05088	0.5	50995	2595	49697	521329	10.22
1970-1979	76	0.05602	0.05449	0.5	48400	2637	47081	471632	9.74
1970-1979	77	0.05962	0.05790	0.5	45763	2650	44438	424551	9.28
1970-1979	78	0.06883	0.06654	0.5	43113	2869	41679	380113	8.82
1970-1979	79	0.07337	0.07078	0.5	40244	2848	38820	338434	8.41
1970-1979	80	0.06916	0.06685	0.5	37396	2500	36146	299614	8.01
1970-1979	81	0.07616	0.07337	0.5	34896	2560	33616	263468	7.55
1970-1979	82	0.08383	0.08046	0.5	32336	2602	31035	229852	7.11
1970-1979	83	0.09223	0.08817	0.5	29734	2622	28423	198817	6.69
1970-1979	84	0.10142	0.09652	0.5	27113	2617	25804	170393	6.28
1970-1979	85	0.11145	0.10557	0.5	24495	2586	23203	144589	5.90
1970-1979	86	0.12238	0.11532	0.5	21910	2527	20646	121387	5.54
1970-1979	87	0.13427	0.12582	0.5	19383	2439	18164	100740	5.20
1970-1979	88	0.14718	0.13709	0.5	16944	2323	15783	82577	4.87
1970-1979	89	0.16116	0.14914	0.5	14621	2181	13531	66794	4.57
1970-1979	90	0.17626	0.16199	0.5	12441	2015	11433	53263	4.28
1970-1979	91	0.19253	0.17562	0.5	10425	1831	9510	41830	4.01
1970-1979	92	0.20999	0.19004	0.5	8594	1633	7778	32321	3.76
1970-1979	93	0.22867	0.20520	0.5	6961	1428	6247	24543	3.53
1970-1979	94	0.24857	0.22109	0.5	5533	1223	4921	18296	3.31
1970-1979	95	0.26969	0.23764	0.5	4309	1024	3797	13375	3.10
1970-1979	96	0.29200	0.25480	0.5	3285	837	2867	9577	2.92
1970-1979	97	0.31546	0.27248	0.5	2448	667	2115	6710	2.74
1970-1979	98	0.33999	0.29059	0.5	1781	518	1522	4596	2.58
1970-1979	99	0.36550	0.30903	0.5	1264	390	1068	3073	2.43
1970-1979	100	0.39189	0.32768	0.5	873	286	730	2005	2.30
1970-1979	101	0.41901	0.34643	0.5	587	203	485	1275	2.17
1970-1979	102	0.44672	0.36516	0.5	384	140	314	790	2.06
1970-1979	103	0.47484	0.38373	0.5	244	93	197	476	1.95
1970-1979	104	0.50320	0.40205	0.5	150	60	120	279	1.86
1970-1979	105	0.53161	0.41998	0.5	90	38	71	159	1.78
1970-1979	106	0.55988	0.43742	0.5	52	23	41	88	1.70
1970-1979	107	0.58782	0.45430	0.5	29	13	23	48	1.63
1970-1979	108	0.61525	0.47051	0.5	16	8	12	25	1.57
1970-1979	109	0.64202	0.48601	0.5	8	4	6	13	1.53
1970-1979	110+	0.66797	1.00000	1.5	4	4	7	7	1.50
1980-1989	0	0.00971	0.00962	0.08	100000	962	99110	7393106	73.93
1980-1989	1	0.00084	0.00083	0.5	99038	83	98996	7293996	73.65
1980-1989	2	0.00072	0.00071	0.5	98955	71	98920	7195000	72.71
1980-1989	3	0.00041	0.00041	0.5	98884	41	98864	7096080	71.76
1980-1989	4	0.00036	0.00036	0.5	98844	35	98826	6997216	70.79
1980-1989	5	0.00024	0.00024	0.5	98808	24	98796	6898390	69.82
1980-1989	6	0.00023	0.00023	0.5	98784	22	98773	6799594	68.83
1980-1989	7	0.00030	0.00030	0.5	98762	29	98747	6700821	67.85
1980-1989	8	0.00022	0.00022	0.5	98732	22	98722	6602074	66.87
1980-1989	9	0.00020	0.00020	0.5	98711	19	98701	6503352	65.88
1980-1989	10	0.00019	0.00019	0.5	98691	19	98682	6404651	64.90
1980-1989	11	0.00037	0.00037	0.5	98672	37	98654	6305969	63.91
1980-1989	12	0.00033	0.00033	0.5	98636	32	98620	6207315	62.93
1980-1989	13	0.00028	0.00028	0.5	98603	28	98590	6108695	61.95
1980-1989	14	0.00038	0.00038	0.5	98576	38	98557	6010106	60.97
1980-1989	15	0.00069	0.00069	0.5	98538	68	98504	5911549	59.99
1980-1989	16	0.00083	0.00083	0.5	98470	81	98430	5813045	59.03
1980-1989	17	0.00110	0.00110	0.5	98389	108	98335	5714615	58.08
1980-1989	18	0.00137	0.00137	0.5	98281	134	98214	5616280	57.15
1980-1989	19	0.00137	0.00137	0.5	98147	134	98080	5518067	56.22
1980-1989	20	0.00142	0.00142	0.5	98012	139	97943	5419987	55.30
1980-1989	21	0.00147	0.00147	0.5	97873	144	97801	5322044	54.38
1980-1989	22	0.00156	0.00156	0.5	97729	153	97653	5224243	53.46
1980-1989	23	0.00156	0.00156	0.5	97577	152	97501	5126590	52.54
1980-1989	24	0.00151	0.00151	0.5	97425	147	97351	5029089	51.62
1980-1989	25	0.00138	0.00138	0.5	97277	135	97210	4931738	50.70
1980-1989	26	0.00154	0.00154	0.5	97143	150	97068	4834529	49.77
1980-1989	27	0.00147	0.00147	0.5	96993	143	96921	4737461	48.84
1980-1989	28	0.00136	0.00136	0.5	96850	131	96784	4640539	47.91
1980-1989	29	0.00130	0.00130	0.5	96719	125	96656	4543755	46.98
1980-1989	30	0.00141	0.00141	0.5	96593	137	96525	4447099	46.04
1980-1989	31	0.00146	0.00146	0.5	96457	141	96386	4350574	45.10
1980-1989	32	0.00161	0.00161	0.5	96316	155	96238	4254188	44.17
1980-1989	33	0.00172	0.00172	0.5	96161	165	96078	4157950	43.24
1980-1989	34	0.00180	0.00179	0.5	95995	172	95909	4061872	42.31
1980-1989	35	0.00179	0.00178	0.5	95823	171	95738	3965962	41.39
1980-1989	36	0.00211	0.00211	0.5	95652	202	95551	3870224	40.46
1980-1989	37	0.00194	0.00194	0.5	95450	185	95358	3774673	39.55
1980-1989	38	0.00205	0.00205	0.5	95266	195	95168	3679315	38.62
1980-1989	39	0.00221	0.00221	0.5	95070	210	94965	3584147	37.70
1980-1989	40	0.00242	0.00242	0.5	94860	230	94746	3489182	36.78
1980-1989	41	0.00253	0.00253	0.5	94631	239	94511	3394436	35.87
1980-1989	42	0.00277	0.00277	0.5	94391	261	94261	3299925	34.96
1980-1989	43	0.00307	0.00307	0.5	94130	289	93986	3205664	34.06
1980-1989	44	0.00298	0.00298	0.5	93841	279	93702	3111679	33.16
1980-1989	45	0.00376	0.00375	0.5	93562	351	93387	3017977	32.26
1980-1989	46	0.00414	0.00413	0.5	93211	385	93019	2924590	31.38
1980-1989	47	0.00444	0.00443	0.5	92826	411	92621	2831572	30.50
1980-1989	48	0.00502	0.00501	0.5	92415	463	92184	2738951	29.64
1980-1989	49	0.00506	0.00505	0.5	91952	465	91720	2646767	28.78
1980-1989	50	0.00552	0.00551	0.5	91488	504	91236	2555047	27.93
1980-1989	51	0.00628	0.00626	0.5	90984	570	90699	2463812	27.08
1980-1989	52	0.00749	0.00746	0.5	90414	675	90077	2373113	26.25
1980-1989	53	0.00771	0.00768	0.5	89739	689	89395	2283036	25.44
1980-1989	54	0.00859	0.00855	0.5	89050	762	88669	2193641	24.63
1980-1989	55	0.00844	0.00840	0.5	88288	742	87918	2104972	23.84
1980-1989	56	0.01038	0.01033	0.5	87547	904	87095	2017054	23.04
1980-1989	57	0.01122	0.01116	0.5	86642	967	86159	1929960	22.27
1980-1989	58	0.01263	0.01255	0.5	85676	1076	85138	1843801	21.52
1980-1989	59	0.01302	0.01294	0.5	84600	1094	84053	1758663	20.79
1980-1989	60	0.01419	0.01409	0.5	83506	1177	82917	1674610	20.05
1980-1989	61	0.01546	0.01534	0.5	82329	1263	81698	1591692	19.33
1980-1989	62	0.01752	0.01736	0.5	81066	1408	80362	1509995	18.63
1980-1989	63	0.01937	0.01919	0.5	79658	1529	78894	1429633	17.95
1980-1989	64	0.01922	0.01904	0.5	78130	1488	77386	1350738	17.29
1980-1989	65	0.01958	0.01939	0.5	76642	1486	75899	1273352	16.61
1980-1989	66	0.02265	0.02239	0.5	75156	1683	74315	1197453	15.93
1980-1989	67	0.02444	0.02414	0.5	73473	1774	72586	1123139	15.29
1980-1989	68	0.02735	0.02698	0.5	71699	1935	70732	1050553	14.65
1980-1989	69	0.02833	0.02793	0.5	69764	1949	68790	979821	14.04
1980-1989	70	0.03208	0.03157	0.5	67816	2141	66745	911031	13.43
1980-1989	71	0.03460	0.03401	0.5	65674	2233	64558	844286	12.86
1980-1989	72	0.03800	0.03729	0.5	63441	2366	62258	779728	12.29
1980-1989	73	0.04157	0.04072	0.5	61075	2487	59832	717470	11.75
1980-1989	74	0.04727	0.04618	0.5	58588	2705	57236	657638	11.22
1980-1989	75	0.04761	0.04650	0.5	55883	2599	54584	600402	10.74
1980-1989	76	0.05593	0.05441	0.5	53285	2899	51835	545818	10.24
1980-1989	77	0.05601	0.05448	0.5	50385	2745	49013	493983	9.80
1980-1989	78	0.06029	0.05853	0.5	47640	2788	46246	444971	9.34
1980-1989	79	0.06402	0.06203	0.5	44852	2782	43461	398724	8.89
1980-1989	80	0.06377	0.06180	0.5	42070	2600	40770	355264	8.44
1980-1989	81	0.07014	0.06776	0.5	39470	2674	38133	314494	7.97
1980-1989	82	0.07712	0.07426	0.5	36795	2732	35429	276361	7.51
1980-1989	83	0.08477	0.08133	0.5	34063	2770	32678	240932	7.07
1980-1989	84	0.09315	0.08901	0.5	31293	2785	29900	208254	6.66
1980-1989	85	0.10232	0.09734	0.5	28508	2775	27120	178354	6.26
1980-1989	86	0.11233	0.10636	0.5	25733	2737	24364	151234	5.88
1980-1989	87	0.12325	0.11610	0.5	22996	2670	21661	126870	5.52
1980-1989	88	0.13514	0.12659	0.5	20326	2573	19039	105209	5.18
1980-1989	89	0.14805	0.13785	0.5	17753	2447	16529	86169	4.85
1980-1989	90	0.16205	0.14991	0.5	15306	2294	14158	69640	4.55
1980-1989	91	0.17718	0.16277	0.5	13011	2118	11952	55482	4.26
1980-1989	92	0.19350	0.17643	0.5	10893	1922	9933	43529	4.00
1980-1989	93	0.21103	0.19089	0.5	8972	1713	8115	33597	3.74
1980-1989	94	0.22980	0.20612	0.5	7259	1496	6511	25482	3.51
1980-1989	95	0.24982	0.22208	0.5	5763	1280	5123	18971	3.29
1980-1989	96	0.27108	0.23873	0.5	4483	1070	3948	13848	3.09
1980-1989	97	0.29356	0.25599	0.5	3413	874	2976	9900	2.90
1980-1989	98	0.31721	0.27379	0.5	2539	695	2192	6924	2.73
1980-1989	99	0.34197	0.29203	0.5	1844	539	1575	4732	2.57
1980-1989	100	0.36772	0.31061	0.5	1305	405	1103	3157	2.42
1980-1989	101	0.39437	0.32942	0.5	900	296	752	2055	2.28
1980-1989	102	0.42178	0.34832	0.5	604	210	498	1303	2.16
1980-1989	103	0.44977	0.36720	0.5	393	144	321	805	2.05
1980-1989	104	0.47819	0.38592	0.5	249	96	201	484	1.94
1980-1989	105	0.50685	0.40437	0.5	153	62	122	283	1.85
1980-1989	106	0.53554	0.42243	0.5	91	38	72	161	1.77
1980-1989	107	0.56408	0.43999	0.5	53	23	41	89	1.69
1980-1989	108	0.59228	0.45696	0.5	29	13	23	48	1.63
1980-1989	109	0.61995	0.47325	0.5	16	8	12	25	1.58
1980-1989	110+	0.64692	1.00000	1.55	8	8	13	13	1.55
1990-1999	0	0.00707	0.00702	0.07	100000	702	99346	7519236	75.19
1990-1999	1	0.00075	0.00075	0.5	99298	74	99261	7419891	74.72
1990-1999	2	0.00055	0.00055	0.5	99224	55	99196	7320630	73.78
1990-1999	3	0.00038	0.00038	0.5	99169	37	99150	7221433	72.82
1990-1999	4	0.00021	0.00021	0.5	99131	20	99121	7122283	71.85
1990-1999	5	0.00027	0.00027	0.5	99111	27	99098	7023162	70.86
1990-1999	6	0.00019	0.00019	0.5	99084	19	99075	6924065	69.88
1990-1999	7	0.00018	0.00018	0.5	99066	18	99056	6824990	68.89
1990-1999	8	0.00023	0.00023	0.5	99047	22	99036	6725934	67.91
1990-1999	9	0.00019	0.00019	0.5	99025	19	99015	6626897	66.92
1990-1999	10	0.00017	0.00017	0.5	99006	17	98998	6527882	65.93
1990-1999	11	0.00019	0.00019	0.5	98989	18	98980	6428884	64.95
1990-1999	12	0.00024	0.00024	0.5	98971	23	98959	6329905	63.96
1990-1999	13	0.00030	0.00030	0.5	98947	29	98933	6230946	62.97
1990-1999	14	0.00039	0.00039	0.5	98918	39	98899	6132013	61.99
1990-1999	15	0.00054	0.00054	0.5	98879	53	98853	6033114	61.01
1990-1999	16	0.00065	0.00065	0.5	98826	64	98794	5934261	60.05
1990-1999	17	0.00103	0.00103	0.5	98762	102	98711	5835467	59.09
1990-1999	18	0.00122	0.00122	0.5	98660	120	98600	5736756	58.15
1990-1999	19	0.00127	0.00127	0.5	98540	125	98478	5638156	57.22
1990-1999	20	0.00115	0.00115	0.5	98416	113	98359	5539678	56.29
1990-1999	21	0.00131	0.00131	0.5	98302	129	98238	5441319	55.35
1990-1999	22	0.00123	0.00123	0.5	98173	121	98113	5343081	54.43
1990-1999	23	0.00111	0.00111	0.5	98053	109	97998	5244968	53.49
1990-1999	24	0.00124	0.00124	0.5	97944	121	97883	5146970	52.55
1990-1999	25	0.00117	0.00117	0.5	97822	115	97765	5049087	51.61
1990-1999	26	0.00108	0.00108	0.5	97708	105	97655	4951322	50.67
1990-1999	27	0.00117	0.00117	0.5	97602	114	97545	4853667	49.73
1990-1999	28	0.00119	0.00118	0.5	97488	116	97430	4756121	48.79
1990-1999	29	0.00122	0.00122	0.5	97372	119	97313	4658691	47.84
1990-1999	30	0.00131	0.00131	0.5	97254	127	97190	4561378	46.90
1990-1999	31	0.00144	0.00144	0.5	97126	140	97056	4464188	45.96
1990-1999	32	0.00157	0.00157	0.5	96987	152	96911	4367132	45.03
1990-1999	33	0.00165	0.00165	0.5	96835	160	96755	4270221	44.10
1990-1999	34	0.00161	0.00161	0.5	96675	155	96597	4173466	43.17
1990-1999	35	0.00184	0.00183	0.5	96520	177	96431	4076869	42.24
1990-1999	36	0.00196	0.00196	0.5	96343	189	96248	3980438	41.32
1990-1999	37	0.00213	0.00213	0.5	96154	205	96051	3884190	40.40
1990-1999	38	0.00232	0.00232	0.5	95949	222	95838	3788139	39.48
1990-1999	39	0.00260	0.00260	0.5	95727	249	95602	3692301	38.57
1990-1999	40	0.00250	0.00250	0.5	95478	239	95358	3596698	37.67
1990-1999	41	0.00271	0.00271	0.5	95239	258	95110	3501340	36.76
1990-1999	42	0.00295	0.00294	0.5	94981	280	94842	3406230	35.86
1990-1999	43	0.00304	0.00304	0.5	94702	288	94558	3311388	34.97
1990-1999	44	0.00307	0.00307	0.5	94414	290	94269	3216830	34.07
1990-1999	45	0.00334	0.00333	0.5	94124	314	93968	3122561	33.17
1990-1999	46	0.00362	0.00362	0.5	93811	339	93641	3028593	32.28
1990-1999	47	0.00421	0.00420	0.5	93472	393	93275	2934952	31.40
1990-1999	48	0.00431	0.00430	0.5	93079	401	92878	2841677	30.53
1990-1999	49	0.00460	0.00459	0.5	92678	426	92465	2748799	29.66
1990-1999	50	0.00495	0.00494	0.5	92252	455	92025	2656334	28.79
1990-1999	51	0.00546	0.00545	0.5	91797	500	91547	2564309	27.93
1990-1999	52	0.00624	0.00622	0.5	91297	568	91013	2472762	27.08
1990-1999	53	0.00685	0.00682	0.5	90729	619	90420	2381749	26.25
1990-1999	54	0.00738	0.00735	0.5	90110	662	89779	2291329	25.43
1990-1999	55	0.00754	0.00752	0.5	89448	672	89112	2201550	24.61
1990-1999	56	0.00861	0.00857	0.5	88776	761	88395	2112439	23.80
1990-1999	57	0.00894	0.00890	0.5	88015	783	87623	2024044	23.00
1990-1999	58	0.01037	0.01031	0.5	87232	900	86782	1936421	22.20
1990-1999	59	0.01073	0.01067	0.5	86332	921	85871	1849639	21.42
1990-1999	60	0.01270	0.01262	0.5	85411	1078	84872	1763767	20.65
1990-1999	61	0.01440	0.01430	0.5	84333	1206	83730	1678895	19.91
1990-1999	62	0.01540	0.01528	0.5	83127	1270	82492	1595165	19.19
1990-1999	63	0.01675	0.01661	0.5	81857	1360	81177	1512673	18.48
1990-1999	64	0.01818	0.01801	0.5	80497	1450	79772	1431496	17.78
1990-1999	65	0.01915	0.01896	0.5	79047	1499	78298	1351724	17.10
1990-1999	66	0.02021	0.02000	0.5	77548	1551	76772	1273426	16.42
1990-1999	67	0.02225	0.02200	0.5	75997	1672	75161	1196654	15.75
1990-1999	68	0.02515	0.02484	0.5	74325	1846	73402	1121493	15.09
1990-1999	69	0.02602	0.02569	0.5	72479	1862	71548	1048092	14.46
1990-1999	70	0.02880	0.02840	0.5	70617	2005	69614	976544	13.83
1990-1999	71	0.03205	0.03155	0.5	68612	2164	67529	906930	13.22
1990-1999	72	0.03470	0.03411	0.5	66447	2267	65314	839400	12.63
1990-1999	73	0.03749	0.03680	0.5	64180	2362	63000	774087	12.06
1990-1999	74	0.04063	0.03982	0.5	61819	2462	60588	711087	11.50
1990-1999	75	0.04361	0.04268	0.5	59357	2534	58090	650499	10.96
1990-1999	76	0.04901	0.04783	0.5	56823	2718	55464	592409	10.43
1990-1999	77	0.05207	0.05075	0.5	54105	2746	52733	536944	9.92
1990-1999	78	0.05738	0.05578	0.5	51360	2865	49927	484212	9.43
1990-1999	79	0.06216	0.06028	0.5	48495	2923	47033	434284	8.96
1990-1999	80	0.06082	0.05903	0.5	45572	2690	44227	387251	8.50
1990-1999	81	0.06743	0.06523	0.5	42882	2797	41483	343024	8.00
1990-1999	82	0.07471	0.07202	0.5	40084	2887	38641	301541	7.52
1990-1999	83	0.08272	0.07944	0.5	37197	2955	35720	262901	7.07
1990-1999	84	0.09152	0.08751	0.5	34242	2997	32744	227181	6.63
1990-1999	85	0.10115	0.09628	0.5	31246	3008	29742	194437	6.22
1990-1999	86	0.11170	0.10579	0.5	28237	2987	26744	164695	5.83
1990-1999	87	0.12321	0.11606	0.5	25250	2931	23785	137951	5.46
1990-1999	88	0.13575	0.12712	0.5	22320	2837	20901	114166	5.12
1990-1999	89	0.14938	0.13900	0.5	19482	2708	18128	93266	4.79
1990-1999	90	0.16414	0.15169	0.5	16774	2544	15502	75137	4.48
1990-1999	91	0.18008	0.16521	0.5	14230	2351	13054	59635	4.19
1990-1999	92	0.19724	0.17954	0.5	11879	2133	10813	46581	3.92
1990-1999	93	0.21565	0.19466	0.5	9746	1897	8798	35768	3.67
1990-1999	94	0.23532	0.21055	0.5	7849	1653	7023	26971	3.44
1990-1999	95	0.25624	0.22714	0.5	6196	1407	5493	19948	3.22
1990-1999	96	0.27841	0.24439	0.5	4789	1170	4204	14455	3.02
1990-1999	97	0.30176	0.26220	0.5	3619	949	3144	10252	2.83
1990-1999	98	0.32625	0.28050	0.5	2670	749	2295	7107	2.66
1990-1999	99	0.35179	0.29917	0.5	1921	575	1634	4812	2.51
1990-1999	100	0.37827	0.31811	0.5	1346	428	1132	3178	2.36
1990-1999	101	0.40556	0.33719	0.5	918	310	763	2046	2.23
1990-1999	102	0.43352	0.35629	0.5	608	217	500	1283	2.11
1990-1999	103	0.46197	0.37529	0.5	392	147	318	783	2.00
1990-1999	104	0.49074	0.39405	0.5	245	96	196	465	1.90
1990-1999	105	0.51964	0.41247	0.5	148	61	118	268	1.81
1990-1999	106	0.54846	0.43043	0.5	87	37	68	151	1.73
1990-1999	107	0.57702	0.44782	0.5	50	22	39	82	1.66
1990-1999	108	0.60513	0.46457	0.5	27	13	21	44	1.60
1990-1999	109	0.63261	0.48060	0.5	15	7	11	23	1.55
1990-1999	110+	0.65931	1.00000	1.52	8	8	12	12	1.52
2000-2009	0	0.00618	0.00615	0.07	100000	615	99426	7655786	76.56
2000-2009	1	0.00052	0.00052	0.5	99385	51	99360	7556360	76.03
2000-2009	2	0.00038	0.00038	0.5	99334	38	99315	7457000	75.07
2000-2009	3	0.00021	0.00021	0.5	99296	21	99286	7357685	74.10
2000-2009	4	0.00019	0.00019	0.5	99275	19	99266	7258400	73.11
2000-2009	5	0.00015	0.00015	0.5	99256	15	99249	7159134	72.13
2000-2009	6	0.00013	0.00013	0.5	99242	13	99235	7059885	71.14
2000-2009	7	0.00010	0.00010	0.5	99229	10	99224	6960650	70.15
2000-2009	8	0.00013	0.00013	0.5	99219	13	99212	6861426	69.15
2000-2009	9	0.00010	0.00010	0.5	99206	10	99201	6762214	68.16
2000-2009	10	0.00013	0.00013	0.5	99196	13	99190	6663013	67.17
2000-2009	11	0.00017	0.00017	0.5	99184	17	99175	6563823	66.18
2000-2009	12	0.00019	0.00019	0.5	99166	19	99157	6464648	65.19
2000-2009	13	0.00021	0.00021	0.5	99147	21	99137	6365491	64.20
2000-2009	14	0.00030	0.00030	0.5	99126	30	99111	6266354	63.22
2000-2009	15	0.00040	0.00040	0.5	99097	40	99076	6167242	62.23
2000-2009	16	0.00057	0.00057	0.5	99056	56	99028	6068166	61.26
2000-2009	17	0.00069	0.00069	0.5	99000	68	98966	5969137	60.29
2000-2009	18	0.00097	0.00097	0.5	98932	96	98884	5870171	59.34
2000-2009	19	0.00114	0.00114	0.5	98836	113	98780	5771287	58.39
2000-2009	20	0.00113	0.00113	0.5	98724	112	98668	5672507	57.46
2000-2009	21	0.00113	0.00113	0.5	98612	111	98556	5573839	56.52
2000-2009	22	0.00107	0.00107	0.5	98501	106	98448	5475282	55.59
2000-2009	23	0.00106	0.00106	0.5	98395	104	98343	5376834	54.65
2000-2009	24	0.00112	0.00112	0.5	98291	110	98236	5278491	53.70
2000-2009	25	0.00104	0.00104	0.5	98181	102	98130	5180255	52.76
2000-2009	26	0.00102	0.00102	0.5	98079	100	98029	5082125	51.82
2000-2009	27	0.00104	0.00104	0.5	97979	102	97928	4984096	50.87
2000-2009	28	0.00110	0.00110	0.5	97877	108	97823	4886168	49.92
2000-2009	29	0.00108	0.00108	0.5	97769	106	97716	4788345	48.98
2000-2009	30	0.00109	0.00109	0.5	97664	107	97610	4690628	48.03
2000-2009	31	0.00115	0.00115	0.5	97557	112	97501	4593018	47.08
2000-2009	32	0.00114	0.00114	0.5	97445	111	97389	4495517	46.13
2000-2009	33	0.00137	0.00137	0.5	97334	134	97267	4398128	45.19
2000-2009	34	0.00135	0.00135	0.5	97200	131	97135	4300861	44.25
2000-2009	35	0.00138	0.00138	0.5	97069	134	97002	4203726	43.31
2000-2009	36	0.00155	0.00155	0.5	96935	150	96860	4106724	42.37
2000-2009	37	0.00156	0.00156	0.5	96785	151	96709	4009865	41.43
2000-2009	38	0.00195	0.00195	0.5	96633	188	96539	3913156	40.49
2000-2009	39	0.00221	0.00220	0.5	96445	213	96339	3816616	39.57
2000-2009	40	0.00204	0.00204	0.5	96233	196	96135	3720277	38.66
2000-2009	41	0.00250	0.00250	0.5	96037	240	95917	3624142	37.74
2000-2009	42	0.00272	0.00272	0.5	95796	260	95666	3528226	36.83
2000-2009	43	0.00294	0.00294	0.5	95536	280	95396	3432560	35.93
2000-2009	44	0.00313	0.00313	0.5	95256	298	95107	3337164	35.03
2000-2009	45	0.00346	0.00345	0.5	94958	328	94794	3242057	34.14
2000-2009	46	0.00378	0.00378	0.5	94630	357	94452	3147263	33.26
2000-2009	47	0.00393	0.00392	0.5	94273	370	94088	3052811	32.38
2000-2009	48	0.00429	0.00428	0.5	93903	402	93702	2958723	31.51
2000-2009	49	0.00461	0.00460	0.5	93501	430	93286	2865021	30.64
2000-2009	50	0.00501	0.00500	0.5	93071	465	92839	2771735	29.78
2000-2009	51	0.00514	0.00513	0.5	92606	475	92369	2678896	28.93
2000-2009	52	0.00600	0.00599	0.5	92131	552	91855	2586527	28.07
2000-2009	53	0.00627	0.00625	0.5	91580	573	91293	2494672	27.24
2000-2009	54	0.00671	0.00669	0.5	91007	609	90703	2403378	26.41
2000-2009	55	0.00710	0.00708	0.5	90398	640	90078	2312676	25.58
2000-2009	56	0.00756	0.00753	0.5	89758	676	89420	2222597	24.76
2000-2009	57	0.00817	0.00814	0.5	89082	725	88720	2133177	23.95
2000-2009	58	0.00875	0.00871	0.5	88357	770	87973	2044457	23.14
2000-2009	59	0.00979	0.00975	0.5	87588	854	87161	1956484	22.34
2000-2009	60	0.01062	0.01056	0.5	86734	916	86276	1869323	21.55
2000-2009	61	0.01147	0.01140	0.5	85818	978	85329	1783047	20.78
2000-2009	62	0.01256	0.01249	0.5	84840	1059	84310	1697718	20.01
2000-2009	63	0.01327	0.01319	0.5	83780	1105	83228	1613408	19.26
2000-2009	64	0.01440	0.01430	0.5	82676	1182	82085	1530180	18.51
2000-2009	65	0.01571	0.01559	0.5	81494	1270	80859	1448096	17.77
2000-2009	66	0.01716	0.01701	0.5	80223	1365	79541	1367237	17.04
2000-2009	67	0.01870	0.01853	0.5	78858	1461	78128	1287696	16.33
2000-2009	68	0.01921	0.01902	0.5	77397	1472	76661	1209568	15.63
2000-2009	69	0.02239	0.02214	0.5	75925	1681	75084	1132907	14.92
2000-2009	70	0.02418	0.02389	0.5	74244	1774	73357	1057823	14.25
2000-2009	71	0.02611	0.02577	0.5	72470	1868	71536	984466	13.58
2000-2009	72	0.02915	0.02874	0.5	70602	2029	69588	912930	12.93
2000-2009	73	0.03175	0.03126	0.5	68573	2143	67502	843342	12.30
2000-2009	74	0.03432	0.03374	0.5	66430	2241	65309	775841	11.68
2000-2009	75	0.03833	0.03760	0.5	64189	2414	62982	710531	11.07
2000-2009	76	0.04245	0.04156	0.5	61775	2568	60491	647550	10.48
2000-2009	77	0.04600	0.04497	0.5	59207	2662	57876	587059	9.92
2000-2009	78	0.04956	0.04836	0.5	56545	2734	55178	529183	9.36
2000-2009	79	0.05565	0.05414	0.5	53810	2914	52354	474005	8.81
2000-2009	80	0.06111	0.05930	0.5	50897	3018	49388	421652	8.28
2000-2009	81	0.06822	0.06597	0.5	47879	3158	46300	372264	7.78
2000-2009	82	0.07610	0.07331	0.5	44720	3278	43081	325964	7.29
2000-2009	83	0.08481	0.08136	0.5	41442	3372	39756	282883	6.83
2000-2009	84	0.09444	0.09018	0.5	38070	3433	36354	243127	6.39
2000-2009	85	0.10504	0.09980	0.5	34637	3457	32909	206773	5.97
2000-2009	86	0.11670	0.11026	0.5	31180	3438	29461	173864	5.58
2000-2009	87	0.12948	0.12161	0.5	27742	3374	26056	144403	5.21
2000-2009	88	0.14346	0.13386	0.5	24369	3262	22738	118347	4.86
2000-2009	89	0.15869	0.14702	0.5	21107	3103	19555	95610	4.53
2000-2009	90	0.17524	0.16112	0.5	18004	2901	16553	76054	4.22
2000-2009	91	0.19314	0.17613	0.5	15103	2660	13773	59501	3.94
2000-2009	92	0.21244	0.19204	0.5	12443	2389	11248	45728	3.68
2000-2009	93	0.23314	0.20880	0.5	10053	2099	9004	34480	3.43
2000-2009	94	0.25524	0.22636	0.5	7954	1800	7054	25477	3.20
2000-2009	95	0.27873	0.24463	0.5	6154	1505	5401	18423	2.99
2000-2009	96	0.30353	0.26354	0.5	4648	1225	4036	13022	2.80
2000-2009	97	0.32958	0.28296	0.5	3423	969	2939	8986	2.62
2000-2009	98	0.35678	0.30277	0.5	2455	743	2083	6047	2.46
2000-2009	99	0.38498	0.32283	0.5	1711	553	1435	3964	2.32
2000-2009	100	0.41402	0.34301	0.5	1159	398	960	2529	2.18
2000-2009	101	0.44373	0.36316	0.5	761	277	623	1568	2.06
2000-2009	102	0.47390	0.38312	0.5	485	186	392	945	1.95
2000-2009	103	0.50431	0.40275	0.5	299	120	239	553	1.85
2000-2009	104	0.53474	0.42193	0.5	179	75	141	314	1.76
2000-2009	105	0.56495	0.44052	0.5	103	45	81	173	1.68
2000-2009	106	0.59474	0.45842	0.5	58	26	45	93	1.61
2000-2009	107	0.62389	0.47555	0.5	31	15	24	48	1.54
2000-2009	108	0.65221	0.49182	0.5	16	8	12	24	1.49
2000-2009	109	0.67952	0.50720	0.5	8	4	6	12	1.44
2000-2009	110+	0.70570	1.00000	1.42	4	4	6	6	1.42
2010-2019	0	0.00556	0.00553	0.06	100000	553	99482	7802306	78.02
2010-2019	1	0.00044	0.00044	0.5	99447	44	99424	7702824	77.46
2010-2019	2	0.00028	0.00028	0.5	99402	28	99388	7603400	76.49
2010-2019	3	0.00019	0.00019	0.5	99375	19	99365	7504011	75.51
2010-2019	4	0.00016	0.00016	0.5	99355	16	99347	7404647	74.53
2010-2019	5	0.00015	0.00015	0.5	99339	15	99332	7305299	73.54
2010-2019	6	0.00013	0.00013	0.5	99325	12	99319	7205967	72.55
2010-2019	7	0.00012	0.00012	0.5	99312	12	99307	7106648	71.56
2010-2019	8	0.00012	0.00012	0.5	99301	12	99295	7007342	70.57
2010-2019	9	0.00013	0.00013	0.5	99289	13	99283	6908047	69.58
2010-2019	10	0.00008	0.00008	0.5	99276	8	99272	6808764	68.58
2010-2019	11	0.00011	0.00011	0.5	99268	11	99263	6709492	67.59
2010-2019	12	0.00016	0.00016	0.5	99258	16	99250	6610229	66.60
2010-2019	13	0.00016	0.00016	0.5	99242	16	99234	6510979	65.61
2010-2019	14	0.00023	0.00023	0.5	99226	23	99214	6411745	64.62
2010-2019	15	0.00029	0.00029	0.5	99203	29	99188	6312531	63.63
2010-2019	16	0.00040	0.00040	0.5	99174	40	99154	6213343	62.65
2010-2019	17	0.00051	0.00051	0.5	99134	51	99109	6114189	61.68
2010-2019	18	0.00066	0.00066	0.5	99084	66	99051	6015080	60.71
2010-2019	19	0.00091	0.00091	0.5	99018	90	98973	5916029	59.75
2010-2019	20	0.00086	0.00086	0.5	98928	85	98885	5817056	58.80
2010-2019	21	0.00099	0.00099	0.5	98843	98	98793	5718170	57.85
2010-2019	22	0.00096	0.00096	0.5	98744	95	98697	5619377	56.91
2010-2019	23	0.00106	0.00106	0.5	98649	104	98597	5520680	55.96
2010-2019	24	0.00095	0.00095	0.5	98545	94	98498	5422083	55.02
2010-2019	25	0.00100	0.00100	0.5	98452	98	98402	5323584	54.07
2010-2019	26	0.00100	0.00100	0.5	98353	99	98304	5225182	53.13
2010-2019	27	0.00101	0.00101	0.5	98255	99	98205	5126878	52.18
2010-2019	28	0.00109	0.00109	0.5	98156	107	98102	5028673	51.23
2010-2019	29	0.00112	0.00112	0.5	98049	109	97994	4930571	50.29
2010-2019	30	0.00108	0.00108	0.5	97939	106	97886	4832577	49.34
2010-2019	31	0.00129	0.00129	0.5	97833	126	97770	4734690	48.40
2010-2019	32	0.00111	0.00111	0.5	97707	108	97653	4636920	47.46
2010-2019	33	0.00130	0.00130	0.5	97598	127	97535	4539268	46.51
2010-2019	34	0.00142	0.00142	0.5	97471	139	97402	4441733	45.57
2010-2019	35	0.00144	0.00144	0.5	97332	140	97262	4344331	44.63
2010-2019	36	0.00149	0.00149	0.5	97192	145	97120	4247069	43.70
2010-2019	37	0.00160	0.00160	0.5	97048	155	96970	4149949	42.76
2010-2019	38	0.00170	0.00169	0.5	96893	164	96811	4052978	41.83
2010-2019	39	0.00179	0.00179	0.5	96728	173	96642	3956168	40.90
2010-2019	40	0.00193	0.00193	0.5	96556	186	96463	3859526	39.97
2010-2019	41	0.00208	0.00208	0.5	96369	201	96269	3763063	39.05
2010-2019	42	0.00210	0.00210	0.5	96169	201	96068	3666794	38.13
2010-2019	43	0.00242	0.00242	0.5	95967	232	95851	3570726	37.21
2010-2019	44	0.00271	0.00270	0.5	95735	259	95605	3474875	36.30
2010-2019	45	0.00289	0.00288	0.5	95476	275	95338	3379270	35.39
2010-2019	46	0.00325	0.00324	0.5	95201	309	95046	3283931	34.49
2010-2019	47	0.00334	0.00333	0.5	94892	316	94734	3188885	33.61
2010-2019	48	0.00384	0.00383	0.5	94576	362	94395	3094151	32.72
2010-2019	49	0.00411	0.00410	0.5	94214	386	94021	2999756	31.84
2010-2019	50	0.00456	0.00455	0.5	93827	427	93614	2905736	30.97
2010-2019	51	0.00478	0.00477	0.5	93400	445	93178	2812122	30.11
2010-2019	52	0.00543	0.00542	0.5	92955	504	92703	2718944	29.25
2010-2019	53	0.00583	0.00581	0.5	92451	537	92183	2626241	28.41
2010-2019	54	0.00636	0.00634	0.5	91914	583	91623	2534059	27.57
2010-2019	55	0.00695	0.00693	0.5	91331	633	91015	2442436	26.74
2010-2019	56	0.00734	0.00732	0.5	90698	664	90367	2351422	25.93
2010-2019	57	0.00787	0.00784	0.5	90035	706	89682	2261055	25.11
2010-2019	58	0.00864	0.00860	0.5	89329	768	88945	2171373	24.31
2010-2019	59	0.00906	0.00902	0.5	88561	799	88162	2082428	23.51
2010-2019	60	0.00992	0.00987	0.5	87763	866	87329	1994266	22.72
2010-2019	61	0.01075	0.01069	0.5	86896	929	86432	1906937	21.95
2010-2019	62	0.01131	0.01125	0.5	85967	967	85484	1820505	21.18
2010-2019	63	0.01209	0.01202	0.5	85000	1021	84489	1735021	20.41
2010-2019	64	0.01343	0.01334	0.5	83979	1120	83418	1650532	19.65
2010-2019	65	0.01389	0.01379	0.5	82858	1143	82287	1567114	18.91
2010-2019	66	0.01472	0.01462	0.5	81716	1194	81118	1484827	18.17
2010-2019	67	0.01631	0.01618	0.5	80521	1303	79870	1403708	17.43
2010-2019	68	0.01744	0.01729	0.5	79218	1370	78533	1323839	16.71
2010-2019	69	0.01884	0.01867	0.5	77849	1453	77122	1245305	16.00
2010-2019	70	0.01984	0.01964	0.5	76395	1501	75645	1168183	15.29
2010-2019	71	0.02202	0.02178	0.5	74894	1631	74079	1092538	14.59
2010-2019	72	0.02450	0.02420	0.5	73263	1773	72377	1018459	13.90
2010-2019	73	0.02672	0.02637	0.5	71490	1885	70548	946083	13.23
2010-2019	74	0.02874	0.02833	0.5	69605	1972	68619	875535	12.58
2010-2019	75	0.03210	0.03159	0.5	67633	2137	66565	806916	11.93
2010-2019	76	0.03499	0.03439	0.5	65497	2252	64370	740351	11.30
2010-2019	77	0.03853	0.03780	0.5	63244	2391	62049	675981	10.69
2010-2019	78	0.04190	0.04104	0.5	60853	2498	59605	613932	10.09
2010-2019	79	0.04695	0.04588	0.5	58356	2677	57017	554327	9.50
2010-2019	80	0.05145	0.05016	0.5	55679	2793	54282	497310	8.93
2010-2019	81	0.05787	0.05624	0.5	52886	2975	51399	443027	8.38
2010-2019	82	0.06505	0.06300	0.5	49912	3144	48339	391629	7.85
2010-2019	83	0.07305	0.07047	0.5	46767	3296	45119	343289	7.34
2010-2019	84	0.08194	0.07872	0.5	43471	3422	41760	298170	6.86
2010-2019	85	0.09182	0.08779	0.5	40049	3516	38292	256409	6.40
2010-2019	86	0.10276	0.09774	0.5	36534	3571	34748	218118	5.97
2010-2019	87	0.11484	0.10860	0.5	32963	3580	31173	183370	5.56
2010-2019	88	0.12814	0.12043	0.5	29383	3539	27614	152197	5.18
2010-2019	89	0.14275	0.13324	0.5	25844	3444	24123	124583	4.82
2010-2019	90	0.15873	0.14705	0.5	22401	3294	20754	100460	4.48
2010-2019	91	0.17613	0.16187	0.5	19107	3093	17560	79706	4.17
2010-2019	92	0.19501	0.17769	0.5	16014	2845	14591	62146	3.88
2010-2019	93	0.21540	0.19446	0.5	13168	2561	11888	47555	3.61
2010-2019	94	0.23731	0.21214	0.5	10608	2250	9483	35667	3.36
2010-2019	95	0.26073	0.23066	0.5	8357	1928	7393	26184	3.13
2010-2019	96	0.28561	0.24992	0.5	6430	1607	5626	18791	2.92
2010-2019	97	0.31188	0.26981	0.5	4823	1301	4172	13165	2.73
2010-2019	98	0.33944	0.29019	0.5	3522	1022	3011	8993	2.55
2010-2019	99	0.36816	0.31093	0.5	2500	777	2111	5982	2.39
2010-2019	100	0.39788	0.33186	0.5	1722	572	1437	3871	2.25
2010-2019	101	0.42839	0.35282	0.5	1151	406	948	2434	2.12
2010-2019	102	0.45948	0.37364	0.5	745	278	606	1487	2.00
2010-2019	103	0.49092	0.39417	0.5	467	184	375	881	1.89
2010-2019	104	0.52246	0.41425	0.5	283	117	224	506	1.79
2010-2019	105	0.55385	0.43374	0.5	166	72	130	282	1.71
2010-2019	106	0.58485	0.45252	0.5	94	42	73	153	1.63
2010-2019	107	0.61521	0.47049	0.5	51	24	39	80	1.56
2010-2019	108	0.64473	0.48756	0.5	27	13	21	41	1.50
2010-2019	109	0.67320	0.50367	0.5	14	7	10	20	1.46
2010-2019	110+	0.70048	1.00000	1.43	7	7	10	10	1.43
2020-2022	0	0.00493	0.00490	0.06	100000	490	99540	7626879	76.27
2020-2022	1	0.00041	0.00041	0.5	99510	41	99489	7527338	75.64
2020-2022	2	0.00024	0.00024	0.5	99469	24	99456	7427849	74.68
2020-2022	3	0.00016	0.00016	0.5	99444	16	99436	7328393	73.69
2020-2022	4	0.00014	0.00014	0.5	99428	14	99421	7228957	72.71
2020-2022	5	0.00018	0.00018	0.5	99414	18	99405	7129536	71.72
2020-2022	6	0.00015	0.00015	0.5	99395	15	99388	7030131	70.73
2020-2022	7	0.00009	0.00009	0.5	99381	9	99376	6930743	69.74
2020-2022	8	0.00012	0.00012	0.5	99372	12	99366	6831367	68.75
2020-2022	9	0.00012	0.00012	0.5	99360	12	99354	6732001	67.75
2020-2022	10	0.00014	0.00014	0.5	99348	14	99341	6632646	66.76
2020-2022	11	0.00008	0.00008	0.5	99334	7	99330	6533306	65.77
2020-2022	12	0.00016	0.00016	0.5	99326	16	99318	6433975	64.78
2020-2022	13	0.00022	0.00022	0.5	99310	21	99299	6334657	63.79
2020-2022	14	0.00025	0.00025	0.5	99289	25	99276	6235358	62.80
2020-2022	15	0.00040	0.00040	0.5	99264	39	99244	6136081	61.82
2020-2022	16	0.00051	0.00051	0.5	99225	51	99199	6036837	60.84
2020-2022	17	0.00044	0.00044	0.5	99174	43	99152	5937638	59.87
2020-2022	18	0.00100	0.00100	0.5	99131	99	99081	5838486	58.90
2020-2022	19	0.00103	0.00103	0.5	99031	102	98980	5739405	57.96
2020-2022	20	0.00111	0.00111	0.5	98929	109	98874	5640425	57.02
2020-2022	21	0.00130	0.00130	0.5	98819	129	98755	5541551	56.08
2020-2022	22	0.00128	0.00128	0.5	98691	126	98628	5442796	55.15
2020-2022	23	0.00149	0.00148	0.5	98565	146	98491	5344168	54.22
2020-2022	24	0.00140	0.00140	0.5	98418	138	98349	5245677	53.30
2020-2022	25	0.00133	0.00132	0.5	98280	130	98215	5147328	52.37
2020-2022	26	0.00154	0.00154	0.5	98150	151	98074	5049113	51.44
2020-2022	27	0.00141	0.00140	0.5	97999	138	97930	4951039	50.52
2020-2022	28	0.00146	0.00146	0.5	97861	143	97790	4853109	49.59
2020-2022	29	0.00161	0.00161	0.5	97718	157	97640	4755319	48.66
2020-2022	30	0.00184	0.00184	0.5	97562	179	97472	4657679	47.74
2020-2022	31	0.00153	0.00153	0.5	97382	149	97308	4560207	46.83
2020-2022	32	0.00178	0.00178	0.5	97234	173	97147	4462899	45.90
2020-2022	33	0.00204	0.00203	0.5	97061	197	96962	4365752	44.98
2020-2022	34	0.00195	0.00195	0.5	96863	189	96769	4268790	44.07
2020-2022	35	0.00209	0.00209	0.5	96674	202	96573	4172022	43.16
2020-2022	36	0.00227	0.00227	0.5	96472	219	96363	4075449	42.24
2020-2022	37	0.00216	0.00215	0.5	96253	207	96150	3979086	41.34
2020-2022	38	0.00247	0.00247	0.5	96046	237	95928	3882936	40.43
2020-2022	39	0.00265	0.00265	0.5	95809	254	95682	3787009	39.53
2020-2022	40	0.00285	0.00285	0.5	95555	272	95419	3691326	38.63
2020-2022	41	0.00298	0.00298	0.5	95283	284	95141	3595907	37.74
2020-2022	42	0.00309	0.00308	0.5	94999	293	94853	3500766	36.85
2020-2022	43	0.00316	0.00315	0.5	94707	298	94557	3405913	35.96
2020-2022	44	0.00333	0.00332	0.5	94408	314	94251	3311355	35.07
2020-2022	45	0.00390	0.00390	0.5	94094	367	93911	3217104	34.19
2020-2022	46	0.00378	0.00377	0.5	93728	353	93551	3123193	33.32
2020-2022	47	0.00445	0.00444	0.5	93375	414	93168	3029642	32.45
2020-2022	48	0.00469	0.00468	0.5	92961	435	92743	2936474	31.59
2020-2022	49	0.00516	0.00514	0.5	92525	476	92287	2843731	30.73
2020-2022	50	0.00561	0.00560	0.5	92049	515	91792	2751444	29.89
2020-2022	51	0.00522	0.00520	0.5	91534	476	91296	2659652	29.06
2020-2022	52	0.00623	0.00621	0.5	91058	565	90775	2568356	28.21
2020-2022	53	0.00640	0.00638	0.5	90493	577	90204	2477580	27.38
2020-2022	54	0.00698	0.00696	0.5	89915	625	89603	2387376	26.55
2020-2022	55	0.00787	0.00784	0.5	89290	700	88940	2297774	25.73
2020-2022	56	0.00847	0.00843	0.5	88590	747	88217	2208834	24.93
2020-2022	57	0.00904	0.00900	0.5	87843	791	87448	2120617	24.14
2020-2022	58	0.00995	0.00990	0.5	87052	862	86621	2033169	23.36
2020-2022	59	0.01056	0.01050	0.5	86191	905	85738	1946548	22.58
2020-2022	60	0.01176	0.01169	0.5	85285	997	84787	1860810	21.82
2020-2022	61	0.01195	0.01187	0.5	84288	1001	83787	1776023	21.07
2020-2022	62	0.01349	0.01340	0.5	83287	1116	82729	1692236	20.32
2020-2022	63	0.01437	0.01427	0.5	82171	1172	81585	1609507	19.59
2020-2022	64	0.01479	0.01468	0.5	80998	1189	80404	1527922	18.86
2020-2022	65	0.01751	0.01736	0.5	79810	1385	79117	1447518	18.14
2020-2022	66	0.01710	0.01696	0.5	78424	1330	77759	1368401	17.45
2020-2022	67	0.01900	0.01882	0.5	77094	1451	76369	1290642	16.74
2020-2022	68	0.01976	0.01957	0.5	75643	1480	74903	1214274	16.05
2020-2022	69	0.02164	0.02141	0.5	74163	1588	73369	1139371	15.36
2020-2022	70	0.02363	0.02335	0.5	72575	1695	71728	1066002	14.69
2020-2022	71	0.02507	0.02476	0.5	70880	1755	70003	994274	14.03
2020-2022	72	0.02594	0.02561	0.5	69125	1770	68240	924271	13.37
2020-2022	73	0.03006	0.02961	0.5	67355	1994	66358	856031	12.71
2020-2022	74	0.03198	0.03147	0.5	65361	2057	64332	789673	12.08
2020-2022	75	0.03616	0.03552	0.5	63304	2249	62179	725340	11.46
2020-2022	76	0.03869	0.03795	0.5	61055	2317	59897	663161	10.86
2020-2022	77	0.04312	0.04221	0.5	58738	2479	57498	603264	10.27
2020-2022	78	0.04703	0.04595	0.5	56259	2585	54966	545766	9.70
2020-2022	79	0.05188	0.05057	0.5	53674	2714	52317	490800	9.14
2020-2022	80	0.05568	0.05417	0.5	50960	2761	49579	438483	8.60
2020-2022	81	0.06248	0.06058	0.5	48199	2920	46739	388904	8.07
2020-2022	82	0.07004	0.06767	0.5	45279	3064	43747	342165	7.56
2020-2022	83	0.07846	0.07550	0.5	42215	3187	40621	298418	7.07
2020-2022	84	0.08780	0.08411	0.5	39028	3282	37386	257797	6.61
2020-2022	85	0.09814	0.09355	0.5	35745	3344	34073	220411	6.17
2020-2022	86	0.10957	0.10388	0.5	32401	3366	30718	186338	5.75
2020-2022	87	0.12217	0.11513	0.5	29035	3343	27364	155619	5.36
2020-2022	88	0.13601	0.12735	0.5	25692	3272	24056	128256	4.99
2020-2022	89	0.15116	0.14054	0.5	22421	3151	20845	104199	4.65
2020-2022	90	0.16770	0.15472	0.5	19270	2981	17779	83354	4.33
2020-2022	91	0.18567	0.16990	0.5	16288	2767	14904	65575	4.03
2020-2022	92	0.20512	0.18604	0.5	13521	2515	12263	50671	3.75
2020-2022	93	0.22607	0.20311	0.5	11005	2235	9888	38408	3.49
2020-2022	94	0.24852	0.22105	0.5	8770	1939	7801	28520	3.25
2020-2022	95	0.27245	0.23979	0.5	6831	1638	6012	20719	3.03
2020-2022	96	0.29781	0.25921	0.5	5193	1346	4520	14707	2.83
2020-2022	97	0.32451	0.27921	0.5	3847	1074	3310	10186	2.65
2020-2022	98	0.35244	0.29964	0.5	2773	831	2358	6876	2.48
2020-2022	99	0.38146	0.32035	0.5	1942	622	1631	4519	2.33
2020-2022	100	0.41138	0.34120	0.5	1320	450	1095	2888	2.19
2020-2022	101	0.44202	0.36201	0.5	870	315	712	1793	2.06
2020-2022	102	0.47315	0.38263	0.5	555	212	449	1081	1.95
2020-2022	103	0.50453	0.40289	0.5	343	138	274	632	1.85
2020-2022	104	0.53591	0.42266	0.5	205	86	161	359	1.75
2020-2022	105	0.56704	0.44179	0.5	118	52	92	197	1.67
2020-2022	106	0.59769	0.46017	0.5	66	30	51	105	1.60
2020-2022	107	0.62763	0.47771	0.5	36	17	27	55	1.53
2020-2022	108	0.65665	0.49434	0.5	19	9	14	27	1.48
2020-2022	109	0.68457	0.51000	0.5	9	5	7	13	1.43
2020-2022	110+	0.71125	1.00000	1.41	5	5	6	6	1.41
