NV: NV, Lifetables (period 1x10), Males Last modified: February 4 2025, MPv5 (May07) 

Year     	Age	mx	qx	ax	lx	dx	Lx	Tx	ex
1941-1949	0	0.05199	0.04988	0.18	100000	4988	95933	5878878	58.79
1941-1949	1	0.00373	0.00372	0.5	95012	353	94835	5782945	60.87
1941-1949	2	0.00304	0.00303	0.5	94659	287	94515	5688110	60.09
1941-1949	3	0.00277	0.00277	0.5	94372	261	94241	5593595	59.27
1941-1949	4	0.00149	0.00149	0.5	94111	140	94040	5499354	58.44
1941-1949	5	0.00135	0.00135	0.5	93970	127	93907	5405313	57.52
1941-1949	6	0.00154	0.00154	0.5	93843	144	93771	5311407	56.60
1941-1949	7	0.00163	0.00163	0.5	93699	153	93623	5217635	55.68
1941-1949	8	0.00161	0.00161	0.5	93547	151	93471	5124012	54.78
1941-1949	9	0.00146	0.00146	0.5	93396	136	93328	5030541	53.86
1941-1949	10	0.00123	0.00123	0.5	93259	115	93202	4937214	52.94
1941-1949	11	0.00110	0.00110	0.5	93145	103	93093	4844011	52.01
1941-1949	12	0.00111	0.00111	0.5	93042	103	92990	4750918	51.06
1941-1949	13	0.00124	0.00124	0.5	92939	115	92881	4657928	50.12
1941-1949	14	0.00162	0.00162	0.5	92824	150	92749	4565046	49.18
1941-1949	15	0.00214	0.00214	0.5	92674	198	92574	4472298	48.26
1941-1949	16	0.00270	0.00270	0.5	92475	250	92351	4379723	47.36
1941-1949	17	0.00329	0.00328	0.5	92226	303	92074	4287373	46.49
1941-1949	18	0.00390	0.00389	0.5	91923	358	91744	4195298	45.64
1941-1949	19	0.00458	0.00457	0.5	91565	419	91356	4103555	44.82
1941-1949	20	0.00528	0.00527	0.5	91146	480	90906	4012199	44.02
1941-1949	21	0.00576	0.00575	0.5	90666	521	90406	3921293	43.25
1941-1949	22	0.00595	0.00593	0.5	90145	535	89878	3830887	42.50
1941-1949	23	0.00582	0.00580	0.5	89610	520	89350	3741010	41.75
1941-1949	24	0.00544	0.00542	0.5	89090	483	88848	3651660	40.99
1941-1949	25	0.00492	0.00491	0.5	88607	435	88389	3562811	40.21
1941-1949	26	0.00449	0.00448	0.5	88172	395	87975	3474422	39.40
1941-1949	27	0.00418	0.00417	0.5	87777	366	87594	3386447	38.58
1941-1949	28	0.00399	0.00399	0.5	87411	348	87237	3298853	37.74
1941-1949	29	0.00392	0.00391	0.5	87062	341	86892	3211616	36.89
1941-1949	30	0.00395	0.00394	0.5	86722	342	86551	3124724	36.03
1941-1949	31	0.00404	0.00403	0.5	86380	348	86206	3038173	35.17
1941-1949	32	0.00420	0.00420	0.5	86032	361	85852	2951967	34.31
1941-1949	33	0.00446	0.00445	0.5	85671	381	85481	2866115	33.45
1941-1949	34	0.00481	0.00480	0.5	85290	409	85085	2780635	32.60
1941-1949	35	0.00522	0.00521	0.5	84880	442	84660	2695549	31.76
1941-1949	36	0.00559	0.00558	0.5	84439	471	84203	2610890	30.92
1941-1949	37	0.00601	0.00599	0.5	83968	503	83716	2526687	30.09
1941-1949	38	0.00651	0.00648	0.5	83465	541	83194	2442970	29.27
1941-1949	39	0.00700	0.00698	0.5	82924	579	82634	2359776	28.46
1941-1949	40	0.00743	0.00740	0.5	82345	609	82040	2277142	27.65
1941-1949	41	0.00790	0.00787	0.5	81736	643	81414	2195101	26.86
1941-1949	42	0.00851	0.00848	0.5	81093	687	80749	2113687	26.07
1941-1949	43	0.00923	0.00919	0.5	80405	739	80036	2032938	25.28
1941-1949	44	0.00997	0.00992	0.5	79667	790	79272	1952902	24.51
1941-1949	45	0.01092	0.01086	0.5	78877	857	78448	1873630	23.75
1941-1949	46	0.01195	0.01188	0.5	78020	926	77556	1795182	23.01
1941-1949	47	0.01291	0.01282	0.5	77093	989	76599	1717625	22.28
1941-1949	48	0.01391	0.01381	0.5	76105	1051	75579	1641027	21.56
1941-1949	49	0.01508	0.01497	0.5	75053	1123	74492	1565447	20.86
1941-1949	50	0.01649	0.01636	0.5	73930	1209	73325	1490956	20.17
1941-1949	51	0.01783	0.01767	0.5	72721	1285	72078	1417630	19.49
1941-1949	52	0.01926	0.01907	0.5	71436	1363	70754	1345552	18.84
1941-1949	53	0.02099	0.02077	0.5	70073	1456	69345	1274797	18.19
1941-1949	54	0.02281	0.02255	0.5	68618	1547	67844	1205452	17.57
1941-1949	55	0.02472	0.02442	0.5	67070	1638	66251	1137608	16.96
1941-1949	56	0.02641	0.02606	0.5	65432	1705	64580	1071357	16.37
1941-1949	57	0.02806	0.02767	0.5	63727	1763	62845	1006778	15.80
1941-1949	58	0.02960	0.02917	0.5	61963	1808	61060	943932	15.23
1941-1949	59	0.03058	0.03012	0.5	60156	1812	59250	882873	14.68
1941-1949	60	0.03134	0.03085	0.5	58344	1800	57444	823623	14.12
1941-1949	61	0.03248	0.03196	0.5	56544	1807	55641	766178	13.55
1941-1949	62	0.03461	0.03402	0.5	54737	1862	53806	710538	12.98
1941-1949	63	0.03770	0.03700	0.5	52875	1957	51897	656732	12.42
1941-1949	64	0.04127	0.04043	0.5	50918	2059	49889	604835	11.88
1941-1949	65	0.04635	0.04530	0.5	48859	2213	47753	554946	11.36
1941-1949	66	0.05150	0.05021	0.5	46646	2342	45475	507194	10.87
1941-1949	67	0.05603	0.05450	0.5	44304	2415	43097	461719	10.42
1941-1949	68	0.06030	0.05853	0.5	41889	2452	40664	418622	9.99
1941-1949	69	0.06281	0.06090	0.5	39438	2402	38237	377958	9.58
1941-1949	70	0.06534	0.06328	0.5	37036	2344	35864	339722	9.17
1941-1949	71	0.06832	0.06607	0.5	34692	2292	33546	303858	8.76
1941-1949	72	0.07156	0.06909	0.5	32400	2239	31281	270311	8.34
1941-1949	73	0.07637	0.07356	0.5	30162	2219	29052	239030	7.92
1941-1949	74	0.08276	0.07947	0.5	27943	2221	26833	209978	7.51
1941-1949	75	0.09149	0.08749	0.5	25722	2250	24597	183145	7.12
1941-1949	76	0.10106	0.09620	0.5	23472	2258	22343	158548	6.75
1941-1949	77	0.11120	0.10534	0.5	21214	2235	20097	136205	6.42
1941-1949	78	0.12357	0.11638	0.5	18979	2209	17875	116108	6.12
1941-1949	79	0.13471	0.12621	0.5	16770	2117	15712	98233	5.86
1941-1949	80	0.12874	0.12095	0.5	14654	1772	13768	82521	5.63
1941-1949	81	0.13869	0.12970	0.5	12882	1671	12046	68753	5.34
1941-1949	82	0.14929	0.13892	0.5	11211	1557	10432	56707	5.06
1941-1949	83	0.16054	0.14861	0.5	9653	1435	8936	46275	4.79
1941-1949	84	0.17246	0.15877	0.5	8219	1305	7566	37339	4.54
1941-1949	85	0.18508	0.16941	0.5	6914	1171	6328	29772	4.31
1941-1949	86	0.19840	0.18050	0.5	5743	1037	5224	23444	4.08
1941-1949	87	0.21243	0.19203	0.5	4706	904	4254	18220	3.87
1941-1949	88	0.22717	0.20400	0.5	3802	776	3415	13965	3.67
1941-1949	89	0.24262	0.21637	0.5	3027	655	2699	10551	3.49
1941-1949	90	0.25876	0.22912	0.5	2372	543	2100	7851	3.31
1941-1949	91	0.27559	0.24222	0.5	1828	443	1607	5751	3.15
1941-1949	92	0.29308	0.25562	0.5	1386	354	1208	4144	2.99
1941-1949	93	0.31121	0.26930	0.5	1031	278	892	2936	2.85
1941-1949	94	0.32993	0.28321	0.5	754	213	647	2043	2.71
1941-1949	95	0.34921	0.29730	0.5	540	161	460	1396	2.59
1941-1949	96	0.36899	0.31152	0.5	380	118	320	937	2.47
1941-1949	97	0.38922	0.32582	0.5	261	85	219	616	2.36
1941-1949	98	0.40985	0.34014	0.5	176	60	146	397	2.26
1941-1949	99	0.43079	0.35444	0.5	116	41	96	251	2.16
1941-1949	100	0.45199	0.36867	0.5	75	28	61	156	2.07
1941-1949	101	0.47336	0.38276	0.5	47	18	38	94	1.99
1941-1949	102	0.49483	0.39668	0.5	29	12	23	56	1.91
1941-1949	103	0.51631	0.41037	0.5	18	7	14	33	1.84
1941-1949	104	0.53774	0.42380	0.5	10	4	8	18	1.78
1941-1949	105	0.55903	0.43691	0.5	6	3	5	10	1.72
1941-1949	106	0.58010	0.44968	0.5	3	2	3	6	1.66
1941-1949	107	0.60089	0.46207	0.5	2	1	1	3	1.61
1941-1949	108	0.62132	0.47405	0.5	1	0	1	2	1.57
1941-1949	109	0.64133	0.48561	0.5	1	0	0	1	1.54
1941-1949	110+	0.66086	1.00000	1.51	0	0	0	0	1.51
1950-1959	0	0.03911	0.03785	0.15	100000	3785	96783	6364276	63.64
1950-1959	1	0.00279	0.00278	0.5	96215	268	96081	6267494	65.14
1950-1959	2	0.00172	0.00172	0.5	95947	165	95865	6171413	64.32
1950-1959	3	0.00116	0.00116	0.5	95783	111	95727	6075548	63.43
1950-1959	4	0.00081	0.00081	0.5	95671	77	95632	5979821	62.50
1950-1959	5	0.00072	0.00072	0.5	95594	69	95559	5884188	61.55
1950-1959	6	0.00051	0.00051	0.5	95525	48	95501	5788629	60.60
1950-1959	7	0.00046	0.00046	0.5	95476	43	95455	5693129	59.63
1950-1959	8	0.00050	0.00050	0.5	95433	48	95409	5597674	58.66
1950-1959	9	0.00052	0.00052	0.5	95385	50	95360	5502265	57.68
1950-1959	10	0.00062	0.00062	0.5	95335	59	95306	5406905	56.71
1950-1959	11	0.00060	0.00060	0.5	95276	57	95248	5311599	55.75
1950-1959	12	0.00077	0.00077	0.5	95219	74	95182	5216351	54.78
1950-1959	13	0.00103	0.00103	0.5	95145	98	95096	5121169	53.82
1950-1959	14	0.00125	0.00125	0.5	95047	119	94988	5026073	52.88
1950-1959	15	0.00169	0.00169	0.5	94928	161	94848	4931085	51.95
1950-1959	16	0.00183	0.00183	0.5	94768	173	94681	4836237	51.03
1950-1959	17	0.00182	0.00182	0.5	94594	172	94508	4741556	50.13
1950-1959	18	0.00227	0.00227	0.5	94422	214	94315	4647048	49.22
1950-1959	19	0.00239	0.00239	0.5	94208	225	94095	4552733	48.33
1950-1959	20	0.00303	0.00303	0.5	93983	285	93841	4458637	47.44
1950-1959	21	0.00289	0.00289	0.5	93699	271	93563	4364796	46.58
1950-1959	22	0.00305	0.00305	0.5	93428	285	93286	4271233	45.72
1950-1959	23	0.00295	0.00295	0.5	93143	275	93006	4177947	44.86
1950-1959	24	0.00294	0.00293	0.5	92869	272	92732	4084941	43.99
1950-1959	25	0.00293	0.00293	0.5	92596	271	92461	3992209	43.11
1950-1959	26	0.00281	0.00280	0.5	92325	259	92195	3899748	42.24
1950-1959	27	0.00277	0.00276	0.5	92066	254	91939	3807553	41.36
1950-1959	28	0.00301	0.00300	0.5	91812	276	91674	3715614	40.47
1950-1959	29	0.00291	0.00290	0.5	91536	266	91403	3623940	39.59
1950-1959	30	0.00294	0.00294	0.5	91271	268	91136	3532537	38.70
1950-1959	31	0.00308	0.00307	0.5	91002	279	90863	3441400	37.82
1950-1959	32	0.00307	0.00306	0.5	90723	278	90584	3350538	36.93
1950-1959	33	0.00315	0.00314	0.5	90445	284	90303	3259954	36.04
1950-1959	34	0.00366	0.00365	0.5	90161	329	89996	3169651	35.16
1950-1959	35	0.00364	0.00364	0.5	89832	327	89668	3079655	34.28
1950-1959	36	0.00386	0.00385	0.5	89505	345	89333	2989986	33.41
1950-1959	37	0.00432	0.00431	0.5	89160	385	88968	2900654	32.53
1950-1959	38	0.00405	0.00404	0.5	88776	359	88596	2811685	31.67
1950-1959	39	0.00454	0.00453	0.5	88417	401	88217	2723089	30.80
1950-1959	40	0.00514	0.00513	0.5	88016	451	87791	2634872	29.94
1950-1959	41	0.00547	0.00546	0.5	87565	478	87326	2547082	29.09
1950-1959	42	0.00616	0.00615	0.5	87087	535	86819	2459756	28.24
1950-1959	43	0.00634	0.00632	0.5	86552	547	86278	2372937	27.42
1950-1959	44	0.00724	0.00721	0.5	86005	620	85695	2286658	26.59
1950-1959	45	0.00820	0.00817	0.5	85385	698	85036	2200964	25.78
1950-1959	46	0.00878	0.00874	0.5	84687	740	84317	2115928	24.99
1950-1959	47	0.01021	0.01016	0.5	83947	853	83520	2031611	24.20
1950-1959	48	0.01079	0.01074	0.5	83094	892	82648	1948091	23.44
1950-1959	49	0.01282	0.01274	0.5	82202	1047	81678	1865443	22.69
1950-1959	50	0.01247	0.01239	0.5	81154	1006	80651	1783765	21.98
1950-1959	51	0.01365	0.01356	0.5	80149	1087	79605	1703114	21.25
1950-1959	52	0.01445	0.01434	0.5	79062	1134	78495	1623509	20.53
1950-1959	53	0.01555	0.01543	0.5	77928	1203	77327	1545014	19.83
1950-1959	54	0.01726	0.01711	0.5	76725	1313	76069	1467687	19.13
1950-1959	55	0.01815	0.01799	0.5	75412	1356	74734	1391619	18.45
1950-1959	56	0.02028	0.02007	0.5	74056	1486	73313	1316884	17.78
1950-1959	57	0.02191	0.02167	0.5	72570	1573	71783	1243572	17.14
1950-1959	58	0.02368	0.02340	0.5	70997	1662	70166	1171788	16.50
1950-1959	59	0.02536	0.02504	0.5	69335	1736	68467	1101622	15.89
1950-1959	60	0.02703	0.02666	0.5	67599	1803	66698	1033155	15.28
1950-1959	61	0.02943	0.02900	0.5	65796	1908	64842	966458	14.69
1950-1959	62	0.02974	0.02930	0.5	63888	1872	62952	901615	14.11
1950-1959	63	0.03330	0.03276	0.5	62016	2032	61000	838663	13.52
1950-1959	64	0.03439	0.03381	0.5	59984	2028	58970	777663	12.96
1950-1959	65	0.03898	0.03823	0.5	57956	2216	56848	718693	12.40
1950-1959	66	0.04143	0.04059	0.5	55740	2263	54609	661844	11.87
1950-1959	67	0.04565	0.04464	0.5	53478	2387	52284	607235	11.35
1950-1959	68	0.04911	0.04793	0.5	51091	2449	49866	554951	10.86
1950-1959	69	0.05512	0.05364	0.5	48642	2609	47337	505085	10.38
1950-1959	70	0.05690	0.05532	0.5	46032	2547	44759	457748	9.94
1950-1959	71	0.06105	0.05924	0.5	43486	2576	42198	412988	9.50
1950-1959	72	0.06726	0.06507	0.5	40910	2662	39579	370791	9.06
1950-1959	73	0.07075	0.06833	0.5	38248	2613	36941	331212	8.66
1950-1959	74	0.07527	0.07254	0.5	35634	2585	34342	294271	8.26
1950-1959	75	0.08250	0.07923	0.5	33049	2619	31740	259929	7.86
1950-1959	76	0.08528	0.08180	0.5	30431	2489	29186	228189	7.50
1950-1959	77	0.09826	0.09366	0.5	27942	2617	26633	199003	7.12
1950-1959	78	0.10069	0.09587	0.5	25325	2428	24111	172369	6.81
1950-1959	79	0.10505	0.09981	0.5	22897	2285	21754	148259	6.48
1950-1959	80	0.10757	0.10208	0.5	20612	2104	19560	126504	6.14
1950-1959	81	0.11767	0.11113	0.5	18508	2057	17479	106945	5.78
1950-1959	82	0.12857	0.12080	0.5	16451	1987	15457	89465	5.44
1950-1959	83	0.14032	0.13112	0.5	14464	1897	13515	74008	5.12
1950-1959	84	0.15296	0.14209	0.5	12567	1786	11674	60493	4.81
1950-1959	85	0.16652	0.15372	0.5	10781	1657	9953	48818	4.53
1950-1959	86	0.18102	0.16600	0.5	9124	1515	8367	38866	4.26
1950-1959	87	0.19649	0.17891	0.5	7609	1361	6929	30499	4.01
1950-1959	88	0.21293	0.19244	0.5	6248	1202	5647	23570	3.77
1950-1959	89	0.23036	0.20657	0.5	5046	1042	4525	17923	3.55
1950-1959	90	0.24876	0.22124	0.5	4003	886	3561	13399	3.35
1950-1959	91	0.26812	0.23643	0.5	3118	737	2749	9838	3.16
1950-1959	92	0.28841	0.25206	0.5	2381	600	2081	7089	2.98
1950-1959	93	0.30959	0.26809	0.5	1781	477	1542	5009	2.81
1950-1959	94	0.33159	0.28443	0.5	1303	371	1118	3467	2.66
1950-1959	95	0.35436	0.30102	0.5	933	281	792	2349	2.52
1950-1959	96	0.37780	0.31777	0.5	652	207	548	1557	2.39
1950-1959	97	0.40183	0.33460	0.5	445	149	370	1009	2.27
1950-1959	98	0.42634	0.35143	0.5	296	104	244	638	2.16
1950-1959	99	0.45122	0.36816	0.5	192	71	157	394	2.06
1950-1959	100	0.47635	0.38472	0.5	121	47	98	238	1.96
1950-1959	101	0.50159	0.40102	0.5	75	30	60	140	1.88
1950-1959	102	0.52683	0.41699	0.5	45	19	35	80	1.80
1950-1959	103	0.55193	0.43256	0.5	26	11	20	45	1.73
1950-1959	104	0.57677	0.44767	0.5	15	7	11	25	1.66
1950-1959	105	0.60123	0.46227	0.5	8	4	6	13	1.60
1950-1959	106	0.62519	0.47630	0.5	4	2	3	7	1.55
1950-1959	107	0.64856	0.48974	0.5	2	1	2	3	1.50
1950-1959	108	0.67123	0.50256	0.5	1	1	1	2	1.46
1950-1959	109	0.69313	0.51474	0.5	1	0	0	1	1.42
1950-1959	110+	0.71420	1.00000	1.4	0	0	0	0	1.40
1960-1969	0	0.03101	0.03020	0.13	100000	3020	97367	6494449	64.94
1960-1969	1	0.00193	0.00193	0.5	96980	187	96887	6397081	65.96
1960-1969	2	0.00133	0.00133	0.5	96793	128	96729	6300194	65.09
1960-1969	3	0.00096	0.00096	0.5	96665	92	96619	6203465	64.17
1960-1969	4	0.00094	0.00094	0.5	96573	91	96527	6106846	63.24
1960-1969	5	0.00062	0.00062	0.5	96482	59	96452	6010319	62.29
1960-1969	6	0.00074	0.00074	0.5	96423	72	96387	5913867	61.33
1960-1969	7	0.00054	0.00054	0.5	96351	52	96325	5817480	60.38
1960-1969	8	0.00072	0.00072	0.5	96299	69	96264	5721155	59.41
1960-1969	9	0.00031	0.00031	0.5	96230	29	96215	5624891	58.45
1960-1969	10	0.00073	0.00073	0.5	96200	71	96165	5528676	57.47
1960-1969	11	0.00065	0.00065	0.5	96130	62	96099	5432511	56.51
1960-1969	12	0.00042	0.00042	0.5	96067	40	96047	5336412	55.55
1960-1969	13	0.00094	0.00094	0.5	96027	91	95982	5240365	54.57
1960-1969	14	0.00143	0.00143	0.5	95937	137	95868	5144383	53.62
1960-1969	15	0.00105	0.00105	0.5	95800	101	95749	5048515	52.70
1960-1969	16	0.00154	0.00154	0.5	95699	147	95625	4952765	51.75
1960-1969	17	0.00202	0.00202	0.5	95552	193	95455	4857140	50.83
1960-1969	18	0.00237	0.00237	0.5	95359	226	95246	4761685	49.93
1960-1969	19	0.00261	0.00261	0.5	95133	248	95009	4666439	49.05
1960-1969	20	0.00271	0.00271	0.5	94885	257	94756	4571430	48.18
1960-1969	21	0.00268	0.00267	0.5	94627	253	94501	4476674	47.31
1960-1969	22	0.00273	0.00272	0.5	94374	257	94246	4382174	46.43
1960-1969	23	0.00300	0.00299	0.5	94117	282	93976	4287928	45.56
1960-1969	24	0.00235	0.00235	0.5	93835	220	93725	4193952	44.69
1960-1969	25	0.00267	0.00267	0.5	93615	250	93490	4100227	43.80
1960-1969	26	0.00224	0.00224	0.5	93365	209	93261	4006736	42.91
1960-1969	27	0.00223	0.00222	0.5	93156	207	93053	3913476	42.01
1960-1969	28	0.00239	0.00239	0.5	92949	222	92838	3820423	41.10
1960-1969	29	0.00233	0.00233	0.5	92727	216	92619	3727584	40.20
1960-1969	30	0.00219	0.00219	0.5	92511	202	92410	3634965	39.29
1960-1969	31	0.00319	0.00319	0.5	92309	294	92162	3542555	38.38
1960-1969	32	0.00236	0.00236	0.5	92015	217	91906	3450393	37.50
1960-1969	33	0.00302	0.00301	0.5	91798	276	91660	3358487	36.59
1960-1969	34	0.00263	0.00263	0.5	91521	241	91401	3266827	35.69
1960-1969	35	0.00323	0.00322	0.5	91280	294	91133	3175426	34.79
1960-1969	36	0.00356	0.00355	0.5	90986	323	90825	3084293	33.90
1960-1969	37	0.00339	0.00338	0.5	90663	307	90510	2993468	33.02
1960-1969	38	0.00398	0.00397	0.5	90356	359	90177	2902959	32.13
1960-1969	39	0.00415	0.00414	0.5	89998	372	89812	2812782	31.25
1960-1969	40	0.00519	0.00518	0.5	89625	464	89393	2722970	30.38
1960-1969	41	0.00555	0.00554	0.5	89161	494	88914	2633577	29.54
1960-1969	42	0.00605	0.00603	0.5	88667	535	88400	2544662	28.70
1960-1969	43	0.00647	0.00645	0.5	88133	569	87848	2456262	27.87
1960-1969	44	0.00729	0.00726	0.5	87564	636	87246	2368414	27.05
1960-1969	45	0.00745	0.00742	0.5	86928	645	86606	2281168	26.24
1960-1969	46	0.00727	0.00725	0.5	86283	625	85971	2194562	25.43
1960-1969	47	0.00933	0.00928	0.5	85658	795	85260	2108592	24.62
1960-1969	48	0.01012	0.01007	0.5	84863	854	84436	2023331	23.84
1960-1969	49	0.01016	0.01010	0.5	84009	849	83584	1938896	23.08
1960-1969	50	0.01197	0.01190	0.5	83160	989	82665	1855311	22.31
1960-1969	51	0.01218	0.01210	0.5	82170	995	81673	1772646	21.57
1960-1969	52	0.01343	0.01334	0.5	81176	1083	80634	1690973	20.83
1960-1969	53	0.01491	0.01480	0.5	80093	1186	79500	1610339	20.11
1960-1969	54	0.01464	0.01454	0.5	78907	1147	78334	1530839	19.40
1960-1969	55	0.01915	0.01896	0.5	77760	1475	77023	1452505	18.68
1960-1969	56	0.01921	0.01903	0.5	76285	1452	75560	1375483	18.03
1960-1969	57	0.02110	0.02088	0.5	74834	1563	74052	1299923	17.37
1960-1969	58	0.02054	0.02033	0.5	73271	1490	72526	1225871	16.73
1960-1969	59	0.02409	0.02380	0.5	71781	1709	70927	1153345	16.07
1960-1969	60	0.02898	0.02857	0.5	70073	2002	69072	1082418	15.45
1960-1969	61	0.02825	0.02786	0.5	68071	1896	67123	1013346	14.89
1960-1969	62	0.02964	0.02921	0.5	66175	1933	65208	946223	14.30
1960-1969	63	0.03253	0.03201	0.5	64242	2056	63214	881015	13.71
1960-1969	64	0.04077	0.03996	0.5	62185	2485	60943	817801	13.15
1960-1969	65	0.03670	0.03604	0.5	59700	2151	58625	756859	12.68
1960-1969	66	0.04232	0.04144	0.5	57549	2385	56357	698234	12.13
1960-1969	67	0.04645	0.04539	0.5	55164	2504	53912	641877	11.64
1960-1969	68	0.04622	0.04518	0.5	52660	2379	51471	587965	11.17
1960-1969	69	0.04726	0.04617	0.5	50281	2322	49120	536495	10.67
1960-1969	70	0.05541	0.05392	0.5	47960	2586	46667	487374	10.16
1960-1969	71	0.05650	0.05495	0.5	45374	2493	44127	440708	9.71
1960-1969	72	0.06175	0.05990	0.5	42881	2569	41596	396581	9.25
1960-1969	73	0.06874	0.06646	0.5	40312	2679	38972	354984	8.81
1960-1969	74	0.08052	0.07740	0.5	37633	2913	36176	316012	8.40
1960-1969	75	0.08732	0.08366	0.5	34720	2905	33268	279835	8.06
1960-1969	76	0.08611	0.08256	0.5	31815	2627	30502	246568	7.75
1960-1969	77	0.09394	0.08973	0.5	29189	2619	27879	216066	7.40
1960-1969	78	0.10089	0.09605	0.5	26569	2552	25294	188187	7.08
1960-1969	79	0.11459	0.10838	0.5	24018	2603	22716	162893	6.78
1960-1969	80	0.09633	0.09190	0.5	21415	1968	20430	140177	6.55
1960-1969	81	0.10578	0.10047	0.5	19446	1954	18470	119747	6.16
1960-1969	82	0.11605	0.10968	0.5	17493	1919	16533	101277	5.79
1960-1969	83	0.12717	0.11956	0.5	15574	1862	14643	84744	5.44
1960-1969	84	0.13918	0.13013	0.5	13712	1784	12820	70101	5.11
1960-1969	85	0.15214	0.14138	0.5	11928	1686	11084	57281	4.80
1960-1969	86	0.16606	0.15333	0.5	10241	1570	9456	46197	4.51
1960-1969	87	0.18099	0.16597	0.5	8671	1439	7951	36741	4.24
1960-1969	88	0.19694	0.17929	0.5	7232	1297	6584	28790	3.98
1960-1969	89	0.21394	0.19326	0.5	5935	1147	5362	22206	3.74
1960-1969	90	0.23197	0.20786	0.5	4788	995	4291	16844	3.52
1960-1969	91	0.25104	0.22305	0.5	3793	846	3370	12554	3.31
1960-1969	92	0.27113	0.23876	0.5	2947	704	2595	9184	3.12
1960-1969	93	0.29219	0.25495	0.5	2243	572	1957	6589	2.94
1960-1969	94	0.31419	0.27153	0.5	1671	454	1444	4631	2.77
1960-1969	95	0.33705	0.28844	0.5	1218	351	1042	3187	2.62
1960-1969	96	0.36070	0.30559	0.5	866	265	734	2145	2.48
1960-1969	97	0.38505	0.32289	0.5	602	194	504	1411	2.35
1960-1969	98	0.40999	0.34024	0.5	407	139	338	907	2.23
1960-1969	99	0.43539	0.35756	0.5	269	96	221	568	2.12
1960-1969	100	0.46115	0.37474	0.5	173	65	140	348	2.01
1960-1969	101	0.48711	0.39171	0.5	108	42	87	207	1.92
1960-1969	102	0.51314	0.40836	0.5	66	27	52	121	1.84
1960-1969	103	0.53910	0.42464	0.5	39	16	31	68	1.76
1960-1969	104	0.56485	0.44045	0.5	22	10	17	38	1.69
1960-1969	105	0.59025	0.45575	0.5	13	6	10	20	1.63
1960-1969	106	0.61518	0.47047	0.5	7	3	5	11	1.57
1960-1969	107	0.63953	0.48458	0.5	4	2	3	5	1.52
1960-1969	108	0.66317	0.49803	0.5	2	1	1	3	1.47
1960-1969	109	0.68603	0.51081	0.5	1	0	1	1	1.44
1960-1969	110+	0.70801	1.00000	1.41	0	0	1	1	1.41
1970-1979	0	0.02004	0.01969	0.1	100000	1969	98226	6786302	67.86
1970-1979	1	0.00139	0.00138	0.5	98031	136	97964	6688076	68.22
1970-1979	2	0.00113	0.00113	0.5	97896	110	97841	6590112	67.32
1970-1979	3	0.00076	0.00076	0.5	97785	74	97748	6492272	66.39
1970-1979	4	0.00042	0.00042	0.5	97711	41	97690	6394524	65.44
1970-1979	5	0.00044	0.00044	0.5	97670	43	97648	6296833	64.47
1970-1979	6	0.00045	0.00045	0.5	97626	44	97604	6199185	63.50
1970-1979	7	0.00054	0.00053	0.5	97582	52	97556	6101581	62.53
1970-1979	8	0.00036	0.00036	0.5	97530	35	97513	6004025	61.56
1970-1979	9	0.00040	0.00040	0.5	97495	39	97476	5906512	60.58
1970-1979	10	0.00034	0.00034	0.5	97456	33	97439	5809037	59.61
1970-1979	11	0.00041	0.00041	0.5	97423	40	97403	5711597	58.63
1970-1979	12	0.00043	0.00043	0.5	97383	42	97362	5614194	57.65
1970-1979	13	0.00069	0.00069	0.5	97341	67	97307	5516833	56.68
1970-1979	14	0.00076	0.00076	0.5	97274	74	97237	5419525	55.71
1970-1979	15	0.00118	0.00118	0.5	97200	115	97142	5322288	54.76
1970-1979	16	0.00213	0.00213	0.5	97085	207	96981	5225146	53.82
1970-1979	17	0.00195	0.00195	0.5	96878	189	96784	5128165	52.93
1970-1979	18	0.00306	0.00305	0.5	96689	295	96542	5031381	52.04
1970-1979	19	0.00308	0.00307	0.5	96394	296	96246	4934839	51.19
1970-1979	20	0.00255	0.00255	0.5	96098	245	95976	4838593	50.35
1970-1979	21	0.00250	0.00250	0.5	95853	239	95733	4742618	49.48
1970-1979	22	0.00276	0.00275	0.5	95614	263	95482	4646884	48.60
1970-1979	23	0.00233	0.00233	0.5	95351	222	95240	4551402	47.73
1970-1979	24	0.00217	0.00217	0.5	95129	206	95026	4456162	46.84
1970-1979	25	0.00275	0.00274	0.5	94923	260	94793	4361136	45.94
1970-1979	26	0.00197	0.00197	0.5	94663	186	94570	4266343	45.07
1970-1979	27	0.00214	0.00214	0.5	94476	202	94375	4171774	44.16
1970-1979	28	0.00224	0.00223	0.5	94275	211	94169	4077398	43.25
1970-1979	29	0.00253	0.00253	0.5	94064	238	93945	3983229	42.35
1970-1979	30	0.00239	0.00239	0.5	93826	224	93714	3889284	41.45
1970-1979	31	0.00239	0.00239	0.5	93602	224	93490	3795571	40.55
1970-1979	32	0.00212	0.00211	0.5	93378	197	93279	3702081	39.65
1970-1979	33	0.00247	0.00247	0.5	93180	230	93065	3608802	38.73
1970-1979	34	0.00283	0.00283	0.5	92950	263	92819	3515737	37.82
1970-1979	35	0.00325	0.00324	0.5	92687	300	92537	3422918	36.93
1970-1979	36	0.00314	0.00314	0.5	92387	290	92242	3330381	36.05
1970-1979	37	0.00291	0.00290	0.5	92097	267	91963	3238139	35.16
1970-1979	38	0.00338	0.00338	0.5	91830	310	91675	3146175	34.26
1970-1979	39	0.00350	0.00349	0.5	91520	320	91360	3054501	33.38
1970-1979	40	0.00343	0.00343	0.5	91200	313	91044	2963141	32.49
1970-1979	41	0.00408	0.00407	0.5	90888	370	90703	2872097	31.60
1970-1979	42	0.00427	0.00426	0.5	90518	386	90325	2781394	30.73
1970-1979	43	0.00486	0.00485	0.5	90132	437	89913	2691069	29.86
1970-1979	44	0.00512	0.00511	0.5	89695	458	89466	2601156	29.00
1970-1979	45	0.00588	0.00586	0.5	89237	523	88975	2511690	28.15
1970-1979	46	0.00684	0.00682	0.5	88713	605	88411	2422715	27.31
1970-1979	47	0.00724	0.00722	0.5	88109	636	87791	2334304	26.49
1970-1979	48	0.00845	0.00841	0.5	87473	736	87105	2246513	25.68
1970-1979	49	0.00808	0.00805	0.5	86737	698	86388	2159408	24.90
1970-1979	50	0.00871	0.00867	0.5	86039	746	85666	2073020	24.09
1970-1979	51	0.01004	0.00999	0.5	85293	852	84867	1987355	23.30
1970-1979	52	0.01099	0.01093	0.5	84441	923	83980	1902488	22.53
1970-1979	53	0.01107	0.01101	0.5	83518	920	83058	1818508	21.77
1970-1979	54	0.01309	0.01301	0.5	82599	1074	82061	1735450	21.01
1970-1979	55	0.01402	0.01393	0.5	81524	1135	80957	1653388	20.28
1970-1979	56	0.01532	0.01521	0.5	80389	1222	79778	1572432	19.56
1970-1979	57	0.01622	0.01609	0.5	79167	1274	78530	1492654	18.85
1970-1979	58	0.01837	0.01821	0.5	77893	1418	77184	1414124	18.15
1970-1979	59	0.01875	0.01858	0.5	76475	1421	75764	1336940	17.48
1970-1979	60	0.02157	0.02134	0.5	75054	1602	74253	1261176	16.80
1970-1979	61	0.02235	0.02210	0.5	73452	1624	72640	1186923	16.16
1970-1979	62	0.02593	0.02560	0.5	71828	1839	70909	1114283	15.51
1970-1979	63	0.02691	0.02656	0.5	69990	1859	69060	1043374	14.91
1970-1979	64	0.02814	0.02775	0.5	68131	1891	67186	974314	14.30
1970-1979	65	0.02864	0.02824	0.5	66240	1871	65305	907128	13.69
1970-1979	66	0.03443	0.03385	0.5	64370	2179	63280	841823	13.08
1970-1979	67	0.03731	0.03662	0.5	62191	2278	61052	778543	12.52
1970-1979	68	0.03828	0.03756	0.5	59913	2251	58788	717491	11.98
1970-1979	69	0.04236	0.04148	0.5	57663	2392	56467	658703	11.42
1970-1979	70	0.04795	0.04683	0.5	55271	2588	53977	602237	10.90
1970-1979	71	0.05521	0.05373	0.5	52683	2831	51267	548260	10.41
1970-1979	72	0.05628	0.05474	0.5	49852	2729	48487	496993	9.97
1970-1979	73	0.05967	0.05794	0.5	47123	2730	45758	448505	9.52
1970-1979	74	0.06943	0.06710	0.5	44393	2979	42903	402748	9.07
1970-1979	75	0.07168	0.06920	0.5	41414	2866	39981	359844	8.69
1970-1979	76	0.07447	0.07179	0.5	38548	2768	37164	319863	8.30
1970-1979	77	0.08099	0.07784	0.5	35781	2785	34388	282699	7.90
1970-1979	78	0.08602	0.08247	0.5	32995	2721	31635	248311	7.53
1970-1979	79	0.09591	0.09152	0.5	30274	2771	28889	216676	7.16
1970-1979	80	0.09367	0.08948	0.5	27504	2461	26273	187787	6.83
1970-1979	81	0.10209	0.09713	0.5	25043	2432	23826	161514	6.45
1970-1979	82	0.11118	0.10532	0.5	22610	2381	21419	137688	6.09
1970-1979	83	0.12096	0.11407	0.5	20229	2307	19075	116268	5.75
1970-1979	84	0.13149	0.12337	0.5	17921	2211	16816	97193	5.42
1970-1979	85	0.14277	0.13326	0.5	15710	2094	14664	80377	5.12
1970-1979	86	0.15486	0.14373	0.5	13617	1957	12638	65714	4.83
1970-1979	87	0.16776	0.15478	0.5	11660	1805	10757	53075	4.55
1970-1979	88	0.18151	0.16641	0.5	9855	1640	9035	42318	4.29
1970-1979	89	0.19613	0.17861	0.5	8215	1467	7481	33283	4.05
1970-1979	90	0.21161	0.19136	0.5	6748	1291	6102	25802	3.82
1970-1979	91	0.22797	0.20464	0.5	5456	1117	4898	19700	3.61
1970-1979	92	0.24520	0.21842	0.5	4340	948	3866	14802	3.41
1970-1979	93	0.26329	0.23266	0.5	3392	789	2997	10936	3.22
1970-1979	94	0.28222	0.24732	0.5	2603	644	2281	7938	3.05
1970-1979	95	0.30195	0.26234	0.5	1959	514	1702	5657	2.89
1970-1979	96	0.32244	0.27767	0.5	1445	401	1244	3955	2.74
1970-1979	97	0.34363	0.29325	0.5	1044	306	891	2711	2.60
1970-1979	98	0.36547	0.30900	0.5	738	228	624	1820	2.47
1970-1979	99	0.38787	0.32487	0.5	510	166	427	1196	2.35
1970-1979	100	0.41076	0.34077	0.5	344	117	286	769	2.24
1970-1979	101	0.43404	0.35664	0.5	227	81	186	484	2.13
1970-1979	102	0.45761	0.37240	0.5	146	54	119	298	2.04
1970-1979	103	0.48138	0.38799	0.5	92	36	74	179	1.95
1970-1979	104	0.50523	0.40334	0.5	56	23	45	105	1.87
1970-1979	105	0.52906	0.41838	0.5	33	14	26	60	1.80
1970-1979	106	0.55275	0.43306	0.5	19	8	15	34	1.73
1970-1979	107	0.57621	0.44733	0.5	11	5	9	18	1.67
1970-1979	108	0.59933	0.46114	0.5	6	3	5	10	1.62
1970-1979	109	0.62202	0.47446	0.5	3	2	3	5	1.58
1970-1979	110+	0.64418	1.00000	1.55	2	2	3	3	1.55
1980-1989	0	0.01107	0.01096	0.07	100000	1096	98986	7060220	70.60
1980-1989	1	0.00078	0.00078	0.5	98904	77	98866	6961234	70.38
1980-1989	2	0.00080	0.00080	0.5	98827	79	98788	6862368	69.44
1980-1989	3	0.00046	0.00046	0.5	98749	45	98726	6763579	68.49
1980-1989	4	0.00035	0.00035	0.5	98704	35	98686	6664853	67.52
1980-1989	5	0.00029	0.00029	0.5	98669	28	98655	6566167	66.55
1980-1989	6	0.00032	0.00032	0.5	98641	32	98625	6467512	65.57
1980-1989	7	0.00031	0.00031	0.5	98609	31	98593	6368887	64.59
1980-1989	8	0.00032	0.00032	0.5	98578	31	98562	6270294	63.61
1980-1989	9	0.00022	0.00022	0.5	98547	21	98536	6171731	62.63
1980-1989	10	0.00033	0.00033	0.5	98525	33	98509	6073195	61.64
1980-1989	11	0.00045	0.00045	0.5	98493	44	98471	5974686	60.66
1980-1989	12	0.00037	0.00037	0.5	98449	36	98431	5876215	59.69
1980-1989	13	0.00040	0.00040	0.5	98412	39	98393	5777785	58.71
1980-1989	14	0.00052	0.00052	0.5	98373	52	98348	5679392	57.73
1980-1989	15	0.00093	0.00093	0.5	98322	92	98276	5581045	56.76
1980-1989	16	0.00110	0.00110	0.5	98230	108	98176	5482769	55.82
1980-1989	17	0.00138	0.00138	0.5	98122	135	98054	5384593	54.88
1980-1989	18	0.00187	0.00186	0.5	97987	183	97895	5286539	53.95
1980-1989	19	0.00204	0.00204	0.5	97804	200	97704	5188644	53.05
1980-1989	20	0.00196	0.00196	0.5	97604	191	97508	5090940	52.16
1980-1989	21	0.00220	0.00219	0.5	97413	214	97306	4993431	51.26
1980-1989	22	0.00229	0.00229	0.5	97199	222	97088	4896125	50.37
1980-1989	23	0.00218	0.00218	0.5	96977	211	96871	4799037	49.49
1980-1989	24	0.00214	0.00214	0.5	96766	207	96662	4702166	48.59
1980-1989	25	0.00189	0.00189	0.5	96559	182	96467	4605504	47.70
1980-1989	26	0.00214	0.00214	0.5	96376	206	96273	4509036	46.79
1980-1989	27	0.00208	0.00208	0.5	96170	200	96070	4412763	45.89
1980-1989	28	0.00185	0.00185	0.5	95970	177	95881	4316693	44.98
1980-1989	29	0.00184	0.00184	0.5	95793	176	95705	4220812	44.06
1980-1989	30	0.00190	0.00190	0.5	95617	181	95526	4125107	43.14
1980-1989	31	0.00213	0.00213	0.5	95435	203	95334	4029581	42.22
1980-1989	32	0.00230	0.00230	0.5	95232	219	95123	3934247	41.31
1980-1989	33	0.00235	0.00234	0.5	95013	223	94902	3839124	40.41
1980-1989	34	0.00242	0.00242	0.5	94791	229	94676	3744222	39.50
1980-1989	35	0.00250	0.00250	0.5	94561	236	94443	3649546	38.59
1980-1989	36	0.00288	0.00287	0.5	94325	271	94189	3555103	37.69
1980-1989	37	0.00256	0.00255	0.5	94054	240	93934	3460913	36.80
1980-1989	38	0.00273	0.00273	0.5	93814	256	93686	3366980	35.89
1980-1989	39	0.00295	0.00295	0.5	93558	276	93420	3273294	34.99
1980-1989	40	0.00310	0.00309	0.5	93282	288	93138	3179874	34.09
1980-1989	41	0.00324	0.00324	0.5	92994	301	92843	3086736	33.19
1980-1989	42	0.00352	0.00352	0.5	92692	326	92529	2993893	32.30
1980-1989	43	0.00408	0.00407	0.5	92366	376	92178	2901364	31.41
1980-1989	44	0.00359	0.00358	0.5	91990	330	91825	2809186	30.54
1980-1989	45	0.00502	0.00501	0.5	91661	459	91431	2717361	29.65
1980-1989	46	0.00533	0.00531	0.5	91202	484	90959	2625929	28.79
1980-1989	47	0.00561	0.00560	0.5	90717	508	90463	2534970	27.94
1980-1989	48	0.00602	0.00600	0.5	90209	541	89939	2444507	27.10
1980-1989	49	0.00642	0.00640	0.5	89668	574	89381	2354568	26.26
1980-1989	50	0.00686	0.00684	0.5	89094	609	88789	2265187	25.42
1980-1989	51	0.00780	0.00777	0.5	88485	688	88141	2176398	24.60
1980-1989	52	0.00919	0.00915	0.5	87797	803	87395	2088257	23.79
1980-1989	53	0.00961	0.00957	0.5	86994	832	86577	2000862	23.00
1980-1989	54	0.01080	0.01074	0.5	86161	926	85698	1914285	22.22
1980-1989	55	0.01096	0.01090	0.5	85236	929	84771	1828586	21.45
1980-1989	56	0.01369	0.01359	0.5	84306	1146	83733	1743815	20.68
1980-1989	57	0.01386	0.01377	0.5	83160	1145	82588	1660082	19.96
1980-1989	58	0.01625	0.01612	0.5	82016	1322	81355	1577494	19.23
1980-1989	59	0.01652	0.01639	0.5	80694	1322	80032	1496139	18.54
1980-1989	60	0.01718	0.01703	0.5	79371	1352	78695	1416107	17.84
1980-1989	61	0.01870	0.01853	0.5	78019	1446	77296	1337412	17.14
1980-1989	62	0.02297	0.02271	0.5	76573	1739	75704	1260116	16.46
1980-1989	63	0.02457	0.02427	0.5	74835	1817	73926	1184412	15.83
1980-1989	64	0.02385	0.02357	0.5	73018	1721	72157	1110486	15.21
1980-1989	65	0.02547	0.02515	0.5	71297	1793	70400	1038328	14.56
1980-1989	66	0.02904	0.02863	0.5	69503	1990	68509	967928	13.93
1980-1989	67	0.03184	0.03134	0.5	67514	2116	66456	899420	13.32
1980-1989	68	0.03436	0.03378	0.5	65398	2209	64293	832964	12.74
1980-1989	69	0.03549	0.03487	0.5	63189	2204	62087	768671	12.16
1980-1989	70	0.04303	0.04213	0.5	60985	2569	59700	706584	11.59
1980-1989	71	0.04389	0.04294	0.5	58416	2509	57162	646883	11.07
1980-1989	72	0.04689	0.04581	0.5	55907	2561	54627	589722	10.55
1980-1989	73	0.05426	0.05282	0.5	53346	2818	51937	535095	10.03
1980-1989	74	0.05951	0.05779	0.5	50528	2920	49068	483158	9.56
1980-1989	75	0.06083	0.05903	0.5	47608	2810	46203	434090	9.12
1980-1989	76	0.07013	0.06775	0.5	44798	3035	43280	387887	8.66
1980-1989	77	0.07364	0.07102	0.5	41763	2966	40280	344607	8.25
1980-1989	78	0.08302	0.07971	0.5	38797	3092	37250	304327	7.84
1980-1989	79	0.08298	0.07967	0.5	35704	2845	34282	267077	7.48
1980-1989	80	0.08915	0.08535	0.5	32860	2805	31457	232795	7.08
1980-1989	81	0.09707	0.09258	0.5	30055	2783	28664	201338	6.70
1980-1989	82	0.10562	0.10032	0.5	27273	2736	25905	172674	6.33
1980-1989	83	0.11481	0.10858	0.5	24537	2664	23205	146769	5.98
1980-1989	84	0.12470	0.11738	0.5	21872	2567	20589	123565	5.65
1980-1989	85	0.13531	0.12674	0.5	19305	2447	18082	102976	5.33
1980-1989	86	0.14667	0.13665	0.5	16858	2304	15706	84894	5.04
1980-1989	87	0.15881	0.14713	0.5	14555	2141	13484	69188	4.75
1980-1989	88	0.17175	0.15817	0.5	12413	1963	11431	55704	4.49
1980-1989	89	0.18552	0.16977	0.5	10450	1774	9563	44273	4.24
1980-1989	90	0.20012	0.18192	0.5	8676	1578	7887	34710	4.00
1980-1989	91	0.21556	0.19459	0.5	7097	1381	6407	26823	3.78
1980-1989	92	0.23186	0.20777	0.5	5716	1188	5123	20416	3.57
1980-1989	93	0.24899	0.22142	0.5	4529	1003	4027	15294	3.38
1980-1989	94	0.26695	0.23551	0.5	3526	830	3111	11267	3.20
1980-1989	95	0.28571	0.25000	0.5	2696	674	2359	8156	3.03
1980-1989	96	0.30524	0.26482	0.5	2022	535	1754	5797	2.87
1980-1989	97	0.32550	0.27994	0.5	1486	416	1278	4043	2.72
1980-1989	98	0.34643	0.29528	0.5	1070	316	912	2765	2.58
1980-1989	99	0.36797	0.31079	0.5	754	234	637	1853	2.46
1980-1989	100	0.39005	0.32640	0.5	520	170	435	1216	2.34
1980-1989	101	0.41260	0.34204	0.5	350	120	290	781	2.23
1980-1989	102	0.43551	0.35764	0.5	230	82	189	491	2.13
1980-1989	103	0.45871	0.37313	0.5	148	55	120	301	2.04
1980-1989	104	0.48208	0.38845	0.5	93	36	75	181	1.95
1980-1989	105	0.50554	0.40354	0.5	57	23	45	106	1.87
1980-1989	106	0.52897	0.41833	0.5	34	14	27	61	1.80
1980-1989	107	0.55227	0.43277	0.5	20	9	15	34	1.74
1980-1989	108	0.57534	0.44681	0.5	11	5	9	19	1.68
1980-1989	109	0.59809	0.46041	0.5	6	3	5	10	1.64
1980-1989	110+	0.62043	1.00000	1.61	3	3	5	5	1.61
1990-1999	0	0.00799	0.00794	0.07	100000	794	99259	7207437	72.07
1990-1999	1	0.00079	0.00079	0.5	99206	78	99167	7108177	71.65
1990-1999	2	0.00067	0.00067	0.5	99128	66	99095	7009010	70.71
1990-1999	3	0.00043	0.00043	0.5	99062	43	99040	6909915	69.75
1990-1999	4	0.00025	0.00025	0.5	99019	25	99006	6810875	68.78
1990-1999	5	0.00028	0.00028	0.5	98994	28	98980	6711868	67.80
1990-1999	6	0.00021	0.00021	0.5	98966	20	98956	6612888	66.82
1990-1999	7	0.00024	0.00024	0.5	98946	24	98934	6513932	65.83
1990-1999	8	0.00024	0.00024	0.5	98922	24	98910	6414998	64.85
1990-1999	9	0.00019	0.00019	0.5	98899	18	98889	6316087	63.86
1990-1999	10	0.00016	0.00016	0.5	98880	16	98872	6217198	62.88
1990-1999	11	0.00031	0.00031	0.5	98865	31	98849	6118325	61.89
1990-1999	12	0.00029	0.00029	0.5	98834	29	98820	6019476	60.90
1990-1999	13	0.00036	0.00036	0.5	98805	36	98787	5920657	59.92
1990-1999	14	0.00046	0.00046	0.5	98769	45	98747	5821869	58.94
1990-1999	15	0.00076	0.00076	0.5	98724	75	98686	5723123	57.97
1990-1999	16	0.00091	0.00091	0.5	98649	90	98604	5624437	57.01
1990-1999	17	0.00131	0.00131	0.5	98559	129	98494	5525833	56.07
1990-1999	18	0.00187	0.00186	0.5	98429	184	98338	5427339	55.14
1990-1999	19	0.00184	0.00184	0.5	98246	180	98156	5329001	54.24
1990-1999	20	0.00173	0.00173	0.5	98065	170	97981	5230846	53.34
1990-1999	21	0.00193	0.00193	0.5	97896	189	97801	5132865	52.43
1990-1999	22	0.00185	0.00185	0.5	97707	180	97617	5035064	51.53
1990-1999	23	0.00165	0.00165	0.5	97526	161	97446	4937447	50.63
1990-1999	24	0.00168	0.00168	0.5	97365	163	97283	4840001	49.71
1990-1999	25	0.00171	0.00171	0.5	97202	166	97119	4742718	48.79
1990-1999	26	0.00155	0.00154	0.5	97035	150	96960	4645599	47.88
1990-1999	27	0.00161	0.00161	0.5	96885	156	96808	4548639	46.95
1990-1999	28	0.00176	0.00175	0.5	96730	170	96645	4451831	46.02
1990-1999	29	0.00175	0.00175	0.5	96560	169	96475	4355187	45.10
1990-1999	30	0.00185	0.00185	0.5	96391	178	96301	4258712	44.18
1990-1999	31	0.00205	0.00205	0.5	96212	197	96114	4162410	43.26
1990-1999	32	0.00220	0.00220	0.5	96015	211	95909	4066297	42.35
1990-1999	33	0.00239	0.00239	0.5	95804	229	95689	3970387	41.44
1990-1999	34	0.00225	0.00224	0.5	95575	214	95468	3874698	40.54
1990-1999	35	0.00247	0.00247	0.5	95361	235	95243	3779230	39.63
1990-1999	36	0.00266	0.00266	0.5	95125	253	94999	3683987	38.73
1990-1999	37	0.00297	0.00296	0.5	94872	281	94732	3588988	37.83
1990-1999	38	0.00292	0.00292	0.5	94591	276	94453	3494257	36.94
1990-1999	39	0.00362	0.00361	0.5	94315	340	94145	3399804	36.05
1990-1999	40	0.00331	0.00330	0.5	93975	310	93819	3305659	35.18
1990-1999	41	0.00364	0.00363	0.5	93664	340	93494	3211839	34.29
1990-1999	42	0.00392	0.00391	0.5	93324	365	93141	3118345	33.41
1990-1999	43	0.00412	0.00411	0.5	92959	382	92768	3025204	32.54
1990-1999	44	0.00400	0.00399	0.5	92577	369	92393	2932436	31.68
1990-1999	45	0.00432	0.00431	0.5	92208	397	92009	2840043	30.80
1990-1999	46	0.00467	0.00466	0.5	91811	428	91597	2748034	29.93
1990-1999	47	0.00562	0.00560	0.5	91383	512	91127	2656437	29.07
1990-1999	48	0.00543	0.00541	0.5	90871	492	90625	2565310	28.23
1990-1999	49	0.00608	0.00606	0.5	90379	548	90105	2474685	27.38
1990-1999	50	0.00625	0.00623	0.5	89831	560	89551	2384580	26.55
1990-1999	51	0.00700	0.00697	0.5	89271	623	88960	2295029	25.71
1990-1999	52	0.00794	0.00790	0.5	88648	701	88298	2206070	24.89
1990-1999	53	0.00884	0.00880	0.5	87948	774	87561	2117772	24.08
1990-1999	54	0.00961	0.00956	0.5	87174	834	86757	2030211	23.29
1990-1999	55	0.00951	0.00946	0.5	86340	817	85932	1943454	22.51
1990-1999	56	0.01075	0.01070	0.5	85523	915	85066	1857522	21.72
1990-1999	57	0.01135	0.01129	0.5	84608	955	84131	1772457	20.95
1990-1999	58	0.01316	0.01307	0.5	83653	1093	83107	1688326	20.18
1990-1999	59	0.01318	0.01309	0.5	82560	1081	82019	1605219	19.44
1990-1999	60	0.01626	0.01613	0.5	81479	1314	80822	1523200	18.69
1990-1999	61	0.01773	0.01758	0.5	80165	1409	79460	1442378	17.99
1990-1999	62	0.01945	0.01926	0.5	78756	1517	77997	1362918	17.31
1990-1999	63	0.02094	0.02073	0.5	77239	1601	76438	1284921	16.64
1990-1999	64	0.02249	0.02224	0.5	75638	1682	74797	1208483	15.98
1990-1999	65	0.02385	0.02357	0.5	73956	1743	73084	1133686	15.33
1990-1999	66	0.02516	0.02484	0.5	72213	1794	71316	1060602	14.69
1990-1999	67	0.02714	0.02678	0.5	70419	1886	69476	989286	14.05
1990-1999	68	0.03116	0.03068	0.5	68533	2103	67482	919810	13.42
1990-1999	69	0.03246	0.03194	0.5	66430	2122	65369	852328	12.83
1990-1999	70	0.03567	0.03504	0.5	64308	2254	63182	786958	12.24
1990-1999	71	0.03824	0.03753	0.5	62055	2329	60890	723777	11.66
1990-1999	72	0.04166	0.04081	0.5	59726	2438	58507	662886	11.10
1990-1999	73	0.04534	0.04434	0.5	57289	2540	56019	604379	10.55
1990-1999	74	0.05161	0.05031	0.5	54749	2754	53371	548360	10.02
1990-1999	75	0.05238	0.05104	0.5	51994	2654	50667	494989	9.52
1990-1999	76	0.05976	0.05803	0.5	49340	2863	47909	444322	9.01
1990-1999	77	0.06553	0.06345	0.5	46477	2949	45003	396413	8.53
1990-1999	78	0.07047	0.06807	0.5	43528	2963	42047	351410	8.07
1990-1999	79	0.07529	0.07255	0.5	40565	2943	39094	309363	7.63
1990-1999	80	0.08111	0.07795	0.5	37622	2933	36156	270270	7.18
1990-1999	81	0.08969	0.08584	0.5	34689	2978	33201	234114	6.75
1990-1999	82	0.09906	0.09439	0.5	31712	2993	30215	200913	6.34
1990-1999	83	0.10930	0.10364	0.5	28719	2976	27230	170698	5.94
1990-1999	84	0.12046	0.11362	0.5	25742	2925	24280	143468	5.57
1990-1999	85	0.13259	0.12435	0.5	22817	2837	21399	119188	5.22
1990-1999	86	0.14573	0.13584	0.5	19980	2714	18623	97789	4.89
1990-1999	87	0.15994	0.14810	0.5	17266	2557	15988	79166	4.59
1990-1999	88	0.17525	0.16113	0.5	14709	2370	13524	63179	4.30
1990-1999	89	0.19170	0.17493	0.5	12339	2158	11260	49655	4.02
1990-1999	90	0.20929	0.18946	0.5	10180	1929	9216	38395	3.77
1990-1999	91	0.22804	0.20470	0.5	8252	1689	7407	29179	3.54
1990-1999	92	0.24794	0.22060	0.5	6563	1448	5839	21772	3.32
1990-1999	93	0.26898	0.23709	0.5	5115	1213	4509	15933	3.12
1990-1999	94	0.29111	0.25412	0.5	3902	992	3406	11424	2.93
1990-1999	95	0.31428	0.27160	0.5	2911	791	2515	8018	2.75
1990-1999	96	0.33841	0.28944	0.5	2120	614	1813	5503	2.60
1990-1999	97	0.36341	0.30753	0.5	1506	463	1275	3690	2.45
1990-1999	98	0.38918	0.32578	0.5	1043	340	873	2415	2.31
1990-1999	99	0.41557	0.34408	0.5	703	242	582	1542	2.19
1990-1999	100	0.44247	0.36231	0.5	461	167	378	959	2.08
1990-1999	101	0.46970	0.38037	0.5	294	112	238	581	1.98
1990-1999	102	0.49711	0.39815	0.5	182	73	146	343	1.88
1990-1999	103	0.52455	0.41556	0.5	110	46	87	197	1.80
1990-1999	104	0.55183	0.43250	0.5	64	28	50	110	1.72
1990-1999	105	0.57881	0.44889	0.5	36	16	28	60	1.65
1990-1999	106	0.60532	0.46468	0.5	20	9	15	32	1.59
1990-1999	107	0.63123	0.47980	0.5	11	5	8	16	1.53
1990-1999	108	0.65640	0.49420	0.5	6	3	4	8	1.48
1990-1999	109	0.68072	0.50787	0.5	3	1	2	4	1.45
1990-1999	110+	0.70410	1.00000	1.42	1	1	2	2	1.42
2000-2009	0	0.00658	0.00654	0.06	100000	654	99387	7403235	74.03
2000-2009	1	0.00064	0.00064	0.5	99346	63	99314	7303849	73.52
2000-2009	2	0.00041	0.00041	0.5	99282	41	99262	7204534	72.57
2000-2009	3	0.00025	0.00025	0.5	99241	25	99229	7105273	71.60
2000-2009	4	0.00021	0.00021	0.5	99217	21	99206	7006044	70.61
2000-2009	5	0.00016	0.00016	0.5	99196	15	99188	6906837	69.63
2000-2009	6	0.00014	0.00014	0.5	99181	14	99173	6807649	68.64
2000-2009	7	0.00008	0.00008	0.5	99166	8	99162	6708476	67.65
2000-2009	8	0.00016	0.00016	0.5	99158	15	99150	6609314	66.65
2000-2009	9	0.00012	0.00012	0.5	99142	12	99136	6510163	65.66
2000-2009	10	0.00013	0.00013	0.5	99130	13	99124	6411027	64.67
2000-2009	11	0.00020	0.00020	0.5	99117	20	99107	6311904	63.68
2000-2009	12	0.00023	0.00023	0.5	99097	23	99085	6212797	62.69
2000-2009	13	0.00023	0.00023	0.5	99074	23	99062	6113711	61.71
2000-2009	14	0.00042	0.00042	0.5	99051	42	99030	6014649	60.72
2000-2009	15	0.00046	0.00046	0.5	99009	46	98986	5915619	59.75
2000-2009	16	0.00074	0.00074	0.5	98963	73	98927	5816633	58.78
2000-2009	17	0.00090	0.00090	0.5	98890	89	98846	5717706	57.82
2000-2009	18	0.00136	0.00136	0.5	98801	135	98733	5618861	56.87
2000-2009	19	0.00161	0.00161	0.5	98666	159	98587	5520127	55.95
2000-2009	20	0.00169	0.00169	0.5	98508	167	98424	5421540	55.04
2000-2009	21	0.00158	0.00158	0.5	98341	155	98263	5323116	54.13
2000-2009	22	0.00163	0.00163	0.5	98186	160	98105	5224853	53.21
2000-2009	23	0.00153	0.00153	0.5	98025	150	97950	5126748	52.30
2000-2009	24	0.00167	0.00167	0.5	97875	163	97793	5028797	51.38
2000-2009	25	0.00149	0.00149	0.5	97712	146	97639	4931004	50.46
2000-2009	26	0.00147	0.00147	0.5	97566	144	97494	4833365	49.54
2000-2009	27	0.00152	0.00152	0.5	97423	148	97348	4735871	48.61
2000-2009	28	0.00153	0.00153	0.5	97274	149	97200	4638522	47.68
2000-2009	29	0.00152	0.00152	0.5	97126	148	97052	4541322	46.76
2000-2009	30	0.00148	0.00148	0.5	96978	143	96907	4444271	45.83
2000-2009	31	0.00160	0.00159	0.5	96835	154	96758	4347364	44.89
2000-2009	32	0.00155	0.00155	0.5	96681	150	96606	4250606	43.97
2000-2009	33	0.00173	0.00173	0.5	96531	167	96447	4154000	43.03
2000-2009	34	0.00176	0.00176	0.5	96364	170	96279	4057553	42.11
2000-2009	35	0.00183	0.00183	0.5	96194	176	96106	3961274	41.18
2000-2009	36	0.00190	0.00189	0.5	96018	182	95927	3865168	40.25
2000-2009	37	0.00190	0.00190	0.5	95836	182	95745	3769241	39.33
2000-2009	38	0.00255	0.00255	0.5	95654	244	95533	3673496	38.40
2000-2009	39	0.00262	0.00261	0.5	95411	249	95286	3577963	37.50
2000-2009	40	0.00263	0.00263	0.5	95161	250	95036	3482677	36.60
2000-2009	41	0.00314	0.00314	0.5	94911	298	94762	3387641	35.69
2000-2009	42	0.00327	0.00327	0.5	94614	309	94459	3292878	34.80
2000-2009	43	0.00345	0.00344	0.5	94304	325	94142	3198419	33.92
2000-2009	44	0.00397	0.00396	0.5	93980	372	93794	3104277	33.03
2000-2009	45	0.00426	0.00426	0.5	93608	398	93409	3010483	32.16
2000-2009	46	0.00485	0.00484	0.5	93209	451	92984	2917075	31.30
2000-2009	47	0.00484	0.00483	0.5	92758	448	92534	2824091	30.45
2000-2009	48	0.00550	0.00548	0.5	92310	506	92057	2731557	29.59
2000-2009	49	0.00581	0.00580	0.5	91804	532	91538	2639500	28.75
2000-2009	50	0.00639	0.00637	0.5	91272	581	90981	2547961	27.92
2000-2009	51	0.00648	0.00646	0.5	90691	586	90398	2456980	27.09
2000-2009	52	0.00752	0.00749	0.5	90105	675	89767	2366582	26.26
2000-2009	53	0.00817	0.00814	0.5	89430	728	89066	2276815	25.46
2000-2009	54	0.00887	0.00883	0.5	88702	783	88310	2187749	24.66
2000-2009	55	0.00913	0.00908	0.5	87919	799	87519	2099439	23.88
2000-2009	56	0.00972	0.00968	0.5	87120	843	86699	2011920	23.09
2000-2009	57	0.01054	0.01049	0.5	86277	905	85825	1925221	22.31
2000-2009	58	0.01101	0.01095	0.5	85372	935	84905	1839397	21.55
2000-2009	59	0.01219	0.01212	0.5	84438	1023	83926	1754492	20.78
2000-2009	60	0.01324	0.01315	0.5	83414	1097	82866	1670566	20.03
2000-2009	61	0.01437	0.01427	0.5	82317	1175	81730	1587700	19.29
2000-2009	62	0.01577	0.01565	0.5	81143	1270	80508	1505970	18.56
2000-2009	63	0.01621	0.01608	0.5	79873	1284	79231	1425462	17.85
2000-2009	64	0.01700	0.01686	0.5	78589	1325	77926	1346232	17.13
2000-2009	65	0.01920	0.01901	0.5	77264	1469	76529	1268305	16.42
2000-2009	66	0.02090	0.02068	0.5	75795	1568	75011	1191776	15.72
2000-2009	67	0.02219	0.02194	0.5	74227	1629	73413	1116765	15.05
2000-2009	68	0.02241	0.02216	0.5	72598	1609	71794	1043353	14.37
2000-2009	69	0.02714	0.02678	0.5	70989	1901	70039	971559	13.69
2000-2009	70	0.02883	0.02842	0.5	69088	1963	68107	901521	13.05
2000-2009	71	0.03190	0.03140	0.5	67125	2108	66071	833414	12.42
2000-2009	72	0.03465	0.03406	0.5	65017	2215	63910	767343	11.80
2000-2009	73	0.03836	0.03764	0.5	62802	2364	61621	703433	11.20
2000-2009	74	0.03940	0.03864	0.5	60439	2335	59271	641813	10.62
2000-2009	75	0.04534	0.04433	0.5	58104	2576	56816	582542	10.03
2000-2009	76	0.05155	0.05026	0.5	55528	2791	54132	525726	9.47
2000-2009	77	0.05338	0.05200	0.5	52737	2742	51366	471593	8.94
2000-2009	78	0.05716	0.05557	0.5	49995	2778	48606	420227	8.41
2000-2009	79	0.06478	0.06274	0.5	47217	2963	45735	371622	7.87
2000-2009	80	0.07586	0.07309	0.5	44254	3234	42637	325886	7.36
2000-2009	81	0.08436	0.08095	0.5	41020	3320	39359	283249	6.91
2000-2009	82	0.09372	0.08953	0.5	37699	3375	36012	243890	6.47
2000-2009	83	0.10400	0.09886	0.5	34324	3393	32627	207878	6.06
2000-2009	84	0.11526	0.10898	0.5	30931	3371	29245	175251	5.67
2000-2009	85	0.12757	0.11992	0.5	27560	3305	25907	146006	5.30
2000-2009	86	0.14099	0.13170	0.5	24255	3194	22658	120098	4.95
2000-2009	87	0.15556	0.14433	0.5	21060	3040	19541	97441	4.63
2000-2009	88	0.17134	0.15782	0.5	18021	2844	16599	77900	4.32
2000-2009	89	0.18836	0.17215	0.5	15177	2613	13870	61301	4.04
2000-2009	90	0.20665	0.18730	0.5	12564	2353	11387	47431	3.78
2000-2009	91	0.22622	0.20324	0.5	10211	2075	9173	36044	3.53
2000-2009	92	0.24707	0.21991	0.5	8136	1789	7241	26870	3.30
2000-2009	93	0.26918	0.23725	0.5	6347	1506	5594	19629	3.09
2000-2009	94	0.29249	0.25517	0.5	4841	1235	4223	14036	2.90
2000-2009	95	0.31694	0.27359	0.5	3606	986	3112	9812	2.72
2000-2009	96	0.34245	0.29239	0.5	2619	766	2236	6700	2.56
2000-2009	97	0.36891	0.31146	0.5	1853	577	1565	4464	2.41
2000-2009	98	0.39617	0.33067	0.5	1276	422	1065	2899	2.27
2000-2009	99	0.42410	0.34990	0.5	854	299	705	1834	2.15
2000-2009	100	0.45252	0.36903	0.5	555	205	453	1129	2.03
2000-2009	101	0.48126	0.38791	0.5	350	136	282	676	1.93
2000-2009	102	0.51011	0.40645	0.5	214	87	171	394	1.84
2000-2009	103	0.53890	0.42452	0.5	127	54	100	223	1.75
2000-2009	104	0.56744	0.44203	0.5	73	32	57	123	1.68
2000-2009	105	0.59553	0.45889	0.5	41	19	31	66	1.61
2000-2009	106	0.62301	0.47504	0.5	22	11	17	34	1.54
2000-2009	107	0.64972	0.49041	0.5	12	6	9	17	1.49
2000-2009	108	0.67553	0.50497	0.5	6	3	4	9	1.44
2000-2009	109	0.70031	0.51869	0.5	3	2	2	4	1.41
2000-2009	110+	0.72397	1.00000	1.38	1	1	2	2	1.38
2010-2019	0	0.00602	0.00598	0.06	100000	598	99438	7565802	75.66
2010-2019	1	0.00052	0.00052	0.5	99402	52	99376	7466364	75.11
2010-2019	2	0.00039	0.00039	0.5	99350	39	99330	7366988	74.15
2010-2019	3	0.00021	0.00021	0.5	99311	20	99301	7267658	73.18
2010-2019	4	0.00020	0.00020	0.5	99290	20	99281	7168357	72.20
2010-2019	5	0.00016	0.00016	0.5	99271	16	99263	7069077	71.21
2010-2019	6	0.00010	0.00010	0.5	99255	10	99249	6969814	70.22
2010-2019	7	0.00017	0.00017	0.5	99244	17	99236	6870565	69.23
2010-2019	8	0.00015	0.00015	0.5	99227	15	99220	6771329	68.24
2010-2019	9	0.00018	0.00018	0.5	99212	18	99203	6672109	67.25
2010-2019	10	0.00009	0.00009	0.5	99195	9	99190	6572906	66.26
2010-2019	11	0.00010	0.00010	0.5	99186	10	99181	6473716	65.27
2010-2019	12	0.00017	0.00017	0.5	99176	17	99167	6374535	64.28
2010-2019	13	0.00018	0.00018	0.5	99159	18	99150	6275367	63.29
2010-2019	14	0.00028	0.00028	0.5	99141	28	99127	6176217	62.30
2010-2019	15	0.00036	0.00036	0.5	99113	35	99096	6077090	61.31
2010-2019	16	0.00055	0.00055	0.5	99078	54	99051	5977994	60.34
2010-2019	17	0.00070	0.00070	0.5	99024	69	98989	5878943	59.37
2010-2019	18	0.00100	0.00100	0.5	98954	99	98905	5779954	58.41
2010-2019	19	0.00125	0.00125	0.5	98855	123	98794	5681050	57.47
2010-2019	20	0.00120	0.00119	0.5	98732	118	98673	5582256	56.54
2010-2019	21	0.00140	0.00140	0.5	98614	138	98545	5483583	55.61
2010-2019	22	0.00138	0.00138	0.5	98476	136	98408	5385038	54.68
2010-2019	23	0.00157	0.00157	0.5	98340	154	98263	5286630	53.76
2010-2019	24	0.00129	0.00128	0.5	98186	126	98123	5188367	52.84
2010-2019	25	0.00143	0.00143	0.5	98060	140	97989	5090245	51.91
2010-2019	26	0.00144	0.00144	0.5	97919	141	97849	4992256	50.98
2010-2019	27	0.00140	0.00140	0.5	97778	137	97710	4894407	50.06
2010-2019	28	0.00144	0.00144	0.5	97641	140	97571	4796697	49.13
2010-2019	29	0.00150	0.00150	0.5	97501	146	97428	4699126	48.20
2010-2019	30	0.00144	0.00144	0.5	97355	141	97285	4601698	47.27
2010-2019	31	0.00173	0.00173	0.5	97214	168	97130	4504413	46.33
2010-2019	32	0.00145	0.00145	0.5	97046	141	96976	4407283	45.41
2010-2019	33	0.00171	0.00171	0.5	96905	166	96823	4310307	44.48
2010-2019	34	0.00187	0.00187	0.5	96740	181	96650	4213485	43.55
2010-2019	35	0.00187	0.00186	0.5	96559	180	96469	4116835	42.64
2010-2019	36	0.00184	0.00183	0.5	96379	177	96291	4020366	41.71
2010-2019	37	0.00198	0.00198	0.5	96202	190	96107	3924075	40.79
2010-2019	38	0.00218	0.00217	0.5	96012	209	95908	3827967	39.87
2010-2019	39	0.00223	0.00222	0.5	95804	213	95697	3732059	38.96
2010-2019	40	0.00243	0.00242	0.5	95591	232	95475	3636362	38.04
2010-2019	41	0.00253	0.00253	0.5	95359	241	95239	3540887	37.13
2010-2019	42	0.00257	0.00256	0.5	95118	244	94996	3445649	36.22
2010-2019	43	0.00292	0.00291	0.5	94874	276	94736	3350653	35.32
2010-2019	44	0.00336	0.00336	0.5	94598	318	94439	3255917	34.42
2010-2019	45	0.00348	0.00347	0.5	94280	327	94117	3161477	33.53
2010-2019	46	0.00394	0.00393	0.5	93953	369	93768	3067361	32.65
2010-2019	47	0.00402	0.00401	0.5	93584	375	93396	2973592	31.77
2010-2019	48	0.00467	0.00466	0.5	93209	435	92991	2880196	30.90
2010-2019	49	0.00506	0.00504	0.5	92774	468	92540	2787205	30.04
2010-2019	50	0.00559	0.00558	0.5	92306	515	92049	2694665	29.19
2010-2019	51	0.00584	0.00582	0.5	91791	534	91524	2602616	28.35
2010-2019	52	0.00655	0.00653	0.5	91257	596	90959	2511092	27.52
2010-2019	53	0.00706	0.00703	0.5	90661	638	90342	2420133	26.69
2010-2019	54	0.00784	0.00781	0.5	90024	703	89672	2329791	25.88
2010-2019	55	0.00865	0.00861	0.5	89321	769	88936	2240118	25.08
2010-2019	56	0.00914	0.00909	0.5	88552	805	88149	2151182	24.29
2010-2019	57	0.00986	0.00981	0.5	87746	861	87316	2063033	23.51
2010-2019	58	0.01042	0.01037	0.5	86885	901	86435	1975717	22.74
2010-2019	59	0.01159	0.01152	0.5	85984	991	85489	1889282	21.97
2010-2019	60	0.01258	0.01250	0.5	84994	1062	84463	1803793	21.22
2010-2019	61	0.01349	0.01340	0.5	83931	1125	83369	1719331	20.48
2010-2019	62	0.01474	0.01463	0.5	82807	1211	82201	1635962	19.76
2010-2019	63	0.01523	0.01511	0.5	81595	1233	80979	1553761	19.04
2010-2019	64	0.01686	0.01671	0.5	80362	1343	79691	1472782	18.33
2010-2019	65	0.01720	0.01705	0.5	79019	1347	78345	1393091	17.63
2010-2019	66	0.01840	0.01823	0.5	77672	1416	76963	1314746	16.93
2010-2019	67	0.02023	0.02002	0.5	76255	1527	75492	1237783	16.23
2010-2019	68	0.02147	0.02125	0.5	74728	1588	73935	1162291	15.55
2010-2019	69	0.02301	0.02275	0.5	73141	1664	72309	1088356	14.88
2010-2019	70	0.02448	0.02418	0.5	71477	1729	70613	1016047	14.22
2010-2019	71	0.02624	0.02590	0.5	69748	1807	68845	945435	13.55
2010-2019	72	0.02959	0.02916	0.5	67942	1981	66951	876590	12.90
2010-2019	73	0.03253	0.03201	0.5	65960	2111	64905	809639	12.27
2010-2019	74	0.03393	0.03337	0.5	63849	2131	62784	744734	11.66
2010-2019	75	0.03776	0.03706	0.5	61719	2287	60575	681950	11.05
2010-2019	76	0.04125	0.04041	0.5	59431	2402	58230	621375	10.46
2010-2019	77	0.04546	0.04445	0.5	57029	2535	55762	563145	9.87
2010-2019	78	0.04787	0.04675	0.5	54494	2548	53221	507383	9.31
2010-2019	79	0.05437	0.05293	0.5	51947	2749	50572	454162	8.74
2010-2019	80	0.06008	0.05833	0.5	49197	2870	47762	403591	8.20
2010-2019	81	0.06753	0.06532	0.5	46327	3026	44814	355828	7.68
2010-2019	82	0.07582	0.07305	0.5	43301	3163	41720	311014	7.18
2010-2019	83	0.08504	0.08157	0.5	40138	3274	38501	269294	6.71
2010-2019	84	0.09526	0.09093	0.5	36864	3352	35188	230793	6.26
2010-2019	85	0.10657	0.10118	0.5	33512	3391	31817	195605	5.84
2010-2019	86	0.11905	0.11236	0.5	30121	3384	28429	163789	5.44
2010-2019	87	0.13276	0.12450	0.5	26737	3329	25072	135360	5.06
2010-2019	88	0.14780	0.13763	0.5	23408	3222	21797	110287	4.71
2010-2019	89	0.16421	0.15175	0.5	20186	3063	18655	88490	4.38
2010-2019	90	0.18206	0.16687	0.5	17123	2857	15694	69835	4.08
2010-2019	91	0.20138	0.18296	0.5	14266	2610	12961	54141	3.80
2010-2019	92	0.22220	0.19998	0.5	11656	2331	10490	41180	3.53
2010-2019	93	0.24450	0.21787	0.5	9325	2032	8309	30690	3.29
2010-2019	94	0.26828	0.23655	0.5	7293	1725	6431	22381	3.07
2010-2019	95	0.29346	0.25591	0.5	5568	1425	4856	15950	2.86
2010-2019	96	0.31998	0.27585	0.5	4143	1143	3572	11094	2.68
2010-2019	97	0.34771	0.29622	0.5	3000	889	2556	7523	2.51
2010-2019	98	0.37652	0.31687	0.5	2112	669	1777	4967	2.35
2010-2019	99	0.40623	0.33765	0.5	1442	487	1199	3190	2.21
2010-2019	100	0.43664	0.35840	0.5	955	342	784	1991	2.08
2010-2019	101	0.46753	0.37895	0.5	613	232	497	1207	1.97
2010-2019	102	0.49868	0.39915	0.5	381	152	305	710	1.86
2010-2019	103	0.52983	0.41887	0.5	229	96	181	405	1.77
2010-2019	104	0.56076	0.43796	0.5	133	58	104	224	1.69
2010-2019	105	0.59122	0.45633	0.5	75	34	58	120	1.61
2010-2019	106	0.62099	0.47386	0.5	41	19	31	63	1.55
2010-2019	107	0.64988	0.49050	0.5	21	10	16	32	1.49
2010-2019	108	0.67772	0.50619	0.5	11	6	8	16	1.44
2010-2019	109	0.70434	0.52090	0.5	5	3	4	8	1.40
2010-2019	110+	0.72965	1.00000	1.37	3	3	4	4	1.37
2020-2022	0	0.00515	0.00512	0.06	100000	512	99518	7362451	73.62
2020-2022	1	0.00053	0.00053	0.5	99488	52	99461	7262934	73.00
2020-2022	2	0.00027	0.00027	0.5	99435	27	99421	7163472	72.04
2020-2022	3	0.00020	0.00020	0.5	99408	20	99398	7064051	71.06
2020-2022	4	0.00019	0.00019	0.5	99388	19	99379	6964653	70.08
2020-2022	5	0.00021	0.00021	0.5	99369	21	99359	6865274	69.09
2020-2022	6	0.00012	0.00012	0.5	99349	12	99343	6765915	68.10
2020-2022	7	0.00012	0.00012	0.5	99337	12	99331	6666572	67.11
2020-2022	8	0.00019	0.00019	0.5	99325	18	99316	6567242	66.12
2020-2022	9	0.00012	0.00012	0.5	99307	12	99301	6467926	65.13
2020-2022	10	0.00018	0.00018	0.5	99295	18	99286	6368625	64.14
2020-2022	11	0.00003	0.00003	0.5	99277	3	99275	6269339	63.15
2020-2022	12	0.00018	0.00018	0.5	99274	17	99265	6170064	62.15
2020-2022	13	0.00030	0.00030	0.5	99256	30	99242	6070799	61.16
2020-2022	14	0.00038	0.00038	0.5	99227	37	99208	5971557	60.18
2020-2022	15	0.00062	0.00062	0.5	99189	61	99159	5872349	59.20
2020-2022	16	0.00071	0.00071	0.5	99128	70	99093	5773190	58.24
2020-2022	17	0.00061	0.00061	0.5	99058	60	99028	5674097	57.28
2020-2022	18	0.00116	0.00116	0.5	98997	115	98940	5575070	56.32
2020-2022	19	0.00147	0.00147	0.5	98883	145	98810	5476130	55.38
2020-2022	20	0.00158	0.00158	0.5	98737	156	98659	5377320	54.46
2020-2022	21	0.00186	0.00186	0.5	98581	183	98490	5278660	53.55
2020-2022	22	0.00175	0.00175	0.5	98398	172	98312	5180171	52.65
2020-2022	23	0.00220	0.00220	0.5	98226	216	98118	5081859	51.74
2020-2022	24	0.00191	0.00190	0.5	98009	187	97916	4983741	50.85
2020-2022	25	0.00183	0.00183	0.5	97823	179	97733	4885825	49.95
2020-2022	26	0.00228	0.00227	0.5	97644	222	97533	4788092	49.04
2020-2022	27	0.00194	0.00194	0.5	97422	189	97328	4690559	48.15
2020-2022	28	0.00194	0.00194	0.5	97233	189	97139	4593231	47.24
2020-2022	29	0.00208	0.00208	0.5	97045	202	96944	4496092	46.33
2020-2022	30	0.00258	0.00258	0.5	96843	249	96718	4399148	45.43
2020-2022	31	0.00221	0.00220	0.5	96593	213	96487	4302430	44.54
2020-2022	32	0.00231	0.00230	0.5	96381	222	96270	4205943	43.64
2020-2022	33	0.00269	0.00269	0.5	96158	259	96029	4109673	42.74
2020-2022	34	0.00242	0.00242	0.5	95900	232	95784	4013644	41.85
2020-2022	35	0.00279	0.00279	0.5	95668	266	95535	3917861	40.95
2020-2022	36	0.00296	0.00295	0.5	95401	282	95260	3822326	40.07
2020-2022	37	0.00272	0.00272	0.5	95120	259	94990	3727066	39.18
2020-2022	38	0.00283	0.00283	0.5	94861	268	94727	3632075	38.29
2020-2022	39	0.00329	0.00329	0.5	94592	311	94437	3537349	37.40
2020-2022	40	0.00364	0.00363	0.5	94281	342	94110	3442912	36.52
2020-2022	41	0.00367	0.00366	0.5	93939	344	93767	3348801	35.65
2020-2022	42	0.00391	0.00391	0.5	93595	366	93413	3255034	34.78
2020-2022	43	0.00423	0.00422	0.5	93230	394	93033	3161621	33.91
2020-2022	44	0.00412	0.00412	0.5	92836	382	92645	3068588	33.05
2020-2022	45	0.00501	0.00499	0.5	92454	462	92223	2975943	32.19
2020-2022	46	0.00460	0.00459	0.5	91992	423	91781	2883720	31.35
2020-2022	47	0.00578	0.00576	0.5	91570	528	91306	2791939	30.49
2020-2022	48	0.00595	0.00594	0.5	91042	540	90772	2700633	29.66
2020-2022	49	0.00648	0.00646	0.5	90502	585	90209	2609861	28.84
2020-2022	50	0.00687	0.00685	0.5	89917	616	89609	2519652	28.02
2020-2022	51	0.00627	0.00625	0.5	89301	558	89022	2430043	27.21
2020-2022	52	0.00777	0.00774	0.5	88743	687	88400	2341020	26.38
2020-2022	53	0.00774	0.00771	0.5	88056	679	87717	2252621	25.58
2020-2022	54	0.00891	0.00887	0.5	87377	775	86990	2164904	24.78
2020-2022	55	0.00981	0.00976	0.5	86602	845	86180	2077914	23.99
2020-2022	56	0.01077	0.01071	0.5	85757	919	85298	1991735	23.23
2020-2022	57	0.01093	0.01087	0.5	84838	922	84377	1906437	22.47
2020-2022	58	0.01269	0.01261	0.5	83916	1058	83387	1822060	21.71
2020-2022	59	0.01333	0.01324	0.5	82858	1097	82309	1738673	20.98
2020-2022	60	0.01399	0.01389	0.5	81761	1136	81193	1656363	20.26
2020-2022	61	0.01411	0.01401	0.5	80625	1129	80061	1575170	19.54
2020-2022	62	0.01667	0.01653	0.5	79496	1314	78839	1495110	18.81
2020-2022	63	0.01817	0.01801	0.5	78182	1408	77478	1416271	18.12
2020-2022	64	0.01865	0.01848	0.5	76774	1419	76065	1338793	17.44
2020-2022	65	0.02286	0.02261	0.5	75356	1703	74504	1262728	16.76
2020-2022	66	0.02204	0.02180	0.5	73652	1605	72849	1188224	16.13
2020-2022	67	0.02502	0.02471	0.5	72047	1781	71156	1115375	15.48
2020-2022	68	0.02495	0.02465	0.5	70266	1732	69400	1044218	14.86
2020-2022	69	0.02780	0.02742	0.5	68534	1879	67595	974818	14.22
2020-2022	70	0.02991	0.02947	0.5	66655	1964	65673	907224	13.61
2020-2022	71	0.03201	0.03150	0.5	64691	2038	63672	841551	13.01
2020-2022	72	0.03198	0.03147	0.5	62653	1972	61667	777879	12.42
2020-2022	73	0.03668	0.03602	0.5	60681	2186	59588	716212	11.80
2020-2022	74	0.03880	0.03806	0.5	58495	2226	57382	656624	11.23
2020-2022	75	0.04277	0.04187	0.5	56269	2356	55091	599242	10.65
2020-2022	76	0.04605	0.04501	0.5	53913	2427	52700	544151	10.09
2020-2022	77	0.04991	0.04870	0.5	51486	2507	50233	491451	9.55
2020-2022	78	0.05478	0.05332	0.5	48979	2612	47673	441219	9.01
2020-2022	79	0.06090	0.05910	0.5	46367	2740	44997	393545	8.49
2020-2022	80	0.06470	0.06267	0.5	43627	2734	42260	348548	7.99
2020-2022	81	0.07232	0.06980	0.5	40893	2854	39466	306288	7.49
2020-2022	82	0.08076	0.07763	0.5	38039	2953	36562	266822	7.01
2020-2022	83	0.09009	0.08621	0.5	35086	3025	33574	230260	6.56
2020-2022	84	0.10038	0.09559	0.5	32061	3065	30529	196687	6.13
2020-2022	85	0.11171	0.10580	0.5	28997	3068	27463	166158	5.73
2020-2022	86	0.12413	0.11688	0.5	25929	3030	24414	138695	5.35
2020-2022	87	0.13772	0.12885	0.5	22898	2950	21423	114281	4.99
2020-2022	88	0.15254	0.14173	0.5	19948	2827	18534	92858	4.66
2020-2022	89	0.16865	0.15553	0.5	17121	2663	15789	74324	4.34
2020-2022	90	0.18608	0.17024	0.5	14458	2461	13227	58535	4.05
2020-2022	91	0.20486	0.18583	0.5	11997	2229	10882	45308	3.78
2020-2022	92	0.22502	0.20227	0.5	9767	1976	8779	34426	3.52
2020-2022	93	0.24655	0.21949	0.5	7792	1710	6937	25646	3.29
2020-2022	94	0.26942	0.23744	0.5	6081	1444	5359	18710	3.08
2020-2022	95	0.29359	0.25601	0.5	4637	1187	4044	13350	2.88
2020-2022	96	0.31898	0.27510	0.5	3450	949	2976	9306	2.70
2020-2022	97	0.34549	0.29460	0.5	2501	737	2133	6331	2.53
2020-2022	98	0.37300	0.31437	0.5	1764	555	1487	4198	2.38
2020-2022	99	0.40135	0.33427	0.5	1210	404	1007	2711	2.24
2020-2022	100	0.43038	0.35417	0.5	805	285	663	1704	2.12
2020-2022	101	0.45990	0.37392	0.5	520	194	423	1041	2.00
2020-2022	102	0.48970	0.39338	0.5	326	128	262	618	1.90
2020-2022	103	0.51957	0.41243	0.5	198	81	157	357	1.80
2020-2022	104	0.54931	0.43095	0.5	116	50	91	200	1.72
2020-2022	105	0.57869	0.44883	0.5	66	30	51	109	1.65
2020-2022	106	0.60753	0.46598	0.5	36	17	28	57	1.58
2020-2022	107	0.63564	0.48234	0.5	19	9	15	30	1.52
2020-2022	108	0.66285	0.49785	0.5	10	5	8	15	1.47
2020-2022	109	0.68903	0.51247	0.5	5	3	4	7	1.43
2020-2022	110+	0.71405	1.00000	1.4	2	2	3	3	1.40
