NY: NY, Lifetables (period 5x5), Females Last modified: February 4 2025, MPv5 (May07) 

Year     	Age	mx	qx	ax	lx	dx	Lx	Tx	ex
1941-1944	0	0.02983	0.02908	0.14	100000	2908	97489	6746834	67.47
1941-1944	1-4	0.00156	0.00623	1.67	97092	605	386959	6649345	68.48
1941-1944	5-9	0.00072	0.00360	2.25	96488	347	481483	6262386	64.90
1941-1944	10-14	0.00060	0.00300	2.62	96140	289	480015	5780903	60.13
1941-1944	15-19	0.00098	0.00487	2.68	95852	467	478178	5300888	55.30
1941-1944	20-24	0.00139	0.00691	2.6	95385	659	475346	4822711	50.56
1941-1944	25-29	0.00175	0.00872	2.58	94726	826	471633	4347364	45.89
1941-1944	30-34	0.00224	0.01112	2.6	93900	1045	466993	3875731	41.28
1941-1944	35-39	0.00310	0.01537	2.64	92855	1427	460902	3408738	36.71
1941-1944	40-44	0.00434	0.02147	2.63	91428	1963	452488	2947836	32.24
1941-1944	45-49	0.00675	0.03320	2.66	89465	2970	440366	2495348	27.89
1941-1944	50-54	0.01023	0.04995	2.64	86495	4320	422265	2054982	23.76
1941-1944	55-59	0.01552	0.07486	2.63	82174	6152	396276	1632718	19.87
1941-1944	60-64	0.02432	0.11499	2.64	76023	8742	359483	1236442	16.26
1941-1944	65-69	0.03804	0.17425	2.59	67281	11724	308171	876959	13.03
1941-1944	70-74	0.06010	0.26173	2.54	55557	14541	241968	568788	10.24
1941-1944	75-79	0.08907	0.36343	2.47	41016	14906	167357	326820	7.97
1941-1944	80-84	0.12929	0.48462	2.42	26110	12653	97871	159463	6.11
1941-1944	85-89	0.18872	0.62255	2.27	13456	8377	44390	61592	4.58
1941-1944	90-94	0.27489	0.76250	2.08	5079	3873	14089	17201	3.39
1941-1944	95-99	0.37458	0.86228	1.87	1206	1040	2777	3113	2.58
1941-1944	100-104	0.48771	0.92629	1.65	166	154	316	336	2.02
1941-1944	105-109	0.60265	0.96111	1.46	12	12	20	20	1.65
1941-1944	110+	0.69283	1.00000	1.44	0	0	1	1	1.44
1945-1949	0	0.02607	0.02549	0.13	100000	2549	97772	6943519	69.44
1945-1949	1-4	0.00117	0.00468	1.61	97451	456	388714	6845747	70.25
1945-1949	5-9	0.00054	0.00270	2.35	96995	262	484281	6457032	66.57
1945-1949	10-14	0.00047	0.00232	2.6	96733	225	483126	5972751	61.74
1945-1949	15-19	0.00073	0.00364	2.69	96508	351	481731	5489625	56.88
1945-1949	20-24	0.00109	0.00544	2.61	96157	523	479537	5007894	52.08
1945-1949	25-29	0.00137	0.00681	2.59	95634	651	476604	4528357	47.35
1945-1949	30-34	0.00179	0.00891	2.62	94983	847	472901	4051753	42.66
1945-1949	35-39	0.00257	0.01275	2.65	94137	1201	467862	3578852	38.02
1945-1949	40-44	0.00387	0.01917	2.66	92936	1781	460510	3110989	33.47
1945-1949	45-49	0.00571	0.02816	2.66	91155	2567	449772	2650480	29.08
1945-1949	50-54	0.00908	0.04446	2.64	88588	3938	433650	2200708	24.84
1945-1949	55-59	0.01351	0.06547	2.65	84650	5542	410239	1767058	20.87
1945-1949	60-64	0.02115	0.10068	2.62	79107	7964	376582	1356819	17.15
1945-1949	65-69	0.03367	0.15592	2.63	71143	11093	329427	980237	13.78
1945-1949	70-74	0.05395	0.23852	2.57	60050	14323	265480	650811	10.84
1945-1949	75-79	0.08266	0.34253	2.5	45727	15663	189480	385331	8.43
1945-1949	80-84	0.11789	0.45296	2.44	30064	13618	115507	195851	6.51
1945-1949	85-89	0.17534	0.59461	2.29	16446	9779	55773	80344	4.89
1945-1949	90-94	0.24856	0.72620	2.14	6667	4842	19479	24571	3.69
1945-1949	95-99	0.34370	0.83649	1.93	1825	1527	4443	5092	2.79
1945-1949	100-104	0.45126	0.90952	1.72	298	271	602	649	2.17
1945-1949	105-109	0.56392	0.95157	1.52	27	26	46	48	1.76
1945-1949	110+	0.65421	1.00000	1.53	1	1	2	2	1.53
1950-1954	0	0.02185	0.02144	0.11	100000	2144	98101	7143789	71.44
1950-1954	1-4	0.00102	0.00407	1.63	97856	398	390483	7045688	72.00
1950-1954	5-9	0.00044	0.00221	2.27	97458	215	486703	6655204	68.29
1950-1954	10-14	0.00033	0.00166	2.58	97243	161	485822	6168502	63.43
1950-1954	15-19	0.00052	0.00261	2.68	97081	253	484820	5682679	58.54
1950-1954	20-24	0.00074	0.00368	2.63	96828	356	483299	5197859	53.68
1950-1954	25-29	0.00102	0.00509	2.6	96472	491	481183	4714559	48.87
1950-1954	30-34	0.00134	0.00668	2.65	95981	641	478400	4233377	44.11
1950-1954	35-39	0.00206	0.01024	2.67	95340	977	474423	3754977	39.39
1950-1954	40-44	0.00317	0.01575	2.67	94363	1486	468350	3280554	34.77
1950-1954	45-49	0.00498	0.02462	2.68	92877	2286	459084	2812204	30.28
1950-1954	50-54	0.00767	0.03765	2.66	90591	3411	444959	2353120	25.98
1950-1954	55-59	0.01172	0.05703	2.64	87180	4972	424163	1908161	21.89
1950-1954	60-64	0.01830	0.08777	2.66	82208	7215	394175	1483997	18.05
1950-1954	65-69	0.02926	0.13682	2.63	74993	10261	350680	1089822	14.53
1950-1954	70-74	0.04807	0.21545	2.59	64732	13946	290108	739142	11.42
1950-1954	75-79	0.07473	0.31540	2.53	50786	16018	214345	449034	8.84
1950-1954	80-84	0.11125	0.43343	2.45	34768	15069	135458	234689	6.75
1950-1954	85-89	0.16631	0.57546	2.32	19699	11336	68159	99231	5.04
1950-1954	90-94	0.24608	0.72322	2.15	8363	6048	24578	31072	3.72
1950-1954	95-99	0.34106	0.83464	1.94	2315	1932	5665	6494	2.81
1950-1954	100-104	0.45284	0.91072	1.72	383	349	770	829	2.17
1950-1954	105-109	0.56999	0.95344	1.51	34	33	57	60	1.74
1950-1954	110+	0.66359	1.00000	1.51	2	2	2	2	1.51
1955-1959	0	0.02152	0.02111	0.11	100000	2111	98128	7239540	72.40
1955-1959	1-4	0.00083	0.00333	1.61	97889	326	390775	7141412	72.95
1955-1959	5-9	0.00038	0.00190	2.29	97562	185	487310	6750637	69.19
1955-1959	10-14	0.00031	0.00153	2.54	97377	149	486519	6263327	64.32
1955-1959	15-19	0.00048	0.00242	2.71	97228	235	485602	5776808	59.41
1955-1959	20-24	0.00068	0.00339	2.64	96993	329	484189	5291206	54.55
1955-1959	25-29	0.00090	0.00447	2.62	96664	432	482294	4807017	49.73
1955-1959	30-34	0.00121	0.00602	2.62	96232	580	479779	4324723	44.94
1955-1959	35-39	0.00183	0.00911	2.71	95652	871	476271	3844944	40.20
1955-1959	40-44	0.00292	0.01449	2.66	94781	1374	470694	3368674	35.54
1955-1959	45-49	0.00446	0.02206	2.66	93408	2061	462213	2897979	31.03
1955-1959	50-54	0.00688	0.03386	2.65	91347	3093	449472	2435767	26.67
1955-1959	55-59	0.01016	0.04963	2.67	88253	4380	431053	1986295	22.51
1955-1959	60-64	0.01629	0.07844	2.66	83874	6579	403987	1555242	18.54
1955-1959	65-69	0.02695	0.12670	2.64	77295	9793	363402	1151254	14.89
1955-1959	70-74	0.04402	0.19916	2.61	67502	13444	305367	787852	11.67
1955-1959	75-79	0.07201	0.30603	2.55	54058	16543	229732	482485	8.93
1955-1959	80-84	0.10977	0.42945	2.47	37515	16111	146764	252752	6.74
1955-1959	85-89	0.17092	0.58559	2.31	21404	12534	73335	105988	4.95
1955-1959	90-94	0.24770	0.72558	2.15	8870	6436	25984	32653	3.68
1955-1959	95-99	0.34989	0.84291	1.93	2434	2052	5864	6670	2.74
1955-1959	100-104	0.46630	0.91747	1.69	382	351	752	806	2.11
1955-1959	105-109	0.58701	0.95785	1.48	32	30	51	53	1.69
1955-1959	110+	0.68251	1.00000	1.47	1	1	2	2	1.47
1960-1964	0	0.02135	0.02096	0.11	100000	2096	98141	7299192	72.99
1960-1964	1-4	0.00080	0.00321	1.62	97904	314	390870	7201051	73.55
1960-1964	5-9	0.00037	0.00186	2.29	97590	181	487459	6810182	69.78
1960-1964	10-14	0.00028	0.00141	2.61	97409	137	486717	6322723	64.91
1960-1964	15-19	0.00046	0.00231	2.75	97272	224	485854	5836006	60.00
1960-1964	20-24	0.00067	0.00335	2.56	97047	325	484443	5350152	55.13
1960-1964	25-29	0.00088	0.00437	2.64	96722	423	482614	4865708	50.31
1960-1964	30-34	0.00128	0.00636	2.62	96299	612	480040	4383094	45.52
1960-1964	35-39	0.00184	0.00916	2.66	95687	877	476382	3903054	40.79
1960-1964	40-44	0.00285	0.01415	2.65	94810	1342	470901	3426672	36.14
1960-1964	45-49	0.00442	0.02187	2.65	93468	2044	462539	2955771	31.62
1960-1964	50-54	0.00670	0.03297	2.63	91424	3014	449966	2493232	27.27
1960-1964	55-59	0.00975	0.04765	2.63	88410	4213	432067	2043266	23.11
1960-1964	60-64	0.01514	0.07309	2.64	84197	6154	406485	1611199	19.14
1960-1964	65-69	0.02426	0.11469	2.62	78043	8951	368940	1204715	15.44
1960-1964	70-74	0.04038	0.18413	2.61	69092	12722	315010	835775	12.10
1960-1964	75-79	0.06462	0.27888	2.55	56370	15721	243297	520764	9.24
1960-1964	80-84	0.10693	0.42042	2.46	40649	17090	159821	277468	6.83
1960-1964	85-89	0.16797	0.57783	2.3	23559	13613	81047	117647	4.99
1960-1964	90-94	0.24797	0.72445	2.13	9946	7206	29058	36599	3.68
1960-1964	95-99	0.34813	0.84153	1.93	2741	2306	6625	7541	2.75
1960-1964	100-104	0.46568	0.91730	1.7	434	398	855	916	2.11
1960-1964	105-109	0.58771	0.95808	1.48	36	34	59	61	1.69
1960-1964	110+	0.68420	1.00000	1.46	2	2	2	2	1.46
1965-1969	0	0.01944	0.01911	0.11	100000	1911	98295	7355689	73.56
1965-1969	1-4	0.00071	0.00285	1.66	98089	280	391702	7257394	73.99
1965-1969	5-9	0.00032	0.00161	2.18	97809	158	488602	6865692	70.19
1965-1969	10-14	0.00027	0.00136	2.63	97651	132	487943	6377090	65.30
1965-1969	15-19	0.00049	0.00245	2.75	97519	239	487058	5889147	60.39
1965-1969	20-24	0.00069	0.00345	2.63	97280	336	485604	5402089	55.53
1965-1969	25-29	0.00087	0.00435	2.59	96944	422	483702	4916486	50.71
1965-1969	30-34	0.00129	0.00645	2.65	96522	623	481149	4432783	45.93
1965-1969	35-39	0.00194	0.00966	2.66	95900	926	477336	3951634	41.21
1965-1969	40-44	0.00291	0.01447	2.65	94974	1374	471636	3474299	36.58
1965-1969	45-49	0.00439	0.02175	2.67	93599	2036	463245	3002662	32.08
1965-1969	50-54	0.00662	0.03260	2.64	91564	2985	450769	2539417	27.73
1965-1969	55-59	0.00956	0.04674	2.64	88579	4141	433128	2088648	23.58
1965-1969	60-64	0.01425	0.06894	2.63	84438	5821	408368	1655520	19.61
1965-1969	65-69	0.02279	0.10809	2.62	78617	8498	372877	1247152	15.86
1965-1969	70-74	0.03735	0.17153	2.63	70119	12028	322031	874275	12.47
1965-1969	75-79	0.06125	0.26635	2.56	58091	15473	252629	552244	9.51
1965-1969	80-84	0.10234	0.40650	2.47	42619	17325	169290	299614	7.03
1965-1969	85-89	0.16113	0.56339	2.33	25294	14250	88439	130324	5.15
1965-1969	90-94	0.23892	0.71079	2.15	11044	7850	32855	41885	3.79
1965-1969	95-99	0.33761	0.83213	1.95	3194	2658	7872	9030	2.83
1965-1969	100-104	0.45429	0.91192	1.72	536	489	1076	1158	2.16
1965-1969	105-109	0.57670	0.95544	1.5	47	45	78	81	1.72
1965-1969	110+	0.67413	1.00000	1.48	2	2	3	3	1.48
1970-1974	0	0.01572	0.01550	0.1	100000	1550	98600	7474779	74.75
1970-1974	1-4	0.00061	0.00243	1.66	98450	240	393237	7376179	74.92
1970-1974	5-9	0.00031	0.00157	2.25	98210	154	490626	6982942	71.10
1970-1974	10-14	0.00026	0.00130	2.72	98056	127	489990	6492316	66.21
1970-1974	15-19	0.00055	0.00277	2.78	97929	271	489041	6002326	61.29
1970-1974	20-24	0.00073	0.00364	2.51	97658	355	487404	5513285	56.46
1970-1974	25-29	0.00088	0.00441	2.58	97302	429	485473	5025881	51.65
1970-1974	30-34	0.00119	0.00595	2.63	96873	576	483000	4540407	46.87
1970-1974	35-39	0.00176	0.00878	2.65	96297	845	479501	4057407	42.13
1970-1974	40-44	0.00271	0.01347	2.67	95451	1286	474261	3577907	37.48
1970-1974	45-49	0.00417	0.02067	2.65	94166	1946	466263	3103645	32.96
1970-1974	50-54	0.00603	0.02971	2.65	92219	2740	454669	2637383	28.60
1970-1974	55-59	0.00895	0.04381	2.63	89479	3920	438121	2182714	24.39
1970-1974	60-64	0.01337	0.06477	2.59	85559	5542	414456	1744593	20.39
1970-1974	65-69	0.02046	0.09752	2.61	80018	7803	381414	1330137	16.62
1970-1974	70-74	0.03377	0.15638	2.64	72214	11293	334438	948723	13.14
1970-1974	75-79	0.05556	0.24490	2.58	60921	14920	268556	614284	10.08
1970-1974	80-84	0.09204	0.37424	2.5	46002	17216	187051	345728	7.52
1970-1974	85-89	0.14624	0.52768	2.36	28786	15190	103871	158677	5.51
1970-1974	90-94	0.22155	0.68439	2.21	13596	9305	41999	54806	4.03
1970-1974	95-99	0.31715	0.81242	2	4291	3486	10992	12808	2.98
1970-1974	100-104	0.43325	0.90120	1.76	805	725	1674	1816	2.26
1970-1974	105-109	0.55755	0.95053	1.53	80	76	136	142	1.78
1970-1974	110+	0.65762	1.00000	1.52	4	4	6	6	1.52
1975-1979	0	0.01339	0.01323	0.09	100000	1323	98797	7657458	76.57
1975-1979	1-4	0.00053	0.00211	1.65	98677	208	394218	7558661	76.60
1975-1979	5-9	0.00025	0.00127	2.26	98469	125	492001	7164443	72.76
1975-1979	10-14	0.00022	0.00109	2.7	98344	107	491472	6672442	67.85
1975-1979	15-19	0.00044	0.00222	2.74	98236	218	490689	6180970	62.92
1975-1979	20-24	0.00060	0.00300	2.56	98018	294	489372	5690281	58.05
1975-1979	25-29	0.00073	0.00366	2.54	97724	357	487741	5200909	53.22
1975-1979	30-34	0.00091	0.00453	2.62	97367	441	485783	4713168	48.41
1975-1979	35-39	0.00138	0.00689	2.65	96926	667	483061	4227385	43.61
1975-1979	40-44	0.00225	0.01121	2.69	96258	1079	478802	3744324	38.90
1975-1979	45-49	0.00357	0.01771	2.66	95179	1685	471946	3265522	34.31
1975-1979	50-54	0.00534	0.02635	2.65	93494	2464	461678	2793576	29.88
1975-1979	55-59	0.00809	0.03969	2.65	91030	3613	446653	2331898	25.62
1975-1979	60-64	0.01235	0.06000	2.65	87417	5245	424733	1885245	21.57
1975-1979	65-69	0.01809	0.08673	2.62	82172	7127	393894	1460512	17.77
1975-1979	70-74	0.02830	0.13258	2.62	75045	9950	351548	1066618	14.21
1975-1979	75-79	0.04642	0.20871	2.59	65095	13586	292683	715070	10.99
1975-1979	80-84	0.08034	0.33532	2.54	51509	17272	214987	422386	8.20
1975-1979	85-89	0.12785	0.47979	2.4	34237	16426	128484	207399	6.06
1975-1979	90-94	0.19658	0.63793	2.25	17810	11362	57797	78915	4.43
1975-1979	95-99	0.28477	0.77599	2.07	6449	5004	17572	21117	3.27
1975-1979	100-104	0.39533	0.87801	1.83	1445	1268	3208	3545	2.45
1975-1979	105-109	0.51782	0.93822	1.6	176	165	319	337	1.91
1975-1979	110+	0.61861	1.00000	1.62	11	11	18	18	1.62
1980-1984	0	0.01087	0.01077	0.08	100000	1077	99013	7727113	77.27
1980-1984	1-4	0.00047	0.00187	1.61	98923	185	395251	7628100	77.11
1980-1984	5-9	0.00021	0.00103	2.28	98738	102	493415	7232849	73.25
1980-1984	10-14	0.00021	0.00106	2.68	98637	105	492940	6739434	68.33
1980-1984	15-19	0.00040	0.00197	2.74	98532	195	492219	6246494	63.40
1980-1984	20-24	0.00054	0.00271	2.57	98337	266	491040	5754275	58.52
1980-1984	25-29	0.00070	0.00350	2.57	98071	343	489521	5263235	53.67
1980-1984	30-34	0.00089	0.00446	2.63	97728	436	487605	4773714	48.85
1980-1984	35-39	0.00126	0.00630	2.68	97292	613	485036	4286109	44.05
1980-1984	40-44	0.00200	0.00995	2.66	96679	962	481144	3801073	39.32
1980-1984	45-49	0.00322	0.01596	2.66	95717	1527	475014	3319930	34.68
1980-1984	50-54	0.00514	0.02539	2.63	94190	2391	465294	2844916	30.20
1980-1984	55-59	0.00778	0.03819	2.65	91799	3506	450759	2379622	25.92
1980-1984	60-64	0.01199	0.05829	2.66	88293	5147	429411	1928863	21.85
1980-1984	65-69	0.01798	0.08617	2.61	83146	7165	398601	1499452	18.03
1980-1984	70-74	0.02775	0.13014	2.62	75981	9888	356332	1100850	14.49
1980-1984	75-79	0.04292	0.19443	2.58	66092	12851	299401	744519	11.26
1980-1984	80-84	0.07732	0.32486	2.54	53242	17296	223695	445118	8.36
1980-1984	85-89	0.12409	0.47010	2.42	35946	16898	136175	221423	6.16
1980-1984	90-94	0.19368	0.63367	2.27	19048	12070	62320	85248	4.48
1980-1984	95-99	0.28328	0.77453	2.07	6978	5405	19078	22928	3.29
1980-1984	100-104	0.39634	0.87900	1.83	1573	1383	3489	3851	2.45
1980-1984	105-109	0.52177	0.93977	1.6	190	179	343	361	1.90
1980-1984	110+	0.62489	1.00000	1.6	11	11	18	18	1.60
1985-1989	0	0.01017	0.01007	0.08	100000	1007	99075	7762000	77.62
1985-1989	1-4	0.00043	0.00173	1.61	98993	171	395564	7662926	77.41
1985-1989	5-9	0.00020	0.00101	2.35	98822	100	493846	7267362	73.54
1985-1989	10-14	0.00020	0.00098	2.72	98722	97	493391	6773516	68.61
1985-1989	15-19	0.00038	0.00191	2.73	98625	188	492699	6280125	63.68
1985-1989	20-24	0.00053	0.00265	2.62	98437	260	491565	5787427	58.79
1985-1989	25-29	0.00078	0.00388	2.64	98177	381	489985	5295862	53.94
1985-1989	30-34	0.00118	0.00587	2.6	97796	574	487605	4805877	49.14
1985-1989	35-39	0.00150	0.00748	2.57	97222	727	484343	4318272	44.42
1985-1989	40-44	0.00195	0.00969	2.64	96495	935	480265	3833928	39.73
1985-1989	45-49	0.00302	0.01499	2.63	95560	1433	474411	3353664	35.09
1985-1989	50-54	0.00491	0.02425	2.66	94128	2283	465295	2879253	30.59
1985-1989	55-59	0.00732	0.03600	2.66	91845	3307	451485	2413957	26.28
1985-1989	60-64	0.01146	0.05580	2.64	88538	4941	431019	1962472	22.17
1985-1989	65-69	0.01742	0.08365	2.62	83598	6993	401363	1531453	18.32
1985-1989	70-74	0.02685	0.12614	2.61	76604	9663	359910	1130090	14.75
1985-1989	75-79	0.04122	0.18742	2.58	66942	12546	304406	770179	11.51
1985-1989	80-84	0.07293	0.30965	2.56	54396	16844	230943	465773	8.56
1985-1989	85-89	0.12027	0.46056	2.46	37552	17295	143803	234830	6.25
1985-1989	90-94	0.19076	0.62950	2.3	20257	12752	66849	91027	4.49
1985-1989	95-99	0.28913	0.78258	2.07	7505	5873	20315	24177	3.22
1985-1989	100-104	0.41062	0.88903	1.81	1632	1451	3533	3863	2.37
1985-1989	105-109	0.54437	0.94740	1.56	181	172	315	330	1.82
1985-1989	110+	0.65313	1.00000	1.53	10	10	15	15	1.53
1990-1994	0	0.00840	0.00834	0.08	100000	834	99230	7845891	78.46
1990-1994	1-4	0.00039	0.00157	1.58	99166	155	396289	7746661	78.12
1990-1994	5-9	0.00018	0.00092	2.34	99011	91	494812	7350372	74.24
1990-1994	10-14	0.00017	0.00087	2.79	98920	86	494408	6855561	69.30
1990-1994	15-19	0.00035	0.00176	2.68	98833	173	493765	6361153	64.36
1990-1994	20-24	0.00050	0.00250	2.62	98660	246	492714	5867388	59.47
1990-1994	25-29	0.00076	0.00380	2.66	98414	374	491193	5374674	54.61
1990-1994	30-34	0.00116	0.00580	2.68	98040	569	488877	4883481	49.81
1990-1994	35-39	0.00166	0.00826	2.6	97471	805	485422	4394604	45.09
1990-1994	40-44	0.00209	0.01042	2.56	96666	1007	480875	3909182	40.44
1990-1994	45-49	0.00294	0.01459	2.67	95659	1396	475039	3428307	35.84
1990-1994	50-54	0.00435	0.02153	2.64	94263	2029	466530	2953268	31.33
1990-1994	55-59	0.00687	0.03383	2.68	92233	3120	453941	2486739	26.96
1990-1994	60-64	0.01049	0.05117	2.63	89113	4560	434769	2032798	22.81
1990-1994	65-69	0.01621	0.07801	2.62	84553	6596	407056	1598028	18.90
1990-1994	70-74	0.02501	0.11803	2.62	77957	9201	367874	1190973	15.28
1990-1994	75-79	0.03832	0.17547	2.6	68755	12065	314811	823098	11.97
1990-1994	80-84	0.06669	0.28680	2.56	56691	16259	243813	508287	8.97
1990-1994	85-89	0.11085	0.43355	2.49	40432	17529	158128	264474	6.54
1990-1994	90-94	0.18277	0.61349	2.32	22903	14051	76877	106346	4.64
1990-1994	95-99	0.27768	0.76887	2.1	8852	6806	24511	29469	3.33
1990-1994	100-104	0.40004	0.88262	1.83	2046	1806	4514	4958	2.42
1990-1994	105-109	0.53647	0.94523	1.57	240	227	423	443	1.85
1990-1994	110+	0.64809	1.00000	1.54	13	13	20	20	1.54
1995-1999	0	0.00663	0.00659	0.07	100000	659	99388	7944044	79.44
1995-1999	1-4	0.00029	0.00117	1.67	99341	116	397095	7844656	78.97
1995-1999	5-9	0.00015	0.00073	2.48	99225	72	495944	7447561	75.06
1995-1999	10-14	0.00014	0.00071	2.71	99153	71	495604	6951616	70.11
1995-1999	15-19	0.00030	0.00152	2.79	99083	151	495079	6456012	65.16
1995-1999	20-24	0.00039	0.00193	2.6	98932	191	494200	5960934	60.25
1995-1999	25-29	0.00053	0.00265	2.64	98740	262	493084	5466734	55.36
1995-1999	30-34	0.00086	0.00431	2.65	98478	424	491394	4973650	50.51
1995-1999	35-39	0.00130	0.00647	2.67	98054	634	488792	4482256	45.71
1995-1999	40-44	0.00191	0.00950	2.64	97420	925	484913	3993464	40.99
1995-1999	45-49	0.00264	0.01309	2.66	96495	1264	479519	3508551	36.36
1995-1999	50-54	0.00392	0.01945	2.67	95231	1852	471836	3029032	31.81
1995-1999	55-59	0.00613	0.03019	2.65	93379	2820	460277	2557196	27.39
1995-1999	60-64	0.00961	0.04701	2.67	90560	4258	442868	2096920	23.16
1995-1999	65-69	0.01527	0.07368	2.64	86302	6359	416513	1654052	19.17
1995-1999	70-74	0.02360	0.11173	2.62	79944	8932	378496	1237539	15.48
1995-1999	75-79	0.03669	0.16874	2.62	71012	11982	326586	859043	12.10
1995-1999	80-84	0.06541	0.28216	2.57	59029	16656	254618	532457	9.02
1995-1999	85-89	0.10962	0.42981	2.49	42373	18212	166143	277838	6.56
1995-1999	90-94	0.18263	0.61501	2.35	24161	14859	81364	111695	4.62
1995-1999	95-99	0.28412	0.77750	2.09	9302	7232	25455	30331	3.26
1995-1999	100-104	0.41229	0.89087	1.81	2070	1844	4472	4876	2.36
1995-1999	105-109	0.55394	0.95061	1.55	226	215	388	404	1.79
1995-1999	110+	0.66857	1.00000	1.5	11	11	17	17	1.50
2000-2004	0	0.00561	0.00558	0.07	100000	558	99480	8041429	80.41
2000-2004	1-4	0.00022	0.00088	1.62	99442	88	397560	7941949	79.87
2000-2004	5-9	0.00011	0.00055	2.51	99354	55	496636	7544389	75.93
2000-2004	10-14	0.00012	0.00062	2.63	99300	61	496352	7047754	70.97
2000-2004	15-19	0.00027	0.00136	2.76	99238	135	495888	6551401	66.02
2000-2004	20-24	0.00037	0.00184	2.58	99103	183	495074	6055513	61.10
2000-2004	25-29	0.00045	0.00225	2.58	98921	222	494065	5560439	56.21
2000-2004	30-34	0.00066	0.00328	2.65	98699	323	492733	5066374	51.33
2000-2004	35-39	0.00106	0.00531	2.71	98375	522	490681	4573642	46.49
2000-2004	40-44	0.00162	0.00805	2.66	97853	788	487422	4082961	41.73
2000-2004	45-49	0.00249	0.01236	2.67	97066	1200	482527	3595539	37.04
2000-2004	50-54	0.00360	0.01787	2.65	95866	1713	475310	3113012	32.47
2000-2004	55-59	0.00554	0.02733	2.66	94153	2573	464736	2637702	28.02
2000-2004	60-64	0.00868	0.04254	2.65	91580	3896	448731	2172966	23.73
2000-2004	65-69	0.01352	0.06551	2.65	87684	5744	424916	1724235	19.66
2000-2004	70-74	0.02097	0.09992	2.64	81940	8188	390409	1299319	15.86
2000-2004	75-79	0.03362	0.15564	2.62	73752	11479	341453	908911	12.32
2000-2004	80-84	0.06293	0.27322	2.59	62273	17014	270343	567458	9.11
2000-2004	85-89	0.10821	0.42576	2.5	45259	19270	178073	297115	6.56
2000-2004	90-94	0.18364	0.61671	2.34	25989	16028	87277	119041	4.58
2000-2004	95-99	0.29120	0.78678	2.08	9962	7838	26915	31764	3.19
2000-2004	100-104	0.42652	0.89982	1.79	2124	1911	4481	4849	2.28
2000-2004	105-109	0.57441	0.95629	1.51	213	203	354	368	1.73
2000-2004	110+	0.69234	1.00000	1.44	9	9	13	13	1.44
2005-2009	0	0.00521	0.00518	0.07	100000	518	99517	8163145	81.63
2005-2009	1-4	0.00021	0.00082	1.72	99482	82	397739	8063628	81.06
2005-2009	5-9	0.00010	0.00051	2.49	99400	50	496871	7665889	77.12
2005-2009	10-14	0.00011	0.00054	2.57	99349	54	496615	7169018	72.16
2005-2009	15-19	0.00024	0.00119	2.85	99296	118	496225	6672403	67.20
2005-2009	20-24	0.00034	0.00167	2.53	99178	166	495479	6176178	62.27
2005-2009	25-29	0.00039	0.00194	2.63	99012	193	494602	5680699	57.37
2005-2009	30-34	0.00053	0.00265	2.66	98819	262	493481	5186097	52.48
2005-2009	35-39	0.00086	0.00429	2.7	98557	423	491811	4692616	47.61
2005-2009	40-44	0.00142	0.00706	2.7	98134	693	489077	4200805	42.81
2005-2009	45-49	0.00220	0.01094	2.67	97441	1066	484724	3711728	38.09
2005-2009	50-54	0.00330	0.01639	2.65	96375	1579	478168	3227003	33.48
2005-2009	55-59	0.00484	0.02391	2.63	94795	2267	468597	2748835	29.00
2005-2009	60-64	0.00757	0.03719	2.66	92529	3441	454602	2280238	24.64
2005-2009	65-69	0.01175	0.05718	2.67	89088	5094	433588	1825636	20.49
2005-2009	70-74	0.01872	0.08965	2.65	83994	7530	402257	1392048	16.57
2005-2009	75-79	0.03020	0.14094	2.64	76464	10777	356866	989791	12.94
2005-2009	80-84	0.05503	0.24322	2.62	65687	15977	290338	632925	9.64
2005-2009	85-89	0.09936	0.39913	2.54	49710	19841	199678	342587	6.89
2005-2009	90-94	0.17211	0.59222	2.37	29869	17689	102776	142909	4.78
2005-2009	95-99	0.27933	0.77305	2.11	12180	9416	33708	40133	3.29
2005-2009	100-104	0.41796	0.89549	1.81	2764	2475	5923	6424	2.32
2005-2009	105-109	0.57143	0.95588	1.52	289	276	483	502	1.74
2005-2009	110+	0.69416	1.00000	1.44	13	13	18	18	1.44
2010-2014	0	0.00457	0.00455	0.07	100000	455	99575	8256670	82.57
2010-2014	1-4	0.00019	0.00074	1.56	99545	74	397999	8157095	81.94
2010-2014	5-9	0.00009	0.00044	2.42	99471	43	497242	7759096	78.00
2010-2014	10-14	0.00010	0.00050	2.77	99428	49	497027	7261854	73.04
2010-2014	15-19	0.00020	0.00098	2.82	99378	98	496677	6764826	68.07
2010-2014	20-24	0.00034	0.00170	2.57	99280	168	495994	6268149	63.14
2010-2014	25-29	0.00039	0.00194	2.63	99112	193	495103	5772156	58.24
2010-2014	30-34	0.00052	0.00261	2.62	98919	258	493983	5277052	53.35
2010-2014	35-39	0.00075	0.00375	2.63	98661	370	492429	4783069	48.48
2010-2014	40-44	0.00121	0.00602	2.76	98291	592	490132	4290640	43.65
2010-2014	45-49	0.00197	0.00981	2.68	97699	958	486274	3800507	38.90
2010-2014	50-54	0.00307	0.01524	2.64	96741	1474	480233	3314234	34.26
2010-2014	55-59	0.00456	0.02257	2.65	95267	2150	471286	2834001	29.75
2010-2014	60-64	0.00678	0.03338	2.66	93117	3108	458301	2362715	25.37
2010-2014	65-69	0.01063	0.05185	2.65	90009	4667	439094	1904414	21.16
2010-2014	70-74	0.01680	0.08080	2.64	85342	6896	410413	1465320	17.17
2010-2014	75-79	0.02749	0.12914	2.65	78446	10131	368464	1054907	13.45
2010-2014	80-84	0.05064	0.22607	2.63	68316	15444	304957	686442	10.05
2010-2014	85-89	0.09074	0.37128	2.55	52871	19630	216324	381485	7.22
2010-2014	90-94	0.16326	0.57283	2.4	33241	19042	116637	165162	4.97
2010-2014	95-99	0.26688	0.75715	2.14	14199	10751	40284	48525	3.42
2010-2014	100-104	0.40514	0.88794	1.84	3448	3062	7557	8241	2.39
2010-2014	105-109	0.56069	0.95328	1.54	386	368	657	683	1.77
2010-2014	110+	0.68623	1.00000	1.46	18	18	26	26	1.46
2015-2019	0	0.00400	0.00399	0.06	100000	399	99627	8306612	83.07
2015-2019	1-4	0.00017	0.00067	1.66	99601	67	398247	8206985	82.40
2015-2019	5-9	0.00009	0.00046	2.36	99534	46	497548	7808738	78.45
2015-2019	10-14	0.00010	0.00050	2.66	99488	50	497323	7311190	73.49
2015-2019	15-19	0.00018	0.00091	2.85	99438	91	496995	6813867	68.52
2015-2019	20-24	0.00036	0.00179	2.56	99347	178	496302	6316873	63.58
2015-2019	25-29	0.00048	0.00241	2.65	99169	239	495284	5820571	58.69
2015-2019	30-34	0.00064	0.00319	2.62	98930	315	493901	5325287	53.83
2015-2019	35-39	0.00088	0.00439	2.63	98615	433	492048	4831386	48.99
2015-2019	40-44	0.00119	0.00595	2.6	98181	584	489507	4339338	44.20
2015-2019	45-49	0.00187	0.00932	2.66	97598	909	485859	3849831	39.45
2015-2019	50-54	0.00298	0.01479	2.66	96688	1430	480092	3363973	34.79
2015-2019	55-59	0.00442	0.02187	2.65	95258	2083	471402	2883881	30.27
2015-2019	60-64	0.00656	0.03230	2.65	93175	3010	458803	2412479	25.89
2015-2019	65-69	0.00988	0.04826	2.66	90165	4352	440641	1953676	21.67
2015-2019	70-74	0.01591	0.07671	2.66	85813	6582	413696	1513036	17.63
2015-2019	75-79	0.02562	0.12079	2.64	79231	9570	373567	1099340	13.88
2015-2019	80-84	0.04668	0.21025	2.64	69661	14646	313760	725773	10.42
2015-2019	85-89	0.08502	0.35250	2.58	55015	19393	228108	412013	7.49
2015-2019	90-94	0.15422	0.55123	2.41	35622	19636	127322	183905	5.16
2015-2019	95-99	0.25533	0.74133	2.17	15986	11851	46414	56583	3.54
2015-2019	100-104	0.39239	0.87978	1.87	4135	3638	9271	10168	2.46
2015-2019	105-109	0.54901	0.95022	1.56	497	472	860	897	1.80
2015-2019	110+	0.67669	1.00000	1.48	25	25	37	37	1.48
2020-2022	0	0.00371	0.00370	0.06	100000	370	99653	8199275	81.99
2020-2022	1-4	0.00014	0.00057	1.77	99630	56	398394	8099622	81.30
2020-2022	5-9	0.00010	0.00050	2.32	99574	50	497733	7701228	77.34
2020-2022	10-14	0.00010	0.00049	2.76	99523	49	497507	7203495	72.38
2020-2022	15-19	0.00020	0.00099	2.79	99474	99	497153	6705989	67.41
2020-2022	20-24	0.00038	0.00189	2.58	99375	188	496422	6208836	62.48
2020-2022	25-29	0.00058	0.00289	2.63	99188	287	495257	5712413	57.59
2020-2022	30-34	0.00084	0.00421	2.63	98901	417	493514	5217156	52.75
2020-2022	35-39	0.00116	0.00581	2.62	98484	572	491060	4723642	47.96
2020-2022	40-44	0.00156	0.00775	2.58	97912	759	487723	4232582	43.23
2020-2022	45-49	0.00218	0.01085	2.65	97153	1054	483286	3744859	38.55
2020-2022	50-54	0.00332	0.01646	2.66	96099	1582	476789	3261573	33.94
2020-2022	55-59	0.00514	0.02538	2.64	94517	2399	466927	2784785	29.46
2020-2022	60-64	0.00763	0.03748	2.64	92118	3453	452445	2317858	25.16
2020-2022	65-69	0.01128	0.05493	2.64	88665	4870	431810	1865413	21.04
2020-2022	70-74	0.01737	0.08348	2.67	83795	6995	402683	1433603	17.11
2020-2022	75-79	0.02906	0.13604	2.66	76800	10448	359539	1030920	13.42
2020-2022	80-84	0.04939	0.22115	2.64	66353	14674	297112	671381	10.12
2020-2022	85-89	0.09017	0.36946	2.56	51679	19093	211747	374269	7.24
2020-2022	90-94	0.16164	0.56847	2.39	32586	18524	114600	162522	4.99
2020-2022	95-99	0.26757	0.75833	2.14	14062	10663	39852	47922	3.41
2020-2022	100-104	0.40792	0.88989	1.83	3398	3024	7413	8069	2.37
2020-2022	105-109	0.56555	0.95465	1.53	374	357	632	656	1.75
2020-2022	110+	0.69228	1.00000	1.44	17	17	25	25	1.44
