AL: AL, Lifetables (period 5x10), Females Last modified: February 4 2025, MPv5 (May07) 

Year     	Age	mx	qx	ax	lx	dx	Lx	Tx	ex
1941-1949	0	0.04047	0.03915	0.17	100000	3915	96736	6632288	66.32
1941-1949	1-4	0.00234	0.00931	1.49	96085	894	382096	6535552	68.02
1941-1949	5-9	0.00082	0.00411	2.28	95190	391	474887	6153456	64.64
1941-1949	10-14	0.00079	0.00392	2.73	94799	372	473152	5678568	59.90
1941-1949	15-19	0.00160	0.00797	2.73	94427	753	470430	5205416	55.13
1941-1949	20-24	0.00240	0.01193	2.59	93674	1118	465683	4734986	50.55
1941-1949	25-29	0.00282	0.01398	2.56	92557	1294	459620	4269303	46.13
1941-1949	30-34	0.00350	0.01736	2.6	91262	1585	452513	3809683	41.74
1941-1949	35-39	0.00477	0.02359	2.61	89678	2115	443324	3357170	37.44
1941-1949	40-44	0.00601	0.02964	2.58	87562	2595	431545	2913845	33.28
1941-1949	45-49	0.00824	0.04041	2.64	84967	3434	416747	2482300	29.21
1941-1949	50-54	0.01227	0.05957	2.58	81534	4857	395937	2065553	25.33
1941-1949	55-59	0.01519	0.07325	2.56	76677	5616	369664	1669616	21.77
1941-1949	60-64	0.02001	0.09542	2.59	71060	6781	338938	1299952	18.29
1941-1949	65-69	0.03005	0.14014	2.6	64280	9008	299807	961014	14.95
1941-1949	70-74	0.04365	0.19721	2.56	55272	10900	249722	661206	11.96
1941-1949	75-79	0.06790	0.29120	2.56	44372	12921	190304	411484	9.27
1941-1949	80-84	0.11380	0.44090	2.45	31451	13867	121856	221181	7.03
1941-1949	85-89	0.15374	0.54154	2.27	17584	9522	61939	99325	5.65
1941-1949	90-94	0.19486	0.63091	2.21	8062	5086	26101	37386	4.64
1941-1949	95-99	0.24674	0.71888	2.1	2975	2139	8669	11285	3.79
1941-1949	100-104	0.30697	0.79572	1.97	836	666	2168	2616	3.13
1941-1949	105-109	0.37447	0.85769	1.84	171	147	391	448	2.62
1941-1949	110+	0.42959	1.00000	2.33	24	24	57	57	2.33
1950-1959	0	0.03107	0.03026	0.14	100000	3026	97397	7051303	70.51
1950-1959	1-4	0.00149	0.00595	1.54	96974	577	386476	6953905	71.71
1950-1959	5-9	0.00056	0.00281	2.23	96396	271	481230	6567429	68.13
1950-1959	10-14	0.00046	0.00230	2.67	96125	221	480111	6086199	63.32
1950-1959	15-19	0.00085	0.00426	2.72	95904	408	478589	5606088	58.46
1950-1959	20-24	0.00122	0.00608	2.56	95496	581	476058	5127498	53.69
1950-1959	25-29	0.00144	0.00718	2.6	94915	682	472939	4651440	49.01
1950-1959	30-34	0.00210	0.01045	2.67	94233	985	468866	4178501	44.34
1950-1959	35-39	0.00295	0.01466	2.62	93248	1367	462994	3709635	39.78
1950-1959	40-44	0.00414	0.02051	2.61	91881	1884	454897	3246642	35.34
1950-1959	45-49	0.00583	0.02877	2.67	89997	2589	443955	2791745	31.02
1950-1959	50-54	0.00903	0.04421	2.63	87408	3865	427886	2347790	26.86
1950-1959	55-59	0.01233	0.05988	2.63	83543	5002	405851	1919905	22.98
1950-1959	60-64	0.01761	0.08453	2.64	78541	6639	377056	1514053	19.28
1950-1959	65-69	0.02727	0.12790	2.58	71902	9196	337285	1136997	15.81
1950-1959	70-74	0.03849	0.17607	2.58	62705	11040	286816	799712	12.75
1950-1959	75-79	0.05973	0.26082	2.57	51665	13475	225594	512896	9.93
1950-1959	80-84	0.09920	0.39705	2.49	38190	15163	152853	287303	7.52
1950-1959	85-89	0.14170	0.51498	2.35	23027	11858	83688	134450	5.84
1950-1959	90-94	0.19534	0.63385	2.23	11168	7079	36239	50762	4.55
1950-1959	95-99	0.26267	0.74392	2.09	4089	3042	11581	14523	3.55
1950-1959	100-104	0.34295	0.83376	1.92	1047	873	2546	2942	2.81
1950-1959	105-109	0.43318	0.89832	1.74	174	156	361	396	2.27
1950-1959	110+	0.50817	1.00000	1.97	18	18	35	35	1.97
1960-1969	0	0.02680	0.02618	0.13	100000	2618	97717	7232071	72.32
1960-1969	1-4	0.00127	0.00505	1.53	97382	492	388311	7134354	73.26
1960-1969	5-9	0.00048	0.00242	2.31	96890	234	483817	6746044	69.63
1960-1969	10-14	0.00040	0.00200	2.59	96655	193	482811	6262227	64.79
1960-1969	15-19	0.00071	0.00356	2.71	96462	343	481525	5779416	59.91
1960-1969	20-24	0.00093	0.00462	2.58	96119	444	479517	5297890	55.12
1960-1969	25-29	0.00121	0.00605	2.58	95675	579	476973	4818373	50.36
1960-1969	30-34	0.00168	0.00838	2.61	95096	797	473576	4341400	45.65
1960-1969	35-39	0.00244	0.01215	2.68	94300	1145	468843	3867824	41.02
1960-1969	40-44	0.00366	0.01816	2.63	93154	1691	461756	3398981	36.49
1960-1969	45-49	0.00502	0.02480	2.65	91463	2268	451987	2937225	32.11
1960-1969	50-54	0.00723	0.03551	2.62	89195	3168	438422	2485238	27.86
1960-1969	55-59	0.01002	0.04892	2.61	86027	4208	420068	2046816	23.79
1960-1969	60-64	0.01534	0.07398	2.62	81819	6053	394719	1626749	19.88
1960-1969	65-69	0.02394	0.11305	2.55	75766	8565	357817	1232029	16.26
1960-1969	70-74	0.03604	0.16580	2.59	67201	11142	309146	874212	13.01
1960-1969	75-79	0.05767	0.25271	2.56	56059	14167	245672	565066	10.08
1960-1969	80-84	0.09435	0.38170	2.5	41892	15990	169473	319393	7.62
1960-1969	85-89	0.14123	0.51448	2.36	25902	13326	94355	149920	5.79
1960-1969	90-94	0.20054	0.64469	2.23	12576	8107	40428	55565	4.42
1960-1969	95-99	0.27618	0.76286	2.07	4468	3409	12342	15137	3.39
1960-1969	100-104	0.36680	0.85495	1.88	1060	906	2470	2794	2.64
1960-1969	105-109	0.46785	0.91670	1.68	154	141	301	324	2.11
1960-1969	110+	0.55173	1.00000	1.81	13	13	23	23	1.81
1970-1979	0	0.01821	0.01792	0.1	100000	1792	98394	7510328	75.10
1970-1979	1-4	0.00080	0.00319	1.61	98208	314	392083	7411934	75.47
1970-1979	5-9	0.00036	0.00182	2.26	97894	178	488984	7019851	71.71
1970-1979	10-14	0.00031	0.00153	2.66	97716	150	488232	6530866	66.83
1970-1979	15-19	0.00064	0.00318	2.75	97567	310	487136	6042634	61.93
1970-1979	20-24	0.00077	0.00384	2.6	97257	374	485386	5555498	57.12
1970-1979	25-29	0.00091	0.00455	2.62	96883	441	483364	5070112	52.33
1970-1979	30-34	0.00123	0.00614	2.6	96442	593	480788	4586747	47.56
1970-1979	35-39	0.00192	0.00957	2.66	95849	917	477100	4105959	42.84
1970-1979	40-44	0.00284	0.01413	2.66	94932	1341	471518	3628859	38.23
1970-1979	45-49	0.00444	0.02197	2.64	93591	2056	463108	3157341	33.74
1970-1979	50-54	0.00633	0.03120	2.62	91535	2856	450869	2694233	29.43
1970-1979	55-59	0.00858	0.04207	2.63	88680	3731	434559	2243363	25.30
1970-1979	60-64	0.01283	0.06227	2.63	84949	5290	412229	1808805	21.29
1970-1979	65-69	0.01876	0.08977	2.61	79659	7151	381230	1396575	17.53
1970-1979	70-74	0.03093	0.14407	2.62	72508	10446	337688	1015345	14.00
1970-1979	75-79	0.04867	0.21763	2.57	62062	13507	277520	677657	10.92
1970-1979	80-84	0.08187	0.34106	2.55	48556	16560	202274	400137	8.24
1970-1979	85-89	0.12661	0.47671	2.41	31995	15253	120464	197863	6.18
1970-1979	90-94	0.18749	0.62028	2.27	16743	10385	55392	77399	4.62
1970-1979	95-99	0.26789	0.75327	2.1	6358	4789	17876	22006	3.46
1970-1979	100-104	0.36657	0.85592	1.89	1569	1343	3663	4130	2.63
1970-1979	105-109	0.47775	0.92199	1.67	226	208	436	467	2.07
1970-1979	110+	0.57042	1.00000	1.75	18	18	31	31	1.75
1980-1989	0	0.01201	0.01188	0.09	100000	1188	98915	7723489	77.23
1980-1989	1-4	0.00054	0.00216	1.55	98812	213	394726	7624574	77.16
1980-1989	5-9	0.00025	0.00127	2.59	98599	125	492692	7229848	73.33
1980-1989	10-14	0.00024	0.00119	2.72	98474	118	492100	6737156	68.42
1980-1989	15-19	0.00055	0.00276	2.71	98356	271	491158	6245056	63.49
1980-1989	20-24	0.00061	0.00305	2.59	98085	299	489702	5753899	58.66
1980-1989	25-29	0.00075	0.00372	2.58	97785	364	488047	5264197	53.83
1980-1989	30-34	0.00098	0.00488	2.6	97421	475	485967	4776150	49.03
1980-1989	35-39	0.00141	0.00705	2.63	96946	683	483110	4290183	44.25
1980-1989	40-44	0.00202	0.01005	2.68	96263	967	479076	3807073	39.55
1980-1989	45-49	0.00329	0.01634	2.66	95296	1557	472839	3327997	34.92
1980-1989	50-54	0.00522	0.02580	2.68	93739	2418	463088	2855158	30.46
1980-1989	55-59	0.00788	0.03867	2.64	91321	3531	448261	2392070	26.19
1980-1989	60-64	0.01194	0.05803	2.61	87790	5094	426796	1943809	22.14
1980-1989	65-69	0.01747	0.08385	2.61	82695	6934	396935	1517013	18.34
1980-1989	70-74	0.02667	0.12549	2.65	75762	9507	356456	1120078	14.78
1980-1989	75-79	0.04244	0.19250	2.59	66255	12754	300549	763622	11.53
1980-1989	80-84	0.07322	0.31052	2.56	53501	16613	226898	463073	8.66
1980-1989	85-89	0.11792	0.45313	2.45	36888	16715	141746	236175	6.40
1980-1989	90-94	0.18236	0.61093	2.3	20173	12324	67581	94429	4.68
1980-1989	95-99	0.27020	0.75771	2.1	7849	5947	22010	26848	3.42
1980-1989	100-104	0.37981	0.86728	1.87	1902	1649	4342	4838	2.54
1980-1989	105-109	0.50319	0.93312	1.63	252	236	468	496	1.96
1980-1989	110+	0.60558	1.00000	1.65	17	17	28	28	1.65
1990-1999	0	0.00945	0.00937	0.08	100000	937	99137	7758095	77.58
1990-1999	1-4	0.00048	0.00191	1.56	99063	190	395790	7658958	77.31
1990-1999	5-9	0.00022	0.00109	2.49	98873	108	494096	7263168	73.46
1990-1999	10-14	0.00025	0.00122	2.82	98765	121	493563	6769072	68.54
1990-1999	15-19	0.00060	0.00302	2.7	98644	298	492535	6275509	63.62
1990-1999	20-24	0.00068	0.00341	2.57	98346	335	490917	5782974	58.80
1990-1999	25-29	0.00088	0.00441	2.61	98011	432	489022	5292057	53.99
1990-1999	30-34	0.00114	0.00571	2.62	97579	557	486570	4803035	49.22
1990-1999	35-39	0.00157	0.00783	2.65	97022	760	483326	4316465	44.49
1990-1999	40-44	0.00218	0.01085	2.67	96262	1044	478884	3833139	39.82
1990-1999	45-49	0.00320	0.01587	2.72	95218	1511	472648	3354255	35.23
1990-1999	50-54	0.00479	0.02368	2.66	93707	2219	463346	2881607	30.75
1990-1999	55-59	0.00753	0.03701	2.66	91489	3386	449503	2418260	26.43
1990-1999	60-64	0.01158	0.05635	2.65	88102	4965	428848	1968757	22.35
1990-1999	65-69	0.01743	0.08368	2.64	83137	6957	399266	1539909	18.52
1990-1999	70-74	0.02641	0.12427	2.63	76180	9467	358454	1140643	14.97
1990-1999	75-79	0.04077	0.18576	2.61	66713	12393	303992	782189	11.72
1990-1999	80-84	0.07006	0.29922	2.56	54321	16254	231996	478197	8.80
1990-1999	85-89	0.11472	0.44429	2.46	38067	16913	147428	246201	6.47
1990-1999	90-94	0.18178	0.61037	2.31	21154	12912	71030	98773	4.67
1990-1999	95-99	0.27465	0.76432	2.1	8242	6300	22937	27744	3.37
1990-1999	100-104	0.39127	0.87615	1.85	1943	1702	4350	4806	2.47
1990-1999	105-109	0.52187	0.94019	1.6	241	226	433	456	1.90
1990-1999	110+	0.62947	1.00000	1.59	14	14	23	23	1.59
2000-2009	0	0.00820	0.00814	0.08	100000	814	99248	7764740	77.65
2000-2009	1-4	0.00033	0.00132	1.64	99186	131	396434	7665492	77.28
2000-2009	5-9	0.00017	0.00084	2.37	99055	83	495057	7269058	73.38
2000-2009	10-14	0.00019	0.00095	2.92	98972	94	494664	6774001	68.44
2000-2009	15-19	0.00052	0.00260	2.75	98878	257	493810	6279336	63.51
2000-2009	20-24	0.00070	0.00348	2.53	98621	344	492253	5785526	58.66
2000-2009	25-29	0.00084	0.00420	2.7	98277	412	490435	5293273	53.86
2000-2009	30-34	0.00114	0.00570	2.61	97865	558	487987	4802838	49.08
2000-2009	35-39	0.00167	0.00834	2.65	97307	811	484629	4314851	44.34
2000-2009	40-44	0.00250	0.01242	2.7	96495	1198	479717	3830222	39.69
2000-2009	45-49	0.00362	0.01796	2.64	95297	1712	472454	3350505	35.16
2000-2009	50-54	0.00501	0.02474	2.62	93586	2316	462407	2878051	30.75
2000-2009	55-59	0.00730	0.03588	2.62	91270	3275	448570	2415643	26.47
2000-2009	60-64	0.01093	0.05326	2.66	87995	4687	428989	1967073	22.35
2000-2009	65-69	0.01653	0.07958	2.67	83308	6630	401061	1538085	18.46
2000-2009	70-74	0.02539	0.11977	2.64	76678	9183	361674	1137024	14.83
2000-2009	75-79	0.04095	0.18640	2.6	67495	12581	307228	775350	11.49
2000-2009	80-84	0.07119	0.30346	2.57	54914	16664	234066	468122	8.52
2000-2009	85-89	0.12195	0.46596	2.47	38250	17823	146147	234057	6.12
2000-2009	90-94	0.20038	0.64866	2.28	20427	13250	66123	87910	4.30
2000-2009	95-99	0.30909	0.80637	2.03	7177	5787	18723	21787	3.04
2000-2009	100-104	0.44315	0.90833	1.75	1390	1262	2848	3064	2.20
2000-2009	105-109	0.58674	0.95898	1.49	127	122	208	216	1.69
2000-2009	110+	0.70014	1.00000	1.43	5	5	7	7	1.43
2010-2019	0	0.00750	0.00745	0.07	100000	745	99310	7812471	78.12
2010-2019	1-4	0.00032	0.00126	1.64	99255	125	396723	7713161	77.71
2010-2019	5-9	0.00016	0.00080	2.49	99129	79	495448	7316438	73.81
2010-2019	10-14	0.00017	0.00084	2.78	99050	84	495065	6820990	68.86
2010-2019	15-19	0.00041	0.00204	2.81	98966	202	494391	6325925	63.92
2010-2019	20-24	0.00066	0.00331	2.61	98765	327	493041	5831534	59.04
2010-2019	25-29	0.00092	0.00457	2.68	98437	450	491144	5338492	54.23
2010-2019	30-34	0.00131	0.00653	2.59	97988	640	488397	4847348	49.47
2010-2019	35-39	0.00181	0.00901	2.63	97348	877	484661	4358951	44.78
2010-2019	40-44	0.00256	0.01273	2.67	96471	1228	479492	3874290	40.16
2010-2019	45-49	0.00370	0.01832	2.63	95243	1745	472074	3394798	35.64
2010-2019	50-54	0.00543	0.02678	2.63	93498	2504	461553	2922724	31.26
2010-2019	55-59	0.00758	0.03721	2.59	90994	3386	446793	2461171	27.05
2010-2019	60-64	0.01060	0.05171	2.62	87608	4530	427238	2014378	22.99
2010-2019	65-69	0.01526	0.07365	2.64	83078	6119	400918	1587139	19.10
2010-2019	70-74	0.02337	0.11070	2.63	76959	8519	364584	1186221	15.41
2010-2019	75-79	0.03677	0.16913	2.63	68439	11575	314795	821637	12.01
2010-2019	80-84	0.06526	0.28172	2.58	56864	16020	245480	506842	8.91
2010-2019	85-89	0.11325	0.44102	2.49	40845	18013	159059	261361	6.40
2010-2019	90-94	0.18939	0.62752	2.31	22831	14327	75650	102302	4.48
2010-2019	95-99	0.29735	0.79380	2.06	8504	6751	22703	26653	3.13
2010-2019	100-104	0.43282	0.90321	1.77	1754	1584	3659	3950	2.25
2010-2019	105-109	0.57980	0.95754	1.5	170	163	280	291	1.71
2010-2019	110+	0.69650	1.00000	1.44	7	7	10	10	1.44
2020-2022	0	0.00631	0.00628	0.07	100000	628	99417	7645196	76.45
2020-2022	1-4	0.00036	0.00143	1.51	99372	143	397135	7545779	75.93
2020-2022	5-9	0.00016	0.00079	2.39	99230	79	495944	7148644	72.04
2020-2022	10-14	0.00011	0.00055	2.95	99151	55	495644	6652700	67.10
2020-2022	15-19	0.00034	0.00170	3.02	99097	168	495150	6157056	62.13
2020-2022	20-24	0.00083	0.00415	2.79	98928	410	493736	5661906	57.23
2020-2022	25-29	0.00107	0.00535	2.71	98518	527	491387	5168171	52.46
2020-2022	30-34	0.00172	0.00859	2.66	97991	842	487984	4676784	47.73
2020-2022	35-39	0.00226	0.01125	2.62	97150	1093	483146	4188800	43.12
2020-2022	40-44	0.00326	0.01618	2.6	96057	1554	476552	3705654	38.58
2020-2022	45-49	0.00462	0.02282	2.61	94503	2157	467358	3229102	34.17
2020-2022	50-54	0.00645	0.03175	2.6	92346	2932	454699	2761744	29.91
2020-2022	55-59	0.00925	0.04525	2.65	89414	4046	437552	2307044	25.80
2020-2022	60-64	0.01336	0.06472	2.6	85368	5525	413569	1869492	21.90
2020-2022	65-69	0.01793	0.08597	2.62	79843	6864	382867	1455923	18.23
2020-2022	70-74	0.02676	0.12576	2.62	72979	9178	343037	1073056	14.70
2020-2022	75-79	0.04301	0.19503	2.61	63801	12443	289304	730019	11.44
2020-2022	80-84	0.07038	0.30028	2.56	51358	15422	219128	440715	8.58
2020-2022	85-89	0.11989	0.46044	2.48	35936	16546	138011	221587	6.17
2020-2022	90-94	0.19952	0.64734	2.29	19390	12552	62909	83576	4.31
2020-2022	95-99	0.31044	0.80818	2.03	6838	5526	17802	20667	3.02
2020-2022	100-104	0.44757	0.91084	1.74	1312	1195	2669	2865	2.18
2020-2022	105-109	0.59396	0.96074	1.48	117	112	189	196	1.67
2020-2022	110+	0.70888	1.00000	1.41	5	5	6	6	1.41
