AL: AL, Lifetables (period 1x10), Males Last modified: February 4 2025, MPv5 (May07) 

Year     	Age	mx	qx	ax	lx	dx	Lx	Tx	ex
1941-1949	0	0.05166	0.04957	0.18	100000	4957	95953	6201722	62.02
1941-1949	1	0.00488	0.00486	0.5	95043	462	94812	6105769	64.24
1941-1949	2	0.00256	0.00255	0.5	94581	242	94460	6010957	63.55
1941-1949	3	0.00196	0.00195	0.5	94339	184	94247	5916497	62.72
1941-1949	4	0.00140	0.00140	0.5	94155	132	94089	5822250	61.84
1941-1949	5	0.00112	0.00112	0.5	94023	105	93971	5728161	60.92
1941-1949	6	0.00100	0.00100	0.5	93918	94	93871	5634191	59.99
1941-1949	7	0.00092	0.00092	0.5	93824	86	93781	5540320	59.05
1941-1949	8	0.00087	0.00087	0.5	93738	81	93697	5446539	58.10
1941-1949	9	0.00086	0.00086	0.5	93657	80	93616	5352842	57.15
1941-1949	10	0.00088	0.00088	0.5	93576	83	93535	5259225	56.20
1941-1949	11	0.00095	0.00095	0.5	93494	89	93449	5165690	55.25
1941-1949	12	0.00107	0.00107	0.5	93404	100	93355	5072241	54.30
1941-1949	13	0.00122	0.00122	0.5	93305	114	93248	4978886	53.36
1941-1949	14	0.00142	0.00142	0.5	93191	132	93125	4885639	52.43
1941-1949	15	0.00166	0.00166	0.5	93059	154	92981	4792514	51.50
1941-1949	16	0.00191	0.00190	0.5	92904	177	92816	4699532	50.58
1941-1949	17	0.00215	0.00214	0.5	92728	199	92628	4606716	49.68
1941-1949	18	0.00238	0.00238	0.5	92529	220	92419	4514088	48.79
1941-1949	19	0.00259	0.00259	0.5	92309	239	92189	4421670	47.90
1941-1949	20	0.00278	0.00278	0.5	92070	256	91942	4329480	47.02
1941-1949	21	0.00297	0.00296	0.5	91814	272	91678	4237538	46.15
1941-1949	22	0.00313	0.00313	0.5	91542	286	91399	4145860	45.29
1941-1949	23	0.00328	0.00327	0.5	91256	299	91107	4054461	44.43
1941-1949	24	0.00339	0.00338	0.5	90957	307	90803	3963354	43.57
1941-1949	25	0.00345	0.00344	0.5	90650	312	90494	3872551	42.72
1941-1949	26	0.00351	0.00350	0.5	90338	316	90179	3782057	41.87
1941-1949	27	0.00358	0.00357	0.5	90021	322	89860	3691878	41.01
1941-1949	28	0.00367	0.00366	0.5	89700	328	89536	3602017	40.16
1941-1949	29	0.00375	0.00375	0.5	89371	335	89204	3512482	39.30
1941-1949	30	0.00386	0.00385	0.5	89037	343	88865	3423278	38.45
1941-1949	31	0.00395	0.00394	0.5	88694	350	88519	3334413	37.59
1941-1949	32	0.00407	0.00406	0.5	88344	359	88165	3245894	36.74
1941-1949	33	0.00424	0.00424	0.5	87985	373	87799	3157729	35.89
1941-1949	34	0.00446	0.00445	0.5	87613	390	87418	3069930	35.04
1941-1949	35	0.00473	0.00472	0.5	87223	411	87018	2982512	34.19
1941-1949	36	0.00499	0.00498	0.5	86812	432	86596	2895494	33.35
1941-1949	37	0.00530	0.00528	0.5	86380	456	86151	2808899	32.52
1941-1949	38	0.00569	0.00567	0.5	85923	487	85680	2722747	31.69
1941-1949	39	0.00611	0.00609	0.5	85436	520	85176	2637067	30.87
1941-1949	40	0.00651	0.00649	0.5	84916	551	84640	2551891	30.05
1941-1949	41	0.00687	0.00684	0.5	84365	577	84076	2467251	29.25
1941-1949	42	0.00736	0.00733	0.5	83787	614	83480	2383175	28.44
1941-1949	43	0.00797	0.00794	0.5	83173	661	82843	2299695	27.65
1941-1949	44	0.00858	0.00855	0.5	82512	705	82160	2216852	26.87
1941-1949	45	0.00931	0.00927	0.5	81807	758	81428	2134693	26.09
1941-1949	46	0.00998	0.00993	0.5	81049	805	80646	2053265	25.33
1941-1949	47	0.01074	0.01069	0.5	80244	858	79815	1972618	24.58
1941-1949	48	0.01184	0.01177	0.5	79386	934	78919	1892803	23.84
1941-1949	49	0.01323	0.01314	0.5	78452	1031	77937	1813884	23.12
1941-1949	50	0.01483	0.01472	0.5	77421	1139	76851	1735947	22.42
1941-1949	51	0.01597	0.01584	0.5	76282	1209	75677	1659096	21.75
1941-1949	52	0.01702	0.01687	0.5	75073	1267	74440	1583418	21.09
1941-1949	53	0.01818	0.01801	0.5	73807	1329	73142	1508979	20.45
1941-1949	54	0.01923	0.01904	0.5	72477	1380	71787	1435837	19.81
1941-1949	55	0.02033	0.02013	0.5	71097	1431	70382	1364049	19.19
1941-1949	56	0.02124	0.02102	0.5	69666	1464	68934	1293668	18.57
1941-1949	57	0.02205	0.02181	0.5	68202	1488	67458	1224734	17.96
1941-1949	58	0.02307	0.02281	0.5	66714	1521	65954	1157275	17.35
1941-1949	59	0.02409	0.02380	0.5	65193	1552	64417	1091322	16.74
1941-1949	60	0.02510	0.02479	0.5	63641	1578	62852	1026905	16.14
1941-1949	61	0.02585	0.02552	0.5	62064	1584	61271	964052	15.53
1941-1949	62	0.02704	0.02668	0.5	60479	1613	59673	902781	14.93
1941-1949	63	0.02905	0.02864	0.5	58866	1686	58023	843108	14.32
1941-1949	64	0.03156	0.03107	0.5	57180	1776	56292	785085	13.73
1941-1949	65	0.03507	0.03446	0.5	55404	1909	54449	728793	13.15
1941-1949	66	0.03804	0.03733	0.5	53494	1997	52496	674344	12.61
1941-1949	67	0.04061	0.03980	0.5	51497	2050	50472	621848	12.08
1941-1949	68	0.04395	0.04300	0.5	49448	2126	48384	571376	11.56
1941-1949	69	0.04709	0.04601	0.5	47321	2177	46233	522992	11.05
1941-1949	70	0.05025	0.04902	0.5	45144	2213	44038	476759	10.56
1941-1949	71	0.05270	0.05135	0.5	42931	2204	41829	432721	10.08
1941-1949	72	0.05583	0.05431	0.5	40727	2212	39621	390892	9.60
1941-1949	73	0.06054	0.05876	0.5	38515	2263	37383	351272	9.12
1941-1949	74	0.06567	0.06358	0.5	36252	2305	35099	313888	8.66
1941-1949	75	0.07231	0.06979	0.5	33947	2369	32762	278789	8.21
1941-1949	76	0.07884	0.07585	0.5	31578	2395	30380	246027	7.79
1941-1949	77	0.08503	0.08156	0.5	29182	2380	27992	215647	7.39
1941-1949	78	0.09273	0.08862	0.5	26802	2375	25615	187654	7.00
1941-1949	79	0.10028	0.09549	0.5	24427	2333	23261	162040	6.63
1941-1949	80	0.11712	0.11064	0.5	22095	2445	20872	138779	6.28
1941-1949	81	0.12518	0.11780	0.5	19650	2315	18493	117907	6.00
1941-1949	82	0.13360	0.12523	0.5	17335	2171	16250	99414	5.73
1941-1949	83	0.14298	0.13344	0.5	15164	2023	14153	83164	5.48
1941-1949	84	0.15359	0.14263	0.5	13141	1874	12204	69012	5.25
1941-1949	85	0.16594	0.15323	0.5	11266	1726	10403	56808	5.04
1941-1949	86	0.16907	0.15589	0.5	9540	1487	8797	46405	4.86
1941-1949	87	0.17791	0.16337	0.5	8053	1316	7395	37608	4.67
1941-1949	88	0.18710	0.17110	0.5	6737	1153	6161	30213	4.48
1941-1949	89	0.19666	0.17905	0.5	5585	1000	5085	24052	4.31
1941-1949	90	0.20658	0.18724	0.5	4585	858	4155	18968	4.14
1941-1949	91	0.21686	0.19565	0.5	3726	729	3362	14812	3.98
1941-1949	92	0.22752	0.20428	0.5	2997	612	2691	11450	3.82
1941-1949	93	0.23853	0.21311	0.5	2385	508	2131	8759	3.67
1941-1949	94	0.24991	0.22215	0.5	1877	417	1668	6629	3.53
1941-1949	95	0.26164	0.23137	0.5	1460	338	1291	4960	3.40
1941-1949	96	0.27372	0.24077	0.5	1122	270	987	3669	3.27
1941-1949	97	0.28614	0.25033	0.5	852	213	745	2683	3.15
1941-1949	98	0.29890	0.26004	0.5	639	166	556	1937	3.03
1941-1949	99	0.31197	0.26988	0.5	473	128	409	1382	2.92
1941-1949	100	0.32535	0.27983	0.5	345	97	297	973	2.82
1941-1949	101	0.33903	0.28989	0.5	248	72	212	676	2.72
1941-1949	102	0.35297	0.30002	0.5	176	53	150	464	2.63
1941-1949	103	0.36718	0.31022	0.5	124	38	104	314	2.54
1941-1949	104	0.38161	0.32047	0.5	85	27	72	209	2.46
1941-1949	105	0.39626	0.33073	0.5	58	19	48	138	2.38
1941-1949	106	0.41110	0.34100	0.5	39	13	32	89	2.31
1941-1949	107	0.42610	0.35126	0.5	26	9	21	57	2.24
1941-1949	108	0.44124	0.36149	0.5	17	6	14	36	2.19
1941-1949	109	0.45648	0.37166	0.5	11	4	9	23	2.15
1941-1949	110+	0.47181	1.00000	2.12	7	7	14	14	2.12
1950-1959	0	0.03939	0.03812	0.15	100000	3812	96763	6452155	64.52
1950-1959	1	0.00274	0.00273	0.5	96188	263	96057	6355392	66.07
1950-1959	2	0.00172	0.00171	0.5	95925	164	95843	6259336	65.25
1950-1959	3	0.00119	0.00119	0.5	95761	114	95704	6163493	64.36
1950-1959	4	0.00098	0.00097	0.5	95647	93	95600	6067789	63.44
1950-1959	5	0.00080	0.00080	0.5	95554	77	95515	5972188	62.50
1950-1959	6	0.00074	0.00074	0.5	95477	71	95442	5876673	61.55
1950-1959	7	0.00064	0.00064	0.5	95406	61	95376	5781231	60.60
1950-1959	8	0.00060	0.00060	0.5	95345	57	95316	5685856	59.63
1950-1959	9	0.00058	0.00058	0.5	95288	56	95260	5590539	58.67
1950-1959	10	0.00063	0.00063	0.5	95232	60	95202	5495279	57.70
1950-1959	11	0.00067	0.00067	0.5	95172	64	95140	5400077	56.74
1950-1959	12	0.00078	0.00078	0.5	95108	74	95072	5304937	55.78
1950-1959	13	0.00089	0.00089	0.5	95035	85	94992	5209865	54.82
1950-1959	14	0.00105	0.00105	0.5	94950	99	94900	5114873	53.87
1950-1959	15	0.00128	0.00128	0.5	94851	122	94790	5019972	52.93
1950-1959	16	0.00149	0.00149	0.5	94729	141	94659	4925183	51.99
1950-1959	17	0.00172	0.00172	0.5	94588	162	94507	4830524	51.07
1950-1959	18	0.00192	0.00192	0.5	94426	181	94336	4736017	50.16
1950-1959	19	0.00211	0.00210	0.5	94245	198	94146	4641681	49.25
1950-1959	20	0.00227	0.00227	0.5	94047	213	93940	4547535	48.35
1950-1959	21	0.00250	0.00249	0.5	93834	234	93717	4453595	47.46
1950-1959	22	0.00259	0.00258	0.5	93600	242	93479	4359878	46.58
1950-1959	23	0.00264	0.00264	0.5	93358	246	93235	4266399	45.70
1950-1959	24	0.00265	0.00265	0.5	93112	247	92989	4173164	44.82
1950-1959	25	0.00266	0.00266	0.5	92865	247	92742	4080176	43.94
1950-1959	26	0.00270	0.00270	0.5	92618	250	92493	3987434	43.05
1950-1959	27	0.00275	0.00274	0.5	92369	254	92242	3894940	42.17
1950-1959	28	0.00279	0.00279	0.5	92115	257	91987	3802698	41.28
1950-1959	29	0.00270	0.00269	0.5	91858	247	91734	3710712	40.40
1950-1959	30	0.00276	0.00276	0.5	91611	253	91484	3618977	39.50
1950-1959	31	0.00288	0.00287	0.5	91358	262	91227	3527493	38.61
1950-1959	32	0.00302	0.00301	0.5	91096	274	90958	3436266	37.72
1950-1959	33	0.00319	0.00318	0.5	90821	289	90677	3345308	36.83
1950-1959	34	0.00330	0.00329	0.5	90532	298	90383	3254631	35.95
1950-1959	35	0.00352	0.00352	0.5	90234	317	90075	3164248	35.07
1950-1959	36	0.00382	0.00381	0.5	89917	342	89745	3074173	34.19
1950-1959	37	0.00415	0.00415	0.5	89574	371	89389	2984428	33.32
1950-1959	38	0.00450	0.00449	0.5	89203	400	89003	2895039	32.45
1950-1959	39	0.00481	0.00480	0.5	88803	426	88589	2806036	31.60
1950-1959	40	0.00522	0.00521	0.5	88376	460	88146	2717447	30.75
1950-1959	41	0.00554	0.00552	0.5	87916	486	87673	2629301	29.91
1950-1959	42	0.00609	0.00607	0.5	87430	531	87165	2541628	29.07
1950-1959	43	0.00644	0.00642	0.5	86899	558	86620	2454463	28.24
1950-1959	44	0.00685	0.00683	0.5	86341	590	86047	2367842	27.42
1950-1959	45	0.00738	0.00735	0.5	85752	630	85436	2281796	26.61
1950-1959	46	0.00802	0.00799	0.5	85121	680	84781	2196359	25.80
1950-1959	47	0.00870	0.00866	0.5	84441	732	84075	2111578	25.01
1950-1959	48	0.00972	0.00968	0.5	83709	810	83304	2027503	24.22
1950-1959	49	0.01065	0.01059	0.5	82899	878	82461	1944199	23.45
1950-1959	50	0.01186	0.01179	0.5	82022	967	81538	1861738	22.70
1950-1959	51	0.01270	0.01262	0.5	81055	1023	80543	1780200	21.96
1950-1959	52	0.01448	0.01438	0.5	80032	1151	79456	1699657	21.24
1950-1959	53	0.01554	0.01542	0.5	78881	1216	78273	1620201	20.54
1950-1959	54	0.01696	0.01681	0.5	77665	1306	77012	1541928	19.85
1950-1959	55	0.01813	0.01797	0.5	76359	1372	75673	1464916	19.18
1950-1959	56	0.01942	0.01923	0.5	74987	1442	74266	1389244	18.53
1950-1959	57	0.02078	0.02057	0.5	73545	1513	72788	1314978	17.88
1950-1959	58	0.02268	0.02242	0.5	72032	1615	71225	1242190	17.24
1950-1959	59	0.02467	0.02437	0.5	70417	1716	69559	1170965	16.63
1950-1959	60	0.02583	0.02550	0.5	68701	1752	67825	1101406	16.03
1950-1959	61	0.02725	0.02688	0.5	66949	1800	66049	1033581	15.44
1950-1959	62	0.02984	0.02940	0.5	65149	1915	64192	967532	14.85
1950-1959	63	0.03211	0.03160	0.5	63234	1998	62235	903341	14.29
1950-1959	64	0.03448	0.03389	0.5	61236	2075	60198	841106	13.74
1950-1959	65	0.03723	0.03655	0.5	59160	2162	58079	780908	13.20
1950-1959	66	0.03938	0.03862	0.5	56998	2201	55897	722829	12.68
1950-1959	67	0.04214	0.04127	0.5	54797	2261	53666	666932	12.17
1950-1959	68	0.04478	0.04380	0.5	52535	2301	51385	613266	11.67
1950-1959	69	0.04721	0.04612	0.5	50234	2317	49076	561881	11.19
1950-1959	70	0.05057	0.04932	0.5	47917	2363	46736	512805	10.70
1950-1959	71	0.05211	0.05079	0.5	45554	2313	44397	466070	10.23
1950-1959	72	0.05588	0.05436	0.5	43240	2351	42065	421673	9.75
1950-1959	73	0.05888	0.05720	0.5	40890	2339	39721	379607	9.28
1950-1959	74	0.06461	0.06259	0.5	38551	2413	37345	339887	8.82
1950-1959	75	0.06975	0.06740	0.5	36138	2436	34920	302542	8.37
1950-1959	76	0.07444	0.07177	0.5	33702	2419	32493	267622	7.94
1950-1959	77	0.08064	0.07752	0.5	31284	2425	30071	235129	7.52
1950-1959	78	0.08975	0.08589	0.5	28859	2479	27619	205058	7.11
1950-1959	79	0.09656	0.09212	0.5	26380	2430	25165	177439	6.73
1950-1959	80	0.10983	0.10411	0.5	23950	2493	22703	152274	6.36
1950-1959	81	0.11754	0.11102	0.5	21456	2382	20265	129571	6.04
1950-1959	82	0.12788	0.12019	0.5	19074	2293	17928	109305	5.73
1950-1959	83	0.13864	0.12965	0.5	16782	2176	15694	91377	5.45
1950-1959	84	0.14960	0.13918	0.5	14606	2033	13590	75683	5.18
1950-1959	85	0.15760	0.14609	0.5	12573	1837	11655	62094	4.94
1950-1959	86	0.16833	0.15526	0.5	10736	1667	9903	50439	4.70
1950-1959	87	0.17962	0.16482	0.5	9069	1495	8322	40536	4.47
1950-1959	88	0.19151	0.17477	0.5	7575	1324	6913	32214	4.25
1950-1959	89	0.20398	0.18510	0.5	6251	1157	5672	25302	4.05
1950-1959	90	0.21704	0.19579	0.5	5094	997	4595	19630	3.85
1950-1959	91	0.23070	0.20684	0.5	4096	847	3673	15035	3.67
1950-1959	92	0.24495	0.21823	0.5	3249	709	2895	11362	3.50
1950-1959	93	0.25979	0.22992	0.5	2540	584	2248	8467	3.33
1950-1959	94	0.27519	0.24191	0.5	1956	473	1719	6219	3.18
1950-1959	95	0.29115	0.25415	0.5	1483	377	1294	4500	3.03
1950-1959	96	0.30764	0.26663	0.5	1106	295	959	3205	2.90
1950-1959	97	0.32464	0.27930	0.5	811	227	698	2247	2.77
1950-1959	98	0.34211	0.29214	0.5	585	171	499	1549	2.65
1950-1959	99	0.36002	0.30510	0.5	414	126	351	1050	2.54
1950-1959	100	0.37833	0.31815	0.5	288	91	242	699	2.43
1950-1959	101	0.39700	0.33125	0.5	196	65	164	457	2.33
1950-1959	102	0.41597	0.34435	0.5	131	45	109	294	2.24
1950-1959	103	0.43519	0.35741	0.5	86	31	71	185	2.15
1950-1959	104	0.45460	0.37041	0.5	55	20	45	115	2.07
1950-1959	105	0.47416	0.38329	0.5	35	13	28	70	2.00
1950-1959	106	0.49380	0.39602	0.5	21	8	17	41	1.93
1950-1959	107	0.51345	0.40856	0.5	13	5	10	24	1.87
1950-1959	108	0.53307	0.42089	0.5	8	3	6	14	1.82
1950-1959	109	0.55258	0.43296	0.5	4	2	3	8	1.77
1950-1959	110+	0.57193	1.00000	1.75	3	3	4	4	1.75
1960-1969	0	0.03406	0.03309	0.14	100000	3309	97142	6470096	64.70
1960-1969	1	0.00231	0.00231	0.5	96691	223	96579	6372954	65.91
1960-1969	2	0.00141	0.00141	0.5	96467	136	96400	6276375	65.06
1960-1969	3	0.00107	0.00107	0.5	96332	103	96280	6179975	64.15
1960-1969	4	0.00081	0.00081	0.5	96229	78	96190	6083694	63.22
1960-1969	5	0.00071	0.00071	0.5	96152	68	96118	5987504	62.27
1960-1969	6	0.00065	0.00065	0.5	96084	62	96052	5891387	61.32
1960-1969	7	0.00065	0.00065	0.5	96021	62	95990	5795334	60.35
1960-1969	8	0.00062	0.00062	0.5	95959	59	95929	5699344	59.39
1960-1969	9	0.00053	0.00053	0.5	95900	51	95874	5603415	58.43
1960-1969	10	0.00055	0.00055	0.5	95849	53	95823	5507540	57.46
1960-1969	11	0.00052	0.00052	0.5	95796	50	95771	5411717	56.49
1960-1969	12	0.00060	0.00060	0.5	95746	57	95717	5315946	55.52
1960-1969	13	0.00076	0.00076	0.5	95689	72	95652	5220229	54.55
1960-1969	14	0.00088	0.00088	0.5	95616	84	95574	5124577	53.60
1960-1969	15	0.00126	0.00126	0.5	95532	120	95472	5029002	52.64
1960-1969	16	0.00164	0.00164	0.5	95412	156	95334	4933530	51.71
1960-1969	17	0.00189	0.00189	0.5	95256	180	95166	4838196	50.79
1960-1969	18	0.00227	0.00227	0.5	95076	216	94968	4743030	49.89
1960-1969	19	0.00215	0.00215	0.5	94860	204	94758	4648062	49.00
1960-1969	20	0.00222	0.00221	0.5	94656	209	94551	4553305	48.10
1960-1969	21	0.00245	0.00245	0.5	94446	231	94331	4458754	47.21
1960-1969	22	0.00262	0.00262	0.5	94215	247	94092	4364423	46.32
1960-1969	23	0.00257	0.00256	0.5	93968	241	93848	4270331	45.44
1960-1969	24	0.00250	0.00250	0.5	93728	234	93610	4176483	44.56
1960-1969	25	0.00260	0.00260	0.5	93493	243	93372	4082873	43.67
1960-1969	26	0.00244	0.00243	0.5	93250	227	93137	3989501	42.78
1960-1969	27	0.00259	0.00259	0.5	93023	241	92903	3896364	41.89
1960-1969	28	0.00260	0.00260	0.5	92783	241	92662	3803461	40.99
1960-1969	29	0.00286	0.00286	0.5	92542	265	92409	3710799	40.10
1960-1969	30	0.00262	0.00262	0.5	92277	242	92156	3618390	39.21
1960-1969	31	0.00279	0.00278	0.5	92035	256	91907	3526233	38.31
1960-1969	32	0.00298	0.00297	0.5	91779	273	91643	3434326	37.42
1960-1969	33	0.00312	0.00311	0.5	91506	285	91364	3342683	36.53
1960-1969	34	0.00353	0.00352	0.5	91222	321	91061	3251319	35.64
1960-1969	35	0.00371	0.00370	0.5	90900	337	90732	3160259	34.77
1960-1969	36	0.00367	0.00366	0.5	90563	332	90398	3069527	33.89
1960-1969	37	0.00415	0.00414	0.5	90232	373	90045	2979129	33.02
1960-1969	38	0.00446	0.00445	0.5	89858	400	89658	2889084	32.15
1960-1969	39	0.00483	0.00482	0.5	89458	431	89243	2799426	31.29
1960-1969	40	0.00529	0.00528	0.5	89027	470	88792	2710183	30.44
1960-1969	41	0.00579	0.00577	0.5	88557	511	88301	2621391	29.60
1960-1969	42	0.00612	0.00610	0.5	88046	537	87777	2533090	28.77
1960-1969	43	0.00693	0.00690	0.5	87508	604	87206	2445313	27.94
1960-1969	44	0.00726	0.00724	0.5	86904	629	86590	2358107	27.13
1960-1969	45	0.00788	0.00785	0.5	86275	678	85936	2271517	26.33
1960-1969	46	0.00841	0.00838	0.5	85598	717	85239	2185581	25.53
1960-1969	47	0.00919	0.00915	0.5	84880	776	84492	2100342	24.74
1960-1969	48	0.00975	0.00970	0.5	84104	816	83696	2015849	23.97
1960-1969	49	0.01069	0.01063	0.5	83288	886	82845	1932153	23.20
1960-1969	50	0.01207	0.01199	0.5	82402	988	81908	1849308	22.44
1960-1969	51	0.01256	0.01248	0.5	81414	1016	80906	1767400	21.71
1960-1969	52	0.01462	0.01452	0.5	80397	1167	79814	1686494	20.98
1960-1969	53	0.01541	0.01529	0.5	79230	1212	78625	1606681	20.28
1960-1969	54	0.01602	0.01590	0.5	78019	1240	77399	1528056	19.59
1960-1969	55	0.01806	0.01790	0.5	76779	1374	76091	1450657	18.89
1960-1969	56	0.01936	0.01918	0.5	75404	1446	74681	1374566	18.23
1960-1969	57	0.01993	0.01973	0.5	73958	1459	73229	1299885	17.58
1960-1969	58	0.02213	0.02188	0.5	72499	1587	71706	1226656	16.92
1960-1969	59	0.02428	0.02398	0.5	70912	1701	70062	1154951	16.29
1960-1969	60	0.02544	0.02512	0.5	69212	1739	68342	1084889	15.67
1960-1969	61	0.02606	0.02572	0.5	67473	1736	66605	1016546	15.07
1960-1969	62	0.03058	0.03012	0.5	65737	1980	64747	949942	14.45
1960-1969	63	0.03157	0.03108	0.5	63757	1982	62766	885194	13.88
1960-1969	64	0.03478	0.03419	0.5	61775	2112	60719	822428	13.31
1960-1969	65	0.04129	0.04046	0.5	59663	2414	58456	761709	12.77
1960-1969	66	0.03991	0.03913	0.5	57249	2240	56129	703253	12.28
1960-1969	67	0.04539	0.04438	0.5	55009	2441	53789	647123	11.76
1960-1969	68	0.04837	0.04722	0.5	52568	2482	51327	593335	11.29
1960-1969	69	0.04880	0.04764	0.5	50086	2386	48893	542008	10.82
1960-1969	70	0.05437	0.05293	0.5	47700	2525	46437	493115	10.34
1960-1969	71	0.05368	0.05228	0.5	45175	2362	43994	446678	9.89
1960-1969	72	0.06490	0.06286	0.5	42813	2691	41467	402684	9.41
1960-1969	73	0.06715	0.06497	0.5	40122	2607	38819	361217	9.00
1960-1969	74	0.07114	0.06870	0.5	37515	2577	36227	322398	8.59
1960-1969	75	0.07823	0.07528	0.5	34938	2630	33623	286171	8.19
1960-1969	76	0.08107	0.07792	0.5	32308	2517	31049	252548	7.82
1960-1969	77	0.08226	0.07901	0.5	29791	2354	28614	221499	7.44
1960-1969	78	0.09320	0.08905	0.5	27437	2443	26215	192886	7.03
1960-1969	79	0.09747	0.09294	0.5	24993	2323	23832	166670	6.67
1960-1969	80	0.11194	0.10601	0.5	22671	2403	21469	142838	6.30
1960-1969	81	0.11124	0.10538	0.5	20267	2136	19199	121370	5.99
1960-1969	82	0.12708	0.11949	0.5	18131	2167	17048	102170	5.63
1960-1969	83	0.14359	0.13397	0.5	15965	2139	14896	85122	5.33
1960-1969	84	0.15973	0.14791	0.5	13826	2045	12804	70226	5.08
1960-1969	85	0.16055	0.14862	0.5	11781	1751	10906	57423	4.87
1960-1969	86	0.17138	0.15785	0.5	10030	1583	9239	46517	4.64
1960-1969	87	0.18278	0.16747	0.5	8447	1415	7740	37279	4.41
1960-1969	88	0.19476	0.17747	0.5	7032	1248	6408	29539	4.20
1960-1969	89	0.20732	0.18785	0.5	5784	1087	5241	23131	4.00
1960-1969	90	0.22048	0.19858	0.5	4698	933	4231	17890	3.81
1960-1969	91	0.23422	0.20967	0.5	3765	789	3370	13659	3.63
1960-1969	92	0.24854	0.22107	0.5	2975	658	2647	10289	3.46
1960-1969	93	0.26345	0.23278	0.5	2318	540	2048	7642	3.30
1960-1969	94	0.27891	0.24477	0.5	1778	435	1561	5594	3.15
1960-1969	95	0.29491	0.25702	0.5	1343	345	1170	4034	3.00
1960-1969	96	0.31144	0.26948	0.5	998	269	863	2863	2.87
1960-1969	97	0.32847	0.28213	0.5	729	206	626	2000	2.74
1960-1969	98	0.34595	0.29494	0.5	523	154	446	1374	2.63
1960-1969	99	0.36387	0.30786	0.5	369	114	312	928	2.51
1960-1969	100	0.38216	0.32085	0.5	255	82	214	616	2.41
1960-1969	101	0.40080	0.33389	0.5	173	58	144	401	2.31
1960-1969	102	0.41973	0.34692	0.5	116	40	95	257	2.22
1960-1969	103	0.43890	0.35992	0.5	75	27	62	161	2.14
1960-1969	104	0.45826	0.37283	0.5	48	18	39	99	2.06
1960-1969	105	0.47774	0.38562	0.5	30	12	24	60	1.99
1960-1969	106	0.49728	0.39826	0.5	19	7	15	36	1.92
1960-1969	107	0.51684	0.41071	0.5	11	5	9	21	1.86
1960-1969	108	0.53635	0.42293	0.5	7	3	5	12	1.81
1960-1969	109	0.55574	0.43490	0.5	4	2	3	7	1.77
1960-1969	110+	0.57497	1.00000	1.74	2	2	4	4	1.74
1970-1979	0	0.02330	0.02283	0.11	100000	2283	97963	6628230	66.28
1970-1979	1	0.00142	0.00142	0.5	97717	139	97648	6530267	66.83
1970-1979	2	0.00097	0.00097	0.5	97578	95	97531	6432619	65.92
1970-1979	3	0.00071	0.00071	0.5	97483	69	97449	6335088	64.99
1970-1979	4	0.00068	0.00068	0.5	97414	67	97381	6237640	64.03
1970-1979	5	0.00059	0.00059	0.5	97347	58	97319	6140259	63.08
1970-1979	6	0.00052	0.00052	0.5	97290	51	97264	6042941	62.11
1970-1979	7	0.00055	0.00055	0.5	97239	53	97213	5945676	61.14
1970-1979	8	0.00047	0.00047	0.5	97186	45	97164	5848464	60.18
1970-1979	9	0.00042	0.00042	0.5	97141	41	97120	5751300	59.21
1970-1979	10	0.00045	0.00045	0.5	97100	44	97078	5654180	58.23
1970-1979	11	0.00045	0.00045	0.5	97056	43	97034	5557102	57.26
1970-1979	12	0.00053	0.00053	0.5	97012	52	96986	5460068	56.28
1970-1979	13	0.00073	0.00073	0.5	96961	70	96925	5363081	55.31
1970-1979	14	0.00091	0.00091	0.5	96890	88	96846	5266156	54.35
1970-1979	15	0.00107	0.00107	0.5	96802	104	96750	5169310	53.40
1970-1979	16	0.00153	0.00153	0.5	96698	148	96624	5072560	52.46
1970-1979	17	0.00192	0.00192	0.5	96550	185	96457	4975936	51.54
1970-1979	18	0.00216	0.00216	0.5	96365	208	96261	4879479	50.64
1970-1979	19	0.00220	0.00220	0.5	96157	211	96052	4783218	49.74
1970-1979	20	0.00225	0.00225	0.5	95946	215	95838	4687166	48.85
1970-1979	21	0.00238	0.00238	0.5	95731	228	95616	4591328	47.96
1970-1979	22	0.00261	0.00261	0.5	95502	249	95378	4495711	47.07
1970-1979	23	0.00266	0.00265	0.5	95253	253	95127	4400334	46.20
1970-1979	24	0.00242	0.00242	0.5	95000	230	94885	4305207	45.32
1970-1979	25	0.00257	0.00257	0.5	94770	243	94649	4210322	44.43
1970-1979	26	0.00257	0.00257	0.5	94527	243	94406	4115673	43.54
1970-1979	27	0.00252	0.00252	0.5	94285	237	94166	4021267	42.65
1970-1979	28	0.00267	0.00266	0.5	94047	250	93922	3927101	41.76
1970-1979	29	0.00245	0.00245	0.5	93797	230	93682	3833179	40.87
1970-1979	30	0.00272	0.00271	0.5	93567	254	93440	3739497	39.97
1970-1979	31	0.00272	0.00272	0.5	93313	254	93186	3646057	39.07
1970-1979	32	0.00294	0.00294	0.5	93059	273	92923	3552870	38.18
1970-1979	33	0.00283	0.00282	0.5	92786	262	92655	3459947	37.29
1970-1979	34	0.00298	0.00298	0.5	92524	275	92387	3367292	36.39
1970-1979	35	0.00322	0.00322	0.5	92249	297	92101	3274905	35.50
1970-1979	36	0.00337	0.00337	0.5	91952	310	91797	3182805	34.61
1970-1979	37	0.00386	0.00385	0.5	91642	353	91466	3091008	33.73
1970-1979	38	0.00419	0.00418	0.5	91290	381	91099	2999542	32.86
1970-1979	39	0.00459	0.00458	0.5	90908	416	90700	2908443	31.99
1970-1979	40	0.00475	0.00474	0.5	90492	428	90278	2817743	31.14
1970-1979	41	0.00540	0.00538	0.5	90063	485	89821	2727465	30.28
1970-1979	42	0.00599	0.00597	0.5	89579	535	89311	2637644	29.45
1970-1979	43	0.00599	0.00597	0.5	89044	532	88778	2548333	28.62
1970-1979	44	0.00675	0.00673	0.5	88512	595	88214	2459555	27.79
1970-1979	45	0.00720	0.00718	0.5	87917	631	87601	2371340	26.97
1970-1979	46	0.00788	0.00785	0.5	87286	685	86943	2283739	26.16
1970-1979	47	0.00837	0.00834	0.5	86601	722	86240	2196796	25.37
1970-1979	48	0.00932	0.00928	0.5	85879	797	85481	2110556	24.58
1970-1979	49	0.01003	0.00998	0.5	85082	849	84658	2025075	23.80
1970-1979	50	0.01069	0.01064	0.5	84233	896	83785	1940418	23.04
1970-1979	51	0.01196	0.01189	0.5	83337	991	82842	1856633	22.28
1970-1979	52	0.01332	0.01323	0.5	82346	1089	81802	1773791	21.54
1970-1979	53	0.01409	0.01399	0.5	81257	1137	80688	1691989	20.82
1970-1979	54	0.01559	0.01547	0.5	80120	1239	79500	1611301	20.11
1970-1979	55	0.01698	0.01684	0.5	78881	1328	78217	1531801	19.42
1970-1979	56	0.01823	0.01807	0.5	77553	1401	76852	1453584	18.74
1970-1979	57	0.01933	0.01914	0.5	76151	1458	75423	1376732	18.08
1970-1979	58	0.02028	0.02007	0.5	74694	1499	73944	1301309	17.42
1970-1979	59	0.02155	0.02132	0.5	73194	1560	72414	1227365	16.77
1970-1979	60	0.02463	0.02433	0.5	71634	1743	70763	1154951	16.12
1970-1979	61	0.02604	0.02571	0.5	69891	1797	68993	1084188	15.51
1970-1979	62	0.03026	0.02981	0.5	68095	2030	67080	1015195	14.91
1970-1979	63	0.03001	0.02957	0.5	66065	1953	65088	948116	14.35
1970-1979	64	0.03298	0.03245	0.5	64111	2080	63071	883027	13.77
1970-1979	65	0.03657	0.03591	0.5	62031	2228	60917	819956	13.22
1970-1979	66	0.03817	0.03745	0.5	59804	2240	58684	759039	12.69
1970-1979	67	0.03965	0.03888	0.5	57564	2238	56445	700355	12.17
1970-1979	68	0.04332	0.04240	0.5	55326	2346	54153	643910	11.64
1970-1979	69	0.04510	0.04410	0.5	52980	2337	51812	589757	11.13
1970-1979	70	0.05026	0.04903	0.5	50643	2483	49402	537946	10.62
1970-1979	71	0.05214	0.05082	0.5	48160	2447	46937	488544	10.14
1970-1979	72	0.05879	0.05711	0.5	45713	2611	44408	441607	9.66
1970-1979	73	0.06282	0.06091	0.5	43102	2625	41790	397199	9.22
1970-1979	74	0.06775	0.06553	0.5	40477	2652	39151	355409	8.78
1970-1979	75	0.07144	0.06898	0.5	37825	2609	36520	316258	8.36
1970-1979	76	0.07593	0.07316	0.5	35216	2576	33928	279738	7.94
1970-1979	77	0.08363	0.08027	0.5	32640	2620	31330	245810	7.53
1970-1979	78	0.09067	0.08673	0.5	30020	2604	28718	214481	7.14
1970-1979	79	0.09328	0.08913	0.5	27416	2443	26194	185763	6.78
1970-1979	80	0.10898	0.10335	0.5	24972	2581	23682	159569	6.39
1970-1979	81	0.11297	0.10693	0.5	22391	2394	21194	135887	6.07
1970-1979	82	0.12550	0.11809	0.5	19997	2361	18816	114693	5.74
1970-1979	83	0.13847	0.12950	0.5	17636	2284	16494	95877	5.44
1970-1979	84	0.15265	0.14182	0.5	15352	2177	14263	79383	5.17
1970-1979	85	0.15692	0.14550	0.5	13175	1917	12216	65119	4.94
1970-1979	86	0.16775	0.15477	0.5	11258	1742	10387	52903	4.70
1970-1979	87	0.17918	0.16445	0.5	9515	1565	8733	42517	4.47
1970-1979	88	0.19121	0.17452	0.5	7951	1388	7257	33784	4.25
1970-1979	89	0.20384	0.18499	0.5	6563	1214	5956	26527	4.04
1970-1979	90	0.21709	0.19583	0.5	5349	1047	4825	20571	3.85
1970-1979	91	0.23095	0.20704	0.5	4301	891	3856	15746	3.66
1970-1979	92	0.24541	0.21859	0.5	3411	746	3038	11890	3.49
1970-1979	93	0.26047	0.23046	0.5	2665	614	2358	8852	3.32
1970-1979	94	0.27612	0.24263	0.5	2051	498	1802	6494	3.17
1970-1979	95	0.29234	0.25506	0.5	1553	396	1355	4691	3.02
1970-1979	96	0.30910	0.26773	0.5	1157	310	1002	3336	2.88
1970-1979	97	0.32638	0.28059	0.5	847	238	728	2334	2.75
1970-1979	98	0.34415	0.29362	0.5	610	179	520	1605	2.63
1970-1979	99	0.36236	0.30678	0.5	431	132	365	1085	2.52
1970-1979	100	0.38098	0.32002	0.5	299	96	251	721	2.41
1970-1979	101	0.39995	0.33330	0.5	203	68	169	470	2.32
1970-1979	102	0.41923	0.34658	0.5	135	47	112	301	2.22
1970-1979	103	0.43876	0.35982	0.5	88	32	73	189	2.14
1970-1979	104	0.45848	0.37298	0.5	57	21	46	116	2.06
1970-1979	105	0.47833	0.38601	0.5	35	14	29	70	1.98
1970-1979	106	0.49825	0.39888	0.5	22	9	17	42	1.92
1970-1979	107	0.51817	0.41155	0.5	13	5	10	24	1.85
1970-1979	108	0.53804	0.42398	0.5	8	3	6	14	1.80
1970-1979	109	0.55779	0.43615	0.5	4	2	3	8	1.76
1970-1979	110+	0.57735	1.00000	1.73	3	3	4	4	1.73
1980-1989	0	0.01473	0.01453	0.08	100000	1453	98670	6917739	69.18
1980-1989	1	0.00104	0.00104	0.5	98547	103	98495	6819069	69.20
1980-1989	2	0.00067	0.00067	0.5	98444	66	98411	6720574	68.27
1980-1989	3	0.00060	0.00060	0.5	98378	59	98349	6622162	67.31
1980-1989	4	0.00044	0.00044	0.5	98319	43	98298	6523813	66.35
1980-1989	5	0.00034	0.00034	0.5	98276	34	98259	6425516	65.38
1980-1989	6	0.00037	0.00037	0.5	98242	37	98224	6327257	64.40
1980-1989	7	0.00035	0.00035	0.5	98206	35	98188	6229033	63.43
1980-1989	8	0.00035	0.00035	0.5	98171	34	98154	6130845	62.45
1980-1989	9	0.00031	0.00031	0.5	98137	30	98121	6032691	61.47
1980-1989	10	0.00031	0.00031	0.5	98106	31	98091	5934570	60.49
1980-1989	11	0.00035	0.00035	0.5	98076	34	98058	5836479	59.51
1980-1989	12	0.00043	0.00043	0.5	98041	42	98020	5738420	58.53
1980-1989	13	0.00052	0.00052	0.5	97999	51	97974	5640400	57.56
1980-1989	14	0.00063	0.00063	0.5	97949	62	97918	5542426	56.58
1980-1989	15	0.00086	0.00086	0.5	97887	85	97845	5444508	55.62
1980-1989	16	0.00122	0.00122	0.5	97802	120	97743	5346663	54.67
1980-1989	17	0.00134	0.00134	0.5	97683	131	97617	5248921	53.73
1980-1989	18	0.00159	0.00159	0.5	97552	155	97474	5151303	52.81
1980-1989	19	0.00166	0.00166	0.5	97397	162	97316	5053829	51.89
1980-1989	20	0.00191	0.00191	0.5	97235	185	97142	4956513	50.97
1980-1989	21	0.00196	0.00196	0.5	97050	190	96955	4859371	50.07
1980-1989	22	0.00185	0.00185	0.5	96859	179	96770	4762416	49.17
1980-1989	23	0.00202	0.00202	0.5	96680	195	96582	4665647	48.26
1980-1989	24	0.00202	0.00202	0.5	96485	195	96387	4569064	47.36
1980-1989	25	0.00201	0.00201	0.5	96290	193	96193	4472677	46.45
1980-1989	26	0.00201	0.00201	0.5	96097	193	96000	4376484	45.54
1980-1989	27	0.00209	0.00209	0.5	95903	200	95803	4280484	44.63
1980-1989	28	0.00219	0.00219	0.5	95703	210	95598	4184680	43.73
1980-1989	29	0.00207	0.00207	0.5	95494	198	95395	4089082	42.82
1980-1989	30	0.00222	0.00222	0.5	95296	211	95190	3993687	41.91
1980-1989	31	0.00246	0.00246	0.5	95085	234	94968	3898497	41.00
1980-1989	32	0.00248	0.00247	0.5	94851	235	94734	3803529	40.10
1980-1989	33	0.00236	0.00236	0.5	94616	223	94505	3708795	39.20
1980-1989	34	0.00246	0.00246	0.5	94394	232	94277	3614290	38.29
1980-1989	35	0.00252	0.00252	0.5	94161	237	94043	3520012	37.38
1980-1989	36	0.00268	0.00268	0.5	93924	251	93798	3425970	36.48
1980-1989	37	0.00280	0.00280	0.5	93673	262	93542	3332171	35.57
1980-1989	38	0.00339	0.00338	0.5	93411	316	93253	3238630	34.67
1980-1989	39	0.00307	0.00307	0.5	93095	286	92952	3145377	33.79
1980-1989	40	0.00345	0.00344	0.5	92809	320	92649	3052425	32.89
1980-1989	41	0.00380	0.00380	0.5	92490	351	92314	2959775	32.00
1980-1989	42	0.00425	0.00424	0.5	92139	391	91943	2867461	31.12
1980-1989	43	0.00440	0.00439	0.5	91748	403	91546	2775518	30.25
1980-1989	44	0.00486	0.00484	0.5	91345	443	91123	2683972	29.38
1980-1989	45	0.00507	0.00506	0.5	90902	460	90672	2592848	28.52
1980-1989	46	0.00595	0.00593	0.5	90442	537	90174	2502176	27.67
1980-1989	47	0.00610	0.00608	0.5	89906	547	89632	2412002	26.83
1980-1989	48	0.00747	0.00744	0.5	89359	665	89026	2322370	25.99
1980-1989	49	0.00760	0.00757	0.5	88694	672	88358	2233344	25.18
1980-1989	50	0.00844	0.00841	0.5	88022	740	87652	2144986	24.37
1980-1989	51	0.00964	0.00959	0.5	87282	837	86864	2057333	23.57
1980-1989	52	0.01065	0.01060	0.5	86445	916	85987	1970470	22.79
1980-1989	53	0.01131	0.01124	0.5	85529	962	85048	1884482	22.03
1980-1989	54	0.01197	0.01190	0.5	84568	1006	84064	1799434	21.28
1980-1989	55	0.01377	0.01368	0.5	83561	1143	82990	1715369	20.53
1980-1989	56	0.01470	0.01460	0.5	82418	1203	81817	1632380	19.81
1980-1989	57	0.01595	0.01583	0.5	81215	1285	80573	1550563	19.09
1980-1989	58	0.01743	0.01728	0.5	79930	1381	79239	1469990	18.39
1980-1989	59	0.01870	0.01853	0.5	78549	1455	77821	1390751	17.71
1980-1989	60	0.01981	0.01961	0.5	77093	1512	76337	1312930	17.03
1980-1989	61	0.02130	0.02108	0.5	75581	1593	74785	1236593	16.36
1980-1989	62	0.02502	0.02471	0.5	73988	1828	73074	1161808	15.70
1980-1989	63	0.02680	0.02644	0.5	72160	1908	71206	1088734	15.09
1980-1989	64	0.02800	0.02762	0.5	70252	1940	69282	1017528	14.48
1980-1989	65	0.03092	0.03044	0.5	68312	2080	67272	948247	13.88
1980-1989	66	0.03286	0.03233	0.5	66232	2141	65161	880975	13.30
1980-1989	67	0.03458	0.03399	0.5	64091	2178	63001	815814	12.73
1980-1989	68	0.03973	0.03896	0.5	61912	2412	60706	752812	12.16
1980-1989	69	0.04147	0.04063	0.5	59500	2417	58292	692106	11.63
1980-1989	70	0.04475	0.04377	0.5	57083	2498	55834	633815	11.10
1980-1989	71	0.04714	0.04605	0.5	54584	2514	53328	577981	10.59
1980-1989	72	0.05384	0.05243	0.5	52071	2730	50706	524654	10.08
1980-1989	73	0.05972	0.05798	0.5	49341	2861	47910	473948	9.61
1980-1989	74	0.06314	0.06120	0.5	46480	2845	45057	426037	9.17
1980-1989	75	0.06602	0.06391	0.5	43635	2789	42241	380980	8.73
1980-1989	76	0.07264	0.07009	0.5	40847	2863	39415	338739	8.29
1980-1989	77	0.07585	0.07308	0.5	37983	2776	36596	299324	7.88
1980-1989	78	0.08501	0.08155	0.5	35208	2871	33772	262729	7.46
1980-1989	79	0.08266	0.07937	0.5	32337	2567	31053	228956	7.08
1980-1989	80	0.10029	0.09550	0.5	29770	2843	28348	197903	6.65
1980-1989	81	0.10625	0.10089	0.5	26927	2717	25568	169555	6.30
1980-1989	82	0.12082	0.11394	0.5	24210	2758	22831	143986	5.95
1980-1989	83	0.13026	0.12230	0.5	21452	2623	20140	121156	5.65
1980-1989	84	0.13820	0.12927	0.5	18828	2434	17611	101016	5.37
1980-1989	85	0.14863	0.13834	0.5	16394	2268	15260	83404	5.09
1980-1989	86	0.15969	0.14788	0.5	14126	2089	13082	68144	4.82
1980-1989	87	0.17141	0.15788	0.5	12037	1900	11087	55063	4.57
1980-1989	88	0.18380	0.16833	0.5	10137	1706	9284	43976	4.34
1980-1989	89	0.19687	0.17923	0.5	8431	1511	7675	34692	4.12
1980-1989	90	0.21064	0.19057	0.5	6920	1319	6260	27017	3.90
1980-1989	91	0.22509	0.20232	0.5	5601	1133	5034	20757	3.71
1980-1989	92	0.24024	0.21448	0.5	4468	958	3989	15722	3.52
1980-1989	93	0.25607	0.22701	0.5	3509	797	3111	11734	3.34
1980-1989	94	0.27257	0.23988	0.5	2713	651	2387	8623	3.18
1980-1989	95	0.28972	0.25306	0.5	2062	522	1801	6235	3.02
1980-1989	96	0.30749	0.26651	0.5	1540	410	1335	4434	2.88
1980-1989	97	0.32585	0.28020	0.5	1130	317	971	3099	2.74
1980-1989	98	0.34476	0.29407	0.5	813	239	694	2128	2.62
1980-1989	99	0.36418	0.30808	0.5	574	177	486	1434	2.50
1980-1989	100	0.38404	0.32218	0.5	397	128	333	948	2.39
1980-1989	101	0.40431	0.33632	0.5	269	91	224	615	2.28
1980-1989	102	0.42490	0.35045	0.5	179	63	147	391	2.19
1980-1989	103	0.44576	0.36452	0.5	116	42	95	244	2.10
1980-1989	104	0.46681	0.37847	0.5	74	28	60	149	2.02
1980-1989	105	0.48798	0.39227	0.5	46	18	37	89	1.94
1980-1989	106	0.50919	0.40586	0.5	28	11	22	52	1.87
1980-1989	107	0.53037	0.41921	0.5	17	7	13	30	1.81
1980-1989	108	0.55145	0.43226	0.5	10	4	8	17	1.76
1980-1989	109	0.57233	0.44499	0.5	5	2	4	9	1.71
1980-1989	110+	0.59297	1.00000	1.69	3	3	5	5	1.69
1990-1999	0	0.01198	0.01185	0.08	100000	1185	98906	7030744	70.31
1990-1999	1	0.00092	0.00092	0.5	98815	91	98770	6931837	70.15
1990-1999	2	0.00062	0.00062	0.5	98724	61	98694	6833068	69.21
1990-1999	3	0.00053	0.00053	0.5	98664	52	98638	6734374	68.26
1990-1999	4	0.00038	0.00038	0.5	98611	37	98593	6635736	67.29
1990-1999	5	0.00033	0.00033	0.5	98574	32	98558	6537143	66.32
1990-1999	6	0.00034	0.00034	0.5	98542	34	98525	6438585	65.34
1990-1999	7	0.00029	0.00029	0.5	98508	29	98494	6340060	64.36
1990-1999	8	0.00024	0.00024	0.5	98479	23	98468	6241566	63.38
1990-1999	9	0.00023	0.00023	0.5	98456	23	98445	6143098	62.39
1990-1999	10	0.00028	0.00028	0.5	98433	28	98419	6044654	61.41
1990-1999	11	0.00020	0.00020	0.5	98405	20	98396	5946234	60.43
1990-1999	12	0.00034	0.00034	0.5	98386	33	98369	5847839	59.44
1990-1999	13	0.00053	0.00053	0.5	98352	52	98326	5749470	58.46
1990-1999	14	0.00065	0.00065	0.5	98301	64	98269	5651143	57.49
1990-1999	15	0.00076	0.00076	0.5	98237	74	98200	5552875	56.53
1990-1999	16	0.00134	0.00134	0.5	98162	131	98097	5454675	55.57
1990-1999	17	0.00159	0.00159	0.5	98031	155	97953	5356578	54.64
1990-1999	18	0.00199	0.00199	0.5	97876	195	97778	5258625	53.73
1990-1999	19	0.00193	0.00193	0.5	97681	189	97587	5160846	52.83
1990-1999	20	0.00186	0.00186	0.5	97492	182	97401	5063260	51.94
1990-1999	21	0.00203	0.00203	0.5	97311	197	97212	4965859	51.03
1990-1999	22	0.00209	0.00209	0.5	97113	203	97012	4868647	50.13
1990-1999	23	0.00218	0.00218	0.5	96910	211	96805	4771635	49.24
1990-1999	24	0.00208	0.00208	0.5	96699	201	96598	4674830	48.34
1990-1999	25	0.00189	0.00189	0.5	96498	182	96407	4578232	47.44
1990-1999	26	0.00190	0.00190	0.5	96315	183	96224	4481826	46.53
1990-1999	27	0.00202	0.00202	0.5	96133	194	96036	4385602	45.62
1990-1999	28	0.00233	0.00232	0.5	95938	223	95827	4289566	44.71
1990-1999	29	0.00237	0.00237	0.5	95715	227	95602	4193739	43.81
1990-1999	30	0.00230	0.00230	0.5	95489	219	95379	4098137	42.92
1990-1999	31	0.00264	0.00264	0.5	95269	252	95144	4002758	42.02
1990-1999	32	0.00251	0.00251	0.5	95018	238	94899	3907615	41.13
1990-1999	33	0.00266	0.00265	0.5	94780	252	94654	3812716	40.23
1990-1999	34	0.00269	0.00269	0.5	94528	254	94401	3718062	39.33
1990-1999	35	0.00289	0.00288	0.5	94274	272	94138	3623661	38.44
1990-1999	36	0.00302	0.00302	0.5	94002	284	93860	3529523	37.55
1990-1999	37	0.00309	0.00309	0.5	93718	289	93574	3435662	36.66
1990-1999	38	0.00332	0.00332	0.5	93429	310	93274	3342089	35.77
1990-1999	39	0.00329	0.00329	0.5	93119	306	92966	3248814	34.89
1990-1999	40	0.00359	0.00358	0.5	92813	332	92647	3155848	34.00
1990-1999	41	0.00407	0.00406	0.5	92481	376	92293	3063201	33.12
1990-1999	42	0.00413	0.00412	0.5	92105	379	91915	2970909	32.26
1990-1999	43	0.00454	0.00453	0.5	91726	416	91518	2878993	31.39
1990-1999	44	0.00452	0.00451	0.5	91310	411	91104	2787475	30.53
1990-1999	45	0.00509	0.00508	0.5	90899	461	90668	2696371	29.66
1990-1999	46	0.00546	0.00544	0.5	90437	492	90191	2605703	28.81
1990-1999	47	0.00634	0.00632	0.5	89945	569	89661	2515512	27.97
1990-1999	48	0.00655	0.00653	0.5	89376	584	89084	2425852	27.14
1990-1999	49	0.00663	0.00660	0.5	88793	586	88499	2336767	26.32
1990-1999	50	0.00753	0.00750	0.5	88206	662	87876	2248268	25.49
1990-1999	51	0.00793	0.00790	0.5	87545	692	87199	2160392	24.68
1990-1999	52	0.00897	0.00893	0.5	86853	776	86465	2073193	23.87
1990-1999	53	0.00984	0.00979	0.5	86078	843	85656	1986728	23.08
1990-1999	54	0.01040	0.01035	0.5	85235	882	84794	1901072	22.30
1990-1999	55	0.01128	0.01122	0.5	84353	946	83880	1816277	21.53
1990-1999	56	0.01203	0.01196	0.5	83407	998	82908	1732397	20.77
1990-1999	57	0.01291	0.01283	0.5	82409	1057	81881	1649489	20.02
1990-1999	58	0.01487	0.01476	0.5	81352	1201	80752	1567608	19.27
1990-1999	59	0.01595	0.01582	0.5	80152	1268	79518	1486856	18.55
1990-1999	60	0.01709	0.01694	0.5	78884	1336	78215	1407339	17.84
1990-1999	61	0.01991	0.01971	0.5	77547	1529	76783	1329123	17.14
1990-1999	62	0.02134	0.02111	0.5	76019	1605	75216	1252340	16.47
1990-1999	63	0.02330	0.02303	0.5	74414	1714	73557	1177124	15.82
1990-1999	64	0.02503	0.02472	0.5	72700	1797	71801	1103568	15.18
1990-1999	65	0.02630	0.02595	0.5	70903	1840	69982	1031767	14.55
1990-1999	66	0.02922	0.02880	0.5	69062	1989	68068	961784	13.93
1990-1999	67	0.03069	0.03023	0.5	67074	2027	66060	893716	13.32
1990-1999	68	0.03490	0.03430	0.5	65046	2231	63931	827656	12.72
1990-1999	69	0.03842	0.03769	0.5	62815	2368	61631	763726	12.16
1990-1999	70	0.03850	0.03778	0.5	60447	2283	59305	702095	11.62
1990-1999	71	0.04392	0.04298	0.5	58164	2500	56914	642789	11.05
1990-1999	72	0.04695	0.04587	0.5	55664	2553	54387	585876	10.53
1990-1999	73	0.05052	0.04928	0.5	53111	2617	51802	531488	10.01
1990-1999	74	0.05460	0.05315	0.5	50493	2683	49152	479686	9.50
1990-1999	75	0.05992	0.05818	0.5	47810	2782	46419	430535	9.01
1990-1999	76	0.06427	0.06227	0.5	45028	2804	43626	384116	8.53
1990-1999	77	0.07007	0.06770	0.5	42224	2859	40795	340489	8.06
1990-1999	78	0.07710	0.07424	0.5	39366	2923	37904	299694	7.61
1990-1999	79	0.08303	0.07972	0.5	36443	2905	34991	261790	7.18
1990-1999	80	0.09483	0.09054	0.5	33538	3036	32020	226799	6.76
1990-1999	81	0.10480	0.09959	0.5	30502	3038	28983	194779	6.39
1990-1999	82	0.11194	0.10601	0.5	27464	2911	26008	165796	6.04
1990-1999	83	0.12216	0.11512	0.5	24553	2827	23139	139788	5.69
1990-1999	84	0.13345	0.12510	0.5	21726	2718	20367	116648	5.37
1990-1999	85	0.14486	0.13507	0.5	19008	2567	17724	96281	5.07
1990-1999	86	0.15706	0.14563	0.5	16441	2394	15244	78557	4.78
1990-1999	87	0.17009	0.15676	0.5	14046	2202	12945	63313	4.51
1990-1999	88	0.18397	0.16847	0.5	11845	1995	10847	50368	4.25
1990-1999	89	0.19871	0.18075	0.5	9849	1780	8959	39521	4.01
1990-1999	90	0.21431	0.19357	0.5	8069	1562	7288	30562	3.79
1990-1999	91	0.23079	0.20692	0.5	6507	1346	5834	23274	3.58
1990-1999	92	0.24814	0.22075	0.5	5161	1139	4591	17440	3.38
1990-1999	93	0.26634	0.23504	0.5	4021	945	3549	12849	3.20
1990-1999	94	0.28537	0.24974	0.5	3076	768	2692	9301	3.02
1990-1999	95	0.30519	0.26479	0.5	2308	611	2002	6609	2.86
1990-1999	96	0.32576	0.28013	0.5	1697	475	1459	4606	2.71
1990-1999	97	0.34703	0.29572	0.5	1221	361	1041	3147	2.58
1990-1999	98	0.36892	0.31147	0.5	860	268	726	2106	2.45
1990-1999	99	0.39137	0.32732	0.5	592	194	495	1380	2.33
1990-1999	100	0.41428	0.34319	0.5	398	137	330	884	2.22
1990-1999	101	0.43757	0.35902	0.5	262	94	215	554	2.12
1990-1999	102	0.46115	0.37474	0.5	168	63	136	340	2.02
1990-1999	103	0.48489	0.39027	0.5	105	41	84	203	1.94
1990-1999	104	0.50871	0.40555	0.5	64	26	51	119	1.86
1990-1999	105	0.53248	0.42052	0.5	38	16	30	68	1.79
1990-1999	106	0.55611	0.43512	0.5	22	10	17	38	1.72
1990-1999	107	0.57949	0.44931	0.5	12	6	10	21	1.66
1990-1999	108	0.60252	0.46303	0.5	7	3	5	11	1.61
1990-1999	109	0.62510	0.47625	0.5	4	2	3	6	1.57
1990-1999	110+	0.64715	1.00000	1.55	2	2	3	3	1.55
2000-2009	0	0.01041	0.01031	0.07	100000	1031	99044	7163159	71.63
2000-2009	1	0.00073	0.00073	0.5	98969	72	98933	7064116	71.38
2000-2009	2	0.00048	0.00048	0.5	98897	48	98873	6965183	70.43
2000-2009	3	0.00040	0.00040	0.5	98849	40	98829	6866310	69.46
2000-2009	4	0.00029	0.00029	0.5	98809	29	98795	6767481	68.49
2000-2009	5	0.00021	0.00021	0.5	98780	21	98770	6668686	67.51
2000-2009	6	0.00020	0.00020	0.5	98760	20	98749	6569916	66.52
2000-2009	7	0.00021	0.00021	0.5	98739	20	98729	6471166	65.54
2000-2009	8	0.00021	0.00021	0.5	98719	21	98709	6372437	64.55
2000-2009	9	0.00020	0.00020	0.5	98698	20	98689	6273728	63.56
2000-2009	10	0.00019	0.00019	0.5	98679	19	98670	6175040	62.58
2000-2009	11	0.00022	0.00022	0.5	98660	22	98649	6076370	61.59
2000-2009	12	0.00022	0.00022	0.5	98638	22	98627	5977721	60.60
2000-2009	13	0.00028	0.00028	0.5	98617	27	98603	5879094	59.62
2000-2009	14	0.00047	0.00047	0.5	98589	46	98566	5780491	58.63
2000-2009	15	0.00056	0.00056	0.5	98543	56	98516	5681924	57.66
2000-2009	16	0.00099	0.00099	0.5	98488	97	98439	5583409	56.69
2000-2009	17	0.00111	0.00111	0.5	98391	109	98336	5484969	55.75
2000-2009	18	0.00151	0.00151	0.5	98281	148	98207	5386633	54.81
2000-2009	19	0.00188	0.00187	0.5	98133	184	98041	5288426	53.89
2000-2009	20	0.00205	0.00205	0.5	97949	201	97849	5190385	52.99
2000-2009	21	0.00211	0.00211	0.5	97748	206	97645	5092536	52.10
2000-2009	22	0.00205	0.00205	0.5	97543	200	97442	4994890	51.21
2000-2009	23	0.00205	0.00205	0.5	97342	199	97243	4897448	50.31
2000-2009	24	0.00203	0.00203	0.5	97143	197	97044	4800205	49.41
2000-2009	25	0.00213	0.00213	0.5	96946	207	96842	4703161	48.51
2000-2009	26	0.00206	0.00206	0.5	96739	199	96639	4606318	47.62
2000-2009	27	0.00214	0.00214	0.5	96539	207	96436	4509679	46.71
2000-2009	28	0.00199	0.00199	0.5	96333	192	96237	4413243	45.81
2000-2009	29	0.00211	0.00211	0.5	96141	203	96040	4317006	44.90
2000-2009	30	0.00208	0.00207	0.5	95938	199	95839	4220966	44.00
2000-2009	31	0.00218	0.00218	0.5	95739	209	95635	4125127	43.09
2000-2009	32	0.00219	0.00218	0.5	95531	209	95426	4029492	42.18
2000-2009	33	0.00224	0.00224	0.5	95322	213	95215	3934066	41.27
2000-2009	34	0.00240	0.00239	0.5	95109	228	94995	3838851	40.36
2000-2009	35	0.00238	0.00238	0.5	94881	226	94768	3743856	39.46
2000-2009	36	0.00253	0.00253	0.5	94655	239	94536	3649087	38.55
2000-2009	37	0.00289	0.00288	0.5	94416	272	94280	3554552	37.65
2000-2009	38	0.00301	0.00300	0.5	94144	283	94003	3460272	36.76
2000-2009	39	0.00322	0.00322	0.5	93861	302	93710	3366269	35.86
2000-2009	40	0.00351	0.00350	0.5	93559	328	93395	3272559	34.98
2000-2009	41	0.00368	0.00367	0.5	93231	342	93060	3179163	34.10
2000-2009	42	0.00399	0.00398	0.5	92889	370	92705	3086103	33.22
2000-2009	43	0.00446	0.00445	0.5	92520	412	92314	2993399	32.35
2000-2009	44	0.00492	0.00491	0.5	92108	452	91882	2901085	31.50
2000-2009	45	0.00510	0.00509	0.5	91656	467	91422	2809203	30.65
2000-2009	46	0.00583	0.00582	0.5	91189	531	90924	2717781	29.80
2000-2009	47	0.00613	0.00612	0.5	90658	554	90381	2626857	28.98
2000-2009	48	0.00659	0.00657	0.5	90104	592	89808	2536476	28.15
2000-2009	49	0.00709	0.00707	0.5	89512	632	89196	2446667	27.33
2000-2009	50	0.00751	0.00748	0.5	88880	665	88548	2357471	26.52
2000-2009	51	0.00834	0.00830	0.5	88215	732	87849	2268924	25.72
2000-2009	52	0.00873	0.00870	0.5	87483	761	87103	2181075	24.93
2000-2009	53	0.00954	0.00949	0.5	86722	823	86310	2093972	24.15
2000-2009	54	0.01014	0.01009	0.5	85899	866	85466	2007662	23.37
2000-2009	55	0.01102	0.01096	0.5	85032	932	84566	1922196	22.61
2000-2009	56	0.01165	0.01158	0.5	84101	974	83614	1837629	21.85
2000-2009	57	0.01276	0.01268	0.5	83127	1054	82600	1754016	21.10
2000-2009	58	0.01371	0.01362	0.5	82073	1118	81514	1671416	20.37
2000-2009	59	0.01453	0.01442	0.5	80955	1168	80371	1589902	19.64
2000-2009	60	0.01511	0.01500	0.5	79787	1197	79189	1509531	18.92
2000-2009	61	0.01642	0.01629	0.5	78590	1280	77950	1430342	18.20
2000-2009	62	0.01786	0.01770	0.5	77310	1369	76626	1352392	17.49
2000-2009	63	0.02002	0.01982	0.5	75941	1505	75189	1275766	16.80
2000-2009	64	0.02156	0.02133	0.5	74436	1588	73642	1200577	16.13
2000-2009	65	0.02313	0.02287	0.5	72849	1666	72016	1126935	15.47
2000-2009	66	0.02490	0.02459	0.5	71183	1751	70308	1054919	14.82
2000-2009	67	0.02618	0.02584	0.5	69432	1794	68535	984611	14.18
2000-2009	68	0.02788	0.02750	0.5	67638	1860	66708	916076	13.54
2000-2009	69	0.03095	0.03048	0.5	65778	2005	64775	849368	12.91
2000-2009	70	0.03361	0.03305	0.5	63773	2108	62719	784593	12.30
2000-2009	71	0.03687	0.03621	0.5	61665	2233	60549	721874	11.71
2000-2009	72	0.03963	0.03886	0.5	59432	2310	58277	661326	11.13
2000-2009	73	0.04373	0.04279	0.5	57123	2444	55900	603048	10.56
2000-2009	74	0.04696	0.04588	0.5	54678	2509	53424	547148	10.01
2000-2009	75	0.05024	0.04901	0.5	52169	2557	50891	493724	9.46
2000-2009	76	0.05699	0.05541	0.5	49613	2749	48238	442833	8.93
2000-2009	77	0.06067	0.05888	0.5	46864	2759	45484	394595	8.42
2000-2009	78	0.06594	0.06384	0.5	44104	2815	42696	349111	7.92
2000-2009	79	0.07571	0.07295	0.5	41289	3012	39783	306415	7.42
2000-2009	80	0.08445	0.08103	0.5	38277	3102	36726	266632	6.97
2000-2009	81	0.09517	0.09085	0.5	35175	3196	33577	229906	6.54
2000-2009	82	0.10453	0.09934	0.5	31979	3177	30391	196329	6.14
2000-2009	83	0.11321	0.10715	0.5	28803	3086	27260	165938	5.76
2000-2009	84	0.12091	0.11401	0.5	25717	2932	24251	138678	5.39
2000-2009	85	0.13723	0.12841	0.5	22784	2926	21322	114428	5.02
2000-2009	86	0.15338	0.14245	0.5	19859	2829	18444	93106	4.69
2000-2009	87	0.16872	0.15560	0.5	17030	2650	15705	74662	4.38
2000-2009	88	0.18527	0.16956	0.5	14380	2438	13161	58957	4.10
2000-2009	89	0.20303	0.18432	0.5	11942	2201	10841	45797	3.84
2000-2009	90	0.22204	0.19985	0.5	9741	1947	8767	34955	3.59
2000-2009	91	0.24229	0.21611	0.5	7794	1684	6952	26188	3.36
2000-2009	92	0.26375	0.23302	0.5	6110	1424	5398	19237	3.15
2000-2009	93	0.28640	0.25053	0.5	4686	1174	4099	13839	2.95
2000-2009	94	0.31018	0.26853	0.5	3512	943	3040	9740	2.77
2000-2009	95	0.33500	0.28694	0.5	2569	737	2200	6699	2.61
2000-2009	96	0.36077	0.30564	0.5	1832	560	1552	4499	2.46
2000-2009	97	0.38737	0.32451	0.5	1272	413	1066	2947	2.32
2000-2009	98	0.41465	0.34345	0.5	859	295	712	1882	2.19
2000-2009	99	0.44247	0.36232	0.5	564	204	462	1170	2.07
2000-2009	100	0.47066	0.38100	0.5	360	137	291	708	1.97
2000-2009	101	0.49903	0.39938	0.5	223	89	178	417	1.87
2000-2009	102	0.52742	0.41736	0.5	134	56	106	239	1.79
2000-2009	103	0.55562	0.43482	0.5	78	34	61	133	1.71
2000-2009	104	0.58347	0.45169	0.5	44	20	34	72	1.64
2000-2009	105	0.61080	0.46790	0.5	24	11	18	38	1.57
2000-2009	106	0.63745	0.48338	0.5	13	6	10	19	1.51
2000-2009	107	0.66328	0.49809	0.5	7	3	5	10	1.46
2000-2009	108	0.68817	0.51200	0.5	3	2	2	5	1.42
2000-2009	109	0.71202	0.52508	0.5	2	1	1	2	1.38
2000-2009	110+	0.73474	1.00000	1.36	1	1	1	1	1.36
2010-2019	0	0.00909	0.00902	0.07	100000	902	99161	7244513	72.45
2010-2019	1	0.00063	0.00063	0.5	99098	62	99067	7145352	72.10
2010-2019	2	0.00045	0.00045	0.5	99036	44	99014	7046284	71.15
2010-2019	3	0.00037	0.00037	0.5	98992	36	98974	6947270	70.18
2010-2019	4	0.00023	0.00023	0.5	98956	23	98944	6848297	69.21
2010-2019	5	0.00020	0.00020	0.5	98933	20	98923	6749352	68.22
2010-2019	6	0.00020	0.00020	0.5	98913	20	98903	6650429	67.23
2010-2019	7	0.00017	0.00017	0.5	98894	17	98885	6551526	66.25
2010-2019	8	0.00025	0.00025	0.5	98877	25	98865	6452641	65.26
2010-2019	9	0.00017	0.00017	0.5	98852	16	98844	6353776	64.28
2010-2019	10	0.00018	0.00018	0.5	98836	18	98827	6254932	63.29
2010-2019	11	0.00018	0.00018	0.5	98818	18	98809	6156105	62.30
2010-2019	12	0.00023	0.00023	0.5	98800	23	98789	6057295	61.31
2010-2019	13	0.00027	0.00027	0.5	98777	26	98764	5958507	60.32
2010-2019	14	0.00031	0.00031	0.5	98751	30	98736	5859743	59.34
2010-2019	15	0.00046	0.00046	0.5	98720	45	98698	5761007	58.36
2010-2019	16	0.00062	0.00062	0.5	98675	61	98645	5662310	57.38
2010-2019	17	0.00096	0.00096	0.5	98614	94	98567	5563665	56.42
2010-2019	18	0.00130	0.00130	0.5	98520	128	98456	5465098	55.47
2010-2019	19	0.00155	0.00155	0.5	98391	153	98315	5366643	54.54
2010-2019	20	0.00165	0.00165	0.5	98239	162	98158	5268328	53.63
2010-2019	21	0.00168	0.00168	0.5	98077	165	97994	5170170	52.72
2010-2019	22	0.00176	0.00176	0.5	97912	172	97826	5072176	51.80
2010-2019	23	0.00182	0.00182	0.5	97739	178	97650	4974350	50.89
2010-2019	24	0.00192	0.00192	0.5	97561	187	97468	4876700	49.99
2010-2019	25	0.00202	0.00202	0.5	97374	197	97275	4779232	49.08
2010-2019	26	0.00208	0.00208	0.5	97177	202	97076	4681957	48.18
2010-2019	27	0.00218	0.00217	0.5	96975	211	96869	4584881	47.28
2010-2019	28	0.00228	0.00227	0.5	96764	220	96654	4488012	46.38
2010-2019	29	0.00218	0.00218	0.5	96544	211	96439	4391357	45.49
2010-2019	30	0.00248	0.00247	0.5	96334	238	96214	4294919	44.58
2010-2019	31	0.00253	0.00253	0.5	96095	243	95974	4198704	43.69
2010-2019	32	0.00261	0.00260	0.5	95852	250	95727	4102731	42.80
2010-2019	33	0.00256	0.00256	0.5	95602	245	95480	4007003	41.91
2010-2019	34	0.00280	0.00280	0.5	95358	267	95224	3911523	41.02
2010-2019	35	0.00293	0.00292	0.5	95091	278	94952	3816299	40.13
2010-2019	36	0.00308	0.00308	0.5	94813	292	94667	3721347	39.25
2010-2019	37	0.00303	0.00302	0.5	94521	286	94378	3626680	38.37
2010-2019	38	0.00324	0.00323	0.5	94235	304	94083	3532302	37.48
2010-2019	39	0.00341	0.00340	0.5	93931	320	93771	3438218	36.60
2010-2019	40	0.00352	0.00351	0.5	93612	329	93447	3344447	35.73
2010-2019	41	0.00369	0.00369	0.5	93283	344	93111	3251000	34.85
2010-2019	42	0.00381	0.00381	0.5	92939	354	92762	3157889	33.98
2010-2019	43	0.00404	0.00403	0.5	92585	373	92399	3065127	33.11
2010-2019	44	0.00451	0.00450	0.5	92212	415	92005	2972728	32.24
2010-2019	45	0.00485	0.00484	0.5	91797	444	91575	2880724	31.38
2010-2019	46	0.00528	0.00526	0.5	91353	481	91112	2789149	30.53
2010-2019	47	0.00558	0.00556	0.5	90872	506	90619	2698036	29.69
2010-2019	48	0.00608	0.00606	0.5	90366	548	90093	2607417	28.85
2010-2019	49	0.00647	0.00645	0.5	89819	579	89529	2517325	28.03
2010-2019	50	0.00696	0.00694	0.5	89240	619	88930	2427795	27.21
2010-2019	51	0.00789	0.00786	0.5	88621	697	88273	2338865	26.39
2010-2019	52	0.00864	0.00860	0.5	87924	756	87546	2250592	25.60
2010-2019	53	0.00964	0.00960	0.5	87168	836	86750	2163046	24.81
2010-2019	54	0.01006	0.01001	0.5	86331	864	85899	2076297	24.05
2010-2019	55	0.01143	0.01136	0.5	85467	971	84981	1990397	23.29
2010-2019	56	0.01191	0.01184	0.5	84496	1001	83995	1905416	22.55
2010-2019	57	0.01325	0.01316	0.5	83495	1099	82946	1821420	21.81
2010-2019	58	0.01344	0.01335	0.5	82396	1100	81846	1738475	21.10
2010-2019	59	0.01459	0.01449	0.5	81296	1178	80708	1656628	20.38
2010-2019	60	0.01565	0.01553	0.5	80119	1244	79496	1575921	19.67
2010-2019	61	0.01678	0.01664	0.5	78874	1313	78218	1496424	18.97
2010-2019	62	0.01797	0.01781	0.5	77562	1381	76871	1418206	18.28
2010-2019	63	0.01964	0.01944	0.5	76180	1481	75440	1341335	17.61
2010-2019	64	0.02020	0.02000	0.5	74699	1494	73952	1265896	16.95
2010-2019	65	0.02196	0.02173	0.5	73205	1590	72410	1191944	16.28
2010-2019	66	0.02285	0.02259	0.5	71615	1618	70806	1119534	15.63
2010-2019	67	0.02481	0.02450	0.5	69997	1715	69139	1048728	14.98
2010-2019	68	0.02649	0.02614	0.5	68282	1785	67389	979589	14.35
2010-2019	69	0.02777	0.02739	0.5	66497	1821	65586	912200	13.72
2010-2019	70	0.03007	0.02963	0.5	64675	1916	63717	846614	13.09
2010-2019	71	0.03262	0.03210	0.5	62759	2014	61752	782896	12.47
2010-2019	72	0.03552	0.03490	0.5	60745	2120	59685	721145	11.87
2010-2019	73	0.03840	0.03768	0.5	58625	2209	57520	661460	11.28
2010-2019	74	0.04269	0.04180	0.5	56416	2358	55237	603939	10.71
2010-2019	75	0.04569	0.04467	0.5	54058	2415	52850	548703	10.15
2010-2019	76	0.04998	0.04876	0.5	51643	2518	50384	495852	9.60
2010-2019	77	0.05315	0.05177	0.5	49125	2543	47853	445468	9.07
2010-2019	78	0.05952	0.05780	0.5	46582	2693	45235	397615	8.54
2010-2019	79	0.06446	0.06245	0.5	43889	2741	42519	352379	8.03
2010-2019	80	0.07197	0.06947	0.5	41148	2859	39719	309861	7.53
2010-2019	81	0.07962	0.07657	0.5	38290	2932	36824	270141	7.06
2010-2019	82	0.08894	0.08515	0.5	35358	3011	33853	233318	6.60
2010-2019	83	0.09855	0.09392	0.5	32347	3038	30828	199465	6.17
2010-2019	84	0.10820	0.10265	0.5	29309	3009	27805	168637	5.75
2010-2019	85	0.12161	0.11464	0.5	26301	3015	24793	140832	5.35
2010-2019	86	0.13662	0.12789	0.5	23285	2978	21797	116039	4.98
2010-2019	87	0.15180	0.14109	0.5	20308	2865	18875	94243	4.64
2010-2019	88	0.16834	0.15527	0.5	17442	2708	16088	75368	4.32
2010-2019	89	0.18628	0.17040	0.5	14734	2511	13479	59279	4.02
2010-2019	90	0.20566	0.18648	0.5	12223	2279	11084	45801	3.75
2010-2019	91	0.22649	0.20345	0.5	9944	2023	8932	34717	3.49
2010-2019	92	0.24877	0.22125	0.5	7921	1753	7045	25785	3.26
2010-2019	93	0.27248	0.23981	0.5	6168	1479	5429	18740	3.04
2010-2019	94	0.29755	0.25901	0.5	4689	1215	4082	13311	2.84
2010-2019	95	0.32390	0.27875	0.5	3475	969	2990	9229	2.66
2010-2019	96	0.35141	0.29889	0.5	2506	749	2132	6239	2.49
2010-2019	97	0.37995	0.31929	0.5	1757	561	1476	4108	2.34
2010-2019	98	0.40934	0.33980	0.5	1196	406	993	2631	2.20
2010-2019	99	0.43940	0.36025	0.5	790	284	647	1638	2.07
2010-2019	100	0.46990	0.38050	0.5	505	192	409	991	1.96
2010-2019	101	0.50064	0.40041	0.5	313	125	250	582	1.86
2010-2019	102	0.53137	0.41982	0.5	188	79	148	332	1.77
2010-2019	103	0.56186	0.43863	0.5	109	48	85	183	1.68
2010-2019	104	0.59189	0.45672	0.5	61	28	47	98	1.61
2010-2019	105	0.62125	0.47401	0.5	33	16	25	51	1.54
2010-2019	106	0.64975	0.49042	0.5	17	9	13	26	1.49
2010-2019	107	0.67722	0.50591	0.5	9	5	7	13	1.43
2010-2019	108	0.70352	0.52044	0.5	4	2	3	6	1.39
2010-2019	109	0.72853	0.53401	0.5	2	1	2	3	1.35
2010-2019	110+	0.75218	1.00000	1.33	1	1	1	1	1.33
2020-2022	0	0.00804	0.00798	0.07	100000	798	99255	7011017	70.11
2020-2022	1	0.00059	0.00059	0.5	99202	58	99173	6911761	69.67
2020-2022	2	0.00064	0.00064	0.5	99144	64	99112	6812588	68.71
2020-2022	3	0.00034	0.00034	0.5	99080	33	99064	6713476	67.76
2020-2022	4	0.00029	0.00029	0.5	99047	29	99033	6614412	66.78
2020-2022	5	0.00021	0.00021	0.5	99018	21	99008	6515380	65.80
2020-2022	6	0.00023	0.00023	0.5	98997	23	98986	6416372	64.81
2020-2022	7	0.00012	0.00012	0.5	98974	12	98968	6317386	63.83
2020-2022	8	0.00020	0.00020	0.5	98962	20	98952	6218418	62.84
2020-2022	9	0.00018	0.00018	0.5	98942	18	98934	6119466	61.85
2020-2022	10	0.00025	0.00025	0.5	98925	25	98912	6020532	60.86
2020-2022	11	0.00027	0.00027	0.5	98900	26	98887	5921620	59.87
2020-2022	12	0.00023	0.00023	0.5	98874	23	98862	5822733	58.89
2020-2022	13	0.00034	0.00034	0.5	98851	34	98834	5723871	57.90
2020-2022	14	0.00047	0.00047	0.5	98817	46	98794	5625037	56.92
2020-2022	15	0.00049	0.00049	0.5	98771	48	98747	5526243	55.95
2020-2022	16	0.00075	0.00075	0.5	98722	74	98686	5427496	54.98
2020-2022	17	0.00126	0.00126	0.5	98649	125	98586	5328811	54.02
2020-2022	18	0.00163	0.00163	0.5	98524	161	98444	5230224	53.09
2020-2022	19	0.00171	0.00171	0.5	98363	168	98279	5131780	52.17
2020-2022	20	0.00181	0.00181	0.5	98195	178	98106	5033501	51.26
2020-2022	21	0.00206	0.00206	0.5	98017	202	97916	4935395	50.35
2020-2022	22	0.00225	0.00224	0.5	97815	219	97706	4837478	49.46
2020-2022	23	0.00223	0.00223	0.5	97596	217	97487	4739773	48.57
2020-2022	24	0.00232	0.00232	0.5	97379	226	97266	4642285	47.67
2020-2022	25	0.00283	0.00283	0.5	97153	275	97016	4545019	46.78
2020-2022	26	0.00277	0.00277	0.5	96878	268	96744	4448004	45.91
2020-2022	27	0.00269	0.00268	0.5	96610	259	96481	4351260	45.04
2020-2022	28	0.00278	0.00278	0.5	96351	268	96217	4254779	44.16
2020-2022	29	0.00338	0.00338	0.5	96083	325	95921	4158562	43.28
2020-2022	30	0.00337	0.00336	0.5	95759	322	95598	4062641	42.43
2020-2022	31	0.00348	0.00348	0.5	95437	332	95271	3967043	41.57
2020-2022	32	0.00375	0.00375	0.5	95105	356	94927	3871772	40.71
2020-2022	33	0.00358	0.00357	0.5	94749	339	94579	3776845	39.86
2020-2022	34	0.00393	0.00392	0.5	94410	370	94225	3682266	39.00
2020-2022	35	0.00398	0.00397	0.5	94040	373	93853	3588041	38.15
2020-2022	36	0.00449	0.00448	0.5	93667	420	93457	3494187	37.30
2020-2022	37	0.00438	0.00437	0.5	93247	407	93044	3400730	36.47
2020-2022	38	0.00452	0.00451	0.5	92840	419	92631	3307687	35.63
2020-2022	39	0.00507	0.00506	0.5	92421	467	92188	3215056	34.79
2020-2022	40	0.00527	0.00526	0.5	91954	484	91712	3122869	33.96
2020-2022	41	0.00540	0.00538	0.5	91470	492	91224	3031156	33.14
2020-2022	42	0.00624	0.00622	0.5	90978	566	90695	2939932	32.31
2020-2022	43	0.00636	0.00634	0.5	90412	573	90126	2849237	31.51
2020-2022	44	0.00588	0.00586	0.5	89839	527	89575	2759112	30.71
2020-2022	45	0.00630	0.00628	0.5	89312	561	89032	2669536	29.89
2020-2022	46	0.00701	0.00699	0.5	88751	620	88441	2580504	29.08
2020-2022	47	0.00730	0.00728	0.5	88131	641	87811	2492063	28.28
2020-2022	48	0.00821	0.00817	0.5	87490	715	87133	2404252	27.48
2020-2022	49	0.00782	0.00779	0.5	86775	676	86437	2317120	26.70
2020-2022	50	0.00922	0.00918	0.5	86099	790	85704	2230683	25.91
2020-2022	51	0.00887	0.00883	0.5	85309	754	84932	2144979	25.14
2020-2022	52	0.00962	0.00958	0.5	84555	810	84150	2060048	24.36
2020-2022	53	0.01095	0.01089	0.5	83745	912	83289	1975897	23.59
2020-2022	54	0.01177	0.01170	0.5	82833	969	82349	1892608	22.85
2020-2022	55	0.01295	0.01287	0.5	81865	1053	81338	1810259	22.11
2020-2022	56	0.01355	0.01346	0.5	80811	1088	80267	1728921	21.39
2020-2022	57	0.01469	0.01458	0.5	79723	1163	79142	1648654	20.68
2020-2022	58	0.01630	0.01617	0.5	78561	1271	77926	1569512	19.98
2020-2022	59	0.01687	0.01673	0.5	77290	1293	76644	1491586	19.30
2020-2022	60	0.01840	0.01823	0.5	75997	1386	75304	1414942	18.62
2020-2022	61	0.02030	0.02009	0.5	74612	1499	73862	1339638	17.95
2020-2022	62	0.02209	0.02185	0.5	73113	1597	72314	1265776	17.31
2020-2022	63	0.02394	0.02366	0.5	71515	1692	70669	1193462	16.69
2020-2022	64	0.02487	0.02456	0.5	69823	1715	68966	1122792	16.08
2020-2022	65	0.02649	0.02614	0.5	68109	1781	67218	1053826	15.47
2020-2022	66	0.02757	0.02720	0.5	66328	1804	65426	986608	14.87
2020-2022	67	0.02831	0.02791	0.5	64524	1801	63624	921182	14.28
2020-2022	68	0.03051	0.03005	0.5	62723	1885	61781	857559	13.67
2020-2022	69	0.03208	0.03157	0.5	60838	1921	59878	795778	13.08
2020-2022	70	0.03542	0.03480	0.5	58917	2050	57892	735900	12.49
2020-2022	71	0.03761	0.03692	0.5	56867	2100	55817	678008	11.92
2020-2022	72	0.04058	0.03977	0.5	54768	2178	53678	622190	11.36
2020-2022	73	0.04360	0.04267	0.5	52589	2244	51467	568512	10.81
2020-2022	74	0.04849	0.04734	0.5	50345	2383	49154	517045	10.27
2020-2022	75	0.05123	0.04995	0.5	47962	2396	46764	467891	9.76
2020-2022	76	0.05471	0.05325	0.5	45566	2427	44353	421127	9.24
2020-2022	77	0.06022	0.05846	0.5	43140	2522	41879	376774	8.73
2020-2022	78	0.06641	0.06428	0.5	40618	2611	39312	334895	8.25
2020-2022	79	0.07203	0.06953	0.5	38007	2643	36686	295583	7.78
2020-2022	80	0.07957	0.07653	0.5	35364	2706	34011	258897	7.32
2020-2022	81	0.08540	0.08190	0.5	32658	2675	31321	224886	6.89
2020-2022	82	0.09673	0.09227	0.5	29983	2767	28600	193565	6.46
2020-2022	83	0.10268	0.09766	0.5	27217	2658	25888	164965	6.06
2020-2022	84	0.11245	0.10647	0.5	24559	2615	23251	139077	5.66
2020-2022	85	0.12097	0.11407	0.5	21944	2503	20692	115826	5.28
2020-2022	86	0.14202	0.13260	0.5	19441	2578	18152	95134	4.89
2020-2022	87	0.15714	0.14569	0.5	16863	2457	15635	76982	4.57
2020-2022	88	0.17355	0.15969	0.5	14406	2301	13256	61347	4.26
2020-2022	89	0.19128	0.17458	0.5	12106	2113	11049	48091	3.97
2020-2022	90	0.21037	0.19035	0.5	9992	1902	9041	37042	3.71
2020-2022	91	0.23081	0.20693	0.5	8090	1674	7253	28001	3.46
2020-2022	92	0.25261	0.22428	0.5	6416	1439	5697	20748	3.23
2020-2022	93	0.27573	0.24232	0.5	4977	1206	4374	15051	3.02
2020-2022	94	0.30011	0.26095	0.5	3771	984	3279	10677	2.83
2020-2022	95	0.32568	0.28007	0.5	2787	781	2397	7398	2.65
2020-2022	96	0.35233	0.29956	0.5	2006	601	1706	5002	2.49
2020-2022	97	0.37994	0.31928	0.5	1405	449	1181	3296	2.35
2020-2022	98	0.40834	0.33910	0.5	957	324	794	2115	2.21
2020-2022	99	0.43737	0.35888	0.5	632	227	519	1320	2.09
2020-2022	100	0.46683	0.37849	0.5	405	153	329	801	1.98
2020-2022	101	0.49653	0.39778	0.5	252	100	202	473	1.88
2020-2022	102	0.52625	0.41663	0.5	152	63	120	271	1.79
2020-2022	103	0.55579	0.43492	0.5	89	38	69	151	1.70
2020-2022	104	0.58494	0.45257	0.5	50	23	39	81	1.63
2020-2022	105	0.61350	0.46949	0.5	27	13	21	43	1.56
2020-2022	106	0.64131	0.48560	0.5	15	7	11	22	1.50
2020-2022	107	0.66819	0.50086	0.5	7	4	6	11	1.45
2020-2022	108	0.69403	0.51523	0.5	4	2	3	5	1.41
2020-2022	109	0.71869	0.52870	0.5	2	1	1	2	1.37
2020-2022	110+	0.74211	1.00000	1.35	1	1	1	1	1.35
