TX: TX, Lifetables (period 1x10), Females Last modified: February 4 2025, MPv5 (May07) 

Year     	Age	mx	qx	ax	lx	dx	Lx	Tx	ex
1941-1949	0	0.04484	0.04325	0.18	100000	4325	96447	6844737	68.45
1941-1949	1	0.00521	0.00519	0.5	95675	497	95426	6748290	70.53
1941-1949	2	0.00241	0.00240	0.5	95178	229	95064	6652863	69.90
1941-1949	3	0.00157	0.00156	0.5	94949	149	94875	6557800	69.07
1941-1949	4	0.00125	0.00125	0.5	94801	118	94742	6462925	68.17
1941-1949	5	0.00103	0.00103	0.5	94682	97	94634	6368183	67.26
1941-1949	6	0.00089	0.00089	0.5	94585	84	94543	6273550	66.33
1941-1949	7	0.00078	0.00078	0.5	94501	74	94464	6179007	65.39
1941-1949	8	0.00070	0.00070	0.5	94427	66	94394	6084543	64.44
1941-1949	9	0.00064	0.00064	0.5	94361	60	94331	5990149	63.48
1941-1949	10	0.00061	0.00061	0.5	94301	58	94272	5895819	62.52
1941-1949	11	0.00063	0.00063	0.5	94243	60	94213	5801547	61.56
1941-1949	12	0.00071	0.00071	0.5	94183	67	94150	5707334	60.60
1941-1949	13	0.00083	0.00083	0.5	94117	78	94078	5613184	59.64
1941-1949	14	0.00100	0.00100	0.5	94039	94	93992	5519106	58.69
1941-1949	15	0.00120	0.00120	0.5	93945	113	93889	5425115	57.75
1941-1949	16	0.00138	0.00138	0.5	93832	130	93768	5331226	56.82
1941-1949	17	0.00154	0.00154	0.5	93703	144	93630	5237458	55.89
1941-1949	18	0.00168	0.00168	0.5	93558	157	93480	5143828	54.98
1941-1949	19	0.00180	0.00180	0.5	93401	168	93317	5050348	54.07
1941-1949	20	0.00191	0.00191	0.5	93233	178	93144	4957032	53.17
1941-1949	21	0.00200	0.00199	0.5	93054	186	92962	4863888	52.27
1941-1949	22	0.00205	0.00205	0.5	92869	191	92774	4770926	51.37
1941-1949	23	0.00209	0.00209	0.5	92678	194	92581	4678153	50.48
1941-1949	24	0.00211	0.00210	0.5	92485	195	92387	4585571	49.58
1941-1949	25	0.00210	0.00210	0.5	92290	194	92193	4493184	48.69
1941-1949	26	0.00211	0.00211	0.5	92096	194	91999	4400991	47.79
1941-1949	27	0.00214	0.00213	0.5	91902	196	91804	4308992	46.89
1941-1949	28	0.00220	0.00219	0.5	91706	201	91605	4217188	45.99
1941-1949	29	0.00229	0.00228	0.5	91505	209	91400	4125583	45.09
1941-1949	30	0.00240	0.00240	0.5	91296	219	91186	4034183	44.19
1941-1949	31	0.00250	0.00250	0.5	91077	228	90963	3942996	43.29
1941-1949	32	0.00261	0.00261	0.5	90849	237	90731	3852033	42.40
1941-1949	33	0.00273	0.00273	0.5	90613	247	90489	3761302	41.51
1941-1949	34	0.00285	0.00285	0.5	90366	257	90237	3670813	40.62
1941-1949	35	0.00301	0.00300	0.5	90108	271	89973	3580576	39.74
1941-1949	36	0.00317	0.00316	0.5	89838	284	89696	3490603	38.85
1941-1949	37	0.00335	0.00334	0.5	89553	299	89404	3400907	37.98
1941-1949	38	0.00356	0.00355	0.5	89254	317	89096	3311504	37.10
1941-1949	39	0.00379	0.00378	0.5	88937	336	88769	3222408	36.23
1941-1949	40	0.00401	0.00400	0.5	88601	354	88424	3133639	35.37
1941-1949	41	0.00420	0.00419	0.5	88247	369	88062	3045215	34.51
1941-1949	42	0.00445	0.00444	0.5	87877	390	87682	2957153	33.65
1941-1949	43	0.00475	0.00474	0.5	87487	414	87280	2869471	32.80
1941-1949	44	0.00501	0.00500	0.5	87073	435	86855	2782191	31.95
1941-1949	45	0.00532	0.00531	0.5	86637	460	86408	2695335	31.11
1941-1949	46	0.00562	0.00560	0.5	86178	483	85936	2608928	30.27
1941-1949	47	0.00593	0.00592	0.5	85695	507	85441	2522991	29.44
1941-1949	48	0.00633	0.00631	0.5	85188	537	84919	2437550	28.61
1941-1949	49	0.00679	0.00676	0.5	84651	573	84365	2352630	27.79
1941-1949	50	0.00730	0.00728	0.5	84078	612	83772	2268266	26.98
1941-1949	51	0.00773	0.00770	0.5	83466	642	83145	2184494	26.17
1941-1949	52	0.00820	0.00817	0.5	82824	676	82486	2101348	25.37
1941-1949	53	0.00878	0.00874	0.5	82148	718	81788	2018863	24.58
1941-1949	54	0.00939	0.00934	0.5	81429	761	81049	1937074	23.79
1941-1949	55	0.01006	0.01001	0.5	80669	808	80265	1856025	23.01
1941-1949	56	0.01070	0.01064	0.5	79861	850	79436	1775760	22.24
1941-1949	57	0.01135	0.01128	0.5	79011	891	78565	1696325	21.47
1941-1949	58	0.01207	0.01200	0.5	78119	937	77651	1617760	20.71
1941-1949	59	0.01276	0.01268	0.5	77182	979	76693	1540109	19.95
1941-1949	60	0.01346	0.01337	0.5	76203	1019	75694	1463416	19.20
1941-1949	61	0.01419	0.01409	0.5	75185	1059	74655	1387722	18.46
1941-1949	62	0.01522	0.01510	0.5	74125	1119	73566	1313067	17.71
1941-1949	63	0.01668	0.01654	0.5	73006	1208	72402	1239501	16.98
1941-1949	64	0.01843	0.01826	0.5	71798	1311	71143	1167099	16.26
1941-1949	65	0.02070	0.02049	0.5	70487	1444	69765	1095956	15.55
1941-1949	66	0.02292	0.02266	0.5	69043	1565	68261	1026191	14.86
1941-1949	67	0.02511	0.02480	0.5	67479	1673	66642	957930	14.20
1941-1949	68	0.02780	0.02742	0.5	65805	1804	64903	891288	13.54
1941-1949	69	0.03061	0.03015	0.5	64001	1929	63036	826385	12.91
1941-1949	70	0.03356	0.03301	0.5	62071	2049	61047	763349	12.30
1941-1949	71	0.03628	0.03564	0.5	60023	2139	58953	702302	11.70
1941-1949	72	0.03948	0.03872	0.5	57884	2241	56763	643349	11.11
1941-1949	73	0.04351	0.04258	0.5	55642	2369	54458	586586	10.54
1941-1949	74	0.04757	0.04646	0.5	53273	2475	52035	532128	9.99
1941-1949	75	0.05223	0.05090	0.5	50798	2586	49505	480093	9.45
1941-1949	76	0.05704	0.05546	0.5	48212	2674	46875	430588	8.93
1941-1949	77	0.06214	0.06026	0.5	45538	2744	44166	383713	8.43
1941-1949	78	0.06873	0.06645	0.5	42794	2843	41372	339547	7.93
1941-1949	79	0.07578	0.07301	0.5	39950	2917	38492	298174	7.46
1941-1949	80	0.08714	0.08350	0.5	37034	3092	35487	259682	7.01
1941-1949	81	0.09628	0.09185	0.5	33941	3118	32382	224195	6.61
1941-1949	82	0.10607	0.10073	0.5	30824	3105	29271	191812	6.22
1941-1949	83	0.11667	0.11024	0.5	27719	3056	26191	162541	5.86
1941-1949	84	0.12792	0.12023	0.5	24663	2965	23180	136350	5.53
1941-1949	85	0.13970	0.13058	0.5	21698	2833	20281	113170	5.22
1941-1949	86	0.15219	0.14142	0.5	18865	2668	17531	92889	4.92
1941-1949	87	0.16579	0.15310	0.5	16197	2480	14957	75358	4.65
1941-1949	88	0.18040	0.16547	0.5	13717	2270	12582	60401	4.40
1941-1949	89	0.19503	0.17770	0.5	11447	2034	10430	47819	4.18
1941-1949	90	0.20768	0.18814	0.5	9413	1771	8528	37389	3.97
1941-1949	91	0.21625	0.19515	0.5	7642	1491	6896	28862	3.78
1941-1949	92	0.23238	0.20819	0.5	6151	1281	5510	21965	3.57
1941-1949	93	0.24933	0.22169	0.5	4870	1080	4330	16455	3.38
1941-1949	94	0.26708	0.23562	0.5	3790	893	3344	12124	3.20
1941-1949	95	0.28562	0.24993	0.5	2897	724	2535	8780	3.03
1941-1949	96	0.30491	0.26457	0.5	2173	575	1886	6245	2.87
1941-1949	97	0.32491	0.27950	0.5	1598	447	1375	4359	2.73
1941-1949	98	0.34556	0.29465	0.5	1152	339	982	2984	2.59
1941-1949	99	0.36682	0.30997	0.5	812	252	686	2003	2.47
1941-1949	100	0.38861	0.32539	0.5	560	182	469	1316	2.35
1941-1949	101	0.41085	0.34084	0.5	378	129	314	847	2.24
1941-1949	102	0.43347	0.35626	0.5	249	89	205	533	2.14
1941-1949	103	0.45636	0.37158	0.5	160	60	131	328	2.05
1941-1949	104	0.47944	0.38673	0.5	101	39	81	198	1.96
1941-1949	105	0.50261	0.40167	0.5	62	25	49	116	1.88
1941-1949	106	0.52577	0.41632	0.5	37	15	29	67	1.81
1941-1949	107	0.54881	0.43064	0.5	22	9	17	38	1.75
1941-1949	108	0.57165	0.44458	0.5	12	5	10	21	1.69
1941-1949	109	0.59419	0.45809	0.5	7	3	5	11	1.65
1941-1949	110+	0.61634	1.00000	1.62	4	4	6	6	1.62
1950-1959	0	0.02975	0.02901	0.14	100000	2901	97495	7295173	72.95
1950-1959	1	0.00263	0.00263	0.5	97099	255	96972	7197678	74.13
1950-1959	2	0.00139	0.00139	0.5	96844	135	96777	7100706	73.32
1950-1959	3	0.00097	0.00097	0.5	96709	94	96662	7003930	72.42
1950-1959	4	0.00073	0.00073	0.5	96615	70	96580	6907267	71.49
1950-1959	5	0.00060	0.00060	0.5	96545	58	96516	6810687	70.54
1950-1959	6	0.00054	0.00054	0.5	96487	52	96461	6714171	69.59
1950-1959	7	0.00048	0.00048	0.5	96435	46	96411	6617710	68.62
1950-1959	8	0.00043	0.00043	0.5	96388	42	96367	6521298	67.66
1950-1959	9	0.00041	0.00041	0.5	96346	39	96327	6424931	66.69
1950-1959	10	0.00038	0.00038	0.5	96307	37	96289	6328604	65.71
1950-1959	11	0.00037	0.00037	0.5	96270	36	96252	6232316	64.74
1950-1959	12	0.00042	0.00042	0.5	96234	40	96214	6136063	63.76
1950-1959	13	0.00045	0.00045	0.5	96194	43	96173	6039849	62.79
1950-1959	14	0.00054	0.00054	0.5	96151	52	96125	5943676	61.82
1950-1959	15	0.00062	0.00062	0.5	96099	60	96069	5847551	60.85
1950-1959	16	0.00071	0.00071	0.5	96039	68	96005	5751482	59.89
1950-1959	17	0.00078	0.00078	0.5	95971	74	95934	5655477	58.93
1950-1959	18	0.00084	0.00084	0.5	95897	80	95857	5559543	57.97
1950-1959	19	0.00090	0.00090	0.5	95816	86	95773	5463686	57.02
1950-1959	20	0.00092	0.00092	0.5	95730	88	95686	5367913	56.07
1950-1959	21	0.00094	0.00094	0.5	95642	89	95598	5272227	55.12
1950-1959	22	0.00099	0.00099	0.5	95553	94	95506	5176629	54.18
1950-1959	23	0.00099	0.00099	0.5	95459	95	95411	5081123	53.23
1950-1959	24	0.00105	0.00105	0.5	95364	100	95314	4985712	52.28
1950-1959	25	0.00112	0.00112	0.5	95264	106	95210	4890398	51.34
1950-1959	26	0.00113	0.00113	0.5	95157	107	95104	4795188	50.39
1950-1959	27	0.00116	0.00116	0.5	95050	110	94995	4700084	49.45
1950-1959	28	0.00123	0.00123	0.5	94940	116	94882	4605089	48.51
1950-1959	29	0.00126	0.00126	0.5	94823	120	94764	4510208	47.56
1950-1959	30	0.00131	0.00131	0.5	94704	124	94642	4415444	46.62
1950-1959	31	0.00139	0.00139	0.5	94579	131	94514	4320802	45.68
1950-1959	32	0.00150	0.00150	0.5	94448	142	94378	4226289	44.75
1950-1959	33	0.00154	0.00154	0.5	94307	145	94234	4131911	43.81
1950-1959	34	0.00168	0.00168	0.5	94161	159	94082	4037677	42.88
1950-1959	35	0.00178	0.00178	0.5	94003	167	93919	3943595	41.95
1950-1959	36	0.00192	0.00192	0.5	93836	180	93746	3849675	41.03
1950-1959	37	0.00206	0.00206	0.5	93655	193	93559	3755930	40.10
1950-1959	38	0.00221	0.00221	0.5	93462	207	93359	3662371	39.19
1950-1959	39	0.00237	0.00237	0.5	93256	221	93145	3569012	38.27
1950-1959	40	0.00257	0.00257	0.5	93035	239	92915	3475867	37.36
1950-1959	41	0.00275	0.00275	0.5	92796	255	92668	3382951	36.46
1950-1959	42	0.00293	0.00292	0.5	92540	271	92405	3290283	35.56
1950-1959	43	0.00319	0.00319	0.5	92270	294	92123	3197878	34.66
1950-1959	44	0.00341	0.00341	0.5	91976	313	91819	3105756	33.77
1950-1959	45	0.00364	0.00364	0.5	91663	333	91496	3013936	32.88
1950-1959	46	0.00398	0.00397	0.5	91329	363	91148	2922440	32.00
1950-1959	47	0.00433	0.00432	0.5	90966	393	90770	2831293	31.12
1950-1959	48	0.00476	0.00475	0.5	90574	430	90359	2740523	30.26
1950-1959	49	0.00513	0.00511	0.5	90143	461	89913	2650164	29.40
1950-1959	50	0.00549	0.00548	0.5	89682	491	89437	2560251	28.55
1950-1959	51	0.00597	0.00595	0.5	89191	531	88926	2470814	27.70
1950-1959	52	0.00653	0.00651	0.5	88660	577	88372	2381889	26.87
1950-1959	53	0.00694	0.00691	0.5	88083	609	87779	2293517	26.04
1950-1959	54	0.00747	0.00744	0.5	87474	651	87149	2205738	25.22
1950-1959	55	0.00783	0.00780	0.5	86823	677	86484	2118590	24.40
1950-1959	56	0.00831	0.00828	0.5	86146	713	85789	2032105	23.59
1950-1959	57	0.00889	0.00885	0.5	85433	756	85055	1946316	22.78
1950-1959	58	0.00960	0.00955	0.5	84677	809	84273	1861261	21.98
1950-1959	59	0.01038	0.01033	0.5	83868	866	83435	1776988	21.19
1950-1959	60	0.01104	0.01098	0.5	83002	911	82547	1693553	20.40
1950-1959	61	0.01211	0.01204	0.5	82091	988	81597	1611006	19.62
1950-1959	62	0.01312	0.01304	0.5	81103	1057	80574	1529409	18.86
1950-1959	63	0.01433	0.01423	0.5	80045	1139	79476	1448835	18.10
1950-1959	64	0.01578	0.01566	0.5	78907	1236	78289	1369359	17.35
1950-1959	65	0.01747	0.01732	0.5	77671	1345	76998	1291070	16.62
1950-1959	66	0.01894	0.01876	0.5	76326	1432	75610	1214072	15.91
1950-1959	67	0.02105	0.02083	0.5	74894	1560	74114	1138462	15.20
1950-1959	68	0.02294	0.02268	0.5	73334	1663	72503	1064348	14.51
1950-1959	69	0.02467	0.02437	0.5	71671	1747	70798	991845	13.84
1950-1959	70	0.02722	0.02685	0.5	69924	1878	68985	921048	13.17
1950-1959	71	0.02970	0.02927	0.5	68046	1992	67051	852062	12.52
1950-1959	72	0.03286	0.03233	0.5	66055	2135	64987	785012	11.88
1950-1959	73	0.03618	0.03554	0.5	63919	2272	62784	720025	11.26
1950-1959	74	0.04057	0.03977	0.5	61648	2452	60422	657241	10.66
1950-1959	75	0.04488	0.04389	0.5	59196	2598	57897	596819	10.08
1950-1959	76	0.04952	0.04832	0.5	56598	2735	55231	538922	9.52
1950-1959	77	0.05480	0.05334	0.5	53863	2873	52427	483691	8.98
1950-1959	78	0.06113	0.05932	0.5	50990	3025	49478	431264	8.46
1950-1959	79	0.06811	0.06587	0.5	47966	3160	46386	381786	7.96
1950-1959	80	0.07583	0.07306	0.5	44806	3274	43169	335400	7.49
1950-1959	81	0.08406	0.08067	0.5	41533	3350	39857	292231	7.04
1950-1959	82	0.09390	0.08969	0.5	38182	3425	36470	252374	6.61
1950-1959	83	0.10482	0.09960	0.5	34757	3462	33027	215904	6.21
1950-1959	84	0.11502	0.10876	0.5	31296	3404	29594	182877	5.84
1950-1959	85	0.12597	0.11850	0.5	27892	3305	26239	153283	5.50
1950-1959	86	0.13705	0.12826	0.5	24587	3154	23010	127044	5.17
1950-1959	87	0.15316	0.14226	0.5	21433	3049	19909	104034	4.85
1950-1959	88	0.16581	0.15311	0.5	18384	2815	16977	84126	4.58
1950-1959	89	0.18252	0.16725	0.5	15569	2604	14267	67149	4.31
1950-1959	90	0.19899	0.18098	0.5	12965	2346	11792	52882	4.08
1950-1959	91	0.20593	0.18670	0.5	10619	1983	9627	41090	3.87
1950-1959	92	0.22293	0.20057	0.5	8636	1732	7770	31463	3.64
1950-1959	93	0.24091	0.21501	0.5	6904	1484	6162	23693	3.43
1950-1959	94	0.25986	0.22998	0.5	5420	1246	4796	17531	3.23
1950-1959	95	0.27975	0.24542	0.5	4173	1024	3661	12735	3.05
1950-1959	96	0.30054	0.26128	0.5	3149	823	2738	9074	2.88
1950-1959	97	0.32218	0.27748	0.5	2326	645	2003	6336	2.72
1950-1959	98	0.34462	0.29397	0.5	1681	494	1434	4333	2.58
1950-1959	99	0.36777	0.31065	0.5	1187	369	1002	2899	2.44
1950-1959	100	0.39155	0.32744	0.5	818	268	684	1897	2.32
1950-1959	101	0.41585	0.34427	0.5	550	189	455	1213	2.20
1950-1959	102	0.44057	0.36104	0.5	361	130	296	757	2.10
1950-1959	103	0.46559	0.37767	0.5	231	87	187	462	2.00
1950-1959	104	0.49078	0.39408	0.5	143	57	115	275	1.91
1950-1959	105	0.51602	0.41019	0.5	87	36	69	159	1.83
1950-1959	106	0.54118	0.42593	0.5	51	22	40	90	1.76
1950-1959	107	0.56613	0.44123	0.5	29	13	23	50	1.70
1950-1959	108	0.59075	0.45605	0.5	16	7	13	27	1.64
1950-1959	109	0.61492	0.47032	0.5	9	4	7	14	1.59
1950-1959	110+	0.63854	1.00000	1.57	5	5	7	7	1.57
1960-1969	0	0.02290	0.02245	0.12	100000	2245	98018	7450414	74.50
1960-1969	1	0.00192	0.00191	0.5	97755	187	97662	7352396	75.21
1960-1969	2	0.00104	0.00104	0.5	97568	101	97517	7254735	74.36
1960-1969	3	0.00073	0.00073	0.5	97467	71	97431	7157217	73.43
1960-1969	4	0.00059	0.00059	0.5	97395	58	97367	7059786	72.49
1960-1969	5	0.00051	0.00051	0.5	97338	50	97313	6962419	71.53
1960-1969	6	0.00045	0.00045	0.5	97288	43	97266	6865107	70.57
1960-1969	7	0.00036	0.00036	0.5	97244	35	97227	6767841	69.60
1960-1969	8	0.00036	0.00036	0.5	97209	35	97191	6670614	68.62
1960-1969	9	0.00031	0.00031	0.5	97174	30	97159	6573423	67.65
1960-1969	10	0.00027	0.00027	0.5	97144	26	97131	6476264	66.67
1960-1969	11	0.00030	0.00030	0.5	97118	29	97103	6379132	65.68
1960-1969	12	0.00034	0.00034	0.5	97089	33	97072	6282029	64.70
1960-1969	13	0.00032	0.00032	0.5	97055	31	97040	6184957	63.73
1960-1969	14	0.00038	0.00038	0.5	97024	37	97006	6087918	62.75
1960-1969	15	0.00050	0.00050	0.5	96987	48	96963	5990912	61.77
1960-1969	16	0.00054	0.00054	0.5	96939	52	96913	5893949	60.80
1960-1969	17	0.00062	0.00062	0.5	96887	60	96857	5797036	59.83
1960-1969	18	0.00067	0.00067	0.5	96827	65	96794	5700179	58.87
1960-1969	19	0.00077	0.00077	0.5	96762	74	96725	5603385	57.91
1960-1969	20	0.00073	0.00073	0.5	96688	71	96652	5506660	56.95
1960-1969	21	0.00079	0.00079	0.5	96617	77	96579	5410008	55.99
1960-1969	22	0.00081	0.00081	0.5	96541	78	96502	5313429	55.04
1960-1969	23	0.00079	0.00079	0.5	96463	77	96424	5216927	54.08
1960-1969	24	0.00090	0.00090	0.5	96386	87	96343	5120503	53.12
1960-1969	25	0.00090	0.00090	0.5	96299	86	96256	5024160	52.17
1960-1969	26	0.00086	0.00086	0.5	96213	83	96172	4927904	51.22
1960-1969	27	0.00085	0.00085	0.5	96130	81	96090	4831732	50.26
1960-1969	28	0.00099	0.00099	0.5	96049	95	96002	4735642	49.30
1960-1969	29	0.00098	0.00098	0.5	95954	94	95907	4639641	48.35
1960-1969	30	0.00102	0.00102	0.5	95860	97	95811	4543734	47.40
1960-1969	31	0.00113	0.00113	0.5	95763	109	95708	4447922	46.45
1960-1969	32	0.00122	0.00122	0.5	95654	116	95596	4352214	45.50
1960-1969	33	0.00132	0.00131	0.5	95538	126	95475	4256618	44.55
1960-1969	34	0.00146	0.00146	0.5	95412	139	95343	4161143	43.61
1960-1969	35	0.00158	0.00158	0.5	95273	151	95198	4065800	42.68
1960-1969	36	0.00164	0.00163	0.5	95122	156	95045	3970603	41.74
1960-1969	37	0.00177	0.00176	0.5	94967	168	94883	3875558	40.81
1960-1969	38	0.00199	0.00199	0.5	94799	188	94705	3780675	39.88
1960-1969	39	0.00219	0.00219	0.5	94611	207	94507	3685970	38.96
1960-1969	40	0.00237	0.00237	0.5	94404	224	94292	3591463	38.04
1960-1969	41	0.00244	0.00244	0.5	94180	230	94065	3497171	37.13
1960-1969	42	0.00285	0.00284	0.5	93950	267	93817	3403105	36.22
1960-1969	43	0.00317	0.00316	0.5	93683	296	93535	3309288	35.32
1960-1969	44	0.00308	0.00307	0.5	93387	287	93244	3215753	34.43
1960-1969	45	0.00329	0.00329	0.5	93100	306	92947	3122510	33.54
1960-1969	46	0.00369	0.00368	0.5	92794	342	92623	3029563	32.65
1960-1969	47	0.00395	0.00394	0.5	92453	365	92270	2936939	31.77
1960-1969	48	0.00425	0.00424	0.5	92088	391	91893	2844669	30.89
1960-1969	49	0.00462	0.00461	0.5	91697	423	91486	2752776	30.02
1960-1969	50	0.00499	0.00497	0.5	91274	454	91047	2661291	29.16
1960-1969	51	0.00534	0.00533	0.5	90820	484	90578	2570244	28.30
1960-1969	52	0.00589	0.00587	0.5	90336	530	90071	2479666	27.45
1960-1969	53	0.00619	0.00617	0.5	89806	554	89529	2389594	26.61
1960-1969	54	0.00682	0.00680	0.5	89252	607	88949	2300065	25.77
1960-1969	55	0.00738	0.00735	0.5	88645	652	88319	2211117	24.94
1960-1969	56	0.00788	0.00785	0.5	87993	690	87648	2122798	24.12
1960-1969	57	0.00810	0.00807	0.5	87303	704	86951	2035150	23.31
1960-1969	58	0.00903	0.00899	0.5	86599	778	86209	1948199	22.50
1960-1969	59	0.00988	0.00983	0.5	85820	843	85398	1861990	21.70
1960-1969	60	0.01073	0.01067	0.5	84977	907	84523	1776592	20.91
1960-1969	61	0.01106	0.01100	0.5	84070	924	83608	1692068	20.13
1960-1969	62	0.01301	0.01293	0.5	83145	1075	82608	1608461	19.35
1960-1969	63	0.01348	0.01339	0.5	82071	1099	81521	1525853	18.59
1960-1969	64	0.01483	0.01473	0.5	80971	1192	80375	1444332	17.84
1960-1969	65	0.01689	0.01675	0.5	79779	1336	79111	1363957	17.10
1960-1969	66	0.01724	0.01710	0.5	78443	1341	77772	1284846	16.38
1960-1969	67	0.01973	0.01954	0.5	77102	1506	76349	1207073	15.66
1960-1969	68	0.02128	0.02105	0.5	75595	1592	74800	1130725	14.96
1960-1969	69	0.02263	0.02238	0.5	74004	1656	73176	1055925	14.27
1960-1969	70	0.02541	0.02509	0.5	72348	1815	71440	982749	13.58
1960-1969	71	0.02707	0.02671	0.5	70532	1884	69590	911310	12.92
1960-1969	72	0.03081	0.03034	0.5	68648	2083	67607	841719	12.26
1960-1969	73	0.03345	0.03290	0.5	66565	2190	65470	774112	11.63
1960-1969	74	0.03742	0.03673	0.5	64376	2364	63193	708642	11.01
1960-1969	75	0.04185	0.04100	0.5	62011	2542	60740	645448	10.41
1960-1969	76	0.04606	0.04503	0.5	59469	2678	58130	584708	9.83
1960-1969	77	0.04957	0.04837	0.5	56791	2747	55418	526578	9.27
1960-1969	78	0.05573	0.05422	0.5	54044	2930	52579	471160	8.72
1960-1969	79	0.06104	0.05923	0.5	51114	3028	49600	418581	8.19
1960-1969	80	0.07153	0.06906	0.5	48087	3321	46426	368981	7.67
1960-1969	81	0.07707	0.07421	0.5	44766	3322	43105	322555	7.21
1960-1969	82	0.08624	0.08268	0.5	41444	3426	39730	279450	6.74
1960-1969	83	0.09999	0.09523	0.5	38017	3620	36207	239719	6.31
1960-1969	84	0.11081	0.10500	0.5	34397	3611	32591	203512	5.92
1960-1969	85	0.11990	0.11312	0.5	30785	3482	29044	170921	5.55
1960-1969	86	0.13115	0.12308	0.5	27303	3360	25623	141877	5.20
1960-1969	87	0.15072	0.14016	0.5	23943	3356	22265	116255	4.86
1960-1969	88	0.15988	0.14805	0.5	20587	3048	19063	93990	4.57
1960-1969	89	0.18501	0.16934	0.5	17539	2970	16054	74927	4.27
1960-1969	90	0.19535	0.17797	0.5	14569	2593	13272	58873	4.04
1960-1969	91	0.20687	0.18748	0.5	11976	2245	10853	45601	3.81
1960-1969	92	0.22536	0.20254	0.5	9731	1971	8745	34747	3.57
1960-1969	93	0.24500	0.21826	0.5	7760	1694	6913	26002	3.35
1960-1969	94	0.26575	0.23458	0.5	6066	1423	5355	19089	3.15
1960-1969	95	0.28760	0.25144	0.5	4643	1167	4059	13734	2.96
1960-1969	96	0.31048	0.26876	0.5	3476	934	3009	9674	2.78
1960-1969	97	0.33433	0.28644	0.5	2542	728	2178	6666	2.62
1960-1969	98	0.35905	0.30440	0.5	1814	552	1538	4488	2.47
1960-1969	99	0.38455	0.32253	0.5	1262	407	1058	2951	2.34
1960-1969	100	0.41070	0.34073	0.5	855	291	709	1893	2.21
1960-1969	101	0.43736	0.35888	0.5	563	202	462	1184	2.10
1960-1969	102	0.46439	0.37688	0.5	361	136	293	721	2.00
1960-1969	103	0.49163	0.39463	0.5	225	89	181	428	1.90
1960-1969	104	0.51892	0.41202	0.5	136	56	108	247	1.82
1960-1969	105	0.54610	0.42897	0.5	80	34	63	139	1.74
1960-1969	106	0.57300	0.44540	0.5	46	20	36	76	1.67
1960-1969	107	0.59948	0.46123	0.5	25	12	20	41	1.61
1960-1969	108	0.62540	0.47642	0.5	14	7	10	21	1.55
1960-1969	109	0.65061	0.49091	0.5	7	4	5	11	1.51
1960-1969	110+	0.67501	1.00000	1.48	4	4	5	5	1.48
1970-1979	0	0.01580	0.01558	0.1	100000	1558	98593	7627588	76.28
1970-1979	1	0.00118	0.00118	0.5	98442	116	98384	7528995	76.48
1970-1979	2	0.00070	0.00070	0.5	98326	69	98292	7430611	75.57
1970-1979	3	0.00055	0.00055	0.5	98257	54	98230	7332319	74.62
1970-1979	4	0.00046	0.00046	0.5	98203	45	98181	7234089	73.66
1970-1979	5	0.00036	0.00036	0.5	98158	35	98141	7135908	72.70
1970-1979	6	0.00034	0.00034	0.5	98123	34	98106	7037768	71.72
1970-1979	7	0.00031	0.00031	0.5	98089	31	98074	6939661	70.75
1970-1979	8	0.00028	0.00028	0.5	98059	28	98045	6841587	69.77
1970-1979	9	0.00026	0.00026	0.5	98031	26	98018	6743543	68.79
1970-1979	10	0.00026	0.00026	0.5	98006	26	97993	6645524	67.81
1970-1979	11	0.00028	0.00028	0.5	97980	28	97966	6547531	66.83
1970-1979	12	0.00029	0.00029	0.5	97952	28	97938	6449565	65.84
1970-1979	13	0.00030	0.00030	0.5	97924	29	97909	6351627	64.86
1970-1979	14	0.00036	0.00036	0.5	97895	35	97877	6253717	63.88
1970-1979	15	0.00044	0.00044	0.5	97860	43	97838	6155840	62.90
1970-1979	16	0.00057	0.00057	0.5	97816	56	97789	6058002	61.93
1970-1979	17	0.00061	0.00061	0.5	97761	60	97731	5960214	60.97
1970-1979	18	0.00068	0.00068	0.5	97701	67	97667	5862483	60.00
1970-1979	19	0.00074	0.00074	0.5	97634	72	97598	5764815	59.05
1970-1979	20	0.00071	0.00071	0.5	97562	70	97527	5667217	58.09
1970-1979	21	0.00072	0.00072	0.5	97493	70	97457	5569690	57.13
1970-1979	22	0.00077	0.00077	0.5	97422	75	97385	5472233	56.17
1970-1979	23	0.00074	0.00074	0.5	97347	72	97311	5374848	55.21
1970-1979	24	0.00075	0.00075	0.5	97275	73	97239	5277537	54.25
1970-1979	25	0.00073	0.00073	0.5	97202	71	97167	5180298	53.29
1970-1979	26	0.00075	0.00075	0.5	97131	73	97095	5083131	52.33
1970-1979	27	0.00081	0.00081	0.5	97058	79	97018	4986037	51.37
1970-1979	28	0.00085	0.00085	0.5	96979	82	96938	4889018	50.41
1970-1979	29	0.00089	0.00089	0.5	96897	86	96854	4792081	49.46
1970-1979	30	0.00095	0.00095	0.5	96811	92	96765	4695227	48.50
1970-1979	31	0.00090	0.00090	0.5	96719	87	96675	4598462	47.54
1970-1979	32	0.00098	0.00098	0.5	96632	95	96584	4501786	46.59
1970-1979	33	0.00109	0.00109	0.5	96537	105	96484	4405202	45.63
1970-1979	34	0.00116	0.00116	0.5	96432	112	96376	4308718	44.68
1970-1979	35	0.00134	0.00134	0.5	96320	129	96255	4212342	43.73
1970-1979	36	0.00137	0.00136	0.5	96191	131	96125	4116087	42.79
1970-1979	37	0.00164	0.00164	0.5	96059	158	95981	4019962	41.85
1970-1979	38	0.00179	0.00179	0.5	95902	172	95816	3923981	40.92
1970-1979	39	0.00191	0.00191	0.5	95730	183	95639	3828165	39.99
1970-1979	40	0.00205	0.00204	0.5	95547	195	95450	3732527	39.06
1970-1979	41	0.00224	0.00224	0.5	95352	213	95245	3637077	38.14
1970-1979	42	0.00247	0.00247	0.5	95139	235	95021	3541832	37.23
1970-1979	43	0.00255	0.00255	0.5	94904	242	94783	3446811	36.32
1970-1979	44	0.00288	0.00287	0.5	94662	272	94526	3352028	35.41
1970-1979	45	0.00302	0.00302	0.5	94390	285	94248	3257502	34.51
1970-1979	46	0.00360	0.00359	0.5	94106	338	93936	3163254	33.61
1970-1979	47	0.00372	0.00371	0.5	93767	348	93593	3069317	32.73
1970-1979	48	0.00395	0.00394	0.5	93419	368	93235	2975724	31.85
1970-1979	49	0.00430	0.00429	0.5	93051	399	92852	2882489	30.98
1970-1979	50	0.00493	0.00491	0.5	92653	455	92425	2789637	30.11
1970-1979	51	0.00497	0.00496	0.5	92197	457	91969	2697212	29.25
1970-1979	52	0.00548	0.00546	0.5	91740	501	91490	2605243	28.40
1970-1979	53	0.00588	0.00586	0.5	91239	535	90972	2513753	27.55
1970-1979	54	0.00618	0.00616	0.5	90704	559	90425	2422781	26.71
1970-1979	55	0.00659	0.00657	0.5	90145	592	89849	2332357	25.87
1970-1979	56	0.00742	0.00740	0.5	89553	662	89222	2242507	25.04
1970-1979	57	0.00791	0.00788	0.5	88891	700	88541	2153285	24.22
1970-1979	58	0.00855	0.00852	0.5	88190	751	87815	2064745	23.41
1970-1979	59	0.00920	0.00916	0.5	87439	801	87039	1976930	22.61
1970-1979	60	0.01001	0.00996	0.5	86639	863	86207	1889891	21.81
1970-1979	61	0.01086	0.01080	0.5	85776	927	85313	1803683	21.03
1970-1979	62	0.01193	0.01186	0.5	84850	1006	84346	1718370	20.25
1970-1979	63	0.01261	0.01254	0.5	83843	1051	83318	1634024	19.49
1970-1979	64	0.01386	0.01377	0.5	82792	1140	82222	1550706	18.73
1970-1979	65	0.01463	0.01453	0.5	81652	1186	81059	1468484	17.98
1970-1979	66	0.01615	0.01602	0.5	80466	1289	79822	1387424	17.24
1970-1979	67	0.01741	0.01726	0.5	79177	1367	78493	1307603	16.51
1970-1979	68	0.01838	0.01821	0.5	77810	1417	77102	1229109	15.80
1970-1979	69	0.02051	0.02030	0.5	76393	1551	75618	1152008	15.08
1970-1979	70	0.02315	0.02289	0.5	74842	1713	73986	1076390	14.38
1970-1979	71	0.02478	0.02447	0.5	73129	1790	72235	1002404	13.71
1970-1979	72	0.02713	0.02676	0.5	71340	1909	70385	930170	13.04
1970-1979	73	0.03010	0.02966	0.5	69431	2059	68401	859785	12.38
1970-1979	74	0.03355	0.03300	0.5	67372	2223	66260	791384	11.75
1970-1979	75	0.03746	0.03677	0.5	65149	2396	63951	725124	11.13
1970-1979	76	0.04114	0.04031	0.5	62753	2529	61488	661173	10.54
1970-1979	77	0.04431	0.04335	0.5	60223	2611	58918	599685	9.96
1970-1979	78	0.05056	0.04931	0.5	57613	2841	56192	540767	9.39
1970-1979	79	0.05511	0.05363	0.5	54772	2937	53303	484575	8.85
1970-1979	80	0.06219	0.06032	0.5	51834	3127	50271	431272	8.32
1970-1979	81	0.06877	0.06648	0.5	48708	3238	47089	381001	7.82
1970-1979	82	0.07635	0.07355	0.5	45470	3344	43798	333912	7.34
1970-1979	83	0.08462	0.08118	0.5	42126	3420	40416	290114	6.89
1970-1979	84	0.09529	0.09096	0.5	38706	3521	36945	249699	6.45
1970-1979	85	0.10571	0.10040	0.5	35185	3533	33419	212753	6.05
1970-1979	86	0.11770	0.11115	0.5	31652	3518	29893	179335	5.67
1970-1979	87	0.12864	0.12086	0.5	28134	3400	26434	149442	5.31
1970-1979	88	0.14423	0.13453	0.5	24734	3327	23070	123008	4.97
1970-1979	89	0.15510	0.14394	0.5	21406	3081	19866	99938	4.67
1970-1979	90	0.17675	0.16240	0.5	18325	2976	16837	80072	4.37
1970-1979	91	0.18527	0.16957	0.5	15349	2603	14048	63235	4.12
1970-1979	92	0.20257	0.18394	0.5	12746	2345	11574	49187	3.86
1970-1979	93	0.22104	0.19904	0.5	10402	2070	9367	37613	3.62
1970-1979	94	0.24067	0.21482	0.5	8331	1790	7437	28247	3.39
1970-1979	95	0.26147	0.23124	0.5	6542	1513	5785	20810	3.18
1970-1979	96	0.28339	0.24822	0.5	5029	1248	4405	15025	2.99
1970-1979	97	0.30639	0.26569	0.5	3781	1004	3278	10620	2.81
1970-1979	98	0.33039	0.28355	0.5	2776	787	2383	7342	2.64
1970-1979	99	0.35531	0.30171	0.5	1989	600	1689	4959	2.49
1970-1979	100	0.38104	0.32006	0.5	1389	445	1167	3270	2.35
1970-1979	101	0.40746	0.33850	0.5	944	320	785	2103	2.23
1970-1979	102	0.43442	0.35690	0.5	625	223	513	1319	2.11
1970-1979	103	0.46178	0.37516	0.5	402	151	326	806	2.01
1970-1979	104	0.48937	0.39317	0.5	251	99	202	479	1.91
1970-1979	105	0.51702	0.41082	0.5	152	63	121	278	1.82
1970-1979	106	0.54457	0.42802	0.5	90	38	71	156	1.74
1970-1979	107	0.57185	0.44470	0.5	51	23	40	86	1.67
1970-1979	108	0.59870	0.46077	0.5	29	13	22	46	1.61
1970-1979	109	0.62497	0.47617	0.5	15	7	12	24	1.57
1970-1979	110+	0.65052	1.00000	1.54	8	8	12	12	1.54
1980-1989	0	0.00946	0.00938	0.08	100000	938	99137	7830807	78.31
1980-1989	1	0.00086	0.00086	0.5	99062	85	99020	7731670	78.05
1980-1989	2	0.00056	0.00056	0.5	98977	56	98949	7632650	77.12
1980-1989	3	0.00040	0.00040	0.5	98922	40	98902	7533701	76.16
1980-1989	4	0.00031	0.00031	0.5	98882	30	98866	7434799	75.19
1980-1989	5	0.00027	0.00027	0.5	98851	27	98838	7335933	74.21
1980-1989	6	0.00023	0.00023	0.5	98824	23	98813	7237095	73.23
1980-1989	7	0.00023	0.00023	0.5	98801	23	98790	7138282	72.25
1980-1989	8	0.00024	0.00024	0.5	98778	23	98766	7039493	71.27
1980-1989	9	0.00020	0.00020	0.5	98755	20	98745	6940726	70.28
1980-1989	10	0.00017	0.00017	0.5	98735	17	98727	6841981	69.30
1980-1989	11	0.00018	0.00018	0.5	98718	18	98709	6743255	68.31
1980-1989	12	0.00021	0.00021	0.5	98701	20	98690	6644545	67.32
1980-1989	13	0.00023	0.00023	0.5	98680	23	98669	6545855	66.33
1980-1989	14	0.00027	0.00027	0.5	98657	27	98644	6447186	65.35
1980-1989	15	0.00036	0.00036	0.5	98630	35	98613	6348543	64.37
1980-1989	16	0.00048	0.00048	0.5	98595	48	98571	6249930	63.39
1980-1989	17	0.00056	0.00056	0.5	98547	55	98520	6151358	62.42
1980-1989	18	0.00063	0.00063	0.5	98492	62	98461	6052839	61.45
1980-1989	19	0.00060	0.00060	0.5	98430	59	98401	5954377	60.49
1980-1989	20	0.00064	0.00064	0.5	98372	63	98340	5855976	59.53
1980-1989	21	0.00063	0.00063	0.5	98309	61	98278	5757636	58.57
1980-1989	22	0.00068	0.00068	0.5	98247	67	98214	5659358	57.60
1980-1989	23	0.00065	0.00065	0.5	98180	64	98148	5561144	56.64
1980-1989	24	0.00066	0.00066	0.5	98116	65	98083	5462996	55.68
1980-1989	25	0.00066	0.00066	0.5	98051	65	98019	5364913	54.72
1980-1989	26	0.00066	0.00066	0.5	97986	65	97954	5266894	53.75
1980-1989	27	0.00066	0.00066	0.5	97922	65	97889	5168940	52.79
1980-1989	28	0.00070	0.00070	0.5	97857	69	97823	5071051	51.82
1980-1989	29	0.00071	0.00071	0.5	97788	69	97753	4973228	50.86
1980-1989	30	0.00072	0.00072	0.5	97719	71	97683	4875475	49.89
1980-1989	31	0.00076	0.00076	0.5	97648	74	97611	4777792	48.93
1980-1989	32	0.00079	0.00078	0.5	97574	77	97535	4680181	47.97
1980-1989	33	0.00087	0.00087	0.5	97497	85	97455	4582645	47.00
1980-1989	34	0.00091	0.00091	0.5	97413	89	97368	4485191	46.04
1980-1989	35	0.00091	0.00091	0.5	97324	89	97279	4387823	45.08
1980-1989	36	0.00106	0.00106	0.5	97235	103	97183	4290543	44.13
1980-1989	37	0.00113	0.00113	0.5	97132	109	97077	4193360	43.17
1980-1989	38	0.00132	0.00132	0.5	97022	128	96958	4096283	42.22
1980-1989	39	0.00129	0.00129	0.5	96895	125	96832	3999324	41.27
1980-1989	40	0.00145	0.00145	0.5	96770	141	96700	3902492	40.33
1980-1989	41	0.00158	0.00158	0.5	96629	153	96553	3805792	39.39
1980-1989	42	0.00174	0.00174	0.5	96477	168	96393	3709239	38.45
1980-1989	43	0.00189	0.00189	0.5	96309	182	96218	3612847	37.51
1980-1989	44	0.00204	0.00204	0.5	96127	196	96029	3516629	36.58
1980-1989	45	0.00233	0.00233	0.5	95931	224	95819	3420600	35.66
1980-1989	46	0.00260	0.00260	0.5	95707	248	95583	3324781	34.74
1980-1989	47	0.00271	0.00271	0.5	95458	258	95329	3229199	33.83
1980-1989	48	0.00312	0.00312	0.5	95200	297	95052	3133870	32.92
1980-1989	49	0.00336	0.00335	0.5	94903	318	94744	3038818	32.02
1980-1989	50	0.00366	0.00365	0.5	94585	345	94413	2944074	31.13
1980-1989	51	0.00419	0.00418	0.5	94240	394	94043	2849661	30.24
1980-1989	52	0.00463	0.00462	0.5	93846	433	93629	2755619	29.36
1980-1989	53	0.00505	0.00504	0.5	93412	471	93177	2661990	28.50
1980-1989	54	0.00517	0.00516	0.5	92941	479	92702	2568813	27.64
1980-1989	55	0.00584	0.00583	0.5	92462	539	92193	2476111	26.78
1980-1989	56	0.00633	0.00631	0.5	91923	580	91633	2383919	25.93
1980-1989	57	0.00722	0.00719	0.5	91343	657	91015	2292286	25.10
1980-1989	58	0.00778	0.00775	0.5	90687	703	90335	2201271	24.27
1980-1989	59	0.00833	0.00829	0.5	89984	746	89610	2110935	23.46
1980-1989	60	0.00909	0.00905	0.5	89237	808	88833	2021325	22.65
1980-1989	61	0.01012	0.01007	0.5	88430	891	87984	1932492	21.85
1980-1989	62	0.01107	0.01100	0.5	87539	963	87057	1844507	21.07
1980-1989	63	0.01166	0.01159	0.5	86575	1004	86074	1757450	20.30
1980-1989	64	0.01242	0.01234	0.5	85572	1056	85044	1671376	19.53
1980-1989	65	0.01391	0.01381	0.5	84516	1167	83932	1586333	18.77
1980-1989	66	0.01492	0.01481	0.5	83349	1234	82731	1502400	18.03
1980-1989	67	0.01624	0.01611	0.5	82114	1322	81453	1419669	17.29
1980-1989	68	0.01798	0.01782	0.5	80792	1440	80072	1338216	16.56
1980-1989	69	0.01886	0.01868	0.5	79352	1483	78611	1258144	15.86
1980-1989	70	0.02107	0.02085	0.5	77869	1624	77058	1179533	15.15
1980-1989	71	0.02284	0.02258	0.5	76246	1722	75385	1102476	14.46
1980-1989	72	0.02550	0.02517	0.5	74524	1876	73586	1027091	13.78
1980-1989	73	0.02818	0.02779	0.5	72648	2019	71639	953505	13.13
1980-1989	74	0.02940	0.02898	0.5	70629	2047	69606	881866	12.49
1980-1989	75	0.03305	0.03251	0.5	68582	2230	67468	812260	11.84
1980-1989	76	0.03623	0.03558	0.5	66353	2361	65172	744793	11.22
1980-1989	77	0.03975	0.03897	0.5	63992	2494	62745	679620	10.62
1980-1989	78	0.04478	0.04380	0.5	61498	2694	60151	616875	10.03
1980-1989	79	0.04865	0.04749	0.5	58804	2793	57408	556724	9.47
1980-1989	80	0.05568	0.05417	0.5	56011	3034	54494	499317	8.91
1980-1989	81	0.05953	0.05781	0.5	52977	3063	51446	444822	8.40
1980-1989	82	0.06787	0.06565	0.5	49914	3277	48276	393377	7.88
1980-1989	83	0.07542	0.07268	0.5	46638	3389	44943	345101	7.40
1980-1989	84	0.08389	0.08051	0.5	43248	3482	41507	300158	6.94
1980-1989	85	0.09239	0.08831	0.5	39766	3512	38010	258650	6.50
1980-1989	86	0.10117	0.09630	0.5	36255	3491	34509	220640	6.09
1980-1989	87	0.11663	0.11020	0.5	32763	3611	30958	186131	5.68
1980-1989	88	0.12387	0.11664	0.5	29153	3400	27452	155173	5.32
1980-1989	89	0.14218	0.13274	0.5	25752	3418	24043	127721	4.96
1980-1989	90	0.15882	0.14714	0.5	22334	3286	20691	103678	4.64
1980-1989	91	0.16979	0.15651	0.5	19048	2981	17557	82987	4.36
1980-1989	92	0.18657	0.17065	0.5	16067	2742	14696	65430	4.07
1980-1989	93	0.20460	0.18562	0.5	13325	2473	12088	50734	3.81
1980-1989	94	0.22390	0.20136	0.5	10852	2185	9759	38646	3.56
1980-1989	95	0.24445	0.21783	0.5	8667	1888	7723	28887	3.33
1980-1989	96	0.26624	0.23497	0.5	6779	1593	5982	21164	3.12
1980-1989	97	0.28924	0.25269	0.5	5186	1310	4531	15182	2.93
1980-1989	98	0.31337	0.27092	0.5	3875	1050	3351	10651	2.75
1980-1989	99	0.33855	0.28954	0.5	2826	818	2416	7301	2.58
1980-1989	100	0.36469	0.30844	0.5	2007	619	1698	4884	2.43
1980-1989	101	0.39164	0.32751	0.5	1388	455	1161	3186	2.30
1980-1989	102	0.41928	0.34661	0.5	934	324	772	2025	2.17
1980-1989	103	0.44742	0.36563	0.5	610	223	498	1254	2.05
1980-1989	104	0.47592	0.38444	0.5	387	149	313	755	1.95
1980-1989	105	0.50456	0.40292	0.5	238	96	190	442	1.86
1980-1989	106	0.53318	0.42096	0.5	142	60	112	252	1.77
1980-1989	107	0.56158	0.43847	0.5	82	36	64	140	1.70
1980-1989	108	0.58959	0.45535	0.5	46	21	36	76	1.64
1980-1989	109	0.61702	0.47155	0.5	25	12	19	40	1.59
1980-1989	110+	0.64373	1.00000	1.55	13	13	21	21	1.55
1990-1999	0	0.00648	0.00644	0.07	100000	644	99402	7914328	79.14
1990-1999	1	0.00061	0.00061	0.5	99356	60	99325	7814926	78.66
1990-1999	2	0.00038	0.00038	0.5	99295	38	99276	7715601	77.70
1990-1999	3	0.00027	0.00027	0.5	99257	27	99244	7616325	76.73
1990-1999	4	0.00020	0.00020	0.5	99231	20	99221	7517081	75.75
1990-1999	5	0.00021	0.00021	0.5	99211	21	99200	7417860	74.77
1990-1999	6	0.00017	0.00017	0.5	99190	17	99181	7318659	73.78
1990-1999	7	0.00017	0.00017	0.5	99173	17	99164	7219478	72.80
1990-1999	8	0.00017	0.00017	0.5	99156	17	99147	7120314	71.81
1990-1999	9	0.00015	0.00015	0.5	99139	15	99131	7021167	70.82
1990-1999	10	0.00017	0.00017	0.5	99124	17	99115	6922035	69.83
1990-1999	11	0.00016	0.00016	0.5	99107	15	99099	6822920	68.84
1990-1999	12	0.00018	0.00018	0.5	99092	18	99083	6723821	67.85
1990-1999	13	0.00023	0.00023	0.5	99074	22	99062	6624738	66.87
1990-1999	14	0.00026	0.00026	0.5	99051	26	99038	6525676	65.88
1990-1999	15	0.00032	0.00032	0.5	99025	32	99009	6426638	64.90
1990-1999	16	0.00046	0.00046	0.5	98993	45	98970	6327629	63.92
1990-1999	17	0.00048	0.00048	0.5	98948	48	98924	6228658	62.95
1990-1999	18	0.00056	0.00056	0.5	98900	55	98872	6129734	61.98
1990-1999	19	0.00054	0.00054	0.5	98845	53	98818	6030862	61.01
1990-1999	20	0.00051	0.00051	0.5	98792	51	98766	5932044	60.05
1990-1999	21	0.00053	0.00053	0.5	98741	53	98715	5833278	59.08
1990-1999	22	0.00052	0.00052	0.5	98688	51	98663	5734563	58.11
1990-1999	23	0.00052	0.00052	0.5	98637	52	98611	5635900	57.14
1990-1999	24	0.00053	0.00053	0.5	98585	52	98559	5537289	56.17
1990-1999	25	0.00057	0.00057	0.5	98533	56	98505	5438730	55.20
1990-1999	26	0.00056	0.00056	0.5	98477	55	98449	5340225	54.23
1990-1999	27	0.00062	0.00062	0.5	98422	61	98391	5241776	53.26
1990-1999	28	0.00064	0.00064	0.5	98361	63	98329	5143385	52.29
1990-1999	29	0.00061	0.00061	0.5	98298	60	98268	5045055	51.32
1990-1999	30	0.00069	0.00069	0.5	98238	68	98204	4946787	50.36
1990-1999	31	0.00075	0.00075	0.5	98170	73	98134	4848583	49.39
1990-1999	32	0.00074	0.00074	0.5	98097	72	98061	4750450	48.43
1990-1999	33	0.00085	0.00085	0.5	98025	83	97983	4652389	47.46
1990-1999	34	0.00088	0.00088	0.5	97942	86	97899	4554406	46.50
1990-1999	35	0.00097	0.00097	0.5	97856	94	97808	4456507	45.54
1990-1999	36	0.00107	0.00107	0.5	97761	105	97709	4358699	44.59
1990-1999	37	0.00110	0.00110	0.5	97656	107	97603	4260990	43.63
1990-1999	38	0.00129	0.00129	0.5	97549	126	97486	4163387	42.68
1990-1999	39	0.00129	0.00129	0.5	97423	126	97361	4065901	41.73
1990-1999	40	0.00138	0.00138	0.5	97298	134	97231	3968540	40.79
1990-1999	41	0.00147	0.00146	0.5	97164	142	97092	3871310	39.84
1990-1999	42	0.00170	0.00170	0.5	97021	165	96939	3774217	38.90
1990-1999	43	0.00183	0.00183	0.5	96857	177	96768	3677278	37.97
1990-1999	44	0.00189	0.00189	0.5	96679	182	96588	3580511	37.04
1990-1999	45	0.00205	0.00204	0.5	96497	197	96398	3483923	36.10
1990-1999	46	0.00241	0.00241	0.5	96299	232	96184	3387525	35.18
1990-1999	47	0.00255	0.00255	0.5	96068	245	95945	3291341	34.26
1990-1999	48	0.00285	0.00284	0.5	95823	272	95687	3195396	33.35
1990-1999	49	0.00303	0.00303	0.5	95550	289	95406	3099709	32.44
1990-1999	50	0.00329	0.00328	0.5	95261	313	95105	3004303	31.54
1990-1999	51	0.00369	0.00368	0.5	94948	349	94774	2909199	30.64
1990-1999	52	0.00411	0.00411	0.5	94599	388	94405	2814425	29.75
1990-1999	53	0.00441	0.00440	0.5	94210	414	94003	2720020	28.87
1990-1999	54	0.00479	0.00478	0.5	93796	448	93572	2626017	28.00
1990-1999	55	0.00525	0.00524	0.5	93348	489	93103	2532446	27.13
1990-1999	56	0.00591	0.00589	0.5	92858	547	92585	2439343	26.27
1990-1999	57	0.00674	0.00671	0.5	92311	620	92001	2346758	25.42
1990-1999	58	0.00730	0.00728	0.5	91691	667	91358	2254757	24.59
1990-1999	59	0.00760	0.00757	0.5	91024	689	90680	2163399	23.77
1990-1999	60	0.00848	0.00844	0.5	90335	762	89954	2072719	22.94
1990-1999	61	0.00967	0.00963	0.5	89573	862	89142	1982765	22.14
1990-1999	62	0.01051	0.01046	0.5	88710	928	88247	1893623	21.35
1990-1999	63	0.01141	0.01135	0.5	87783	996	87285	1805377	20.57
1990-1999	64	0.01244	0.01236	0.5	86787	1073	86250	1718092	19.80
1990-1999	65	0.01339	0.01330	0.5	85714	1140	85144	1631842	19.04
1990-1999	66	0.01439	0.01429	0.5	84574	1209	83969	1546698	18.29
1990-1999	67	0.01566	0.01554	0.5	83365	1295	82718	1462729	17.55
1990-1999	68	0.01732	0.01717	0.5	82070	1409	81365	1380011	16.82
1990-1999	69	0.01888	0.01870	0.5	80661	1508	79907	1298646	16.10
1990-1999	70	0.02036	0.02016	0.5	79152	1596	78355	1218739	15.40
1990-1999	71	0.02308	0.02281	0.5	77557	1769	76672	1140384	14.70
1990-1999	72	0.02509	0.02477	0.5	75788	1878	74849	1063712	14.04
1990-1999	73	0.02733	0.02696	0.5	73910	1992	72914	988863	13.38
1990-1999	74	0.02902	0.02860	0.5	71918	2057	70889	915950	12.74
1990-1999	75	0.03077	0.03030	0.5	69861	2117	68802	845060	12.10
1990-1999	76	0.03417	0.03360	0.5	67744	2276	66606	776258	11.46
1990-1999	77	0.03873	0.03799	0.5	65468	2487	64224	709653	10.84
1990-1999	78	0.04170	0.04085	0.5	62980	2573	61694	645428	10.25
1990-1999	79	0.04623	0.04519	0.5	60408	2730	59043	583734	9.66
1990-1999	80	0.05291	0.05155	0.5	57678	2973	56192	524691	9.10
1990-1999	81	0.05749	0.05588	0.5	54705	3057	53177	468500	8.56
1990-1999	82	0.06383	0.06186	0.5	51648	3195	50050	415323	8.04
1990-1999	83	0.07183	0.06934	0.5	48453	3360	46773	365273	7.54
1990-1999	84	0.07897	0.07597	0.5	45093	3426	43380	318500	7.06
1990-1999	85	0.08849	0.08474	0.5	41667	3531	39902	275119	6.60
1990-1999	86	0.09805	0.09347	0.5	38137	3564	36354	235217	6.17
1990-1999	87	0.11111	0.10526	0.5	34572	3639	32753	198863	5.75
1990-1999	88	0.12237	0.11532	0.5	30933	3567	29150	166110	5.37
1990-1999	89	0.13629	0.12760	0.5	27366	3492	25620	136960	5.00
1990-1999	90	0.15042	0.13989	0.5	23874	3340	22204	111340	4.66
1990-1999	91	0.17044	0.15706	0.5	20534	3225	18922	89136	4.34
1990-1999	92	0.18540	0.16967	0.5	17309	2937	15841	70214	4.06
1990-1999	93	0.20421	0.18529	0.5	14372	2663	13041	54374	3.78
1990-1999	94	0.22440	0.20176	0.5	11709	2362	10528	41333	3.53
1990-1999	95	0.24596	0.21903	0.5	9347	2047	8323	30805	3.30
1990-1999	96	0.26889	0.23702	0.5	7300	1730	6435	22481	3.08
1990-1999	97	0.29312	0.25565	0.5	5569	1424	4858	16047	2.88
1990-1999	98	0.31858	0.27480	0.5	4146	1139	3576	11189	2.70
1990-1999	99	0.34517	0.29437	0.5	3006	885	2564	7613	2.53
1990-1999	100	0.37277	0.31421	0.5	2121	667	1788	5049	2.38
1990-1999	101	0.40122	0.33418	0.5	1455	486	1212	3261	2.24
1990-1999	102	0.43036	0.35415	0.5	969	343	797	2049	2.12
1990-1999	103	0.45998	0.37397	0.5	626	234	509	1252	2.00
1990-1999	104	0.48989	0.39350	0.5	392	154	315	744	1.90
1990-1999	105	0.51987	0.41262	0.5	238	98	189	429	1.81
1990-1999	106	0.54971	0.43120	0.5	140	60	109	240	1.72
1990-1999	107	0.57920	0.44913	0.5	79	36	62	131	1.65
1990-1999	108	0.60813	0.46634	0.5	44	20	34	69	1.59
1990-1999	109	0.63632	0.48274	0.5	23	11	18	36	1.54
1990-1999	110+	0.66361	1.00000	1.51	12	12	18	18	1.51
2000-2009	0	0.00586	0.00582	0.07	100000	582	99458	7976168	79.76
2000-2009	1	0.00051	0.00051	0.5	99418	50	99392	7876710	79.23
2000-2009	2	0.00030	0.00030	0.5	99367	30	99352	7777317	78.27
2000-2009	3	0.00023	0.00023	0.5	99337	22	99326	7677965	77.29
2000-2009	4	0.00019	0.00019	0.5	99315	19	99305	7578639	76.31
2000-2009	5	0.00016	0.00016	0.5	99296	16	99288	7479334	75.32
2000-2009	6	0.00015	0.00015	0.5	99280	15	99273	7380046	74.34
2000-2009	7	0.00012	0.00012	0.5	99266	12	99260	7280773	73.35
2000-2009	8	0.00013	0.00013	0.5	99253	13	99247	7181513	72.36
2000-2009	9	0.00015	0.00015	0.5	99241	15	99234	7082266	71.36
2000-2009	10	0.00012	0.00012	0.5	99226	12	99220	6983033	70.37
2000-2009	11	0.00012	0.00012	0.5	99214	12	99208	6883812	69.38
2000-2009	12	0.00014	0.00014	0.5	99202	14	99195	6784604	68.39
2000-2009	13	0.00018	0.00018	0.5	99188	17	99180	6685409	67.40
2000-2009	14	0.00019	0.00019	0.5	99171	19	99161	6586229	66.41
2000-2009	15	0.00027	0.00027	0.5	99152	27	99138	6487068	65.43
2000-2009	16	0.00035	0.00035	0.5	99125	34	99108	6387930	64.44
2000-2009	17	0.00039	0.00039	0.5	99091	39	99071	6288822	63.47
2000-2009	18	0.00049	0.00049	0.5	99052	48	99028	6189751	62.49
2000-2009	19	0.00049	0.00049	0.5	99004	48	98980	6090723	61.52
2000-2009	20	0.00047	0.00047	0.5	98955	46	98932	5991743	60.55
2000-2009	21	0.00050	0.00050	0.5	98909	50	98884	5892811	59.58
2000-2009	22	0.00048	0.00048	0.5	98859	47	98836	5793927	58.61
2000-2009	23	0.00048	0.00048	0.5	98812	48	98788	5695091	57.64
2000-2009	24	0.00052	0.00052	0.5	98764	51	98738	5596303	56.66
2000-2009	25	0.00053	0.00053	0.5	98713	52	98687	5497565	55.69
2000-2009	26	0.00054	0.00054	0.5	98661	53	98634	5398878	54.72
2000-2009	27	0.00054	0.00054	0.5	98608	53	98581	5300244	53.75
2000-2009	28	0.00058	0.00058	0.5	98555	57	98526	5201663	52.78
2000-2009	29	0.00066	0.00066	0.5	98498	65	98465	5103136	51.81
2000-2009	30	0.00064	0.00064	0.5	98432	63	98401	5004671	50.84
2000-2009	31	0.00068	0.00068	0.5	98369	67	98336	4906270	49.88
2000-2009	32	0.00073	0.00073	0.5	98302	72	98267	4807934	48.91
2000-2009	33	0.00078	0.00078	0.5	98231	76	98193	4709668	47.94
2000-2009	34	0.00084	0.00084	0.5	98154	82	98113	4611475	46.98
2000-2009	35	0.00091	0.00091	0.5	98072	90	98027	4513362	46.02
2000-2009	36	0.00095	0.00095	0.5	97983	93	97936	4415335	45.06
2000-2009	37	0.00108	0.00108	0.5	97889	106	97836	4317399	44.10
2000-2009	38	0.00114	0.00114	0.5	97784	112	97728	4219562	43.15
2000-2009	39	0.00123	0.00123	0.5	97672	120	97612	4121834	42.20
2000-2009	40	0.00146	0.00146	0.5	97552	142	97481	4024222	41.25
2000-2009	41	0.00160	0.00160	0.5	97410	156	97332	3926741	40.31
2000-2009	42	0.00168	0.00168	0.5	97253	163	97172	3829410	39.38
2000-2009	43	0.00190	0.00190	0.5	97090	184	96998	3732238	38.44
2000-2009	44	0.00207	0.00207	0.5	96906	201	96806	3635240	37.51
2000-2009	45	0.00225	0.00224	0.5	96706	217	96597	3538434	36.59
2000-2009	46	0.00234	0.00234	0.5	96489	226	96376	3441836	35.67
2000-2009	47	0.00263	0.00263	0.5	96263	253	96136	3345461	34.75
2000-2009	48	0.00283	0.00283	0.5	96010	272	95874	3249324	33.84
2000-2009	49	0.00315	0.00315	0.5	95738	301	95587	3153450	32.94
2000-2009	50	0.00338	0.00337	0.5	95437	322	95276	3057863	32.04
2000-2009	51	0.00352	0.00352	0.5	95115	335	94948	2962587	31.15
2000-2009	52	0.00381	0.00381	0.5	94780	361	94600	2867639	30.26
2000-2009	53	0.00412	0.00411	0.5	94420	388	94226	2773039	29.37
2000-2009	54	0.00441	0.00440	0.5	94031	414	93824	2678814	28.49
2000-2009	55	0.00495	0.00494	0.5	93617	462	93386	2584989	27.61
2000-2009	56	0.00539	0.00537	0.5	93155	501	92905	2491603	26.75
2000-2009	57	0.00570	0.00568	0.5	92655	527	92392	2398698	25.89
2000-2009	58	0.00641	0.00639	0.5	92128	588	91834	2306306	25.03
2000-2009	59	0.00699	0.00697	0.5	91540	638	91221	2214472	24.19
2000-2009	60	0.00775	0.00772	0.5	90902	702	90551	2123251	23.36
2000-2009	61	0.00836	0.00832	0.5	90200	751	89825	2032700	22.54
2000-2009	62	0.00911	0.00907	0.5	89449	811	89044	1942875	21.72
2000-2009	63	0.01005	0.01000	0.5	88638	886	88195	1853832	20.91
2000-2009	64	0.01110	0.01104	0.5	87752	968	87267	1765637	20.12
2000-2009	65	0.01195	0.01188	0.5	86783	1031	86268	1678369	19.34
2000-2009	66	0.01301	0.01293	0.5	85752	1109	85198	1592102	18.57
2000-2009	67	0.01374	0.01364	0.5	84643	1155	84066	1506904	17.80
2000-2009	68	0.01536	0.01524	0.5	83489	1273	82852	1422838	17.04
2000-2009	69	0.01670	0.01657	0.5	82216	1362	81535	1339985	16.30
2000-2009	70	0.01835	0.01818	0.5	80854	1470	80119	1258450	15.56
2000-2009	71	0.02019	0.01999	0.5	79384	1587	78591	1178331	14.84
2000-2009	72	0.02215	0.02191	0.5	77797	1705	76945	1099740	14.14
2000-2009	73	0.02433	0.02404	0.5	76093	1829	75178	1022795	13.44
2000-2009	74	0.02672	0.02636	0.5	74264	1958	73285	947617	12.76
2000-2009	75	0.03056	0.03010	0.5	72306	2177	71218	874332	12.09
2000-2009	76	0.03320	0.03266	0.5	70129	2291	68984	803114	11.45
2000-2009	77	0.03719	0.03651	0.5	67839	2477	66600	734130	10.82
2000-2009	78	0.04086	0.04004	0.5	65362	2617	64054	667530	10.21
2000-2009	79	0.04510	0.04410	0.5	62745	2767	61361	603477	9.62
2000-2009	80	0.05057	0.04933	0.5	59978	2959	58498	542115	9.04
2000-2009	81	0.05626	0.05472	0.5	57019	3120	55459	483617	8.48
2000-2009	82	0.06295	0.06103	0.5	53899	3289	52254	428158	7.94
2000-2009	83	0.07056	0.06815	0.5	50609	3449	48885	375903	7.43
2000-2009	84	0.07938	0.07635	0.5	47160	3601	45360	327019	6.93
2000-2009	85	0.08871	0.08495	0.5	43560	3700	41710	281659	6.47
2000-2009	86	0.09885	0.09419	0.5	39859	3754	37982	239949	6.02
2000-2009	87	0.11144	0.10556	0.5	36105	3811	34199	201967	5.59
2000-2009	88	0.12609	0.11861	0.5	32294	3830	30379	167768	5.20
2000-2009	89	0.14112	0.13182	0.5	28463	3752	26587	137389	4.83
2000-2009	90	0.15604	0.14475	0.5	24711	3577	22923	110802	4.48
2000-2009	91	0.17571	0.16152	0.5	21134	3414	19428	87879	4.16
2000-2009	92	0.19499	0.17767	0.5	17721	3148	16146	68451	3.86
2000-2009	93	0.21596	0.19491	0.5	14572	2840	13152	52305	3.59
2000-2009	94	0.23851	0.21310	0.5	11732	2500	10482	39153	3.34
2000-2009	95	0.26263	0.23214	0.5	9232	2143	8160	28671	3.11
2000-2009	96	0.28826	0.25195	0.5	7089	1786	6196	20510	2.89
2000-2009	97	0.31533	0.27238	0.5	5303	1444	4581	14315	2.70
2000-2009	98	0.34371	0.29330	0.5	3858	1132	3293	9734	2.52
2000-2009	99	0.37325	0.31455	0.5	2727	858	2298	6442	2.36
2000-2009	100	0.40377	0.33594	0.5	1869	628	1555	4144	2.22
2000-2009	101	0.43505	0.35732	0.5	1241	443	1019	2589	2.09
2000-2009	102	0.46685	0.37850	0.5	798	302	647	1569	1.97
2000-2009	103	0.49893	0.39932	0.5	496	198	397	922	1.86
2000-2009	104	0.53102	0.41961	0.5	298	125	235	526	1.77
2000-2009	105	0.56285	0.43924	0.5	173	76	135	290	1.68
2000-2009	106	0.59418	0.45808	0.5	97	44	75	156	1.60
2000-2009	107	0.62475	0.47605	0.5	53	25	40	81	1.54
2000-2009	108	0.65436	0.49305	0.5	28	14	21	41	1.48
2000-2009	109	0.68283	0.50903	0.5	14	7	10	20	1.44
2000-2009	110+	0.70998	1.00000	1.41	7	7	10	10	1.41
2010-2019	0	0.00527	0.00524	0.07	100000	524	99511	8090314	80.90
2010-2019	1	0.00039	0.00039	0.5	99476	39	99456	7990803	80.33
2010-2019	2	0.00024	0.00024	0.5	99437	24	99425	7891346	79.36
2010-2019	3	0.00018	0.00018	0.5	99413	18	99404	7791921	78.38
2010-2019	4	0.00016	0.00016	0.5	99396	16	99388	7692517	77.39
2010-2019	5	0.00012	0.00012	0.5	99380	12	99374	7593129	76.41
2010-2019	6	0.00011	0.00011	0.5	99368	11	99362	7493756	75.41
2010-2019	7	0.00010	0.00010	0.5	99357	10	99352	7394393	74.42
2010-2019	8	0.00010	0.00010	0.5	99347	10	99342	7295041	73.43
2010-2019	9	0.00010	0.00010	0.5	99337	9	99332	7195700	72.44
2010-2019	10	0.00010	0.00010	0.5	99328	9	99323	7096367	71.44
2010-2019	11	0.00010	0.00010	0.5	99318	10	99313	6997044	70.45
2010-2019	12	0.00012	0.00012	0.5	99308	12	99302	6897731	69.46
2010-2019	13	0.00014	0.00014	0.5	99296	14	99289	6798429	68.47
2010-2019	14	0.00017	0.00017	0.5	99282	16	99273	6699141	67.48
2010-2019	15	0.00020	0.00020	0.5	99265	20	99255	6599867	66.49
2010-2019	16	0.00025	0.00025	0.5	99245	25	99233	6500612	65.50
2010-2019	17	0.00027	0.00027	0.5	99221	27	99207	6401379	64.52
2010-2019	18	0.00038	0.00038	0.5	99194	37	99175	6302172	63.53
2010-2019	19	0.00041	0.00041	0.5	99157	41	99136	6202997	62.56
2010-2019	20	0.00044	0.00044	0.5	99116	43	99094	6103861	61.58
2010-2019	21	0.00048	0.00048	0.5	99073	47	99049	6004766	60.61
2010-2019	22	0.00047	0.00047	0.5	99025	47	99002	5905718	59.64
2010-2019	23	0.00045	0.00045	0.5	98978	45	98956	5806716	58.67
2010-2019	24	0.00049	0.00049	0.5	98934	48	98910	5707760	57.69
2010-2019	25	0.00050	0.00050	0.5	98886	49	98861	5608850	56.72
2010-2019	26	0.00051	0.00051	0.5	98836	51	98811	5509989	55.75
2010-2019	27	0.00055	0.00055	0.5	98786	55	98758	5411178	54.78
2010-2019	28	0.00059	0.00058	0.5	98731	58	98702	5312420	53.81
2010-2019	29	0.00058	0.00058	0.5	98673	57	98645	5213718	52.84
2010-2019	30	0.00067	0.00067	0.5	98616	66	98583	5115074	51.87
2010-2019	31	0.00072	0.00072	0.5	98550	70	98515	5016490	50.90
2010-2019	32	0.00073	0.00073	0.5	98480	72	98444	4917975	49.94
2010-2019	33	0.00083	0.00083	0.5	98407	82	98366	4819532	48.98
2010-2019	34	0.00082	0.00082	0.5	98326	80	98285	4721165	48.02
2010-2019	35	0.00092	0.00092	0.5	98245	91	98200	4622880	47.05
2010-2019	36	0.00098	0.00098	0.5	98154	96	98107	4524680	46.10
2010-2019	37	0.00100	0.00100	0.5	98059	98	98009	4426574	45.14
2010-2019	38	0.00110	0.00110	0.5	97960	108	97906	4328564	44.19
2010-2019	39	0.00118	0.00118	0.5	97852	116	97794	4230658	43.24
2010-2019	40	0.00128	0.00128	0.5	97737	125	97674	4132864	42.29
2010-2019	41	0.00137	0.00137	0.5	97612	133	97545	4035190	41.34
2010-2019	42	0.00151	0.00151	0.5	97478	147	97405	3937645	40.40
2010-2019	43	0.00164	0.00164	0.5	97331	159	97251	3840240	39.46
2010-2019	44	0.00171	0.00171	0.5	97172	166	97088	3742989	38.52
2010-2019	45	0.00191	0.00191	0.5	97005	185	96913	3645900	37.58
2010-2019	46	0.00216	0.00216	0.5	96820	209	96715	3548988	36.66
2010-2019	47	0.00234	0.00234	0.5	96611	226	96498	3452273	35.73
2010-2019	48	0.00260	0.00260	0.5	96385	251	96259	3355775	34.82
2010-2019	49	0.00288	0.00287	0.5	96134	276	95996	3259516	33.91
2010-2019	50	0.00309	0.00308	0.5	95858	296	95710	3163520	33.00
2010-2019	51	0.00344	0.00343	0.5	95562	328	95398	3067810	32.10
2010-2019	52	0.00380	0.00379	0.5	95234	361	95054	2972412	31.21
2010-2019	53	0.00408	0.00407	0.5	94873	386	94680	2877358	30.33
2010-2019	54	0.00447	0.00446	0.5	94487	421	94276	2782678	29.45
2010-2019	55	0.00478	0.00477	0.5	94066	449	93841	2688402	28.58
2010-2019	56	0.00521	0.00520	0.5	93617	487	93374	2594561	27.71
2010-2019	57	0.00567	0.00565	0.5	93130	526	92867	2501187	26.86
2010-2019	58	0.00615	0.00613	0.5	92604	568	92320	2408320	26.01
2010-2019	59	0.00662	0.00660	0.5	92037	607	91733	2316000	25.16
2010-2019	60	0.00690	0.00688	0.5	91429	629	91115	2224267	24.33
2010-2019	61	0.00760	0.00757	0.5	90801	687	90457	2133152	23.49
2010-2019	62	0.00829	0.00826	0.5	90113	744	89741	2042695	22.67
2010-2019	63	0.00915	0.00911	0.5	89369	814	88962	1952954	21.85
2010-2019	64	0.00965	0.00960	0.5	88555	850	88130	1863992	21.05
2010-2019	65	0.01034	0.01029	0.5	87704	902	87253	1775862	20.25
2010-2019	66	0.01127	0.01120	0.5	86802	972	86316	1688609	19.45
2010-2019	67	0.01217	0.01210	0.5	85830	1039	85310	1602293	18.67
2010-2019	68	0.01333	0.01324	0.5	84791	1122	84230	1516983	17.89
2010-2019	69	0.01449	0.01438	0.5	83669	1203	83067	1432753	17.12
2010-2019	70	0.01617	0.01604	0.5	82465	1323	81804	1349686	16.37
2010-2019	71	0.01749	0.01733	0.5	81143	1407	80439	1267882	15.63
2010-2019	72	0.01931	0.01912	0.5	79736	1525	78974	1187442	14.89
2010-2019	73	0.02089	0.02067	0.5	78211	1617	77403	1108468	14.17
2010-2019	74	0.02319	0.02293	0.5	76595	1756	75717	1031065	13.46
2010-2019	75	0.02571	0.02538	0.5	74839	1899	73889	955348	12.77
2010-2019	76	0.02881	0.02840	0.5	72939	2071	71904	881459	12.08
2010-2019	77	0.03122	0.03074	0.5	70868	2179	69779	809555	11.42
2010-2019	78	0.03517	0.03456	0.5	68690	2374	67502	739777	10.77
2010-2019	79	0.03915	0.03840	0.5	66315	2546	65042	672274	10.14
2010-2019	80	0.04488	0.04390	0.5	63769	2799	62369	607232	9.52
2010-2019	81	0.05091	0.04965	0.5	60969	3027	59456	544863	8.94
2010-2019	82	0.05683	0.05526	0.5	57942	3202	56341	485407	8.38
2010-2019	83	0.06340	0.06145	0.5	54740	3364	53058	429066	7.84
2010-2019	84	0.07108	0.06864	0.5	51376	3527	49613	376007	7.32
2010-2019	85	0.08052	0.07741	0.5	47850	3704	45998	326394	6.82
2010-2019	86	0.09055	0.08662	0.5	44146	3824	42234	280397	6.35
2010-2019	87	0.10174	0.09681	0.5	40322	3904	38370	238163	5.91
2010-2019	88	0.11471	0.10849	0.5	36418	3951	34443	199793	5.49
2010-2019	89	0.12775	0.12008	0.5	32467	3899	30518	165350	5.09
2010-2019	90	0.14515	0.13533	0.5	28568	3866	26635	134833	4.72
2010-2019	91	0.16268	0.15044	0.5	24702	3716	22844	108197	4.38
2010-2019	92	0.18049	0.16555	0.5	20986	3474	19249	85353	4.07
2010-2019	93	0.20060	0.18231	0.5	17512	3193	15916	66104	3.77
2010-2019	94	0.22234	0.20010	0.5	14319	2865	12887	50189	3.50
2010-2019	95	0.24572	0.21883	0.5	11454	2507	10201	37302	3.26
2010-2019	96	0.27070	0.23843	0.5	8947	2133	7881	27102	3.03
2010-2019	97	0.29722	0.25876	0.5	6814	1763	5933	19221	2.82
2010-2019	98	0.32517	0.27970	0.5	5051	1413	4345	13288	2.63
2010-2019	99	0.35443	0.30108	0.5	3638	1095	3090	8944	2.46
2010-2019	100	0.38483	0.32273	0.5	2543	821	2132	5853	2.30
2010-2019	101	0.41614	0.34447	0.5	1722	593	1426	3721	2.16
2010-2019	102	0.44815	0.36612	0.5	1129	413	922	2295	2.03
2010-2019	103	0.48060	0.38749	0.5	716	277	577	1373	1.92
2010-2019	104	0.51321	0.40841	0.5	438	179	349	796	1.82
2010-2019	105	0.54571	0.42873	0.5	259	111	204	447	1.72
2010-2019	106	0.57782	0.44830	0.5	148	66	115	243	1.64
2010-2019	107	0.60929	0.46701	0.5	82	38	63	128	1.57
2010-2019	108	0.63987	0.48478	0.5	44	21	33	66	1.51
2010-2019	109	0.66936	0.50151	0.5	22	11	17	33	1.46
2010-2019	110+	0.69758	1.00000	1.43	11	11	16	16	1.43
2020-2022	0	0.00506	0.00504	0.07	100000	504	99530	7934983	79.35
2020-2022	1	0.00039	0.00039	0.5	99496	39	99477	7835453	78.75
2020-2022	2	0.00027	0.00027	0.5	99458	26	99444	7735976	77.78
2020-2022	3	0.00021	0.00021	0.5	99431	21	99421	7636532	76.80
2020-2022	4	0.00015	0.00015	0.5	99410	14	99403	7537111	75.82
2020-2022	5	0.00014	0.00014	0.5	99396	14	99389	7437708	74.83
2020-2022	6	0.00012	0.00012	0.5	99382	12	99376	7338319	73.84
2020-2022	7	0.00009	0.00009	0.5	99370	9	99365	7238943	72.85
2020-2022	8	0.00009	0.00009	0.5	99360	9	99356	7139578	71.86
2020-2022	9	0.00009	0.00009	0.5	99351	9	99346	7040223	70.86
2020-2022	10	0.00010	0.00010	0.5	99342	10	99337	6940876	69.87
2020-2022	11	0.00012	0.00012	0.5	99332	12	99326	6841539	68.88
2020-2022	12	0.00013	0.00013	0.5	99320	13	99313	6742214	67.88
2020-2022	13	0.00017	0.00017	0.5	99306	17	99298	6642901	66.89
2020-2022	14	0.00018	0.00018	0.5	99289	18	99281	6543603	65.90
2020-2022	15	0.00022	0.00022	0.5	99272	22	99261	6444323	64.92
2020-2022	16	0.00030	0.00030	0.5	99250	29	99236	6345062	63.93
2020-2022	17	0.00031	0.00031	0.5	99221	31	99206	6245826	62.95
2020-2022	18	0.00043	0.00043	0.5	99190	43	99169	6146620	61.97
2020-2022	19	0.00053	0.00053	0.5	99148	53	99121	6047451	60.99
2020-2022	20	0.00057	0.00057	0.5	99095	56	99067	5948330	60.03
2020-2022	21	0.00055	0.00055	0.5	99039	54	99012	5849263	59.06
2020-2022	22	0.00052	0.00052	0.5	98985	51	98959	5750251	58.09
2020-2022	23	0.00061	0.00061	0.5	98934	61	98903	5651292	57.12
2020-2022	24	0.00065	0.00065	0.5	98873	65	98841	5552389	56.16
2020-2022	25	0.00069	0.00069	0.5	98808	69	98774	5453548	55.19
2020-2022	26	0.00063	0.00063	0.5	98740	62	98709	5354774	54.23
2020-2022	27	0.00075	0.00075	0.5	98678	74	98641	5256066	53.27
2020-2022	28	0.00074	0.00074	0.5	98604	73	98567	5157425	52.30
2020-2022	29	0.00086	0.00086	0.5	98530	85	98488	5058858	51.34
2020-2022	30	0.00081	0.00081	0.5	98445	79	98406	4960370	50.39
2020-2022	31	0.00083	0.00083	0.5	98366	82	98325	4861964	49.43
2020-2022	32	0.00105	0.00105	0.5	98284	103	98232	4763639	48.47
2020-2022	33	0.00111	0.00111	0.5	98181	109	98127	4665407	47.52
2020-2022	34	0.00113	0.00113	0.5	98072	111	98017	4567281	46.57
2020-2022	35	0.00115	0.00115	0.5	97961	112	97905	4469264	45.62
2020-2022	36	0.00132	0.00132	0.5	97849	129	97784	4371359	44.67
2020-2022	37	0.00143	0.00143	0.5	97720	140	97650	4273574	43.73
2020-2022	38	0.00153	0.00153	0.5	97580	149	97505	4175925	42.80
2020-2022	39	0.00163	0.00163	0.5	97431	159	97351	4078420	41.86
2020-2022	40	0.00169	0.00169	0.5	97272	164	97190	3981069	40.93
2020-2022	41	0.00188	0.00188	0.5	97108	183	97016	3883879	40.00
2020-2022	42	0.00194	0.00194	0.5	96925	188	96831	3786863	39.07
2020-2022	43	0.00204	0.00204	0.5	96736	197	96638	3690032	38.15
2020-2022	44	0.00229	0.00229	0.5	96540	221	96429	3593394	37.22
2020-2022	45	0.00247	0.00247	0.5	96319	238	96200	3496965	36.31
2020-2022	46	0.00273	0.00273	0.5	96081	262	95950	3400765	35.39
2020-2022	47	0.00278	0.00277	0.5	95818	266	95686	3304816	34.49
2020-2022	48	0.00307	0.00306	0.5	95553	293	95406	3209130	33.58
2020-2022	49	0.00336	0.00336	0.5	95260	320	95100	3113724	32.69
2020-2022	50	0.00364	0.00363	0.5	94940	345	94768	3018623	31.79
2020-2022	51	0.00394	0.00393	0.5	94595	372	94410	2923856	30.91
2020-2022	52	0.00434	0.00433	0.5	94224	408	94020	2829446	30.03
2020-2022	53	0.00468	0.00467	0.5	93816	438	93597	2735426	29.16
2020-2022	54	0.00491	0.00490	0.5	93378	458	93149	2641829	28.29
2020-2022	55	0.00554	0.00553	0.5	92920	514	92664	2548680	27.43
2020-2022	56	0.00594	0.00592	0.5	92407	547	92133	2456016	26.58
2020-2022	57	0.00678	0.00676	0.5	91860	621	91550	2363883	25.73
2020-2022	58	0.00708	0.00706	0.5	91239	644	90917	2272333	24.91
2020-2022	59	0.00794	0.00791	0.5	90595	716	90237	2181416	24.08
2020-2022	60	0.00868	0.00864	0.5	89879	777	89490	2091180	23.27
2020-2022	61	0.00952	0.00947	0.5	89102	844	88680	2001689	22.47
2020-2022	62	0.01030	0.01025	0.5	88258	904	87805	1913010	21.68
2020-2022	63	0.01100	0.01094	0.5	87353	955	86876	1825204	20.89
2020-2022	64	0.01186	0.01179	0.5	86398	1018	85889	1738328	20.12
2020-2022	65	0.01286	0.01278	0.5	85380	1091	84834	1652440	19.35
2020-2022	66	0.01371	0.01362	0.5	84288	1148	83714	1567606	18.60
2020-2022	67	0.01458	0.01447	0.5	83140	1203	82539	1483891	17.85
2020-2022	68	0.01573	0.01560	0.5	81937	1279	81298	1401352	17.10
2020-2022	69	0.01710	0.01695	0.5	80659	1367	79975	1320054	16.37
2020-2022	70	0.01879	0.01861	0.5	79291	1476	78554	1240079	15.64
2020-2022	71	0.01966	0.01946	0.5	77816	1515	77058	1161526	14.93
2020-2022	72	0.02234	0.02210	0.5	76301	1686	75458	1084467	14.21
2020-2022	73	0.02419	0.02390	0.5	74615	1783	73723	1009009	13.52
2020-2022	74	0.02681	0.02645	0.5	72832	1926	71869	935286	12.84
2020-2022	75	0.02925	0.02883	0.5	70905	2044	69883	863417	12.18
2020-2022	76	0.03250	0.03198	0.5	68861	2202	67760	793534	11.52
2020-2022	77	0.03618	0.03554	0.5	66659	2369	65474	725774	10.89
2020-2022	78	0.04023	0.03944	0.5	64290	2536	63022	660299	10.27
2020-2022	79	0.04524	0.04424	0.5	61754	2732	60388	597277	9.67
2020-2022	80	0.04995	0.04873	0.5	59022	2876	57584	536889	9.10
2020-2022	81	0.05563	0.05412	0.5	56146	3039	54627	479304	8.54
2020-2022	82	0.06169	0.05984	0.5	53107	3178	51518	424678	8.00
2020-2022	83	0.07013	0.06776	0.5	49929	3383	48238	373159	7.47
2020-2022	84	0.07803	0.07510	0.5	46546	3495	44799	324921	6.98
2020-2022	85	0.08787	0.08417	0.5	43051	3624	41239	280123	6.51
2020-2022	86	0.09791	0.09334	0.5	39427	3680	37587	238884	6.06
2020-2022	87	0.10901	0.10338	0.5	35747	3695	33899	201297	5.63
2020-2022	88	0.12503	0.11767	0.5	32051	3772	30166	167398	5.22
2020-2022	89	0.13921	0.13015	0.5	28280	3681	26439	137232	4.85
2020-2022	90	0.15246	0.14166	0.5	24599	3485	22857	110793	4.50
2020-2022	91	0.17344	0.15960	0.5	21114	3370	19430	87936	4.16
2020-2022	92	0.19452	0.17728	0.5	17745	3146	16172	68506	3.86
2020-2022	93	0.21571	0.19471	0.5	14599	2843	13178	52335	3.58
2020-2022	94	0.23853	0.21311	0.5	11756	2505	10504	39157	3.33
2020-2022	95	0.26295	0.23240	0.5	9251	2150	8176	28653	3.10
2020-2022	96	0.28893	0.25246	0.5	7101	1793	6205	20478	2.88
2020-2022	97	0.31636	0.27315	0.5	5308	1450	4583	14273	2.69
2020-2022	98	0.34514	0.29435	0.5	3858	1136	3290	9690	2.51
2020-2022	99	0.37510	0.31586	0.5	2723	860	2293	6399	2.35
2020-2022	100	0.40605	0.33752	0.5	1863	629	1548	4106	2.20
2020-2022	101	0.43776	0.35915	0.5	1234	443	1012	2558	2.07
2020-2022	102	0.46999	0.38056	0.5	791	301	640	1546	1.95
2020-2022	103	0.50247	0.40158	0.5	490	197	391	905	1.85
2020-2022	104	0.53493	0.42205	0.5	293	124	231	514	1.75
2020-2022	105	0.56710	0.44182	0.5	169	75	132	283	1.67
2020-2022	106	0.59871	0.46078	0.5	95	44	73	151	1.59
2020-2022	107	0.62953	0.47881	0.5	51	24	39	78	1.53
2020-2022	108	0.65932	0.49585	0.5	27	13	20	39	1.47
2020-2022	109	0.68790	0.51185	0.5	13	7	10	19	1.43
2020-2022	110+	0.71512	1.00000	1.4	7	7	9	9	1.40
