TX: TX, Lifetables (period 5x5), Males Last modified: February 4 2025, MPv5 (May07) 

Year     	Age	mx	qx	ax	lx	dx	Lx	Tx	ex
1941-1944	0	0.06263	0.05969	0.21	100000	5969	95303	6136193	61.36
1941-1944	1-4	0.00363	0.01437	1.4	94031	1351	372608	6040890	64.24
1941-1944	5-9	0.00127	0.00633	2.41	92680	587	461876	5668282	61.16
1941-1944	10-14	0.00120	0.00599	2.63	92093	551	459157	5206406	56.53
1941-1944	15-19	0.00231	0.01148	2.8	91541	1051	455391	4747248	51.86
1941-1944	20-24	0.00401	0.01984	2.58	90490	1796	448101	4291857	47.43
1941-1944	25-29	0.00357	0.01768	2.41	88695	1569	439405	3843756	43.34
1941-1944	30-34	0.00374	0.01853	2.58	87126	1615	431719	3404351	39.07
1941-1944	35-39	0.00485	0.02395	2.61	85511	2048	422666	2972632	34.76
1941-1944	40-44	0.00655	0.03223	2.62	83463	2690	410921	2549966	30.55
1941-1944	45-49	0.00963	0.04709	2.62	80774	3804	394827	2139045	26.48
1941-1944	50-54	0.01424	0.06888	2.63	76970	5302	372261	1744218	22.66
1941-1944	55-59	0.01993	0.09503	2.57	71668	6811	341791	1371957	19.14
1941-1944	60-64	0.02799	0.13121	2.62	64857	8510	304029	1030166	15.88
1941-1944	65-69	0.04096	0.18608	2.55	56347	10485	256008	726137	12.89
1941-1944	70-74	0.05897	0.25738	2.53	45862	11804	200161	470129	10.25
1941-1944	75-79	0.08508	0.35054	2.49	34058	11939	140323	269968	7.93
1941-1944	80-84	0.14011	0.51171	2.37	22119	11319	80782	129645	5.86
1941-1944	85-89	0.19652	0.63845	2.26	10801	6896	35089	48863	4.52
1941-1944	90-94	0.26565	0.74499	2.05	3905	2909	10951	13774	3.53
1941-1944	95-99	0.33943	0.83048	1.93	996	827	2436	2823	2.83
1941-1944	100-104	0.42866	0.89570	1.75	169	151	353	386	2.29
1941-1944	105-109	0.52290	0.93788	1.58	18	17	32	33	1.90
1941-1944	110+	0.59941	1.00000	1.67	1	1	2	2	1.67
1945-1949	0	0.05148	0.04940	0.18	100000	4940	95965	6382709	63.83
1945-1949	1-4	0.00246	0.00978	1.49	95060	930	377903	6286744	66.13
1945-1949	5-9	0.00100	0.00501	2.34	94130	472	469393	5908841	62.77
1945-1949	10-14	0.00095	0.00474	2.72	93658	444	467277	5439448	58.08
1945-1949	15-19	0.00193	0.00961	2.74	93214	896	464045	4972171	53.34
1945-1949	20-24	0.00281	0.01394	2.54	92318	1287	458420	4508126	48.83
1945-1949	25-29	0.00279	0.01386	2.5	91031	1262	451996	4049706	44.49
1945-1949	30-34	0.00299	0.01483	2.55	89769	1332	445585	3597710	40.08
1945-1949	35-39	0.00398	0.01973	2.64	88438	1745	438078	3152125	35.64
1945-1949	40-44	0.00592	0.02919	2.64	86693	2530	427502	2714047	31.31
1945-1949	45-49	0.00859	0.04213	2.66	84163	3546	412514	2286545	27.17
1945-1949	50-54	0.01330	0.06447	2.62	80617	5197	390711	1874031	23.25
1945-1949	55-59	0.01906	0.09116	2.61	75420	6875	360636	1483321	19.67
1945-1949	60-64	0.02616	0.12301	2.57	68545	8432	322264	1122685	16.38
1945-1949	65-69	0.03940	0.17990	2.59	60113	10814	274466	800420	13.32
1945-1949	70-74	0.05436	0.23960	2.53	49299	11812	217312	525954	10.67
1945-1949	75-79	0.08132	0.33805	2.51	37487	12672	155835	308642	8.23
1945-1949	80-84	0.12478	0.47166	2.41	24814	11704	93795	152807	6.16
1945-1949	85-89	0.19647	0.63910	2.27	13111	8379	42648	59012	4.50
1945-1949	90-94	0.26840	0.75312	2.09	4732	3563	13277	16364	3.46
1945-1949	95-99	0.36492	0.85454	1.89	1168	998	2735	3087	2.64
1945-1949	100-104	0.47535	0.92089	1.67	170	156	329	352	2.07
1945-1949	105-109	0.58871	0.95787	1.48	13	13	22	23	1.69
1945-1949	110+	0.67837	1.00000	1.47	1	1	1	1	1.47
1950-1954	0	0.04107	0.03969	0.16	100000	3969	96647	6552129	65.52
1950-1954	1-4	0.00188	0.00749	1.45	96031	719	382287	6455482	67.22
1950-1954	5-9	0.00076	0.00379	2.42	95311	361	475625	6073195	63.72
1950-1954	10-14	0.00078	0.00387	2.72	94950	368	473913	5597570	58.95
1950-1954	15-19	0.00163	0.00810	2.73	94582	766	471175	5123657	54.17
1950-1954	20-24	0.00235	0.01170	2.58	93816	1097	466424	4652482	49.59
1950-1954	25-29	0.00254	0.01263	2.48	92719	1171	460640	4186059	45.15
1950-1954	30-34	0.00256	0.01273	2.57	91548	1166	454901	3725419	40.69
1950-1954	35-39	0.00340	0.01686	2.62	90382	1524	448291	3270518	36.19
1950-1954	40-44	0.00504	0.02491	2.66	88858	2213	439115	2822227	31.76
1950-1954	45-49	0.00788	0.03871	2.67	86645	3354	425409	2383112	27.50
1950-1954	50-54	0.01232	0.05986	2.66	83292	4986	404790	1957703	23.50
1950-1954	55-59	0.01850	0.08853	2.59	78305	6932	374822	1552912	19.83
1950-1954	60-64	0.02651	0.12464	2.61	71373	8896	335612	1178090	16.51
1950-1954	65-69	0.03798	0.17377	2.56	62477	10857	285877	842478	13.48
1950-1954	70-74	0.05560	0.24457	2.54	51621	12625	227081	556601	10.78
1950-1954	75-79	0.07932	0.33036	2.47	38996	12883	162404	329519	8.45
1950-1954	80-84	0.12212	0.46391	2.41	26113	12114	99203	167116	6.40
1950-1954	85-89	0.17853	0.60182	2.29	13999	8425	47191	67913	4.85
1950-1954	90-94	0.24804	0.72243	2.11	5574	4027	16235	20722	3.72
1950-1954	95-99	0.32992	0.82264	1.95	1547	1273	3858	4487	2.90
1950-1954	100-104	0.42735	0.89587	1.76	274	246	575	629	2.29
1950-1954	105-109	0.53093	0.94122	1.57	29	27	51	53	1.87
1950-1954	110+	0.61503	1.00000	1.63	2	2	3	3	1.63
1955-1959	0	0.03400	0.03303	0.14	100000	3303	97147	6677471	66.77
1955-1959	1-4	0.00137	0.00544	1.56	96697	526	385502	6580324	68.05
1955-1959	5-9	0.00058	0.00288	2.38	96171	277	480129	6194822	64.41
1955-1959	10-14	0.00068	0.00339	2.78	95894	325	478746	5714692	59.59
1955-1959	15-19	0.00148	0.00735	2.73	95568	703	476247	5235946	54.79
1955-1959	20-24	0.00210	0.01045	2.51	94866	991	471860	4759699	50.17
1955-1959	25-29	0.00210	0.01043	2.49	93875	979	466917	4287840	45.68
1955-1959	30-34	0.00226	0.01123	2.56	92896	1043	461933	3820923	41.13
1955-1959	35-39	0.00300	0.01492	2.66	91853	1370	456062	3358989	36.57
1955-1959	40-44	0.00449	0.02222	2.67	90482	2011	447720	2902928	32.08
1955-1959	45-49	0.00728	0.03577	2.68	88472	3165	435012	2455208	27.75
1955-1959	50-54	0.01162	0.05657	2.65	85307	4826	415178	2020196	23.68
1955-1959	55-59	0.01771	0.08500	2.64	80481	6841	386282	1605018	19.94
1955-1959	60-64	0.02584	0.12165	2.59	73640	8959	346626	1218736	16.55
1955-1959	65-69	0.03860	0.17647	2.57	64682	11414	295708	872109	13.48
1955-1959	70-74	0.05310	0.23475	2.53	53268	12505	235499	576401	10.82
1955-1959	75-79	0.08100	0.33697	2.51	40763	13736	169577	340902	8.36
1955-1959	80-84	0.12243	0.46572	2.43	27027	12587	102812	171325	6.34
1955-1959	85-89	0.18427	0.61578	2.31	14440	8892	48256	68513	4.74
1955-1959	90-94	0.25248	0.73042	2.12	5548	4052	16051	20257	3.65
1955-1959	95-99	0.34104	0.83348	1.93	1496	1247	3655	4207	2.81
1955-1959	100-104	0.44324	0.90493	1.73	249	225	508	551	2.21
1955-1959	105-109	0.55075	0.94757	1.54	24	22	41	43	1.80
1955-1959	110+	0.63740	1.00000	1.57	1	1	2	2	1.57
1960-1964	0	0.03159	0.03075	0.13	100000	3075	97324	6700846	67.01
1960-1964	1-4	0.00127	0.00508	1.53	96925	492	386485	6603521	68.13
1960-1964	5-9	0.00055	0.00272	2.36	96433	263	481472	6217036	64.47
1960-1964	10-14	0.00058	0.00289	2.78	96171	277	480238	5735565	59.64
1960-1964	15-19	0.00140	0.00698	2.79	95893	669	477989	5255327	54.80
1960-1964	20-24	0.00192	0.00956	2.52	95224	910	473865	4777338	50.17
1960-1964	25-29	0.00183	0.00912	2.5	94313	860	469416	4303473	45.63
1960-1964	30-34	0.00219	0.01089	2.6	93453	1017	464831	3834057	41.03
1960-1964	35-39	0.00309	0.01533	2.66	92436	1417	458870	3369226	36.45
1960-1964	40-44	0.00450	0.02224	2.66	91019	2025	450364	2910355	31.98
1960-1964	45-49	0.00716	0.03524	2.68	88995	3136	437709	2459991	27.64
1960-1964	50-54	0.01144	0.05573	2.66	85859	4785	418100	2022282	23.55
1960-1964	55-59	0.01742	0.08362	2.61	81074	6780	389180	1604182	19.79
1960-1964	60-64	0.02649	0.12457	2.61	74294	9255	349333	1215002	16.35
1960-1964	65-69	0.03952	0.18006	2.54	65039	11711	296339	865669	13.31
1960-1964	70-74	0.05639	0.24762	2.54	53328	13205	234187	569330	10.68
1960-1964	75-79	0.07869	0.32809	2.47	40123	13164	167289	335143	8.35
1960-1964	80-84	0.12436	0.47052	2.41	26959	12685	102001	167854	6.23
1960-1964	85-89	0.19000	0.62685	2.29	14274	8948	47095	65853	4.61
1960-1964	90-94	0.26303	0.74555	2.1	5326	3971	15098	18759	3.52
1960-1964	95-99	0.35637	0.84729	1.9	1355	1148	3222	3661	2.70
1960-1964	100-104	0.46378	0.91546	1.69	207	189	409	439	2.12
1960-1964	105-109	0.57506	0.95441	1.5	17	17	29	30	1.73
1960-1964	110+	0.66373	1.00000	1.51	1	1	1	1	1.51
1965-1969	0	0.02714	0.02650	0.12	100000	2650	97662	6689787	66.90
1965-1969	1-4	0.00114	0.00455	1.65	97350	443	388358	6592125	67.72
1965-1969	5-9	0.00054	0.00270	2.33	96907	261	483837	6203767	64.02
1965-1969	10-14	0.00055	0.00273	2.78	96646	264	482641	5719930	59.18
1965-1969	15-19	0.00161	0.00803	2.85	96381	774	480242	5237289	54.34
1965-1969	20-24	0.00217	0.01079	2.44	95607	1032	475394	4757047	49.76
1965-1969	25-29	0.00211	0.01051	2.52	94576	994	470412	4281654	45.27
1965-1969	30-34	0.00237	0.01180	2.58	93582	1104	465241	3811242	40.73
1965-1969	35-39	0.00319	0.01584	2.66	92478	1465	458963	3346002	36.18
1965-1969	40-44	0.00485	0.02399	2.65	91013	2183	449938	2887038	31.72
1965-1969	45-49	0.00743	0.03650	2.65	88830	3242	436536	2437101	27.44
1965-1969	50-54	0.01164	0.05667	2.67	85588	4850	416645	2000564	23.37
1965-1969	55-59	0.01799	0.08625	2.62	80738	6963	387148	1583920	19.62
1965-1969	60-64	0.02647	0.12442	2.6	73774	9179	346799	1196772	16.22
1965-1969	65-69	0.03948	0.18021	2.59	64595	11640	294879	849972	13.16
1965-1969	70-74	0.05811	0.25416	2.54	52955	13459	231617	555094	10.48
1965-1969	75-79	0.08444	0.34755	2.46	39495	13727	162569	323476	8.19
1965-1969	80-84	0.12471	0.47236	2.43	25769	12172	97603	160907	6.24
1965-1969	85-89	0.18729	0.62092	2.29	13597	8442	45076	63304	4.66
1965-1969	90-94	0.26167	0.74389	2.1	5154	3834	14653	18227	3.54
1965-1969	95-99	0.35540	0.84647	1.91	1320	1117	3144	3575	2.71
1965-1969	100-104	0.46263	0.91491	1.7	203	185	401	431	2.12
1965-1969	105-109	0.57382	0.95409	1.5	17	16	29	30	1.73
1965-1969	110+	0.66247	1.00000	1.51	1	1	1	1	1.51
1970-1974	0	0.02353	0.02305	0.11	100000	2305	97944	6738552	67.39
1970-1974	1-4	0.00102	0.00407	1.62	97695	398	389835	6640607	67.97
1970-1974	5-9	0.00049	0.00247	2.4	97297	240	485861	6250773	64.24
1970-1974	10-14	0.00055	0.00273	2.82	97057	265	484707	5764912	59.40
1970-1974	15-19	0.00165	0.00821	2.88	96792	795	482278	5280204	54.55
1970-1974	20-24	0.00221	0.01099	2.5	95997	1055	477352	4797926	49.98
1970-1974	25-29	0.00215	0.01069	2.53	94942	1015	472204	4320574	45.51
1970-1974	30-34	0.00229	0.01141	2.55	93927	1072	467006	3848371	40.97
1970-1974	35-39	0.00309	0.01532	2.61	92855	1423	460873	3381365	36.42
1970-1974	40-44	0.00479	0.02368	2.68	91432	2166	452130	2920492	31.94
1970-1974	45-49	0.00749	0.03683	2.68	89267	3287	438704	2468362	27.65
1970-1974	50-54	0.01154	0.05615	2.64	85980	4828	418517	2029658	23.61
1970-1974	55-59	0.01730	0.08312	2.64	81152	6745	389811	1611141	19.85
1970-1974	60-64	0.02656	0.12491	2.62	74407	9295	349932	1221330	16.41
1970-1974	65-69	0.03793	0.17368	2.58	65112	11309	298167	871398	13.38
1970-1974	70-74	0.05606	0.24643	2.55	53804	13259	236495	573231	10.65
1970-1974	75-79	0.08355	0.34509	2.48	40545	13991	167460	336736	8.31
1970-1974	80-84	0.12238	0.46488	2.42	26553	12344	100864	169275	6.37
1970-1974	85-89	0.17963	0.60273	2.27	14209	8564	47678	68412	4.81
1970-1974	90-94	0.25093	0.72827	2.12	5645	4111	16383	20733	3.67
1970-1974	95-99	0.33795	0.83054	1.94	1534	1274	3770	4350	2.84
1970-1974	100-104	0.43890	0.90254	1.74	260	235	535	581	2.23
1970-1974	105-109	0.54541	0.94593	1.55	25	24	44	46	1.82
1970-1974	110+	0.63144	1.00000	1.58	1	1	2	2	1.58
1975-1979	0	0.01756	0.01729	0.09	100000	1729	98431	6905791	69.06
1975-1979	1-4	0.00085	0.00338	1.62	98271	332	392294	6807360	69.27
1975-1979	5-9	0.00045	0.00223	2.38	97939	219	489122	6415066	65.50
1975-1979	10-14	0.00047	0.00235	2.84	97720	229	488106	5925944	60.64
1975-1979	15-19	0.00162	0.00808	2.94	97491	788	485835	5437839	55.78
1975-1979	20-24	0.00216	0.01072	2.5	96703	1037	480925	4952004	51.21
1975-1979	25-29	0.00207	0.01028	2.44	95666	984	475814	4471080	46.74
1975-1979	30-34	0.00214	0.01065	2.59	94682	1008	470978	3995266	42.20
1975-1979	35-39	0.00280	0.01389	2.65	93674	1301	465317	3524288	37.62
1975-1979	40-44	0.00409	0.02024	2.66	92373	1870	457482	3058971	33.12
1975-1979	45-49	0.00652	0.03210	2.69	90503	2905	445802	2601489	28.74
1975-1979	50-54	0.01022	0.04988	2.64	87598	4369	427666	2155687	24.61
1975-1979	55-59	0.01538	0.07419	2.64	83228	6175	401549	1728021	20.76
1975-1979	60-64	0.02352	0.11139	2.63	77053	8583	364960	1326472	17.21
1975-1979	65-69	0.03479	0.16052	2.59	68470	10991	315888	961513	14.04
1975-1979	70-74	0.05125	0.22768	2.55	57480	13087	255382	645624	11.23
1975-1979	75-79	0.07537	0.31714	2.5	44392	14078	186782	390243	8.79
1975-1979	80-84	0.11488	0.44379	2.44	30314	13453	117106	203460	6.71
1975-1979	85-89	0.16570	0.57366	2.32	16861	9672	58374	86355	5.12
1975-1979	90-94	0.23405	0.70327	2.16	7188	5055	21599	27981	3.89
1975-1979	95-99	0.31831	0.81134	1.98	2133	1731	5437	6381	2.99
1975-1979	100-104	0.41627	0.88953	1.78	402	358	860	944	2.35
1975-1979	105-109	0.52145	0.93818	1.59	44	42	80	85	1.90
1975-1979	110+	0.60723	1.00000	1.65	3	3	5	5	1.65
1980-1984	0	0.01277	0.01262	0.08	100000	1262	98838	7020889	70.21
1980-1984	1-4	0.00076	0.00304	1.67	98738	300	394253	6922051	70.11
1980-1984	5-9	0.00035	0.00176	2.38	98438	173	491735	6527798	66.31
1980-1984	10-14	0.00039	0.00194	2.81	98264	191	490905	6036063	61.43
1980-1984	15-19	0.00153	0.00762	3.01	98074	747	488878	5545158	56.54
1980-1984	20-24	0.00228	0.01135	2.48	97327	1104	483850	5056280	51.95
1980-1984	25-29	0.00217	0.01078	2.48	96222	1037	478499	4572431	47.52
1980-1984	30-34	0.00220	0.01092	2.5	95185	1039	473326	4093932	43.01
1980-1984	35-39	0.00254	0.01262	2.61	94145	1188	467887	3620606	38.46
1980-1984	40-44	0.00363	0.01800	2.66	92958	1673	460872	3152719	33.92
1980-1984	45-49	0.00562	0.02775	2.66	91284	2533	450501	2691848	29.49
1980-1984	50-54	0.00905	0.04432	2.67	88752	3933	434607	2241347	25.25
1980-1984	55-59	0.01413	0.06840	2.66	84818	5801	410522	1806739	21.30
1980-1984	60-64	0.02120	0.10090	2.63	79017	7973	376171	1396218	17.67
1980-1984	65-69	0.03261	0.15122	2.6	71044	10743	329418	1020047	14.36
1980-1984	70-74	0.04934	0.22010	2.55	60301	13272	269019	690629	11.45
1980-1984	75-79	0.07207	0.30537	2.5	47028	14361	199267	421611	8.97
1980-1984	80-84	0.11127	0.43264	2.43	32667	14133	127018	222344	6.81
1980-1984	85-89	0.16397	0.56880	2.31	18534	10542	64296	95326	5.14
1980-1984	90-94	0.23445	0.70318	2.15	7992	5620	23969	31030	3.88
1980-1984	95-99	0.31983	0.81325	1.98	2372	1929	6032	7060	2.98
1980-1984	100-104	0.42092	0.89262	1.77	443	395	939	1029	2.32
1980-1984	105-109	0.52928	0.94101	1.58	48	45	85	89	1.87
1980-1984	110+	0.61746	1.00000	1.62	3	3	5	5	1.62
1985-1989	0	0.01080	0.01069	0.07	100000	1069	99010	7111621	71.12
1985-1989	1-4	0.00063	0.00253	1.67	98931	250	395139	7012611	70.88
1985-1989	5-9	0.00030	0.00150	2.42	98681	148	493021	6617472	67.06
1985-1989	10-14	0.00036	0.00178	2.83	98533	176	492282	6124450	62.16
1985-1989	15-19	0.00132	0.00658	2.94	98357	647	490448	5632168	57.26
1985-1989	20-24	0.00200	0.00997	2.51	97710	975	486119	5141720	52.62
1985-1989	25-29	0.00206	0.01027	2.5	96735	993	481195	4655601	48.13
1985-1989	30-34	0.00227	0.01128	2.55	95742	1080	476063	4174406	43.60
1985-1989	35-39	0.00268	0.01330	2.59	94662	1259	470276	3698342	39.07
1985-1989	40-44	0.00338	0.01678	2.62	93403	1568	463287	3228067	34.56
1985-1989	45-49	0.00495	0.02446	2.63	91835	2247	453848	2764779	30.11
1985-1989	50-54	0.00806	0.03956	2.67	89589	3544	439697	2310932	25.79
1985-1989	55-59	0.01291	0.06265	2.66	86045	5390	417620	1871234	21.75
1985-1989	60-64	0.02020	0.09634	2.62	80654	7770	384752	1453614	18.02
1985-1989	65-69	0.03068	0.14289	2.6	72884	10415	339423	1068862	14.67
1985-1989	70-74	0.04697	0.21080	2.57	62470	13169	280393	729440	11.68
1985-1989	75-79	0.06990	0.29801	2.53	49301	14692	210201	449046	9.11
1985-1989	80-84	0.10793	0.42361	2.46	34609	14661	135838	238846	6.90
1985-1989	85-89	0.16256	0.56637	2.32	19948	11298	69501	103007	5.16
1985-1989	90-94	0.23352	0.70413	2.18	8650	6091	26082	33507	3.87
1985-1989	95-99	0.32859	0.82270	1.97	2559	2106	6408	7425	2.90
1985-1989	100-104	0.43690	0.90227	1.75	454	409	937	1017	2.24
1985-1989	105-109	0.55187	0.94836	1.54	44	42	76	80	1.80
1985-1989	110+	0.64461	1.00000	1.55	2	2	4	4	1.55
1990-1994	0	0.00881	0.00874	0.07	100000	874	99186	7177486	71.77
1990-1994	1-4	0.00054	0.00216	1.63	99126	214	395999	7078299	71.41
1990-1994	5-9	0.00026	0.00132	2.36	98912	130	494217	6682301	67.56
1990-1994	10-14	0.00033	0.00165	2.95	98782	163	493576	6188084	62.64
1990-1994	15-19	0.00140	0.00696	2.86	98619	687	491628	5694508	57.74
1990-1994	20-24	0.00189	0.00938	2.48	97932	919	487347	5202881	53.13
1990-1994	25-29	0.00203	0.01008	2.58	97014	978	482705	4715534	48.61
1990-1994	30-34	0.00244	0.01212	2.55	96036	1163	477327	4232830	44.08
1990-1994	35-39	0.00299	0.01484	2.59	94872	1407	470966	3755503	39.58
1990-1994	40-44	0.00361	0.01787	2.56	93465	1670	463257	3284536	35.14
1990-1994	45-49	0.00498	0.02460	2.64	91795	2258	453647	2821280	30.73
1990-1994	50-54	0.00759	0.03727	2.65	89537	3337	439857	2367633	26.44
1990-1994	55-59	0.01207	0.05867	2.65	86200	5057	419133	1927776	22.36
1990-1994	60-64	0.01912	0.09144	2.63	81143	7420	388124	1508642	18.59
1990-1994	65-69	0.02853	0.13349	2.6	73723	9841	345011	1120518	15.20
1990-1994	70-74	0.04292	0.19452	2.59	63882	12426	289518	775507	12.14
1990-1994	75-79	0.06433	0.27810	2.57	51455	14310	222433	485989	9.44
1990-1994	80-84	0.10347	0.41012	2.47	37146	15234	147231	263556	7.10
1990-1994	85-89	0.15516	0.55013	2.36	21911	12054	77687	116326	5.31
1990-1994	90-94	0.22953	0.69845	2.2	9857	6885	29996	38638	3.92
1990-1994	95-99	0.32736	0.82198	1.97	2972	2443	7464	8643	2.91
1990-1994	100-104	0.43937	0.90398	1.74	529	478	1089	1179	2.23
1990-1994	105-109	0.55827	0.95041	1.53	51	48	86	90	1.78
1990-1994	110+	0.65390	1.00000	1.53	3	3	4	4	1.53
1995-1999	0	0.00727	0.00722	0.06	100000	722	99325	7318121	73.18
1995-1999	1-4	0.00042	0.00167	1.64	99278	166	396722	7218796	72.71
1995-1999	5-9	0.00023	0.00115	2.44	99112	114	495270	6822075	68.83
1995-1999	10-14	0.00029	0.00143	2.97	98999	142	494705	6326804	63.91
1995-1999	15-19	0.00111	0.00556	2.91	98857	549	493135	5832099	59.00
1995-1999	20-24	0.00145	0.00722	2.43	98308	710	489712	5338964	54.31
1995-1999	25-29	0.00144	0.00715	2.52	97597	698	486257	4849252	49.69
1995-1999	30-34	0.00178	0.00888	2.6	96899	860	482435	4362995	45.03
1995-1999	35-39	0.00240	0.01191	2.64	96039	1144	477495	3880559	40.41
1995-1999	40-44	0.00331	0.01644	2.65	94895	1560	470808	3403064	35.86
1995-1999	45-49	0.00467	0.02310	2.65	93335	2156	461597	2932256	31.42
1995-1999	50-54	0.00694	0.03416	2.67	91179	3114	448629	2470659	27.10
1995-1999	55-59	0.01076	0.05246	2.64	88064	4620	429425	2022030	22.96
1995-1999	60-64	0.01716	0.08246	2.65	83445	6881	401019	1592605	19.09
1995-1999	65-69	0.02589	0.12191	2.62	76564	9334	360581	1191586	15.56
1995-1999	70-74	0.04052	0.18445	2.58	67230	12401	306079	831005	12.36
1995-1999	75-79	0.06144	0.26689	2.54	54829	14633	238178	524926	9.57
1995-1999	80-84	0.09919	0.39735	2.5	40196	15972	161025	286748	7.13
1995-1999	85-89	0.15841	0.55897	2.37	24224	13541	85477	125722	5.19
1995-1999	90-94	0.23938	0.71501	2.18	10683	7639	31911	40246	3.77
1995-1999	95-99	0.34947	0.84366	1.93	3045	2569	7350	8335	2.74
1995-1999	100-104	0.47520	0.92225	1.68	476	439	924	985	2.07
1995-1999	105-109	0.60489	0.96229	1.46	37	36	59	61	1.64
1995-1999	110+	0.70614	1.00000	1.42	1	1	2	2	1.42
2000-2004	0	0.00703	0.00699	0.06	100000	699	99346	7412590	74.13
2000-2004	1-4	0.00039	0.00156	1.65	99301	155	396840	7313244	73.65
2000-2004	5-9	0.00019	0.00093	2.3	99146	92	495482	6916403	69.76
2000-2004	10-14	0.00025	0.00126	2.87	99054	125	495006	6420922	64.82
2000-2004	15-19	0.00096	0.00479	2.98	98930	474	493688	5925916	59.90
2000-2004	20-24	0.00139	0.00695	2.45	98455	684	490532	5432228	55.17
2000-2004	25-29	0.00137	0.00685	2.53	97772	669	487204	4941696	50.54
2000-2004	30-34	0.00150	0.00745	2.58	97102	724	483756	4454492	45.87
2000-2004	35-39	0.00208	0.01035	2.63	96378	998	479531	3970736	41.20
2000-2004	40-44	0.00311	0.01545	2.65	95381	1474	473443	3491205	36.60
2000-2004	45-49	0.00466	0.02305	2.65	93907	2165	464445	3017762	32.14
2000-2004	50-54	0.00681	0.03352	2.62	91742	3076	451389	2553317	27.83
2000-2004	55-59	0.01009	0.04930	2.66	88666	4371	433098	2101928	23.71
2000-2004	60-64	0.01539	0.07421	2.62	84295	6256	406616	1668830	19.80
2000-2004	65-69	0.02328	0.11030	2.63	78039	8608	369770	1262214	16.17
2000-2004	70-74	0.03598	0.16565	2.61	69432	11502	319632	892444	12.85
2000-2004	75-79	0.05613	0.24698	2.57	57930	14308	254905	572812	9.89
2000-2004	80-84	0.09346	0.37937	2.52	43622	16549	177073	317907	7.29
2000-2004	85-89	0.15504	0.55167	2.39	27073	14936	96331	140835	5.20
2000-2004	90-94	0.24652	0.72624	2.17	12138	8815	35758	44504	3.67
2000-2004	95-99	0.36450	0.85737	1.91	3323	2849	7816	8746	2.63
2000-2004	100-104	0.50225	0.93395	1.64	474	443	881	930	1.96
2000-2004	105-109	0.64078	0.96955	1.4	31	30	47	49	1.55
2000-2004	110+	0.74556	1.00000	1.34	1	1	1	1	1.34
2005-2009	0	0.00717	0.00712	0.06	100000	712	99334	7520731	75.21
2005-2009	1-4	0.00035	0.00140	1.63	99288	139	396824	7421397	74.75
2005-2009	5-9	0.00015	0.00075	2.38	99149	74	495553	7024574	70.85
2005-2009	10-14	0.00020	0.00100	2.9	99075	99	495168	6529021	65.90
2005-2009	15-19	0.00083	0.00416	3.09	98976	412	494094	6033852	60.96
2005-2009	20-24	0.00143	0.00715	2.5	98564	705	491061	5539758	56.20
2005-2009	25-29	0.00140	0.00699	2.5	97860	684	487586	5048697	51.59
2005-2009	30-34	0.00149	0.00743	2.53	97175	722	484093	4561111	46.94
2005-2009	35-39	0.00187	0.00929	2.6	96453	896	480113	4077018	42.27
2005-2009	40-44	0.00283	0.01407	2.68	95557	1345	474660	3596905	37.64
2005-2009	45-49	0.00436	0.02158	2.67	94212	2033	466322	3122245	33.14
2005-2009	50-54	0.00671	0.03301	2.65	92179	3043	453733	2655923	28.81
2005-2009	55-59	0.00954	0.04665	2.61	89136	4158	435745	2202189	24.71
2005-2009	60-64	0.01396	0.06756	2.64	84979	5741	411334	1766444	20.79
2005-2009	65-69	0.02021	0.09639	2.61	79238	7637	377903	1355110	17.10
2005-2009	70-74	0.03128	0.14555	2.61	71600	10421	333113	977208	13.65
2005-2009	75-79	0.04970	0.22187	2.58	61179	13574	273106	644095	10.53
2005-2009	80-84	0.08333	0.34541	2.53	47606	16444	197342	370989	7.79
2005-2009	85-89	0.13941	0.51304	2.43	31162	15987	114677	173647	5.57
2005-2009	90-94	0.22852	0.69867	2.22	15175	10602	46394	58970	3.89
2005-2009	95-99	0.34647	0.84278	1.95	4573	3854	11123	12576	2.75
2005-2009	100-104	0.48630	0.92809	1.67	719	667	1372	1454	2.02
2005-2009	105-109	0.62941	0.96771	1.42	52	50	79	82	1.58
2005-2009	110+	0.73853	1.00000	1.35	2	2	2	2	1.35
2010-2014	0	0.00643	0.00639	0.06	100000	639	99401	7606365	76.06
2010-2014	1-4	0.00031	0.00124	1.67	99361	123	397158	7506964	75.55
2010-2014	5-9	0.00014	0.00070	2.41	99238	69	496011	7109806	71.64
2010-2014	10-14	0.00017	0.00083	2.81	99169	83	495663	6613795	66.69
2010-2014	15-19	0.00067	0.00332	3.07	99086	329	494797	6118132	61.75
2010-2014	20-24	0.00126	0.00627	2.55	98757	619	492271	5623336	56.94
2010-2014	25-29	0.00131	0.00654	2.54	98138	642	489109	5131065	52.28
2010-2014	30-34	0.00141	0.00702	2.56	97496	684	485814	4641955	47.61
2010-2014	35-39	0.00169	0.00844	2.62	96812	817	482117	4156141	42.93
2010-2014	40-44	0.00240	0.01196	2.65	95995	1148	477275	3674024	38.27
2010-2014	45-49	0.00387	0.01919	2.7	94847	1820	470042	3196749	33.70
2010-2014	50-54	0.00627	0.03090	2.67	93027	2874	458427	2726707	29.31
2010-2014	55-59	0.00966	0.04723	2.63	90152	4258	440675	2268281	25.16
2010-2014	60-64	0.01369	0.06626	2.61	85894	5691	415868	1827605	21.28
2010-2014	65-69	0.01925	0.09204	2.62	80203	7382	383424	1411738	17.60
2010-2014	70-74	0.02915	0.13624	2.61	72821	9921	340346	1028314	14.12
2010-2014	75-79	0.04592	0.20683	2.6	62900	13010	283320	687968	10.94
2010-2014	80-84	0.07782	0.32686	2.55	49890	16307	209540	404647	8.11
2010-2014	85-89	0.13065	0.48991	2.45	33583	16452	125929	195107	5.81
2010-2014	90-94	0.21719	0.67992	2.25	17130	11647	53628	69178	4.04
2010-2014	95-99	0.33433	0.83201	1.98	5483	4562	13645	15550	2.84
2010-2014	100-104	0.47463	0.92339	1.69	921	851	1792	1905	2.07
2010-2014	105-109	0.62011	0.96607	1.44	71	68	110	113	1.60
2010-2014	110+	0.73184	1.00000	1.37	2	2	3	3	1.37
2015-2019	0	0.00611	0.00607	0.06	100000	607	99430	7619420	76.19
2015-2019	1-4	0.00030	0.00119	1.63	99393	118	397291	7519990	75.66
2015-2019	5-9	0.00013	0.00067	2.35	99275	66	496198	7122698	71.75
2015-2019	10-14	0.00018	0.00091	2.83	99208	90	495847	6626500	66.79
2015-2019	15-19	0.00070	0.00352	3.03	99119	349	494907	6130653	61.85
2015-2019	20-24	0.00127	0.00634	2.54	98770	626	492311	5635746	57.06
2015-2019	25-29	0.00139	0.00694	2.54	98143	681	489041	5143435	52.41
2015-2019	30-34	0.00156	0.00779	2.59	97462	759	485481	4654395	47.76
2015-2019	35-39	0.00189	0.00939	2.59	96703	908	481325	4168914	43.11
2015-2019	40-44	0.00241	0.01199	2.64	95795	1149	476260	3687589	38.49
2015-2019	45-49	0.00369	0.01828	2.66	94646	1731	469184	3211328	33.93
2015-2019	50-54	0.00594	0.02928	2.7	92915	2721	458311	2742145	29.51
2015-2019	55-59	0.00938	0.04587	2.67	90195	4138	441318	2283834	25.32
2015-2019	60-64	0.01416	0.06849	2.63	86057	5894	416339	1842516	21.41
2015-2019	65-69	0.01941	0.09271	2.58	80163	7432	382835	1426177	17.79
2015-2019	70-74	0.02868	0.13423	2.62	72731	9763	340437	1043343	14.35
2015-2019	75-79	0.04429	0.20006	2.58	62969	12597	284409	702905	11.16
2015-2019	80-84	0.07397	0.31336	2.56	50371	15784	213393	418497	8.31
2015-2019	85-89	0.12608	0.47765	2.46	34587	16520	131028	205104	5.93
2015-2019	90-94	0.21276	0.67211	2.26	18066	12143	57071	74076	4.10
2015-2019	95-99	0.32947	0.82771	1.99	5924	4903	14882	17005	2.87
2015-2019	100-104	0.47160	0.92229	1.7	1021	941	1996	2123	2.08
2015-2019	105-109	0.61957	0.96608	1.44	79	77	124	127	1.61
2015-2019	110+	0.73317	1.00000	1.36	3	3	4	4	1.36
2020-2022	0	0.00600	0.00597	0.06	100000	597	99440	7388450	73.88
2020-2022	1-4	0.00030	0.00118	1.64	99403	118	397336	7289010	73.33
2020-2022	5-9	0.00013	0.00064	2.34	99286	64	496258	6891674	69.41
2020-2022	10-14	0.00019	0.00097	2.97	99222	96	495914	6395416	64.46
2020-2022	15-19	0.00090	0.00449	3.04	99126	445	494757	5899502	59.52
2020-2022	20-24	0.00159	0.00792	2.57	98680	782	491503	5404745	54.77
2020-2022	25-29	0.00187	0.00933	2.56	97898	913	487267	4913242	50.19
2020-2022	30-34	0.00223	0.01110	2.58	96985	1076	482317	4425975	45.64
2020-2022	35-39	0.00269	0.01338	2.59	95909	1283	476457	3943657	41.12
2020-2022	40-44	0.00347	0.01720	2.6	94626	1627	469233	3467200	36.64
2020-2022	45-49	0.00492	0.02433	2.64	92999	2263	459665	2997967	32.24
2020-2022	50-54	0.00729	0.03583	2.65	90736	3251	446031	2538302	27.97
2020-2022	55-59	0.01116	0.05439	2.65	87485	4759	426224	2092271	23.92
2020-2022	60-64	0.01671	0.08036	2.61	82727	6648	397758	1666047	20.14
2020-2022	65-69	0.02371	0.11214	2.58	76079	8531	359780	1268289	16.67
2020-2022	70-74	0.03352	0.15498	2.57	67547	10468	312311	908509	13.45
2020-2022	75-79	0.05194	0.23084	2.59	57079	13176	253672	596197	10.45
2020-2022	80-84	0.08360	0.34617	2.52	43903	15198	181787	342525	7.80
2020-2022	85-89	0.13724	0.50736	2.43	28705	14564	106124	160739	5.60
2020-2022	90-94	0.23035	0.70124	2.21	14141	9916	43050	54615	3.86
2020-2022	95-99	0.34827	0.84447	1.95	4225	3568	10244	11565	2.74
2020-2022	100-104	0.48930	0.92937	1.66	657	611	1248	1321	2.01
2020-2022	105-109	0.63321	0.96843	1.42	46	45	71	73	1.57
2020-2022	110+	0.74253	1.00000	1.35	1	1	2	2	1.35
